1.19913907285
1.29344370861
0.822649006623
0.0194701986755
0.0
0.0158940397351
0.0118543046358
0.995562913907
3.61973509934
7.92430463576
5.58364238411
3.20748344371
1.62728476821
1.01006622517
0.10298013245
0.047417218543
0.000993377483444
0.000860927152318
0.0276158940397
0.0127814569536
0.0402649006623
1.3059602649
3.2857615894
0.706225165563
0.0691390728477
0.00933774834437
2.44748344371
0.680264900662
2.52556291391
4.52443708609
1.91099337748
10.6701324503
7.02390728477
0.00397350993377
1.12311258278
0.0445695364238
0.623907284768
5.55251655629
0.457814569536
0.0
1.42450331126
7.24894039735
3.54298013245
2.31794701987
4.55516556291
1.05218543046
1.06145695364
1.73145695364
0.0362913907285
0.0
0.0
0.0144370860927
0.688940397351
3.12867549669
0.60357615894
0.000331125827815
0.0012582781457
0.0513907284768
0.233046357616
0.276821192053
0.438940397351
1.93940397351
8.43629139073
0.114701986755
1.70033112583
1.01960264901
3.05529801325
19.6044370861
2.46145695364
19.8764238411
3.11761589404
7.46370860927
8.99821192053
0.506357615894
3.01205298013
0.193112582781
3.67529801325
0.0752317880795
2.14556291391
2.72218543046
2.32761589404
0.452119205298
0.198874172185
7.18298013245
7.70013245033
2.12304635762
8.41350993377
7.33735099338
8.60437086093
3.19046357616
4.51735099338
8.63721854305
3.42066225166
1.68867549669
2.01609271523
5.60099337748
4.2482781457
0.252052980132
0.0
0.0
0.0
0.00788079470199
0.0
0.0117218543046
1.54238410596
15.1022516556
0.501059602649
0.0
0.0
2.70741721854
4.23682119205
9.42562913907
11.0995364238
1.0398013245
4.3
0.0569536423841
0.0275496688742
0.0382781456954
5.93225165563
7.93463576159
5.18913907285
0.653046357616
1.26695364238
3.5201986755
4.75284768212
0.958675496689
0.0
0.0
0.0572185430464
0.0462251655629
14.4860927152
0.0664900662252
0.0
0.00741721854305
0.000331125827815
0.0331125827815
0.671258278146
4.61337748344
0.0349668874172
0.000331125827815
0.0
0.0666225165563
6.27377483444
2.29092715232
4.77390728477
0.829205298013
6.79688741722
0.0
0.0
0.0
0.022582781457
8.46218543046
0.0835761589404
6.62251655629e-05
0.0204635761589
4.83364238411
1.30271523179
5.22066225166
0.0364238410596
0.0
0.0139735099338
0.495496688742
11.3924503311
0.74701986755
7.53350993377
7.61
1.07582781457
0.158940397351
0.280529801325
0.0264238410596
0.0
0.685099337748
11.0023178808
1.86264900662
0.460728476821
0.243907284768
1.18529801325
16.9245033113
0.255496688742
0.299602649007
0.37642384106
0.00907284768212
0.0
0.000728476821192
0.0
0.0
0.0
6.23026490066
8.66397350993
7.0561589404
0.0168874172185
0.0
0.564768211921
31.3588741722
0.322516556291
0.197748344371
3.83139072848
1.90695364238
0.282185430464
1.55781456954
0.0708609271523
1.36887417219
0.302649006623
0.697549668874
0.543178807947
0.0313907284768
0.39761589404
0.0301324503311
1.84112582781
24.081192053
1.05920529801
11.9093377483
2.14006622517
11.3356291391
0.280132450331
5.0282781457
0.0281456953642
0.0
0.000860927152318
2.23874172185
18.8550331126
4.07966887417
0.55298013245
0.789139072848
0.121920529801
0.0
0.307086092715
0.158145695364
0.116556291391
0.125165562914
5.72344370861
0.879006622517
2.71688741722
0.886092715232
1.95046357616
2.5217218543
4.2798013245
3.54476821192
0.278476821192
0.0162913907285
0.0
0.0
0.0
0.0
8.36059602649
9.72238410596
0.151721854305
0.0
0.000331125827815
0.00761589403974
0.0795364238411
6.4878807947
0.100529801325
0.0
0.022582781457
0.0
0.11298013245
0.0143708609272
0.000331125827815
0.0
0.0530463576159
1.92642384106
13.6719205298
0.0899337748344
0.0639735099338
0.0155629139073
0.0207284768212
0.0
0.0
0.0225165562914
0.135430463576
0.0
0.00112582781457
0.0
0.0
0.0188741721854
0.0176158940397
2.53331125828
0.0716556291391
0.0591390728477
0.0
0.0
0.0
0.0584768211921
0.300993377483
0.378940397351
1.13258278146
0.119271523179
3.71695364238
0.218013245033
0.974834437086
0.0
0.0
0.0
0.0
0.0
0.0
0.219205298013
0.0
0.0349006622517
0.623907284768
1.7217218543
0.0245695364238
9.52059602649
4.25284768212
1.57443708609
0.108344370861
12.9594701987
10.549602649
8.72006622517
13.677218543
21.7662251656
0.537880794702
1.13278145695
0.271854304636
10.7224503311
1.60609271523
1.44291390728
7.55774834437
0.181456953642
0.0
0.0348344370861
0.00377483443709
0.00298013245033
0.230662251656
0.0
0.024238410596
0.537947019868
0.0119867549669
3.32602649007
1.44629139073
0.0809271523179
0.0241059602649
0.912185430464
3.9440397351
0.00132450331126
0.0
0.00754966887417
5.36609271523
5.65231788079
1.54814569536
3.41344370861
15.2153642384
39.0229139073
13.8642384106
0.324503311258
14.2338410596
5.79774834437
8.33900662252
1.9359602649
18.2050331126
3.15072847682
1.59748344371
0.463907284768
0.0528476821192
0.0466887417219
0.355761589404
2.08013245033
0.433377483444
0.0211920529801
0.18821192053
4.00317880795
11.219205298
3.98225165563
1.76066225166
2.69695364238
0.699536423841
0.320529801325
5.23503311258
1.76264900662
5.79609271523
1.04913907285
0.0113245033113
0.0391390728477
0.000132450331126
0.018940397351
0.0
0.0
0.0
0.000132450331126
0.0150993377483
0.0
0.0
0.0
0.0
6.11622516556
4.15298013245
6.0078807947
0.196158940397
2.77821192053
2.6419205298
1.1042384106
1.03456953642
1.08278145695
9.8980794702
21.2952980132
4.0438410596
16.6905298013
16.5939735099
7.4640397351
9.69417218543
4.82708609272
2.68231788079
0.313245033113
0.113245033113
1.58437086093
4.37079470199
0.252185430464
0.0561589403974
0.0
2.00913907285
1.76052980132
0.00907284768212
0.0
0.0
0.0
0.0
0.0
0.0
0.0
0.0
0.0
0.00284768211921
0.306291390728
1.89761589404
0.28238410596
1.42927152318
1.5238410596
0.923046357616
0.102185430464
10.9230463576
1.36092715232
0.285562913907
0.0111920529801
1.55463576159
1.48470198675
2.08920529801
0.479139072848
0.111721854305
0.0
0.0
0.0
0.0158940397351
0.174304635762
0.122185430464
0.644105960265
0.178145695364
0.0
0.0125165562914
0.589602649007
4.28986754967
7.90463576159
4.28490066225
5.14695364238
1.24728476821
9.70682119205
9.26105960265
3.66801324503
5.4042384106
1.64913907285
0.182185430464
0.0243708609272
0.681456953642
3.41529801325
6.90178807947
2.30768211921
0.0
0.0
0.0
0.0
0.0
0.0
0.00662251655629
0.850264900662
3.34099337748
2.89900662252
0.873841059603
1.1982781457
0.796688741722
10.7594701987
12.591986755
0.299205298013
5.74675496689
0.19298013245
2.60298013245
0.0
0.0
0.105629139073
8.35894039735
0.449735099338
0.0
0.229205298013
0.32880794702
4.11761589404
0.0
0.0
0.0
0.0
0.0
0.0
0.0
0.00258278145695
0.0139735099338
0.0135761589404
0.0367549668874
2.52364238411
0.0256291390728
0.00801324503311
0.0524503311258
0.212781456954
0.00966887417219
0.00562913907285
1.50304635762
1.66052980132
29.2029139073
0.410993377483
4.82264900662
3.04033112583
0.00119205298013
0.00615894039735
0.0
0.0
0.0845695364238
8.22907284768
0.356622516556
4.02854304636
13.8414569536
0.269602649007
0.00350993377483
0.0966225165563
19.591589404
0.496821192053
0.618013245033
3.11152317881
3.42185430464
4.01198675497
2.72754966887
0.753046357616
3.31781456954
1.17291390728
8.7280794702
4.80973509934
7.92033112583
5.23437086093
12.5767549669
4.52456953642
0.779933774834
17.8669536424
13.2898013245
9.22337748344
1.31973509934
5.66059602649
3.22821192053
7.62635761589
0.580132450331
0.650794701987
11.1031788079
17.0617218543
7.90754966887
6.07675496689
11.7931788079
11.1347682119
0.124304635762
0.0114569536424
5.91496688742
6.91185430464
6.46218543046
26.2906622517
0.0220529801325
0.0
0.0
0.0
0.0
3.84834437086
0.235496688742
0.0360264900662
0.776622516556
0.0235099337748
0.0
0.0
1.69331125828
0.000596026490066
0.222582781457
0.0
0.00165562913907
1.40894039735
0.0012582781457
0.00516556291391
9.05973509934
7.86496688742
0.0
0.0
0.0
0.386622516556
5.29933774834
3.69860927152
3.5138410596
0.0659602649007
1.38205298013
2.8201986755
0.745364238411
1.61920529801
0.0854966887417
0.0
0.0
0.0145695364238
7.99450331126
12.2858940397
7.94165562914
0.930529801325
0.0
0.0
0.0343046357616
3.91006622517
2.40973509934
0.0
11.8039735099
4.58337748344
3.19834437086
2.64139072848
8.49953642384
5.18331125828
1.66814569536
0.0131125827815
0.0545033112583
2.78741721854
0.0
0.0
0.0
0.0139735099338
0.0172847682119
7.24993377483
0.336291390728
2.57158940397
0.0
0.00629139072848
0.000331125827815
6.62251655629e-05
0.0666887417219
2.60682119205
0.0186754966887
0.0
0.128741721854
0.368145695364
3.42927152318
20.4155629139
0.934039735099
0.74238410596
0.0180132450331
0.635761589404
0.0588741721854
2.03496688742
0.045298013245
0.109668874172
1.3861589404
6.95178807947
0.519139072848
2.02033112583
0.0
0.00735099337748
0.131854304636
10.2124503311
7.48112582781
0.610132450331
0.0651655629139
0.501523178808
0.118344370861
3.70529801325
0.00437086092715
0.00629139072848
0.0
0.0
0.081059602649
0.126026490066
0.347483443709
5.34205298013
0.45059602649
0.256291390728
0.0168874172185
0.0680132450331
0.652516556291
0.0672847682119
0.0594701986755
1.73847682119
10.2588741722
9.48675496689
4.57417218543
0.916556291391
2.33331125828
0.0133774834437
0.0160927152318
0.0147682119205
0.0
0.00827814569536
7.40728476821
0.324966887417
1.10556291391
5.58125827815
4.77556291391
1.34635761589
0.355298013245
2.86026490066
3.49331125828
4.24311258278
10.1125165563
1.88052980132
0.0937748344371
0.185364238411
0.0137086092715
0.0147682119205
0.601986754967
0.36701986755
13.8506622517
11.8961589404
5.78317880795
0.104503311258
0.598013245033
4.85562913907
0.0129801324503
3.12377483444
1.22821192053
1.9438410596
2.99609271523
0.531523178808
3.69675496689
1.82311258278
0.0898675496689
0.00993377483444
0.310993377483
0.915960264901
1.85834437086
5.8721192053
12.0838410596
13.5437086093
3.05006622517
3.44960264901
1.20311258278
1.45609271523
0.10880794702
3.44450331126
2.13026490066
0.105496688742
3.91218543046
0.361920529801
15.8311258278
3.61993377483
8.15913907285
3.66483443709
2.92470198675
5.77609271523
0.572450331126
0.0131125827815
0.000264900662252
0.0
0.386821192053
0.70761589404
0.280397350993
0.0
0.0
0.0
0.0
0.0
0.00715231788079
0.0258278145695
8.47768211921
5.27046357616
2.8842384106
4.74947019868
1.68139072848
0.601986754967
0.144635761589
2.10947019868
2.24139072848
1.19099337748
0.0076821192053
0.0
0.0
0.00245033112583
0.402317880795
1.37801324503
0.440132450331
0.657483443709
0.0356291390728
0.00344370860927
0.0
0.0
0.0
0.0
0.0
2.63158940397
1.47350993377
6.61430463576
3.4578807947
0.343377483444
0.68940397351
1.89794701987
4.87238410596
7.49516556291
17.2471523179
12.9526490066
3.98059602649
1.70337748344
3.35913907285
1.80331125828
0.969536423841
2.8157615894
1.46695364238
0.0805960264901
0.0613907284768
0.155496688742
0.00284768211921
1.51715231788
19.149602649
2.67158940397
5.80562913907
7.57701986755
0.0
0.0
0.0
0.0464900662252
0.0
0.0
0.0121854304636
0.00668874172185
0.460066225166
0.663112582781
0.00827814569536
0.466622516556
0.272185430464
0.000198675496689
0.0
0.0
0.0337748344371
0.0153642384106
0.0
0.0338410596026
0.0405960264901
0.000662251655629
0.989139072848
1.56298013245
0.0801986754967
0.0
0.820860927152
2.26
0.0282119205298
0.0
0.0172185430464
27.7293377483
1.56920529801
3.51569536424
14.7387417219
6.43132450331
0.182649006623
0.0303973509934
2.53218543046
1.71549668874
2.05006622517
0.00576158940397
0.0
0.0
0.0
3.91238410596
3.87039735099
5.7521192053
0.0654966887417
0.094701986755
4.6842384106
2.2442384106
0.0126490066225
0.00198675496689
0.0
0.0817880794702
1.78245033113
1.44549668874
3.26039735099
2.02847682119
12.6482781457
23.0077483444
2.45410596026
10.982384106
0.112052980132
2.17602649007
5.43549668874
1.61774834437
43.2648344371
1.50536423841
0.183046357616
0.213443708609
5.20258278146
0.643311258278
2.36953642384
0.197880794702
0.144503311258
0.696622516556
0.0
0.00609271523179
1.61708609272
0.377483443709
11.6035099338
4.57291390728
0.177152317881
8.07874172185
7.28125827815
0.191721854305
0.200794701987
0.0
1.62205298013
8.94913907285
0.0623841059603
14.5950993377
6.52033112583
0.756291390728
0.226357615894
1.84701986755
5.90814569536
0.180794701987
0.0
0.000397350993377
0.0
0.0
0.0
0.55059602649
5.63231788079
0.477284768212
0.599933774834
0.0999337748344
0.0439072847682
1.72079470199
1.58715231788
6.45847682119
1.50662251656
3.01092715232
17.9600662252
16.652781457
4.19556291391
1.36337748344
13.1666887417
10.6695364238
0.277814569536
0.369602649007
0.0
0.0888741721854
0.839867549669
0.182516556291
4.81973509934
0.155298013245
0.0
0.0
0.0
15.3178807947
0.41701986755
36.8287417219
47.2339735099
5.51794701987
0.00582781456954
0.0
0.0
0.0
0.25821192053
0.0
0.0
7.04635761589
11.2027152318
0.650993377483
0.470529801325
2.89337748344
0.0223841059603
0.253377483444
4.35668874172
2.67860927152
0.0377483443709
0.0434437086093
0.0
0.0
0.0
0.0
0.0
0.0
0.0
0.0
0.0186754966887
1.05589403974
0.000927152317881
0.000993377483444
0.442781456954
0.756092715232
0.00960264900662
0.817417218543
2.96231788079
1.78377483444
0.764039735099
2.54443708609
3.58284768212
0.285298013245
3.09920529801
8.35860927152
2.81801324503
0.0501986754967
0.892913907285
0.0517880794702
0.877152317881
13.1858278146
1.66562913907
0.0
0.0188079470199
2.35735099338
9.13225165563
1.06337748344
2.00662251656
0.372317880795
1.35066225166
0.0
11.8419205298
20.0253642384
5.99185430464
7.13947019868
2.89
4.08496688742
17.3416556291
0.234437086093
2.36609271523
9.49503311258
1.31880794702
9.04529801325
0.403046357616
0.0771523178808
0.0539735099338
0.423907284768
1.37768211921
0.0148344370861
0.569801324503
4.81748344371
5.13311258278
3.91344370861
2.05483443709
2.4659602649
3.06059602649
0.160993377483
0.12298013245
1.7059602649
1.25748344371
0.591059602649
1.07953642384
1.04006622517
0.374701986755
4.11238410596
2.11622516556
3.80947019868
1.19139072848
0.00761589403974
0.00238410596026
0.630927152318
7.90072847682
2.81311258278
1.69331125828
4.15158940397
0.0476158940397
2.62894039735
0.491986754967
5.60549668874
9.37629139073
12.0059602649
1.10370860927
4.04913907285
17.2065562914
3.28847682119
1.07112582781
17.7568211921
7.65033112583
2.45052980132
8.32761589404
7.53205298013
29.7075496689
8.46456953642
0.850728476821
10.5347019868
0.515033112583
1.34556291391
5.26695364238
2.20821192053
0.0348344370861
0.181589403974
5.00735099338
0.723708609272
0.0548344370861
1.91715231788
1.46119205298
0.859668874172
2.32900662252
1.92768211921
1.04066225166
0.238940397351
0.881986754967
0.82357615894
8.60245033113
1.98370860927
0.231523178808
1.53278145695
1.58682119205
7.34079470199
16.7947019868
1.01761589404
0.128609271523
0.173377483444
5.19304635762
3.00397350993
8.41655629139
0.0151655629139
0.0
0.0
0.0
0.0
0.0
0.0
0.0
0.00165562913907
0.240066225166
0.499139072848
1.11894039735
0.114834437086
0.489271523179
0.802715231788
0.468013245033
7.43291390728
10.0118543046
11.3466225166
0.906158940397
0.0
0.0
0.0
0.0
0.00112582781457
1.67476821192
2.8080794702
4.71721854305
0.142317880795
0.00966887417219
0.0
0.000662251655629
0.0139735099338
0.0673509933775
0.187814569536
0.000927152317881
6.62251655629e-05
0.0
0.0
0.0
0.0
1.02039735099
0.97940397351
0.0
0.0506622516556
0.0
0.0
1.37350993377
8.49298013245
3.38695364238
14.4607284768
2.01198675497
0.261721854305
0.0
0.0
0.0
0.0916556291391
17.1282119205
2.06271523179
5.61682119205
2.02920529801
0.145695364238
0.104370860927
4.07357615894
6.87867549669
0.256357615894
0.0561589403974
1.40284768212
0.00668874172185
0.185562913907
0.0
0.0
0.0
0.0
0.00456953642384
0.333311258278
0.921523178808
0.0
0.0
0.0
2.68993377483
0.097880794702
0.0954304635762
0.0
0.770728476821
23.5160264901
11.2570198675
1.8259602649
1.27701986755
1.67006622517
1.73582781457
0.719271523179
0.0
0.0
0.0
0.0
0.0
0.0
0.0
0.00158940397351
0.0
14.2758940397
3.04463576159
0.123245033113
0.388675496689
0.0947682119205
0.695562913907
4.46112582781
3.80529801325
4.48728476821
0.0182119205298
0.00238410596026
2.61
3.44264900662
10.2067549669
2.93
0.0
2.03377483444
23.4690066225
4.13688741722
0.0
0.0
0.0
0.0
0.0692052980132
0.219668874172
0.662185430464
0.0429139072848
0.621854304636
0.569668874172
0.402251655629
7.25860927152
2.43675496689
0.0
0.0
0.0682119205298
0.122715231788
0.0
0.0
0.0
0.0
0.0
0.00668874172185
0.0
0.344834437086
2.10960264901
0.49298013245
1.26794701987
0.0
0.0126490066225
15.5927152318
4.75841059603
5.4880794702
1.56549668874
0.0400662251656
4.77907284768
0.0351655629139
3.27052980132
3.71695364238
0.000728476821192
0.0161589403974
0.995298013245
1.49251655629
0.540927152318
1.70145695364
3.31629139073
3.98655629139
2.49993377483
9.23675496689
0.969337748344
0.0170860927152
0.275099337748
9.94801324503
0.377417218543
0.00655629139073
0.0750331125828
0.0
0.0
0.0
0.0
0.0
0.0
0.0
0.0
3.21814569536
0.0295364238411
0.0
0.0
0.0
0.0
6.82993377483
12.2737086093
0.874437086093
8.13331125828
8.17920529801
0.410728476821
0.355231788079
4.88013245033
0.0
0.0
0.0970198675497
0.0529139072848
0.00695364238411
2.94039735099
0.289006622517
1.00225165563
4.32503311258
3.61761589404
4.60059602649
0.111589403974
0.000662251655629
0.00569536423841
1.8238410596
0.887350993377
0.552913907285
0.340794701987
0.0
1.42125827815
8.73721854305
0.947086092715
4.77748344371
0.0382781456954
0.000331125827815
1.11516556291
1.01993377483
0.375629139073
1.8419205298
0.284635761589
0.107284768212
0.0
0.18880794702
0.0
0.0
0.558145695364
0.0
0.000662251655629
3.04900662252
0.704039735099
6.62251655629e-05
0.0
0.0
0.0
0.0
0.0
0.0
0.0
0.0
0.0
0.0
0.0354304635762
0.0
0.0396688741722
11.6845695364
0.648079470199
0.455629139073
0.037880794702
0.0122516556291
4.56582781457
0.0
0.0
0.0
2.72741721854
0.0627152317881
0.000198675496689
6.62251655629e-05
0.0
5.87291390728
22.4822516556
58.3844370861
5.7338410596
3.01768211921
3.5980794702
9.96112582781
8.46417218543
12.6975496689
11.2813907285
0.578609271523
0.100728476821
2.6321192053
0.235298013245
0.136688741722
0.00794701986755
0.022119205298
0.0
8.40874172185
1.6080794702
0.00721854304636
0.0565562913907
0.333311258278
0.0358940397351
0.000662251655629
0.0
0.0
0.00635761589404
0.00675496688742
0.00900662251656
0.0762913907285
0.000331125827815
0.00715231788079
0.0723178807947
0.274569536424
0.0247682119205
0.10417218543
0.0691390728477
7.27278145695
3.44701986755
4.81629139073
0.389801324503
7.22721854305
8.09973509934
7.5617218543
1.88933774834
0.107483443709
0.149536423841
4.93092715232
0.165231788079
1.35728476821
0.385165562914
0.0214569536424
3.41774834437
0.0114569536424
0.0
0.0
0.0
0.00569536423841
0.00913907284768
0.0584768211921
1.19337748344
3.30973509934
9.58390728477
1.83324503311
8.63880794702
8.76874172185
1.9740397351
10.5897350993
0.409735099338
2.67033112583
21.2594039735
3.57516556291
1.81410596026
0.533046357616
6.81450331126
13.6447019868
4.72728476821
2.78317880795
1.55490066225
1.26774834437
0.281589403974
1.52291390728
5.51543046358
1.48185430464
0.00132450331126
0.0
0.0
0.947880794702
1.02682119205
11.1498013245
8.8438410596
7.01682119205
3.18602649007
2.08609271523
1.48609271523
2.54483443709
0.697086092715
0.208145695364
0.00430463576159
3.39847682119
6.97443708609
8.37238410596
3.84324503311
0.640198675497
3.00761589404
4.15278145695
2.63152317881
0.567218543046
0.0252317880795
0.000662251655629
0.0588079470199
1.46695364238
0.799735099338
2.81794701987
8.17039735099
1.9017218543
7.93887417219
7.66483443709
10.6981456954
1.37178807947
3.16125827815
0.374105960265
6.44079470199
3.84066225166
1.21364238411
0.162847682119
0.127350993377
0.105695364238
0.311456953642
1.1740397351
0.00496688741722
0.0
0.0
0.0
0.0439072847682
0.0
0.13642384106
0.744503311258
0.0
0.0
0.0
0.0
2.24205298013
4.51880794702
5.66483443709
2.65079470199
1.78880794702
0.0311920529801
0.0109271523179
0.0
0.00238410596026
0.022582781457
0.076821192053
0.00529801324503
0.0
0.0
0.0377483443709
0.000198675496689
0.360463576159
3.0742384106
1.93092715232
0.0396026490066
3.62119205298
5.64814569536
6.23397350993
2.14953642384
5.47059602649
12.2624503311
6.07443708609
6.01225165563
4.91205298013
4.5
3.0059602649
3.91251655629
0.507880794702
2.76026490066
2.84953642384
7.47331125828
15.722384106
0.105960264901
1.00609271523
8.25880794702
6.27860927152
7.76033112583
20.0664238411
1.21470198675
6.34887417219
4.34993377483
12.0388741722
1.74145695364
7.40099337748
2.4101986755
0.0
0.0
0.094238410596
15.1633774834
0.00496688741722
0.157748344371
0.0311258278146
7.86933774834
0.0675496688742
1.87410596026
2.17344370861
1.01125827815
1.2859602649
1.42543046358
1.67331125828
4.58364238411
5.88185430464
1.71251655629
2.61748344371
0.0184768211921
0.000860927152318
7.31264900662
0.994966887417
0.639668874172
1.93801324503
1.24920529801
3.04450331126
3.19046357616
4.86364238411
1.91688741722
0.182781456954
0.641523178808
0.00701986754967
3.72900662252
0.0
0.655430463576
1.60291390728
30.5125827815
9.56668874172
24.3637748344
3.95119205298
9.93682119205
4.2657615894
3.25304635762
0.373509933775
0.0
6.32245033113
0.151324503311
0.0
0.0082119205298
0.0264900662252
0.0223178807947
0.037880794702
0.104966887417
0.490794701987
0.0
0.0
0.00245033112583
0.14940397351
0.462913907285
0.58940397351
0.185298013245
0.0
6.62251655629e-05
0.0
0.0
5.97377483444
0.0185430463576
0.0
0.0
6.1238410596
1.89
2.08668874172
0.0181456953642
0.322649006623
3.04132450331
1.95900662252
0.0429139072848
0.0
0.0
0.0615894039735
0.148013245033
0.90059602649
6.26470198675
0.0
0.0
0.0
0.0
0.0
0.0
0.0101986754967
10.6019205298
0.476357615894
15.1034437086
9.31145695364
0.0
0.0
0.0
0.0386754966887
0.180331125828
0.0
0.0
0.172052980132
0.0276158940397
0.0
0.0
0.0
3.59311258278
1.5338410596
1.7757615894
7.2440397351
18.997615894
10.3111258278
0.0252317880795
0.0397350993377
0.0041059602649
0.01
1.22463576159
0.0
0.00774834437086
0.0
0.0
0.126821192053
0.717748344371
0.0
0.0
0.0
3.90417218543
2.89238410596
1.22821192053
0.00655629139073
0.0
0.0
0.0
0.0
0.0
0.0
0.0
1.9221192053
0.45119205298
6.20456953642
0.0756291390728
0.0
0.0
0.0
0.75059602649
12.8358278146
15.4067549669
3.23086092715
2.93741721854
4.43245033113
6.09754966887
16.2809933775
3.66933774834
0.782119205298
0.0441721854305
8.80907284768
0.353774834437
4.71841059603
0.0403973509934
0.00529801324503
1.66317880795
0.0
0.0
0.0
0.0
0.00622516556291
0.0
0.0703973509934
4.8961589404
0.0545033112583
0.0
0.0
0.0
0.999006622517
10.4494701987
2.34516556291
2.71059602649
2.17311258278
0.0805298013245
0.0552317880795
4.31781456954
2.01344370861
10.8194701987
0.561324503311
2.85178807947
3.21860927152
0.00311258278146
0.0
0.0
0.0
0.0
0.0274834437086
0.0199337748344
0.0
1.4938410596
1.36331125828
0.0208609271523
1.13781456954
0.132052980132
0.0171523178808
0.000596026490066
0.000331125827815
0.0476158940397
0.0158940397351
0.00403973509934
0.00602649006623
0.0108609271523
0.00662251655629
0.0
0.0
0.0
0.0348344370861
0.787682119205
0.238874172185
0.286953642384
0.570132450331
0.225033112583
0.383178807947
0.563112582781
0.00152317880795
0.0
1.73642384106
15.0156953642
23.550397351
13.6599337748
4.94284768212
2.72993377483
2.24105960265
0.113774834437
0.0
0.0
0.00622516556291
0.386092715232
4.15450331126
1.30410596026
1.57960264901
1.83655629139
2.44582781457
1.93264900662
0.000331125827815
0.00715231788079
0.0
0.0
0.0
0.101854304636
2.98834437086
1.17238410596
0.592251655629
0.2
3.58417218543
0.509139072848
2.29907284768
12.1239735099
9.31907284768
0.0320529801325
0.0807284768212
0.0150993377483
0.0402649006623
0.0
2.11390728477
10.9455629139
11.8933774834
5.03410596026
3.84165562914
0.26119205298
3.81278145695
4.72940397351
1.16304635762
0.562185430464
1.17629139073
1.25993377483
11.9372847682
25.5729801325
3.69602649007
20.8288741722
5.49039735099
1.26688741722
0.08
0.787549668874
0.0602649006623
5.35377483444
7.80350993377
7.66238410596
0.163642384106
0.940860927152
0.542781456954
1.26582781457
4.08887417219
3.43258278146
8.9482781457
5.52026490066
2.18874172185
9.93039735099
1.27867549669
5.3461589404
50.74
3.07344370861
9.74602649007
1.64284768212
2.56556291391
1.21562913907
0.022582781457
0.0
0.00655629139073
0.0
0.0
0.0
0.0
0.0
0.00569536423841
1.40072847682
1.67350993377
0.0
0.00470198675497
0.725695364238
1.0480794702
2.35350993377
0.00788079470199
0.0
0.0
4.78490066225
0.399205298013
0.0
0.0709271523179
0.0312582781457
0.416754966887
0.543046357616
0.107284768212
0.0
0.0
0.034701986755
0.0171523178808
0.0
0.0
0.0
0.0
0.0
0.0
0.0
0.0
0.0
0.00350993377483
1.75205298013
2.69721854305
1.6957615894
10.3178807947
5.53715231788
2.06271523179
0.373377483444
4.17940397351
11.0826490066
8.85682119205
1.74847682119
2.79238410596
0.609735099338
0.898741721854
0.0702649006623
0.147284768212
0.939801324503
0.0017880794702
0.0113907284768
2.97854304636
0.0
0.0
0.0169536423841
2.89761589404
0.0
0.0
0.0
0.0
0.0
0.0
0.0
0.0
0.0
0.0
0.0
0.00867549668874
0.00172185430464
1.55741721854
0.171854304636
0.143245033113
0.666754966887
0.0394701986755
1.63039735099
0.0306622516556
0.0872847682119
0.341523178808
0.0
0.497880794702
1.9101986755
3.45622516556
2.39728476821
8.06556291391
0.0454966887417
4.79821192053
0.797417218543
0.0302649006623
18.5243046358
3.88549668874
35.9414569536
2.39741721854
20.3410596026
10.9717880795
9.46496688742
3.98841059603
20.2639072848
15.5656953642
14.5650993377
7.38350993377
1.02854304636
1.21218543046
1.54324503311
0.00728476821192
0.423642384106
13.149205298
13.5919205298
0.341258278146
25.2721854305
0.0395364238411
1.23993377483
0.0
0.0
0.00927152317881
4.76536423841
0.107682119205
0.00655629139073
0.00576158940397
0.0
0.0
0.39178807947
5.10602649007
5.32562913907
0.0256953642384
0.0853642384106
6.5182781457
0.00350993377483
0.71582781457
3.1680794702
0.824635761589
3.25185430464
1.37841059603
8.83635761589
5.73867549669
0.441125827815
0.01
0.0
0.0
0.0
0.0
0.0
3.89543046358
0.278940397351
3.08324503311
22.1475496689
21.8854304636
7.74973509934
0.312185430464
4.00099337748
0.603774834437
0.000728476821192
0.000728476821192
0.0
0.0
0.0
0.00854304635762
1.95642384106
5.49311258278
2.71430463576
0.0468874172185
1.87086092715
9.20708609272
3.54264900662
0.456291390728
0.100397350993
3.96761589404
1.02933774834
0.685231788079
0.0292715231788
0.0301986754967
0.373509933775
6.08357615894
8.65165562914
0.437284768212
0.0117218543046
0.0125165562914
0.00569536423841
0.0135099337748
0.114437086093
0.0
0.0
0.0
0.0
0.0
0.0
0.727284768212
32.299602649
0.54
0.0
0.0
0.0
0.0
0.0
0.0122516556291
0.0
0.0
8.74059602649
0.876092715232
9.60708609272
8.2538410596
16.3633112583
22.3908609272
6.98529801325
13.6345033113
2.74006622517
0.656688741722
5.37350993377
3.79940397351
0.127218543046
0.35
0.00470198675497
2.67920529801
0.215496688742
2.40086092715
4.45960264901
4.81165562914
3.80801324503
5.89086092715
6.37132450331
0.0211258278146
0.0194701986755
1.50304635762
1.11748344371
8.95092715232
1.19052980132
1.43238410596
5.2338410596
2.3478807947
2.03629139073
2.80622516556
2.9557615894
4.17430463576
1.10887417219
0.042582781457
0.00933774834437
0.00403973509934
0.0544370860927
0.0
0.0
0.000264900662252
6.36430463576
1.89741721854
4.75602649007
0.0960264900662
5.0557615894
3.62543046358
0.271589403974
7.11675496689
6.90966887417
0.245894039735
0.0
0.0103973509934
0.00311258278146
0.00629139072848
0.0121854304636
0.024701986755
0.0456291390728
0.0
0.0
0.0
0.0
0.0
0.0
0.0
0.0117880794702
0.0
0.0
0.0
0.0733774834437
3.75086092715
2.25516556291
0.0720529801325
0.0571523178808
0.444768211921
6.51105960265
35.4262913907
21.1039072848
12.0704635762
3.23523178808
0.144503311258
0.0370198675497
0.0229801324503
0.0
0.0
0.0
0.0196026490066
0.0126490066225
0.0141721854305
0.0433112582781
0.0315231788079
0.00986754966887
0.094701986755
1.97079470199
0.118609271523
0.000529801324503
0.0
0.00582781456954
6.87410596026
0.0339735099338
8.11072847682
4.95887417219
8.4040397351
1.74105960265
6.15072847682
2.49668874172
0.00576158940397
0.00403973509934
0.0
1.38437086093
0.0501986754967
0.0
0.0194701986755
0.0743046357616
0.0356291390728
2.30622516556
11.058013245
2.12774834437
3.18748344371
1.2198013245
0.703443708609
0.864834437086
0.25880794702
1.11463576159
1.04662251656
0.252847682119
2.1921192053
2.30622516556
0.152185430464
0.0643046357616
0.0245695364238
0.0
0.0
0.00158940397351
2.93178807947
1.55900662252
2.25238410596
3.14602649007
0.427947019868
2.45662251656
5.55291390728
4.50609271523
0.0695364238411
0.0280794701987
3.46410596026
1.59033112583
4.58741721854
4.90125827815
0.409668874172
0.0
0.0
0.0
0.19880794702
0.0
9.66933774834
5.2598013245
0.0209933774834
0.0
0.0
0.0
0.0352317880795
0.0249668874172
0.0
0.0111920529801
0.0
0.00258278145695
0.0064238410596
0.166821192053
0.0750331125828
0.53298013245
0.0
0.0
0.0
0.0
0.0
1.27953642384
1.35655629139
0.00258278145695
0.0
0.482649006623
0.0
0.0
0.0135761589404
0.0
0.00238410596026
0.00556291390728
0.0
0.0
2.88139072848
4.74417218543
3.08218543046
3.53311258278
5.28178807947
0.473178807947
0.0184105960265
0.0
0.00496688741722
0.24821192053
1.6901986755
0.40119205298
9.86867549669
7.94622516556
2.93675496689
1.24417218543
1.29847682119
4.66496688742
3.21390728477
0.304768211921
0.0
0.0
6.27311258278
3.73072847682
3.37993377483
0.140463576159
1.23105960265
1.4538410596
4.37516556291
9.33264900662
7.58496688742
5.39099337748
2.63357615894
1.24026490066
0.0
0.0
0.0
0.0
0.0
0.0
0.294503311258
0.0278145695364
0.919139072848
0.974569536424
10.2747019868
3.83456953642
0.930728476821
1.25463576159
2.72509933775
4.55072847682
0.858278145695
0.553178807947
0.0
0.0
0.0667549668874
1.76834437086
7.29754966887
0.538741721854
3.14907284768
0.12821192053
0.0239735099338
0.0
1.89774834437
0.157350993377
0.0
0.0
7.48006622517
4.45066225166
28.8368874172
9.78052980132
3.51973509934
0.0
0.0
0.0195364238411
2.95688741722
8.09205298013
8.8921192053
0.0
0.0
0.0
0.0
0.0
0.0017880794702
7.94715231788
3.90324503311
4.02125827815
4.3842384106
10.5591390728
3.98033112583
4.22993377483
6.99139072848
2.4261589404
1.5201986755
0.240728476821
0.111324503311
0.120132450331
0.00774834437086
4.90125827815
20.7358940397
2.3040397351
2.53463576159
0.600993377483
9.46649006623
4.91456953642
12.1183443709
5.13708609272
4.91026490066
0.764701986755
0.0
17.9547682119
0.0
0.0
0.0
0.0
4.53470198675
0.00754966887417
0.807880794702
6.5119205298
0.300463576159
0.0572185430464
0.0
0.0
0.0808609271523
0.0
0.0180794701987
0.0
11.950794702
1.45430463576
3.34682119205
4.55933774834
3.12350993377
0.00112582781457
0.0
0.0
8.04960264901
0.0
21.1897350993
9.07675496689
0.918476821192
7.70900662252
14.1098675497
0.0123841059603
2.19589403974
0.184105960265
1.8201986755
4.43549668874
0.340927152318
0.20417218543
0.111920529801
3.99754966887
0.129867549669
4.89655629139
0.77417218543
0.408476821192
0.932715231788
4.53933774834
2.81052980132
0.0470860927152
8.17847682119
0.0035761589404
0.00476821192053
9.46165562914
0.0491390728477
8.41079470199
0.126688741722
0.101456953642
0.20357615894
0.0
0.0
0.0
0.0426490066225
1.43708609272
0.0855629139073
23.9270860927
5.27264900662
3.6657615894
1.15814569536
2.99496688742
7.7017218543
0.616887417219
0.0
0.00384105960265
0.00278145695364
0.417417218543
0.0609271523179
4.25132450331
0.193841059603
4.73059602649
0.0190728476821
0.0
0.0
0.0
3.01470198675
0.148940397351
0.0
0.0
0.0
0.0
0.0
0.0
0.0
0.00284768211921
4.19973509934
0.0196026490066
2.22417218543
3.25516556291
1.00629139073
1.42622516556
3.84814569536
2.67139072848
0.233112582781
0.286225165563
0.0
0.0
0.872649006623
0.660529801325
0.24761589404
0.163443708609
0.692715231788
0.112052980132
0.000662251655629
0.0
0.0
0.0
0.0
0.0
0.0
0.0
0.0
0.0
0.0
0.0
2.4942384106
2.33960264901
0.0256291390728
1.50198675497
15.052384106
1.78960264901
2.25006622517
2.00880794702
21.570397351
3.8257615894
0.187152317881
0.00649006622517
0.00218543046358
0.00105960264901
0.0
0.0
0.0
1.12675496689
0.178145695364
1.93052980132
7.25841059603
0.373841059603
0.263311258278
0.0383443708609
0.0246357615894
0.12178807947
5.30059602649
2.33105960265
4.24635761589
11.4466225166
0.161059602649
0.167284768212
0.293642384106
0.141589403974
3.95986754967
2.15907284768
5.95490066225
1.39231788079
3.47198675497
0.165960264901
0.0527814569536
0.179271523179
2.88278145695
1.47298013245
1.85238410596
1.39860927152
3.12887417219
6.6021192053
2.16364238411
3.20132450331
0.0
0.0
0.0120529801325
0.793509933775
2.98774834437
9.1417218543
7.26463576159
5.02033112583
0.56582781457
0.0
0.0
1.51834437086
2.09397350993
5.67218543046
1.56006622517
0.585894039735
3.48867549669
0.0227152317881
0.000331125827815
0.00317880794702
5.23364238411
3.5682781457
4.10900662252
11.8041059603
8.15496688742
3.75834437086
2.61139072848
2.70337748344
21.2240397351
12.1301324503
0.405629139073
8.44006622517
10.8181456954
10.2073509934
4.76119205298
3.82410596026
0.199271523179
0.481059602649
0.560794701987
0.0
0.0
0.00258278145695
0.0158940397351
1.28927152318
0.0046357615894
0.0505298013245
0.306953642384
0.594834437086
0.254635761589
1.76430463576
8.04993377483
0.280927152318
0.000529801324503
0.0
0.000331125827815
0.00814569536424
0.0
0.0190728476821
0.0264238410596
0.482450331126
0.367682119205
0.284966887417
0.0166225165563
0.292649006623
0.0
0.0221854304636
0.0
0.0
0.0
0.0
0.0
0.0
0.00741721854305
12.569205298
5.32112582781
12.1787417219
0.139867549669
2.68033112583
0.12178807947
0.0294039735099
0.0213245033113
0.0
0.0288741721854
0.0268874172185
0.0264238410596
0.0
0.0
0.0
0.0111920529801
8.82741721854
2.44887417219
1.94397350993
10.5794039735
22.6962251656
1.14821192053
0.96178807947
0.758013245033
0.869470198675
4.65582781457
28.6278145695
26.3032450331
0.340529801325
3.37390728477
7.03125827815
1.88821192053
0.95701986755
0.000264900662252
0.0
0.00880794701987
1.17622516556
4.96947019868
0.303708609272
0.0350993377483
0.00251655629139
2.25821192053
0.0203311258278
6.78880794702
2.00682119205
4.89437086093
3.49741721854
2.26046357616
4.38410596026
4.14046357616
0.525894039735
1.58920529801
0.448344370861
6.39324503311
0.000662251655629
0.0
0.0
0.0
0.0
0.0
0.511125827815
0.0596026490066
0.0988741721854
10.4980794702
1.12165562914
1.46278145695
1.41768211921
5.7517218543
0.034701986755
0.0
9.30927152318
4.97165562914
1.36860927152
0.0890728476821
0.0797350993377
7.98086092715
1.13152317881
0.0668874172185
0.599139072848
0.0
3.02549668874
3.36986754967
0.0
0.000264900662252
2.19920529801
0.97357615894
5.03801324503
4.62450331126
0.344304635762
1.70397350993
6.76490066225
22.9311258278
6.3980794702
4.53026490066
18.4949006623
13.3843708609
0.771125827815
0.0224503311258
0.0699337748344
1.56410596026
0.048940397351
0.0245033112583
0.0
0.0
1.71682119205
18.2668874172
1.75364238411
0.00781456953642
0.0
0.0
0.54761589404
0.421324503311
0.034701986755
0.0
0.0
0.0
0.0
0.0
0.0
0.0
0.0
0.0194701986755
0.21642384106
5.30536423841
7.18052980132
9.30887417219
3.50880794702
5.56688741722
0.728145695364
0.0946357615894
0.0
0.0
0.0
0.0
0.0
11.4686092715
0.192582781457
0.0
0.0017880794702
0.00503311258278
12.2182781457
6.33894039735
2.04781456954
2.30364238411
6.01582781457
0.0145695364238
0.0
0.0
0.0
1.12781456954
0.0
0.0
0.0
1.7940397351
0.0
0.0
0.0
0.0
0.0
3.47907284768
1.93655629139
17.8056953642
0.26238410596
0.126622516556
2.43251655629
0.00397350993377
1.64046357616
5.60245033113
10.8974834437
1.66437086093
0.0988079470199
2.51649006623
4.09456953642
5.97311258278
0.66761589404
2.99185430464
0.757748344371
0.0637086092715
0.797284768212
3.56708609272
1.35708609272
0.632582781457
0.294437086093
12.1822516556
0.101390728477
0.0
5.02741721854
0.158476821192
0.0217880794702
0.000331125827815
0.000331125827815
0.0
16.2818543046
3.67496688742
0.108079470199
6.48609271523
17.569205298
8.81900662252
0.342913907285
0.013178807947
0.0
0.0
0.000331125827815
0.000331125827815
0.0
0.0
0.000331125827815
0.0141059602649
0.0
0.0
0.0
0.0
0.0
0.0
0.0
0.0
0.0
2.79655629139
0.00966887417219
0.0
0.0
0.0
0.0
0.0
0.0
0.0
0.0651655629139
0.0195364238411
0.460662251656
4.78986754967
25.4586092715
25.7229801325
33.3958940397
6.83132450331
0.626688741722
6.78052980132
0.68642384106
0.0147682119205
2.82748344371
2.77417218543
1.01900662252
3.14119205298
12.2350993377
0.227814569536
0.168013245033
0.397483443709
2.00947019868
0.633509933775
0.0380794701987
0.326953642384
0.0206622516556
0.0285430463576
0.00112582781457
0.00993377483444
0.00900662251656
0.129139072848
0.177152317881
0.75298013245
1.80768211921
1.74589403974
3.59582781457
3.95152317881
2.36264900662
5.59655629139
0.537549668874
1.36913907285
0.137417218543
1.75993377483
0.0155629139073
0.0
0.0
0.0
0.597152317881
0.37178807947
0.0148344370861
0.0176158940397
0.144900662252
8.97145695364
0.911390728477
0.0182781456954
0.085761589404
0.00112582781457
0.0
0.00450331125828
1.75377483444
0.350198675497
8.94410596026
0.521721854305
7.9261589404
12.997218543
2.46549668874
7.49635761589
5.7601986755
1.34496688742
2.26960264901
0.336291390728
3.52741721854
2.95152317881
3.90536423841
5.8361589404
8.40913907285
17.9009933775
10.7724503311
21.947218543
2.45218543046
0.965496688742
6.69721854305
6.41649006623
7.92278145695
0.19417218543
2.27086092715
0.482119205298
1.25953642384
0.688079470199
0.751125827815
0.102185430464
1.92125827815
8.77225165563
0.0707947019868
0.000331125827815
0.00814569536424
0.0190728476821
0.0184768211921
0.0196688741722
0.474039735099
3.08841059603
0.154701986755
0.729072847682
5.42331125828
0.484238410596
2.22185430464
0.0284768211921
0.0
0.0
0.0
0.0
0.00675496688742
0.00807947019868
0.0627152317881
4.99523178808
0.372119205298
5.30708609272
2.92854304636
3.73927152318
0.168410596026
4.20933774834
1.17635761589
0.69940397351
2.61649006623
1.11801324503
1.69821192053
2.40523178808
0.464966887417
5.29880794702
0.487152317881
0.724768211921
0.062582781457
0.0
0.0
4.28245033113
14.0158278146
9.68682119205
10.5397350993
20.9252980132
0.00218543046358
0.00331125827815
0.0
0.0
0.0
0.0
0.0
0.0
0.0
0.0
0.0
0.0
1.98099337748
1.45622516556
7.8038410596
5.36536423841
3.84708609272
0.393973509934
2.20801324503
2.87410596026
17.9417218543
8.00218543046
8.36516556291
0.164900662252
4.24774834437
3.51039735099
0.363245033113
0.213642384106
0.00311258278146
1.03331125828
0.0709933774834
0.0
0.102516556291
0.0154966887417
3.9257615894
0.0885430463576
0.0582119205298
0.218543046358
1.92993377483
5.79251655629
8.1342384106
0.051059602649
0.000993377483444
0.0
0.0976158940397
0.0
0.127218543046
2.40602649007
3.84033112583
0.438675496689
0.0
0.0
0.0
0.142582781457
0.0
0.0
0.0
0.0
0.30940397351
0.0119867549669
0.269536423841
17.8562913907
2.22052980132
0.377549668874
0.124238410596
0.0
0.0
0.0
4.63695364238
0.0749006622517
22.6931125828
0.880198675497
9.50092715232
3.10291390728
1.02728476821
0.026821192053
0.125629139073
0.0159602649007
4.43139072848
11.7175496689
7.61145695364
0.0794039735099
0.0354966887417
0.0
0.0
8.07735099338
0.117284768212
4.63701986755
4.18556291391
11.3660264901
1.29390728477
5.58298013245
8.19205298013
2.9759602649
0.94761589404
4.69821192053
4.54536423841
0.0916556291391
0.364701986755
0.298940397351
1.39311258278
4.43894039735
13.5121854305
2.00450331126
21.8104635762
1.12185430464
6.66847682119
2.52523178808
4.77529801325
2.17238410596
0.0162913907285
9.64993377483
2.71735099338
19.9743046358
0.666026490066
0.605165562914
0.648609271523
1.14880794702
0.0
0.00324503311258
0.0
0.00172185430464
1.13205298013
0.000397350993377
0.0
0.0
3.89907284768
19.4866887417
0.0
0.0
0.00337748344371
0.00145695364238
0.0
0.0
0.0282781456954
13.2941059603
4.25178807947
9.42119205298
0.457152317881
5.75748344371
4.24039735099
3.71086092715
0.0205298013245
0.0733112582781
2.12125827815
0.427682119205
11.5394039735
1.61609271523
7.11033112583
23.7560927152
2.17761589404
5.48397350993
1.64231788079
13.2764238411
4.61324503311
3.70602649007
0.183509933775
0.635033112583
0.0315894039735
6.41721854305
0.32238410596
0.00218543046358
0.0325165562914
1.21178807947
0.233112582781
0.0291390728477
0.0103973509934
0.213973509934
8.11298013245
0.0907947019868
0.0
0.0
1.25536423841
9.28960264901
0.375496688742
1.06218543046
1.21880794702
6.11582781457
2.42185430464
3.25655629139
0.0
0.0
2.10529801325
0.0
0.0
3.72688741722
0.844370860927
1.4517218543
34.4635761589
0.0
0.00337748344371
2.36675496689
0.639668874172
0.0
0.0908609271523
3.1682781457
0.00132450331126
0.000529801324503
0.0549668874172
6.95927152318
0.00596026490066
0.0194701986755
0.0
12.0472847682
12.5974834437
7.06483443709
0.0187417218543
0.00192052980132
0.106556291391
0.067880794702
0.0592715231788
0.0
0.0
0.0
0.0
0.00046357615894
0.000198675496689
3.25238410596
3.45410596026
2.61311258278
0.000132450331126
0.0
2.98291390728
8.0
7.64735099338
9.28794701987
6.33728476821
1.29417218543
0.14642384106
0.00629139072848
0.028940397351
0.00887417218543
15.909205298
9.82490066225
3.46629139073
1.45973509934
0.0907947019868
0.0
0.0
0.19059602649
0.321456953642
0.000662251655629
0.0878145695364
3.12317880795
1.78735099338
0.00615894039735
0.0282119205298
0.044238410596
0.00754966887417
0.0012582781457
0.00417218543046
0.00258278145695
2.96390728477
1.70450331126
9.74185430464
11.3449668874
3.12245033113
3.95774834437
5.00496688742
1.73509933775
0.364834437086
9.41993377483
9.5278807947
6.72701986755
4.47152317881
0.0531125827815
0.0662251655629
8.47092715232
0.0162251655629
0.00807947019868
0.0041059602649
0.0
0.0
0.0
0.0
0.0
0.0
0.0
0.00264900662252
0.206225165563
0.0
0.0
1.25099337748
0.276754966887
0.0127814569536
0.0
0.0767549668874
1.52304635762
8.94715231788
26.3636423841
18.9950331126
8.34549668874
2.41629139073
0.596622516556
0.238741721854
0.0
0.0216556291391
0.329602649007
0.556092715232
0.00622516556291
0.0211920529801
1.48059602649
0.121390728477
0.355562913907
4.5057615894
8.07496688742
4.06953642384
5.22761589404
2.94867549669
3.35278145695
8.3182781457
0.159006622517
0.120331125828
2.21258278146
2.39701986755
0.0041059602649
0.0041059602649
0.00655629139073
2.90357615894
2.34145695364
1.65947019868
0.0725165562914
0.0155629139073
0.0349006622517
0.173907284768
8.95953642384
3.03543046358
13.8584768212
4.97112582781
3.23715231788
1.30390728477
2.52947019868
2.60887417219
2.51847682119
1.57370860927
10.4058278146
12.4629801325
1.95258278146
4.02569536424
9.44245033113
3.90516556291
4.30960264901
5.01894039735
9.91708609272
6.17198675497
2.53443708609
7.69529801325
0.0220529801325
0.0
0.0
0.209271523179
1.92410596026
2.49013245033
4.51198675497
0.657549668874
0.04
0.0633112582781
6.1557615894
2.74456953642
7.8319205298
2.3378807947
0.87119205298
5.23013245033
5.05059602649
2.72125827815
0.746225165563
0.954437086093
2.1101986755
0.28059602649
10.107218543
2.81496688742
0.633509933775
0.16238410596
4.72218543046
9.68006622517
5.58205298013
16.1629139073
3.67086092715
12.0958278146
5.39682119205
0.579867549669
0.0613245033113
0.177086092715
8.70569536424
5.16569536424
0.473377483444
5.61205298013
3.12894039735
17.8418543046
13.1458278146
4.67913907285
2.41927152318
0.803377483444
0.0846357615894
26.4243708609
3.58635761589
0.057880794702
0.0
0.0
0.693973509934
0.0
3.12947019868
7.5701986755
2.34841059603
0.0
0.0123178807947
2.19185430464
0.859801324503
0.00284768211921
0.0
0.00708609271523
0.849205298013
0.608675496689
0.0
3.32456953642
0.0
0.0
0.0
0.0
0.0
0.0
1.80430463576
10.860397351
0.29059602649
0.0307284768212
0.405496688742
8.02430463576
0.516887417219
1.5657615894
0.00622516556291
0.0
0.0
0.0
0.0
0.0
0.0
0.0
0.0
0.0
0.30821192053
2.91006622517
3.03350993377
5.54940397351
5.89046357616
0.293973509934
0.0
0.0
0.00304635761589
0.218410596026
0.0
0.0
5.26165562914
0.455894039735
0.27238410596
3.16238410596
2.66490066225
6.6559602649
1.10887417219
0.00801324503311
0.174635761589
0.444900662252
15.9702649007
0.253907284768
0.276688741722
0.0319205298013
0.0130463576159
0.739735099338
0.00880794701987
0.0
0.0
0.0
0.0
0.0
0.0
0.000198675496689
0.0
1.01556291391
3.6278807947
0.204569536424
0.0135099337748
0.000264900662252
0.0
4.11622516556
3.6138410596
3.78721854305
4.45456953642
5.94662251656
1.46900662252
1.01258278146
0.501589403974
0.100132450331
7.33483443709
0.456887417219
1.00437086093
0.0203973509934
0.00258278145695
3.08417218543
0.0259602649007
6.68245033113
11.207615894
8.91311258278
27.8414569536
4.26675496689
1.10437086093
0.0376821192053
0.0291390728477
0.493377483444
0.0312582781457
8.93602649007
2.6740397351
0.00490066225166
4.85364238411
0.0330463576159
0.0205960264901
4.34860927152
0.0
0.0
0.0388079470199
0.605629139073
0.263774834437
0.0
0.0
0.0
0.0
11.2062913907
0.00430463576159
0.00609271523179
0.893841059603
0.00258278145695
0.0
0.0
0.0
0.0
0.0
0.0
7.37854304636
1.7582781457
1.66476821192
2.52410596026
0.0372847682119
6.49066225166
5.82311258278
0.475033112583
0.193112582781
0.307483443709
1.1559602649
0.0
0.0
9.06728476821
0.278609271523
9.68986754967
0.0805960264901
16.7472847682
0.0
0.0
0.00245033112583
0.0
0.0
0.233509933775
1.39185430464
1.98264900662
8.87933774834
1.96483443709
1.93132450331
0.23701986755
1.02410596026
0.139271523179
0.0
0.0
0.0765562913907
7.6159602649
2.56629139073
7.39874172185
0.256754966887
0.0
1.56298013245
0.0584105960265
0.0
0.0
0.0
0.0192715231788
0.022119205298
3.94556291391
20.0963576159
14.3454304636
1.43774834437
3.2542384106
0.0573509933775
4.78715231788
1.33364238411
0.000132450331126
0.0417218543046
0.00754966887417
0.0
0.00880794701987
0.100860927152
0.584238410596
0.63821192053
0.0279470198675
0.00258278145695
0.0133112582781
6.28496688742
0.162847682119
0.0176821192053
1.87291390728
0.085298013245
0.0112582781457
0.0203973509934
0.0175496688742
0.0275496688742
3.07549668874
0.0262251655629
0.0
0.0
0.0
0.0
0.0
0.0
0.0115231788079
0.329801324503
0.404569536424
4.33887417219
8.18589403974
2.32278145695
0.0745695364238
3.07066225166
6.63304635762
6.06039735099
13.2651655629
0.34357615894
3.50086092715
1.44701986755
2.82880794702
0.971920529801
0.082119205298
0.281721854305
1.05152317881
7.23847682119
21.2117218543
0.314370860927
1.65099337748
7.60649006623
17.4309271523
0.760662251656
5.80112582781
0.391258278146
6.89834437086
3.86344370861
4.22933774834
5.80437086093
3.72569536424
1.1961589404
2.64947019868
0.0
0.0082119205298
2.9121192053
8.82768211921
20.5659602649
0.116688741722
3.62516556291
0.746291390728
12.2060927152
12.4055629139
0.589867549669
0.0465562913907
0.605298013245
0.0712582781457
0.0156291390728
0.0865562913907
0.256158940397
0.386490066225
0.0228476821192
0.0716556291391
3.21496688742
12.2181456954
9.74688741722
3.28483443709
1.2217218543
0.247748344371
2.26052980132
0.0769536423841
2.20013245033
0.0117880794702
0.31761589404
0.0366225165563
0.00258278145695
0.917350993377
0.0552317880795
0.000529801324503
0.00225165562914
0.786556291391
0.0597350993377
0.000397350993377
0.0
0.0
0.0
0.0
0.0
0.17119205298
0.0335099337748
0.0246357615894
0.0
0.0
0.0
0.0514569536424
1.58251655629
0.0383443708609
0.0162913907285
0.0131125827815
0.0
0.0
0.0
5.12556291391
4.61205298013
1.15
5.55245033113
0.549602649007
1.50529801325
3.88039735099
3.41662251656
2.51284768212
0.0058940397351
0.323509933775
1.2078807947
0.969867549669
2.03609271523
6.61026490066
8.55847682119
6.81331125828
6.24178807947
10.829602649
3.88675496689
0.0348344370861
0.045761589404
0.0
2.13039735099
1.69476821192
0.0750993377483
0.0814569536424
5.00503311258
0.239006622517
0.709337748344
1.22695364238
5.34125827815
11.181986755
2.47602649007
0.0
0.000993377483444
0.0473509933775
1.25317880795
1.88629139073
1.19741721854
15.4715231788
0.0423841059603
0.000331125827815
0.0
0.0
0.165099337748
0.0
2.73456953642
0.00476821192053
0.100927152318
1.26834437086
0.472052980132
17.1867549669
0.605033112583
2.14417218543
0.236291390728
0.0
0.0
0.00311258278146
4.20940397351
1.2
5.09781456954
0.492450331126
4.31284768212
2.3821192053
1.19476821192
6.97609271523
0.0324503311258
30.8889403974
17.6512582781
0.0165562913907
0.0
0.0
1.34139072848
1.21735099338
2.95417218543
0.0058940397351
0.0
0.0
0.0
0.0
0.0
0.543973509934
0.0
0.0
0.0
0.0573509933775
18.3016556291
9.62649006623
5.65165562914
0.397350993377
4.54953642384
0.0
0.0
0.0
0.0
0.323907284768
0.0
0.0
0.0
0.0
0.0
0.0
0.0
0.0
0.0
3.30854304636
5.60317880795
0.000397350993377
6.62251655629e-05
0.0594039735099
7.6582781457
1.18503311258
2.18516556291
2.95046357616
5.63470198675
0.939271523179
0.0401324503311
4.27311258278
1.53801324503
0.0
0.0
0.0
0.137880794702
0.0
0.0
0.0
0.0
0.0
5.62913907285
4.27834437086
18.1905960265
0.0
6.62251655629e-05
1.00682119205
2.36920529801
1.77940397351
4.67841059603
0.273907284768
34.9436423841
1.52496688742
0.183377483444
0.0
0.0
0.0
3.61490066225
6.47880794702
5.0959602649
0.0
0.0
0.0
0.325231788079
0.267350993377
0.336688741722
0.0
0.159139072848
0.000132450331126
0.0
0.0
0.0
0.150860927152
6.38437086093
9.39523178808
7.15165562914
5.50960264901
0.00920529801325
0.0
0.0215231788079
0.56298013245
5.51377483444
5.40059602649
0.961390728477
0.471920529801
0.0
0.0
0.493841059603
5.79927152318
16.6141059603
0.0
0.0
0.677880794702
0.480264900662
0.0
0.0
0.0169536423841
3.46847682119
0.164834437086
0.0
0.0
0.0
1.03066225166
5.72675496689
0.0
0.00046357615894
1.97158940397
4.05821192053
8.6557615894
4.23225165563
0.00298013245033
0.0
0.0
0.48238410596
0.0844370860927
0.568013245033
0.0
0.0
0.0
0.0
0.0
0.0
0.0
4.89364238411
0.0
14.5644370861
7.87470198675
16.1329139073
0.659867549669
0.0
0.0
1.9957615894
0.0439072847682
6.62251655629e-05
0.0
11.0860264901
13.5860264901
0.144105960265
1.13721854305
0.994238410596
0.0682781456954
0.0411920529801
1.21311258278
0.569801324503
1.66205298013
0.129470198675
0.000331125827815
0.0
11.6392715232
20.178807947
1.70860927152
8.24238410596
1.68569536424
1.73920529801
0.941390728477
1.50529801325
2.6098013245
1.09198675497
0.0349668874172
0.0
0.0
0.0
5.3698013245
0.0
0.0
0.0
0.0
0.000529801324503
0.000132450331126
0.00331125827815
2.54231788079
7.32006622517
8.46046357616
6.29701986755
33.1249006623
10.3082781457
7.08443708609
6.06331125828
0.311523178808
3.74430463576
0.0314569536424
1.08841059603
0.0102649006623
0.0
0.0
0.0
0.0
0.0
0.00238410596026
0.0
0.0
0.0
0.0
0.0
2.56072847682
3.76543046358
0.242715231788
1.92854304636
0.0759602649007
1.13125827815
1.53847682119
0.00509933774834
0.0
0.0
0.00529801324503
0.00569536423841
0.000397350993377
0.0574834437086
0.509668874172
1.02768211921
0.0654966887417
0.167218543046
0.259602649007
0.0209933774834
0.318609271523
3.93543046358
16.0039735099
13.1364900662
33.0023178808
9.11900662252
4.04887417219
13.2462913907
7.62437086093
24.821192053
3.33298013245
20.6000662252
2.63119205298
2.19410596026
0.0
0.0017880794702
0.00258278145695
0.00258278145695
0.000331125827815
0.0
0.00132450331126
