2.45144186047
0.732372093023
0.392139534884
4.37237209302
1.60446511628
5.35972093023
0.78711627907
0.0162325581395
0.0466511627907
0.00218604651163
0.0202325581395
0.0
0.0
0.0
0.0
0.0143720930233
0.0
0.0
0.0
0.0
5.83088372093
4.34139534884
5.69660465116
0.224558139535
2.93111627907
2.86046511628
1.14395348837
0.90176744186
1.08520930233
9.63465116279
21.4137209302
4.21795348837
16.9090697674
16.9100930233
7.14260465116
9.91451162791
4.92665116279
2.80813953488
0.247860465116
0.128604651163
1.70060465116
4.27665116279
0.21576744186
0.111720930233
0.0
2.104
1.51548837209
0.00590697674419
0.0
0.0
0.0
0.0
0.0
0.0
0.0
0.0
0.0
0.000883720930233
0.285023255814
1.61451162791
0.320651162791
1.46074418605
1.44874418605
1.00306976744
0.144697674419
10.9998139535
1.31869767442
0.297581395349
0.00618604651163
1.62595348837
1.36190697674
2.30613953488
0.322558139535
0.15511627907
0.0
0.0
0.0
0.0280465116279
0.384372093023
0.125953488372
0.595255813953
0.204465116279
0.0
0.0123255813953
0.524372093023
3.59055813953
7.71944186047
4.378
4.84897674419
1.29348837209
9.12088372093
8.9963255814
3.99334883721
5.32893023256
1.70651162791
0.269953488372
0.0208837209302
0.653813953488
3.62437209302
7.26972093023
2.16153488372
0.0
0.0
0.0
0.0
0.0
0.0
0.00609302325581
0.795302325581
3.51497674419
2.68437209302
0.974093023256
1.34772093023
1.03269767442
9.5451627907
11.9434883721
0.289720930233
4.93981395349
0.199488372093
2.38176744186
0.0
0.0
0.0907441860465
7.74320930233
0.579860465116
0.0
0.23
0.279023255814
4.222
0.0
0.0
0.0
0.0
0.0
0.0
0.0
0.00386046511628
0.0196744186047
0.014
0.0141860465116
2.7516744186
0.00590697674419
0.00302325581395
0.0617674418605
0.161581395349
0.00358139534884
0.00162790697674
1.70502325581
1.22339534884
28.3864651163
0.529906976744
4.09753488372
2.76376744186
0.00116279069767
0.00497674418605
0.0
0.0
0.0586976744186
8.92223255814
0.464279069767
4.0768372093
12.7039069767
0.24888372093
0.00437209302326
0.11976744186
18.685255814
0.578697674419
0.559627906977
2.64004651163
3.13079069767
3.76413953488
2.63465116279
0.668651162791
3.2103255814
1.23627906977
8.08446511628
4.73925581395
7.7036744186
6.25358139535
12.454372093
3.73730232558
0.852093023256
17.4914418605
11.6444651163
9.0128372093
1.77981395349
5.87293023256
3.14841860465
7.4048372093
0.650744186047
0.480837209302
10.0013953488
16.3397674419
8.36613953488
5.90813953488
11.191255814
10.702744186
0.143488372093
0.01
5.92925581395
6.82544186047
6.74753488372
24.3632093023
0.00879069767442
0.0
0.0
0.0
0.0
1.86939534884
0.211395348837
0.0209302325581
0.663302325581
0.0367906976744
0.0
0.0
1.75051162791
0.000139534883721
0.266558139535
0.0
0.00204651162791
1.42455813953
0.000511627906977
0.00479069767442
8.87241860465
6.196
0.0
0.0
0.0
0.405720930233
4.94706976744
4.45958139535
3.738
0.0914418604651
1.3291627907
2.43093023256
0.751860465116
1.66530232558
0.119534883721
0.0
0.0
0.00288372093023
7.96846511628
11.2526046512
8.69144186047
1.00651162791
0.0
0.0
0.0426046511628
4.74344186047
1.99711627907
0.0
11.6596744186
3.58097674419
3.43418604651
2.70925581395
8.27004651163
5.04427906977
1.58204651163
0.00772093023256
0.042
2.54693023256
0.0
0.0
0.0
0.0196744186047
0.0201860465116
6.8116744186
0.499674418605
2.36953488372
0.0
0.0053023255814
0.000186046511628
0.0
0.0500930232558
2.55553488372
0.00916279069767
0.0
0.142604651163
0.512558139535
3.72990697674
19.6984651163
0.890976744186
0.654372093023
0.0204651162791
0.718697674419
0.0782790697674
1.33823255814
0.0249302325581
0.106372093023
1.52279069767
6.56669767442
0.483395348837
2.16609302326
0.0
0.0013023255814
0.115162790698
10.1775813953
7.17390697674
0.831581395349
0.06
0.424093023256
0.118046511628
3.048
0.00339534883721
0.00888372093023
0.0
0.0
0.0852093023256
0.159674418605
0.49688372093
5.44423255814
0.329209302326
0.240465116279
0.0151627906977
0.0871627906977
0.705488372093
0.0484186046512
0.0665581395349
1.53106976744
10.175255814
8.78958139535
4.3948372093
0.940651162791
2.05613953488
0.00516279069767
0.016511627907
0.0108837209302
0.0
0.00990697674419
6.93023255814
0.415395348837
1.04990697674
5.53576744186
5.0356744186
1.50065116279
0.457674418605
2.62004651163
3.56762790698
4.13004651163
8.62934883721
2.00148837209
0.141534883721
0.141488372093
0.0201860465116
0.0114418604651
0.436790697674
0.393860465116
14.046372093
11.7046511628
5.24330232558
0.109906976744
0.778558139535
4.82074418605
0.00953488372093
3.61944186047
1.16837209302
1.89334883721
3.05995348837
0.697302325581
3.49469767442
1.87613953488
0.151627906977
0.004
0.350837209302
0.875813953488
1.47427906977
5.64386046512
12.8966976744
14.0027906977
3.35995348837
3.55176744186
1.35376744186
1.06134883721
0.0620465116279
3.30944186047
2.17865116279
0.113069767442
3.26130232558
0.392651162791
14.6765116279
3.70237209302
8.88079069767
3.21827906977
2.77093023256
5.44088372093
0.604744186047
0.0053488372093
0.0
0.0
0.45423255814
0.869813953488
0.228744186047
0.0
0.0
0.0
0.0
0.0
0.00255813953488
0.0122790697674
8.68562790698
5.30395348837
3.1763255814
4.12581395349
1.70353488372
0.614093023256
0.136790697674
2.21069767442
2.47581395349
1.24353488372
0.00418604651163
0.0
0.0
0.000883720930233
0.419488372093
1.40446511628
0.501906976744
0.755720930233
0.0237674418605
0.00232558139535
0.0
0.0
0.0
0.0
0.0
2.12641860465
1.57739534884
5.49390697674
3.49330232558
0.39711627907
0.613069767442
1.54209302326
4.4596744186
7.20497674419
17.0371162791
11.9613488372
4.59246511628
1.67097674419
3.82906976744
1.82809302326
0.964093023256
2.63013953488
1.51702325581
0.11
0.0775348837209
0.21888372093
0.00483720930233
1.73730232558
18.8116744186
2.33534883721
5.65311627907
7.736
0.0
0.0
0.0
0.0484186046512
0.0
0.0
0.00586046511628
0.004
0.385581395349
0.677674418605
0.0131627906977
0.496604651163
0.467302325581
0.0
0.0
0.0
0.0319069767442
0.0262790697674
0.0
0.023023255814
0.0283720930233
0.000232558139535
0.958046511628
1.42134883721
0.113162790698
0.0
0.965069767442
2.73218604651
0.0396279069767
0.0
0.0195813953488
27.9616744186
1.25776744186
3.07009302326
12.4369767442
5.41506976744
0.155720930233
0.032
2.15925581395
1.77274418605
2.00776744186
0.00241860465116
0.0
0.0
0.0
3.83493023256
4.00725581395
6.0056744186
0.0201860465116
0.0632093023256
4.96520930233
1.83925581395
0.0139069767442
0.00395348837209
0.0
0.0820465116279
1.85111627907
1.5503255814
3.45558139535
1.95534883721
13.0925581395
20.5298604651
2.83809302326
9.9848372093
0.156046511628
1.92781395349
6.96055813953
2.1943255814
44.4339534884
1.31018604651
0.189302325581
0.199813953488
4.26776744186
0.633813953488
2.22325581395
0.193720930233
0.272511627907
0.639348837209
0.0
0.0033488372093
1.48153488372
0.492
11.0832093023
4.3603255814
0.181302325581
7.39953488372
6.48344186047
0.24311627907
0.200930232558
0.0
2.1783255814
8.60423255814
0.0724186046512
16.086744186
5.61511627907
0.895302325581
0.319209302326
1.57255813953
5.6023255814
0.141953488372
0.0
0.00125581395349
0.0
0.0
0.0
0.795395348837
4.8328372093
0.449860465116
0.155674418605
0.102976744186
0.0474418604651
1.76441860465
1.45539534884
6.24437209302
1.65358139535
3.18018604651
16.4305581395
16.5429302326
5.11679069767
1.33962790698
11.9348837209
10.989255814
0.228139534884
0.32176744186
0.0
0.0618604651163
0.996372093023
0.216093023256
4.39172093023
0.0551162790698
0.0
0.0
0.0
15.4678139535
0.293534883721
36.9213023256
46.4042325581
4.59972093023
0.0046511627907
0.0
0.0
0.0
0.231534883721
0.0
0.0
6.44181395349
10.7822790698
0.624279069767
0.459441860465
3.49469767442
0.0252558139535
0.314418604651
4.04590697674
2.88120930233
0.0033023255814
0.0618139534884
0.0
0.0
0.0
0.0
0.0
0.0
0.0
0.0
0.0313953488372
1.31055813953
4.6511627907e-05
0.00148837209302
0.591069767442
0.637395348837
0.00376744186047
0.665348837209
3.05837209302
1.87944186047
0.934046511628
2.7623255814
3.35218604651
0.277348837209
2.77306976744
8.73069767442
2.99386046512
0.0659069767442
0.932093023256
0.0562790697674
0.924325581395
11.9541395349
1.60120930233
0.0
0.0179534883721
2.50241860465
8.95055813953
0.862093023256
1.56227906977
0.341209302326
1.14227906977
0.0
12.1088372093
19.6778139535
5.09186046512
7.07074418605
2.63046511628
3.83153488372
16.7022325581
0.279674418605
2.47762790698
9.38120930233
1.17186046512
8.91204651163
0.507395348837
0.115581395349
0.0622790697674
0.595162790698
1.39674418605
0.0135348837209
0.561813953488
5.08409302326
5.01781395349
3.57237209302
2.30153488372
2.77441860465
3.27804651163
0.245162790698
0.127953488372
1.61906976744
1.28404651163
0.68623255814
1.21939534884
1.0391627907
0.431627906977
3.4743255814
2.02948837209
3.34093023256
1.13102325581
0.0102325581395
0.0026976744186
0.602651162791
8.04660465116
3.31227906977
1.6323255814
4.06711627907
0.0416279069767
2.53744186047
0.846139534884
6.19441860465
8.99609302326
10.7445581395
1.01520930233
4.08260465116
15.4666976744
3.59018604651
1.19837209302
17.3764651163
7.108
2.7328372093
8.51930232558
7.98088372093
27.4250232558
8.47223255814
0.911395348837
10.6220930233
0.484511627907
1.55995348837
5.18748837209
2.456
0.0394418604651
0.238744186047
4.68958139535
0.721069767442
0.0723720930233
1.96158139535
1.4776744186
0.671162790698
2.20804651163
1.96562790698
1.24046511628
0.317441860465
0.890511627907
0.818511627907
8.74023255814
1.7836744186
0.213674418605
1.72902325581
1.96181395349
6.54525581395
16.3201860465
1.17074418605
0.130511627907
0.120744186047
5.30451162791
3.07655813953
8.27972093023
0.0183255813953
0.0
0.0
0.0
0.0
0.0
0.0
0.0
0.0
0.224651162791
0.46023255814
1.0368372093
0.127441860465
0.562
0.781720930233
0.499720930233
7.28846511628
9.23827906977
9.84502325581
0.835488372093
0.0
0.0
0.0
0.0
0.000790697674419
1.42404651163
2.86265116279
3.91920930233
0.199488372093
0.00572093023256
0.0
0.000186046511628
0.00581395348837
0.0555348837209
0.207069767442
0.00260465116279
0.000372093023256
0.0
0.0
0.0
0.0
0.944046511628
0.705674418605
0.0
0.0640465116279
0.0
0.0
0.88888372093
7.89041860465
3.33874418605
14.8650232558
1.77181395349
0.257348837209
0.0
0.0
0.0
0.0805581395349
15.9430697674
1.69762790698
5.55204651163
1.92851162791
0.104418604651
0.127581395349
3.68813953488
6.5743255814
0.237813953488
0.076976744186
1.308
0.00311627906977
0.350790697674
0.0
0.0
0.0
0.0
0.00362790697674
0.23776744186
0.848511627907
0.0
0.0
0.0
1.78246511628
0.0916279069767
0.0663255813953
0.0
0.579488372093
22.9886976744
9.70023255814
2.04358139535
1.122
1.68837209302
1.70102325581
0.717534883721
0.0
0.0
0.0
0.0
0.0
0.0
0.0
0.000558139534884
0.0
14.9214418605
3.18934883721
0.182744186047
0.382604651163
0.115209302326
0.787627906977
4.50279069767
3.68497674419
4.57813953488
0.017488372093
0.00120930232558
2.44479069767
3.582
8.88860465116
3.236
0.0
1.78781395349
23.2448372093
3.78176744186
0.0
0.0
0.0
0.0
0.0600930232558
0.290418604651
0.536651162791
0.0607441860465
0.663627906977
0.63376744186
0.29823255814
6.68181395349
2.35646511628
0.0
0.0
0.0819534883721
0.159069767442
0.0
0.0
0.0
0.0
0.0
0.00706976744186
0.0
0.291023255814
2.39493023256
0.339906976744
1.57302325581
0.0
0.0053023255814
14.3293488372
5.22674418605
5.42823255814
1.81930232558
0.0327906976744
5.1276744186
0.0388837209302
3.17841860465
3.30390697674
0.00316279069767
0.00776744186047
1.5491627907
1.71348837209
0.32576744186
1.42153488372
4.11972093023
4.60720930233
2.19390697674
8.83023255814
0.99976744186
0.0162790697674
0.326604651163
9.41776744186
0.506837209302
0.00274418604651
0.0839534883721
0.0
0.0
0.0
0.0
0.0
0.0
0.0
0.0
2.59879069767
0.047023255814
0.0
0.0
0.0
0.0
5.71841860465
11.7116744186
1.03618604651
7.94093023256
8.79460465116
0.214651162791
0.363720930233
4.8168372093
0.0
0.0
0.0462325581395
0.103534883721
0.00925581395349
3.10111627907
0.265534883721
1.21739534884
4.98976744186
2.80818604651
3.67148837209
0.116976744186
4.6511627907e-05
0.00506976744186
2.13093023256
0.908372093023
0.425860465116
0.362186046512
0.0
1.3491627907
9.06088372093
0.762465116279
4.93586046512
0.043488372093
0.00125581395349
0.978697674419
1.07148837209
0.317906976744
1.55897674419
0.176790697674
0.143627906977
0.0
0.183860465116
0.0
0.0
0.467348837209
0.0
0.000186046511628
3.33827906977
0.703069767442
0.000372093023256
0.0
0.0
0.0
0.0
0.0
0.0
0.0
0.0
0.0
0.0
0.0553488372093
0.0
0.0411627906977
11.0157674419
0.558744186047
0.495441860465
0.0459534883721
0.0178604651163
4.5668372093
0.0
0.0
0.0
2.90609302326
0.0508372093023
0.0
0.000511627906977
0.0
5.54641860465
22.4678139535
58.6834883721
6.11223255814
2.81511627907
3.32209302326
10.157255814
9.09851162791
12.4917674419
11.1405581395
0.802279069767
0.143162790698
2.42181395349
0.240744186047
0.118697674419
0.0133488372093
0.0486046511628
0.0
8.51511627907
1.61153488372
0.00762790697674
0.0617209302326
0.32888372093
0.0478604651163
0.00209302325581
0.0
0.0
0.00437209302326
0.00976744186047
0.00953488372093
0.0896279069767
0.000186046511628
0.00683720930233
0.0690697674419
0.222186046512
0.0311162790698
0.10176744186
0.0794418604651
7.72744186047
3.29539534884
4.73209302326
0.459534883721
7.32395348837
7.91995348837
8.24046511628
1.92511627907
0.102325581395
0.220186046512
4.93609302326
0.182930232558
1.50097674419
0.423023255814
0.0130697674419
3.64460465116
0.0143720930233
0.0
0.0
0.0
0.00632558139535
0.0119069767442
0.0708837209302
1.10851162791
3.04223255814
9.58851162791
1.79897674419
9.23660465116
8.49981395349
2.08786046512
10.6585116279
0.385953488372
3.05334883721
21.9835348837
3.57037209302
1.71060465116
0.456093023256
7.45553488372
13.5957209302
4.97488372093
2.64320930233
1.43879069767
1.1276744186
0.317255813953
1.44158139535
5.84758139535
1.3643255814
4.6511627907e-05
0.0
0.0
0.922325581395
0.948186046512
11.0319534884
9.26981395349
6.68851162791
3.37902325581
1.79265116279
1.77520930233
2.56162790698
0.76376744186
0.233860465116
0.00548837209302
3.07511627907
7.33218604651
7.40851162791
3.99744186047
0.804930232558
3.17060465116
3.96655813953
2.32841860465
0.537395348837
0.0352558139535
0.00209302325581
0.0422790697674
1.53539534884
0.822139534884
2.12037209302
8.21823255814
2.24209302326
8.05655813953
7.56697674419
11.5183255814
1.50223255814
3.21320930233
0.479255813953
6.36995348837
4.03934883721
0.814511627907
0.240046511628
0.156651162791
0.100372093023
0.327906976744
1.37790697674
0.00120930232558
0.0
0.0
0.0
0.056976744186
0.0
0.150325581395
0.837674418605
0.0
0.0
0.0
0.0
2.09348837209
4.52130232558
5.8911627907
2.59813953488
2.30488372093
0.0260930232558
0.0112093023256
0.0
0.00120930232558
0.0577674418605
0.0853953488372
0.00706976744186
0.0
0.0
0.0450697674419
4.6511627907e-05
0.347023255814
3.14065116279
2.0843255814
0.0343255813953
3.22590697674
4.83706976744
5.91906976744
1.76962790698
5.68502325581
11.9661395349
6.26279069767
6.23065116279
5.33344186047
4.5956744186
3.13423255814
3.91437209302
0.712930232558
2.81413953488
2.88753488372
8.00679069767
15.9140465116
0.124
0.957953488372
7.92213953488
6.31046511628
7.60930232558
19.2388372093
0.890604651163
6.71962790698
4.42386046512
10.919255814
1.92897674419
6.18423255814
2.24841860465
0.0
0.0
0.108093023256
14.8393023256
0.00572093023256
0.172465116279
0.0109302325581
8.16051162791
0.0487441860465
1.88930232558
2.45362790698
1.04725581395
1.24069767442
1.2983255814
1.65874418605
4.05679069767
6.31493023256
1.79846511628
2.6211627907
0.0245581395349
0.00381395348837
7.53372093023
1.16474418605
0.661348837209
1.82479069767
1.2208372093
3.09246511628
3.28441860465
4.74460465116
1.92525581395
0.218558139535
0.640186046512
0.00581395348837
3.44027906977
0.0
0.898930232558
1.66990697674
30.5363255814
9.44362790698
24.1458139535
4.16786046512
9.70841860465
4.026
2.96874418605
0.312325581395
0.0
5.55213953488
0.147953488372
0.0
0.00590697674419
0.0661395348837
0.0319069767442
0.0542790697674
0.0902790697674
0.427488372093
0.0
0.0
0.00516279069767
0.418976744186
0.505674418605
0.514511627907
0.189395348837
0.0
0.000511627906977
0.0
0.0
6.71576744186
0.000744186046512
0.0
0.0
6.22706976744
1.3388372093
2.07186046512
0.00632558139535
0.312790697674
3.02176744186
2.15181395349
0.0550697674419
0.0
0.0
0.0427441860465
0.215627906977
0.416139534884
7.33404651163
0.0
0.0
0.0
0.0
0.0
0.0
0.00386046511628
7.64623255814
0.504325581395
13.1306976744
10.0171162791
0.0
0.0
0.0
0.0353953488372
0.0396744186047
0.0
0.0
0.158651162791
0.0396279069767
0.0
0.0
0.0
3.59627906977
1.38437209302
1.80530232558
6.88009302326
19.5793953488
9.658
0.01
0.0161395348837
0.00111627906977
0.000511627906977
1.34906976744
0.0
0.0066976744186
0.0
0.0
0.159906976744
1.0156744186
0.0
0.0
0.0
3.87069767442
2.77697674419
1.04288372093
0.00795348837209
0.0
0.0
0.0
0.0
0.0
0.0
0.0
1.67646511628
0.516418604651
5.47511627907
0.0948837209302
0.0
0.0
0.0
0.881860465116
12.8599069767
14.6751627907
3.47288372093
3.26418604651
4.50055813953
6.02153488372
15.7487906977
3.52358139535
0.787395348837
0.0480930232558
8.52153488372
0.515162790698
4.58720930233
0.052511627907
0.000139534883721
1.70023255814
0.0
0.0
0.0
0.0
0.00483720930233
0.0
0.087488372093
5.3991627907
0.060976744186
0.0
0.0
0.0
0.829023255814
11.4666976744
2.392
3.00669767442
2.59981395349
0.11623255814
0.0665581395349
4.08637209302
2.13176744186
10.9733953488
0.624279069767
3.17906976744
3.53395348837
0.000976744186047
0.0
0.0
0.0
0.0
0.0187441860465
0.0203720930233
0.0
1.40134883721
1.47725581395
0.0168837209302
1.00720930233
0.135860465116
0.0206976744186
9.3023255814e-05
0.000186046511628
0.0637674418605
0.00832558139535
0.000744186046512
0.00227906976744
0.00976744186047
0.00567441860465
0.0
0.0
0.0
0.0213488372093
0.835441860465
0.252976744186
0.289813953488
0.525255813953
0.223395348837
0.468511627907
0.542558139535
0.00232558139535
0.0
1.626
15.4071627907
24.5975348837
14.7433488372
5.20725581395
2.54711627907
2.58088372093
0.110186046512
0.0
0.0
0.002
0.319348837209
4.29279069767
1.37823255814
1.576
2.0476744186
2.36855813953
1.61423255814
0.00125581395349
0.0110697674419
0.0
0.0
0.0
0.0966511627907
2.8968372093
1.11688372093
0.623860465116
0.22911627907
3.78906976744
0.525348837209
2.51153488372
11.4561395349
10.2040465116
0.0238604651163
0.100976744186
0.0249302325581
0.0313488372093
0.0
2.30037209302
10.6350232558
11.2544651163
5.36753488372
3.39209302326
0.260651162791
3.58158139535
5.17362790698
1.25223255814
0.637441860465
1.05525581395
1.45004651163
11.986
26.8507906977
3.97934883721
22.456372093
5.3828372093
1.65888372093
0.113302325581
0.738930232558
0.068976744186
5.4831627907
7.61986046512
8.33455813953
0.185581395349
0.984930232558
0.544976744186
1.26976744186
4.804
3.39879069767
8.7491627907
5.97227906977
2.31441860465
9.78027906977
1.58074418605
5.85218604651
49.7941395349
3.46223255814
9.73725581395
2.0691627907
1.98409302326
1.07358139535
0.025488372093
0.0
0.00795348837209
0.0
0.0
0.0
0.0
0.0
0.000883720930233
1.44451162791
1.7256744186
0.0
0.0033023255814
0.766139534884
0.983255813953
2.60748837209
0.0132093023256
0.0
0.0
4.73213953488
0.37176744186
0.0
0.08
0.0168837209302
0.398186046512
0.577162790698
0.133674418605
0.0
0.0
0.0497209302326
0.0220930232558
0.0
0.0
0.0
0.0
0.0
0.0
0.0
0.0
0.0
0.00437209302326
2.01353488372
2.20130232558
1.90251162791
9.47260465116
5.62548837209
2.0368372093
0.414139534884
4.32102325581
11.9276744186
8.91009302326
1.81827906977
2.51051162791
0.752279069767
0.95223255814
0.0726511627907
0.148930232558
0.970837209302
4.6511627907e-05
0.00227906976744
2.97455813953
0.0
0.0
0.00288372093023
2.7051627907
0.0
0.0
0.0
0.0
0.0
0.0
0.0
0.0
0.0
0.0
0.0
0.0123720930233
0.00255813953488
1.20948837209
0.389069767442
0.122604651163
0.664372093023
0.0400930232558
1.71427906977
0.083488372093
0.0659069767442
0.381953488372
0.0
0.349674418605
1.95279069767
3.38669767442
2.17506976744
8.38418604651
0.0433488372093
4.94265116279
0.729395348837
0.0242325581395
17.3881860465
3.7971627907
35.3361860465
1.47060465116
20.022744186
10.6689302326
10.2925581395
3.76181395349
20.2449767442
14.6189767442
14.3841395349
7.11046511628
0.776418604651
1.39753488372
1.39813953488
0.0108372093023
0.434046511628
13.2140930233
12.7983255814
0.299627906977
25.9537209302
0.0461395348837
1.3776744186
0.0
0.0
0.00841860465116
4.80990697674
0.114418604651
0.00795348837209
0.00753488372093
0.0
0.0
0.380790697674
5.35920930233
5.30130232558
0.0368837209302
0.0864186046512
6.2811627907
0.000837209302326
0.65311627907
3.51
0.866093023256
3.01702325581
1.35018604651
8.51981395349
5.14576744186
0.454465116279
0.016511627907
0.0
0.0
0.0
0.0
0.0
4.26623255814
0.286186046512
3.46079069767
22.8351162791
21.3441860465
7.59674418605
0.199906976744
3.63158139535
0.772744186047
9.3023255814e-05
0.00176744186047
0.0
0.0
0.0
0.00362790697674
2.00697674419
6.05209302326
3.17804651163
0.0653953488372
2.5048372093
9.15134883721
3.58097674419
0.312604651163
0.133581395349
4.01362790698
1.09753488372
0.47488372093
0.0418604651163
0.0436279069767
0.450604651163
5.86255813953
9.67920930233
0.428790697674
0.00479069767442
0.00102325581395
0.00116279069767
0.008
0.0586511627907
0.0
0.0
0.0
0.0
0.0
0.0
0.628046511628
32.1065116279
0.752372093023
0.0
0.0
0.0
0.0
0.0
0.0178604651163
0.0
0.0
9.35660465116
0.968558139535
9.92888372093
8.99181395349
16.0935813953
21.7811162791
6.99558139535
14.2090697674
3.30865116279
0.732
5.42674418605
3.54148837209
0.172325581395
0.404
0.00655813953488
2.58362790698
0.262139534884
2.60655813953
4.49795348837
4.84646511628
3.95697674419
5.55669767442
4.96488372093
0.00958139534884
0.019488372093
1.77223255814
1.07209302326
8.58302325581
1.24158139535
1.39088372093
5.78474418605
2.53134883721
2.07158139535
1.74827906977
2.90055813953
3.95460465116
1.09153488372
0.0464186046512
0.0221860465116
0.00204651162791
0.0677674418605
0.0
0.0
0.000186046511628
6.55320930233
1.87976744186
4.6703255814
0.105720930233
4.93990697674
3.8296744186
0.352046511628
7.15051162791
6.79586046512
0.366465116279
0.0
0.00441860465116
0.00283720930233
0.00423255813953
0.00753488372093
0.0434418604651
0.0307441860465
0.0
0.0
0.0
0.0
0.0
0.0
0.0
0.0173953488372
0.0
0.0
0.0
0.059023255814
3.48944186047
2.55944186047
0.0834418604651
0.0793023255814
0.482465116279
6.81790697674
36.216372093
20.8101860465
12.4929767442
2.9651627907
0.184930232558
0.0537209302326
0.0296279069767
0.0
0.0
0.0
0.018976744186
0.0241860465116
0.0237674418605
0.0601395348837
0.0466046511628
0.0173488372093
0.102325581395
1.73125581395
0.117302325581
0.0
0.0
0.00176744186047
6.75404651163
0.0448837209302
7.64372093023
5.30734883721
8.07576744186
1.8136744186
6.08460465116
2.41604651163
0.00423255813953
0.00674418604651
0.0
1.41962790698
0.0626046511628
0.0
0.020511627907
0.107906976744
0.0559534883721
2.2423255814
12.2095813953
2.24353488372
3.35930232558
1.23255813953
0.740186046512
0.860372093023
0.33488372093
1.06390697674
1.17041860465
0.242325581395
2.27553488372
2.27334883721
0.143720930233
0.0735348837209
0.0313023255814
0.0
0.0
0.000558139534884
2.91158139535
1.58437209302
2.33139534884
3.2323255814
0.523627906977
2.38753488372
5.64297674419
4.4216744186
0.0747441860465
0.0321860465116
3.14539534884
1.42320930233
5.04595348837
5.02441860465
0.311069767442
0.0
0.0
0.0
0.17288372093
0.0
9.88
4.94353488372
0.0198139534884
0.0
0.0
0.0
0.0357674418605
0.00246511627907
0.0
0.0166976744186
0.0
0.00386046511628
0.0109302325581
0.174418604651
0.0954418604651
0.531860465116
0.0
0.0
0.0
0.0
0.0
1.38111627907
1.4603255814
0.00302325581395
0.0
0.45423255814
0.0
0.0
0.00423255813953
0.0
0.00404651162791
0.0132558139535
0.0
0.0
2.6823255814
4.95827906977
3.1803255814
3.54055813953
5.354
0.539720930233
0.0228372093023
0.0
0.00144186046512
0.310697674419
1.72944186047
0.383953488372
10.309627907
8.0588372093
3.07111627907
1.38837209302
1.79739534884
4.74162790698
3.03153488372
0.360976744186
0.0
0.0
6.00362790698
3.28493023256
3.15911627907
0.131302325581
1.05269767442
1.52925581395
4.79744186047
9.35279069767
6.48753488372
4.93818604651
2.46939534884
1.10251162791
0.0
0.0
0.0
0.0
0.0
0.0
0.271720930233
0.047023255814
0.909488372093
1.10037209302
10.7542325581
3.05674418605
1.04655813953
1.14958139535
2.78623255814
5.16609302326
0.956558139535
0.562093023256
0.0
0.0
0.0735813953488
1.59679069767
7.01693023256
0.728604651163
3.47474418605
0.0293953488372
0.0212558139535
0.0
1.81855813953
0.109674418605
0.0
0.0
7.05665116279
4.56218604651
30.6636744186
9.51748837209
3.81748837209
0.0
0.0
0.0215348837209
3.72474418605
9.34055813953
9.07948837209
0.0
0.0
0.0
0.0
0.0
0.00255813953488
8.0488372093
3.36460465116
4.3828372093
4.27013953488
10.8499534884
4.07762790698
3.93586046512
7.09074418605
2.87934883721
1.43297674419
0.231906976744
0.0886976744186
0.125813953488
0.00139534883721
4.91688372093
21.037255814
2.48823255814
2.50339534884
0.537395348837
10.5233023256
4.99195348837
12.4829302326
4.76604651163
5.18102325581
0.868325581395
0.0
18.2416744186
0.0
0.0
0.0
0.0
5.36911627907
0.00320930232558
0.938837209302
5.7763255814
0.298046511628
0.065023255814
0.0
0.0
0.0664651162791
0.0
0.025488372093
0.0
11.5384186047
1.52413953488
3.25753488372
4.16213953488
2.91465116279
0.000976744186047
0.0
0.0
7.90706976744
0.0
19.5924651163
8.71046511628
0.780558139535
7.22255813953
14.4855348837
0.0166976744186
2.17106976744
0.250325581395
2.04693023256
5.53265116279
0.353348837209
0.227860465116
0.167395348837
3.84386046512
0.0976744186047
5.15134883721
0.677441860465
0.537581395349
1.11120930233
4.46488372093
2.47339534884
0.0447906976744
7.08446511628
0.00525581395349
0.00227906976744
9.51009302326
0.0348837209302
8.14962790698
0.139348837209
0.12976744186
0.143348837209
0.0
0.0
0.0
0.0581395348837
1.44827906977
0.181209302326
23.2979069767
5.2343255814
3.57
1.04474418605
3.02195348837
8.06460465116
0.527860465116
0.0
0.00590697674419
0.00241860465116
0.48311627907
0.0653488372093
4.08186046512
0.205627906977
4.74874418605
0.0112558139535
0.0
0.0
0.0
3.11679069767
0.103627906977
0.0
0.0
0.0
0.0
0.0
0.0
0.0
0.000372093023256
4.15055813953
0.0181395348837
2.46139534884
2.53525581395
1.05362790698
1.44706976744
3.7668372093
3.03897674419
0.282093023256
0.269534883721
0.0
0.0
0.792
0.715627906977
0.288372093023
0.19223255814
0.77911627907
0.0875813953488
0.000232558139535
0.0
0.0
0.0
0.0
0.0
0.0
0.0
0.0
0.0
0.0
0.0
2.62260465116
2.19339534884
0.0373953488372
1.7656744186
15.6111627907
1.89846511628
2.74181395349
1.92204651163
21.4428837209
3.75823255814
0.215395348837
0.0101395348837
0.000976744186047
0.0033488372093
0.0
0.0
0.0
1.128
0.209860465116
1.96004651163
7.41944186047
0.415674418605
0.16623255814
0.0382325581395
0.0235813953488
0.101162790698
5.89004651163
2.16734883721
4.39
10.5366976744
0.13823255814
0.194604651163
0.325581395349
0.158604651163
3.94353488372
2.67423255814
6.34190697674
1.49530232558
3.01041860465
0.178976744186
0.0684186046512
0.249069767442
2.98674418605
1.32218604651
1.72106976744
1.42358139535
3.08144186047
5.55209302326
2.38669767442
3.21976744186
0.0
0.0
0.0105581395349
0.887906976744
3.464
9.04795348837
7.14972093023
5.37548837209
0.699162790698
0.0
0.0
1.79418604651
2.24279069767
6.23674418605
1.74106976744
0.783302325581
3.39795348837
0.0279069767442
0.00125581395349
0.00413953488372
5.47981395349
3.73311627907
4.13502325581
10.4973023256
8.66441860465
3.37018604651
2.47753488372
3.05111627907
19.2866976744
13.277627907
0.556093023256
8.65386046512
10.4709302326
10.6020465116
5.03246511628
4.05906976744
0.207581395349
0.594511627907
0.720837209302
0.0
0.0
0.00386046511628
0.0026976744186
1.36846511628
0.00190697674419
0.059488372093
0.35111627907
0.704790697674
0.284325581395
1.79046511628
7.87479069767
0.290558139535
0.00204651162791
0.0
0.00125581395349
0.0106511627907
0.0
0.0093023255814
0.0086511627907
0.475209302326
0.553348837209
0.287023255814
0.0205581395349
0.257162790698
0.0
0.0255348837209
0.0
0.0
0.0
0.0
0.0
0.0
0.00883720930233
12.8610697674
5.33009302326
11.0002325581
0.0858604651163
3.0391627907
0.100186046512
0.0173488372093
0.0148837209302
0.0
0.0253488372093
0.022511627907
0.0447906976744
0.0
0.0
0.0
0.0148837209302
8.89465116279
2.73451162791
1.82218604651
10.2316744186
23.7407906977
1.3768372093
0.995348837209
0.879348837209
0.864837209302
4.67023255814
28.5415348837
26.5675813953
0.326604651163
3.01911627907
7.21390697674
1.99144186047
0.982093023256
4.6511627907e-05
0.0
0.0112093023256
1.46465116279
4.9871627907
0.370372093023
0.0381860465116
0.00209302325581
2.48111627907
0.0219534883721
6.1096744186
2.13739534884
4.70781395349
3.59758139535
2.36674418605
4.9576744186
3.69734883721
0.552046511628
1.3456744186
0.521209302326
5.94302325581
0.000139534883721
0.0
0.0
0.0
0.0
0.0
0.400465116279
0.173209302326
0.0774418604651
10.8169302326
1.28488372093
1.40246511628
1.54818604651
5.30902325581
0.0487906976744
0.0
8.93460465116
4.25018604651
1.38051162791
0.1
0.0704186046512
8.76581395349
1.078
0.0337674418605
0.652651162791
0.0
3.15781395349
3.29711627907
0.0
0.00139534883721
2.9616744186
0.956837209302
5.27758139535
4.41655813953
0.388744186047
2.18930232558
7.10293023256
23.0634418605
6.64041860465
4.36962790698
19.3346046512
11.3073023256
0.582790697674
0.0231627906977
0.111069767442
1.66981395349
0.0673488372093
0.034
0.0
0.0
2.01548837209
19.3986511628
1.04348837209
0.00837209302326
0.0
0.0
0.380279069767
0.361906976744
0.0486976744186
0.0
0.0
0.0
0.0
0.0
0.0
0.0
0.0
0.0257209302326
0.214186046512
4.83776744186
7.54418604651
10.6130232558
3.77018604651
6.05846511628
0.711906976744
0.0887906976744
0.0
0.0
0.0
0.0
0.0
12.1139534884
0.185441860465
0.0
0.00139534883721
0.00260465116279
12.5260465116
6.67386046512
2.12013953488
2.02302325581
7.266
0.0181395348837
0.0
0.0
0.0
0.795720930233
0.0
0.0
0.0
1.81590697674
0.0
0.0
0.0
0.0
0.0
3.93995348837
2.05748837209
18.2444186047
0.335162790698
0.0743255813953
1.94
0.0013023255814
1.66018604651
4.70790697674
10.5031627907
1.61869767442
0.151906976744
2.47246511628
4.27097674419
6.29804651163
0.626930232558
3.12358139535
0.785023255814
0.132976744186
0.613302325581
2.76176744186
1.56586046512
0.825255813953
0.275348837209
11.7559534884
0.0563720930233
0.0
4.9343255814
0.178651162791
0.0288372093023
0.00125581395349
0.00125581395349
0.0
16.5753488372
3.83781395349
0.077023255814
6.81725581395
18.1683255814
8.31851162791
0.335534883721
0.0118139534884
0.0
0.0
0.00125581395349
0.00125581395349
0.0
0.0
0.00125581395349
0.0139534883721
0.0
0.0
0.0
0.0
0.0
0.0
0.0
0.0
0.0
2.75725581395
0.013023255814
0.0
0.0
0.0
0.0
0.0
0.0
0.0
0.0733488372093
0.0221860465116
0.579023255814
5.39241860465
26.0664186047
27.1922325581
33.458
7.0768372093
0.465720930233
7.40441860465
0.632465116279
0.0325581395349
2.49874418605
2.78688372093
1.09186046512
3.01088372093
11.7450697674
0.263348837209
0.100279069767
0.423906976744
1.8748372093
0.8
0.0438604651163
0.336186046512
0.0264651162791
0.0328837209302
0.000511627906977
0.00976744186047
0.008
0.152325581395
0.180511627907
0.819627906977
1.51679069767
2.11697674419
3.76013953488
3.93837209302
2.16534883721
5.66037209302
0.596372093023
1.19837209302
0.089488372093
1.79697674419
0.00795348837209
0.0
0.0
0.0
0.617302325581
0.409302325581
0.00911627906977
0.0201395348837
0.180046511628
8.48534883721
1.03325581395
0.0186046511628
0.09
0.000372093023256
0.0
0.00660465116279
1.65102325581
0.335627906977
9.70241860465
0.514697674419
8.17804651163
12.8726046512
2.64646511628
8.08223255814
5.43079069767
1.48795348837
2.53241860465
0.397906976744
3.58395348837
2.66158139535
3.52069767442
5.9863255814
9.0023255814
16.8343255814
11.3633953488
20.9412093023
2.65344186047
0.934604651163
7.20474418605
6.39720930233
7.63153488372
0.207023255814
1.97372093023
0.470465116279
1.29423255814
0.732930232558
0.704465116279
0.11623255814
2.0543255814
8.68409302326
0.054
0.00125581395349
0.00627906976744
0.0122325581395
0.0153488372093
0.00818604651163
0.505023255814
2.37897674419
0.124465116279
0.76423255814
5.2111627907
0.500976744186
2.33581395349
0.028976744186
0.0
0.0
0.0
0.0
0.00748837209302
0.00860465116279
0.0733488372093
4.4916744186
0.425627906977
4.62618604651
3.07651162791
3.5891627907
0.175302325581
4.14827906977
1.1123255814
0.737674418605
2.58125581395
1.15734883721
1.86474418605
2.72995348837
0.558790697674
5.6848372093
0.488372093023
0.78376744186
0.101813953488
0.0
0.0
4.25604651163
12.1298139535
8.92604651163
10.1603255814
20.0921860465
0.00306976744186
0.00120930232558
0.0
0.0
0.0
0.0
0.0
0.0
0.0
0.0
0.0
0.0
1.71097674419
1.33911627907
7.27641860465
4.73051162791
4.21772093023
0.429534883721
2.42330232558
2.32874418605
16.1313953488
8.2771627907
8.02241860465
0.174465116279
4.40409302326
3.78097674419
0.41423255814
0.292930232558
0.00176744186047
1.4051627907
0.0994418604651
0.0
0.181488372093
0.0133023255814
2.84265116279
0.0648837209302
0.0787906976744
0.278
2.21627906977
5.89809302326
7.82237209302
0.0696279069767
0.00325581395349
0.0
0.111860465116
0.0
0.127674418605
2.43939534884
3.5823255814
0.596465116279
0.0
0.0
0.0
0.012511627907
0.0
0.0
0.0
0.0
0.217860465116
0.0161860465116
0.187023255814
18.0371162791
2.58172093023
0.441302325581
0.154651162791
0.0
0.0
0.0
4.53506976744
0.0640465116279
23.668372093
0.889255813953
10.1855348837
3.12772093023
0.908744186047
0.0181860465116
0.162372093023
0.0198139534884
4.21497674419
11.3897674419
7.60618604651
0.0766046511628
0.0193488372093
0.0
0.0
7.9156744186
0.108186046512
4.17134883721
4.21744186047
11.4742325581
1.25869767442
5.36720930233
7.74586046512
2.98376744186
1.00037209302
4.69479069767
4.51841860465
0.130837209302
0.211581395349
0.399674418605
1.72051162791
5.00837209302
12.6557209302
2.1256744186
22.1879534884
0.823627906977
6.71874418605
2.66441860465
5.03125581395
1.88004651163
0.029023255814
10.5922790698
2.65990697674
19.8397674419
0.556186046512
0.38488372093
0.708093023256
0.893162790698
0.0
0.0073023255814
0.0
0.00255813953488
1.26395348837
0.00125581395349
0.0
0.0
3.95976744186
17.984372093
0.0
0.0
0.00116279069767
0.00455813953488
0.0
0.0
0.0375348837209
13.5336744186
4.2416744186
9.6628372093
0.561627906977
5.32046511628
4.91288372093
3.02195348837
0.069023255814
0.184
2.19888372093
0.432186046512
11.0874883721
1.47920930233
6.79613953488
21.3210697674
1.87618604651
5.31869767442
1.57781395349
12.4919534884
4.15079069767
4.03293023256
0.172651162791
0.675627906977
0.0703720930233
5.88758139535
0.292046511628
9.3023255814e-05
0.0688372093023
1.36813953488
0.26888372093
0.0254418604651
0.0216279069767
0.261255813953
8.34297674419
0.0208372093023
0.0
0.0
1.414
9.23320930233
0.363209302326
1.69753488372
1.09497674419
5.63595348837
2.36827906977
2.90023255814
0.0
0.0
2.15925581395
0.0
0.0
3.9568372093
0.780930232558
1.42376744186
32.3125116279
0.0
0.00688372093023
2.69906976744
0.616976744186
0.0
0.135395348837
2.96995348837
0.000976744186047
0.000651162790698
0.0486511627907
7.94925581395
0.00516279069767
0.029488372093
0.0
12.3595813953
12.1891627907
7.16246511628
0.0196279069767
0.000883720930233
0.107209302326
0.0288372093023
0.129069767442
0.0
0.0
0.0
0.0
0.000604651162791
4.6511627907e-05
3.50627906977
3.5968372093
2.9411627907
0.0
0.0
3.30581395349
7.42390697674
7.12981395349
9.20320930233
6.54702325581
1.42641860465
0.127813953488
0.00567441860465
0.0276279069767
0.006
16.31
9.73404651163
3.94041860465
1.64972093023
0.106790697674
0.0
0.0
0.227581395349
0.331720930233
0.000232558139535
0.107209302326
3.0088372093
2.09255813953
0.00697674418605
0.0396279069767
0.0500930232558
0.0103255813953
0.00246511627907
0.00516279069767
0.00386046511628
2.83804651163
1.7891627907
9.91013953488
12.0354418605
2.67265116279
3.90046511628
4.53520930233
1.82455813953
0.365581395349
9.37469767442
9.4848372093
6.53618604651
4.44386046512
0.0706976744186
0.0651627906977
8.38395348837
0.0156279069767
0.0093023255814
0.00474418604651
0.0
0.0
0.0
0.0
0.0
0.0
0.0
0.00106976744186
0.272604651163
0.0
0.0
1.24604651163
0.311395348837
0.006
0.0
0.0721395348837
1.21427906977
9.07553488372
25.4241860465
18.5714883721
8.55902325581
2.44344186047
0.63423255814
0.237209302326
0.0
0.0147906976744
0.354
0.528279069767
0.00586046511628
0.0220930232558
1.58548837209
0.163860465116
0.356930232558
5.16302325581
8.84813953488
5.00018604651
5.77
2.63558139535
3.33013953488
7.13772093023
0.0793488372093
0.0873953488372
2.05855813953
2.42111627907
0.00474418604651
0.00474418604651
0.0093488372093
2.81646511628
2.32325581395
1.49548837209
0.0991162790698
0.00795348837209
0.0156279069767
0.162930232558
8.36093023256
3.23697674419
13.7026046512
5.2551627907
3.88372093023
1.178
2.48465116279
2.72055813953
2.35948837209
1.45906976744
10.4157674419
11.9543255814
2.00404651163
4.17186046512
9.15125581395
3.58111627907
4.7788372093
5.74255813953
9.28441860465
6.49
2.86823255814
8.05976744186
0.0243255813953
0.0
0.0
0.135348837209
2.13846511628
2.09413953488
5.08227906977
0.692604651163
0.0538604651163
0.0622790697674
6.13981395349
2.91404651163
7.45204651163
2.51204651163
0.970186046512
4.5896744186
5.21711627907
2.79037209302
0.704046511628
0.911395348837
2.27697674419
0.241162790698
9.98809302326
2.87874418605
0.680139534884
0.205813953488
4.23013953488
7.82125581395
5.57813953488
16.0525581395
3.58879069767
12.3135813953
5.47158139535
0.56776744186
0.0733023255814
0.109720930233
8.54195348837
4.74302325581
0.162976744186
5.09962790698
2.88027906977
17.958744186
12.6038604651
4.34790697674
2.4188372093
0.950372093023
0.100046511628
26.1694883721
3.40488372093
0.0403720930233
0.0
0.0
0.540744186047
0.0
3.68227906977
5.42320930233
2.58102325581
4.6511627907e-05
0.0119069767442
2.096
0.973441860465
0.00483720930233
0.0
0.0086511627907
1.07641860465
0.782372093023
0.0
3.31413953488
0.0
0.0
0.0
0.0
0.0
0.0
2.37786046512
10.7191627907
0.304279069767
0.0427441860465
0.540418604651
8.0151627907
0.503813953488
1.49581395349
0.00688372093023
0.0
0.0
0.0
0.0
0.0
0.0
0.0
0.0
0.0
0.300837209302
3.16460465116
2.3103255814
5.43781395349
5.81162790698
0.271023255814
0.0
0.0
0.00344186046512
0.194325581395
0.0
0.0
4.54781395349
0.291953488372
0.284558139535
3.1103255814
2.66106976744
6.27065116279
1.15548837209
0.0138139534884
0.178651162791
0.52576744186
16.137255814
0.277906976744
0.250976744186
0.014
0.0404651162791
0.806418604651
0.00911627906977
0.0
0.0
0.0
0.0
0.0
0.0
0.0
0.0
1.08562790698
3.25609302326
0.255674418605
0.0139069767442
4.6511627907e-05
0.0
3.16488372093
4.21841860465
3.61976744186
4.41627906977
5.79981395349
1.60288372093
1.23479069767
0.56976744186
0.0797674418605
6.54134883721
0.704511627907
0.940465116279
0.029488372093
0.00302325581395
3.42269767442
0.0366511627907
6.80813953488
10.8018604651
9.31279069767
25.3976744186
3.89688372093
1.24106976744
0.0321860465116
0.038511627907
0.539069767442
0.0394418604651
8.69330232558
2.40627906977
0.000651162790698
4.98609302326
0.0321395348837
0.0413953488372
4.05362790698
0.0
0.0
0.035023255814
0.547162790698
0.389162790698
0.0
0.0
0.0
0.0
10.1111627907
0.00548837209302
0.00711627906977
0.83823255814
0.00288372093023
0.0
0.0
0.0
0.0
0.0
0.0
6.35306976744
1.74711627907
1.7143255814
2.342
0.049023255814
6.13474418605
5.56548837209
0.429953488372
0.221348837209
0.419627906977
1.17041860465
0.0
0.0
9.23906976744
0.291395348837
10.152372093
0.0689302325581
16.0524651163
0.0
0.0
0.00186046511628
0.0
0.0
0.289581395349
1.30860465116
2.23265116279
8.62209302326
1.78130232558
2.00018604651
0.30423255814
1.0151627907
0.14623255814
0.0
0.0
0.0895813953488
7.68311627907
2.82148837209
6.50390697674
0.354930232558
0.0
1.44241860465
0.082976744186
0.0
0.0
0.0
0.0115813953488
0.0249302325581
3.97776744186
21.0308372093
13.8690697674
1.59479069767
3.45
0.0436279069767
5.64855813953
1.30144186047
4.6511627907e-05
0.0502325581395
0.00888372093023
0.0
0.013488372093
0.107720930233
0.503069767442
0.661534883721
0.0331627906977
0.00386046511628
0.017488372093
6.42344186047
0.158744186047
0.0260930232558
1.74223255814
0.0662325581395
0.0104651162791
0.0293488372093
0.0449302325581
0.0238139534884
3.1068372093
0.0380930232558
0.0
0.0
0.0
0.0
0.0
0.0
0.0124651162791
0.251069767442
0.563348837209
3.93358139535
8.27158139535
2.67381395349
0.0904651162791
2.55460465116
6.67255813953
7.21953488372
13.694372093
0.342744186047
3.40506976744
1.53334883721
2.64572093023
0.944279069767
0.0752093023256
0.285720930233
0.907813953488
7.47293023256
19.5552093023
0.25111627907
1.77158139535
7.9936744186
17.069255814
0.672
5.44837209302
0.380093023256
7.14651162791
3.87809302326
3.84339534884
5.7088372093
3.65753488372
1.30944186047
2.53148837209
0.0
0.0355813953488
2.84958139535
9.17186046512
21.3361860465
0.12223255814
3.27046511628
0.836279069767
11.7180465116
12.2025116279
0.623534883721
0.0482790697674
0.591302325581
0.0841860465116
0.006
0.0953953488372
0.224837209302
0.37023255814
0.0171627906977
0.0984186046512
3.32734883721
12.3699069767
8.67795348837
3.148
1.28306976744
0.31176744186
2.09841860465
0.0680465116279
2.34148837209
0.0115813953488
0.370744186047
0.0426046511628
0.00386046511628
0.848837209302
0.0767441860465
0.000232558139535
0.000558139534884
0.807627906977
0.0692558139535
0.0
0.0
0.0
0.0
0.0
0.0
0.194139534884
0.0246976744186
0.016976744186
0.0
0.0
0.0
0.0358604651163
1.39097674419
0.035023255814
0.0198604651163
0.010976744186
0.0
0.0
0.0
5.00702325581
4.87302325581
1.11558139535
5.41972093023
0.587813953488
1.38260465116
3.45362790698
3.30204651163
2.67511627907
0.00237209302326
0.37423255814
1.31162790698
1.2223255814
1.82037209302
6.5971627907
8.44079069767
7.33506976744
6.49986046512
11.1248837209
3.86581395349
0.0251627906977
0.0507441860465
0.0
1.67390697674
1.70665116279
0.0857209302326
0.081023255814
5.20325581395
0.23488372093
0.640976744186
1.43702325581
5.37553488372
11.6724186047
2.09186046512
0.0
0.00325581395349
0.0619534883721
1.39697674419
1.97213953488
1.27460465116
15.8562325581
0.0435813953488
0.00125581395349
0.0
0.0
0.187581395349
0.0
2.87046511628
0.0013023255814
0.127023255814
1.39134883721
0.525023255814
16.6698139535
0.711209302326
2.47237209302
0.343069767442
0.0
0.0
0.000232558139535
4.37037209302
1.16944186047
5.32879069767
0.414511627907
4.60158139535
2.61427906977
1.06037209302
6.70590697674
0.0700930232558
31.1081860465
16.7119534884
0.0164651162791
0.0
0.0
1.30786046512
1.4291627907
3.07376744186
0.0026976744186
0.0
0.0
0.0
0.0
0.0
0.632372093023
0.0
0.0
0.0
0.0456279069767
17.5426976744
9.53372093023
5.57013953488
0.368325581395
3.94274418605
4.6511627907e-05
0.0
0.0
0.0
0.433069767442
0.0
0.0
0.0
0.0
0.0
0.0
0.0
0.0
0.0
3.90004651163
6.06027906977
0.00125581395349
0.000511627906977
0.0526046511628
7.87469767442
1.22325581395
2.25060465116
3.29241860465
5.04074418605
0.634093023256
0.0487441860465
4.41227906977
1.69060465116
0.0
0.0
0.0
0.151302325581
0.0
0.0
0.0
0.0
0.0
4.3236744186
2.07962790698
19.6633023256
0.0
0.000372093023256
1.27786046512
2.51390697674
1.88237209302
4.56153488372
0.250372093023
35.3122325581
1.72865116279
0.230604651163
0.0
0.0
0.0
3.03711627907
6.66455813953
4.6303255814
0.0
0.0
0.0
0.304
0.357627906977
0.290930232558
0.0
0.11911627907
0.0013488372093
0.0
0.0
0.0
0.187441860465
5.4651627907
9.49255813953
9.34958139535
4.76613953488
0.00539534883721
0.0
0.00651162790698
0.548790697674
5.69297674419
5.26311627907
0.672139534884
0.427302325581
0.0
0.0
0.609720930233
6.03641860465
17.8949302326
0.0
0.0
0.660139534884
0.567953488372
0.0
0.0
0.0033488372093
3.60660465116
0.220744186047
0.0
0.0
0.0
1.03074418605
5.66544186047
0.0
0.0
2.18502325581
3.85037209302
9.38320930233
4.08251162791
0.00353488372093
0.0
0.0
0.59111627907
0.245953488372
0.566604651163
0.0
0.0
0.0
0.0
0.0
0.0
0.0
6.70851162791
0.0
14.269255814
7.96734883721
14.2915813953
0.628604651163
0.0
0.0
2.15665116279
0.056976744186
0.0
0.0
11.3938139535
11.6317674419
0.158372093023
0.976372093023
0.944
0.0856279069767
0.0452093023256
1.1283255814
0.602139534884
1.83297674419
0.116139534884
0.00125581395349
0.0
10.0721860465
19.3666046512
1.95079069767
8.10851162791
1.87088372093
1.69125581395
1.03176744186
1.46544186047
2.36911627907
1.01209302326
0.0193953488372
0.0
0.0
0.00148837209302
5.17720930233
0.0
0.0
0.0
0.0
0.000186046511628
9.3023255814e-05
0.00111627906977
2.92934883721
7.57502325581
8.10548837209
5.75325581395
32.9988837209
10.2586046512
7.36423255814
6.27595348837
0.323906976744
3.13930232558
0.0412558139535
1.12195348837
0.0126976744186
0.0
0.0
0.0
0.0
0.0
0.00120930232558
0.0
0.0
0.0
0.0
0.0
2.57158139535
3.80604651163
0.214279069767
1.76255813953
0.0993023255814
1.15437209302
1.61934883721
0.00488372093023
0.0
0.0
0.00655813953488
0.00739534883721
0.00144186046512
0.0611627906977
0.357069767442
1.06837209302
0.0807441860465
0.144139534884
0.283255813953
0.0248372093023
0.268604651163
3.97953488372
16.7410697674
15.0254883721
33.7415348837
9.28181395349
3.99065116279
13.362
8.22279069767
26.0718139535
3.8528372093
21.0757209302
2.70827906977
2.23195348837
0.0
0.000976744186047
0.00386046511628
0.00386046511628
0.00125581395349
0.0
0.002
0.00302325581395
0.0500930232558
0.0
0.00404651162791
1.22730232558
0.0
0.0
0.354558139535
0.0446511627907
0.0675348837209
0.054976744186
0.125860465116
0.171720930233
0.077488372093
2.19939534884
1.66269767442
1.63920930233
0.0293953488372
1.31181395349
1.04130232558
0.0346511627907
0.00190697674419
26.7603255814
1.96581395349
23.3633488372
3.16269767442
1.26381395349
1.23725581395
0.0413953488372
0.24576744186
0.0
0.0115813953488
5.2348372093
7.34902325581
0.0
0.0
0.0
0.0206511627907
1.19958139535
0.604
11.1578604651
5.30320930233
4.43009302326
16.2799534884
9.25130232558
7.82734883721
0.0466511627907
0.418465116279
0.101209302326
0.0
0.0
0.0
0.0
0.0
0.0
5.22841860465
20.8523255814
6.46065116279
24.0270232558
7.402
1.44511627907
0.880186046512
0.372558139535
0.00609302325581
0.0108372093023
0.0013488372093
0.00176744186047
1.01851162791
3.85413953488
0.00474418604651
0.0
0.323674418605
0.293348837209
0.0
0.0
0.0
0.0
0.496651162791
2.39158139535
0.0
5.53474418605
0.0053023255814
2.39362790698
1.13279069767
0.421627906977
0.335953488372
10.5057674419
0.084976744186
0.0
0.0
0.0
0.906279069767
4.80702325581
0.829395348837
0.0167906976744
0.0
0.0
0.0
0.0
5.89
1.93837209302
0.321488372093
0.881534883721
2.58018604651
3.04981395349
4.29255813953
3.83548837209
1.13418604651
7.72790697674
0.491720930233
0.511581395349
4.01879069767
0.868372093023
0.804139534884
1.50944186047
0.666837209302
1.32027906977
0.0
0.0
0.0
0.0
0.0
0.0
0.0
0.0
0.0
1.65572093023
7.20027906977
3.80497674419
4.42734883721
0.84911627907
1.07139534884
0.00241860465116
0.0
0.502511627907
0.484744186047
0.0
0.0
0.0
0.0
0.0
0.0101860465116
0.319209302326
0.0
0.0
0.0
0.0
0.0
0.0
0.0
0.0
0.00344186046512
8.09455813953
7.2996744186
1.43265116279
0.043488372093
0.157627906977
5.73748837209
4.51725581395
0.378418604651
14.031627907
0.0108372093023
0.875209302326
2.61069767442
0.764418604651
0.202186046512
0.0599069767442
0.0
0.0705581395349
5.4416744186
2.90530232558
1.7316744186
2.04209302326
3.73679069767
0.0
0.0
0.00181395348837
6.51869767442
0.0
16.0969302326
16.4626046512
0.542511627907
0.0
3.11930232558
0.120744186047
13.6175813953
2.49255813953
3.06641860465
3.39604651163
4.99246511628
3.61809302326
0.0
0.0
0.0
0.0
0.0
0.351581395349
0.220046511628
0.114186046512
0.0
0.0
0.0
0.0
0.0
0.0
0.0
0.0
0.0
0.0
0.25488372093
0.0
0.0
0.0
0.0
0.0
0.0
0.354511627907
0.175534883721
0.000418604651163
0.0
0.0
9.3023255814e-05
0.0149302325581
0.0788837209302
0.915488372093
10.957627907
0.254930232558
14.5643255814
0.0355813953488
1.74311627907
0.143348837209
5.83841860465
0.548558139535
0.218697674419
0.0692093023256
0.00441860465116
0.545581395349
1.84376744186
0.00427906976744
1.61162790698
2.86013953488
3.48404651163
2.50009302326
0.93088372093
2.6471627907
8.1236744186
4.134
1.56088372093
4.25562790698
6.3303255814
1.45423255814
0.392325581395
11.1514883721
2.0203255814
0.0353023255814
0.000976744186047
0.0
0.0
0.0
1.66660465116
0.98976744186
0.0156744186047
0.328976744186
7.07976744186
2.95976744186
3.90953488372
2.20004651163
4.43502325581
0.016511627907
0.00297674418605
0.00218604651163
0.177302325581
13.0256744186
3.78274418605
0.00497674418605
2.36334883721
2.36590697674
0.0684186046512
0.0177674418605
0.137348837209
0.230139534884
0.0
0.0
0.0
0.0
0.0
0.0
0.0
0.00158139534884
0.280418604651
0.0558139534884
0.00046511627907
0.00702325581395
0.0
0.0
0.0
0.0
0.0
0.300046511628
1.33986046512
32.4853953488
8.83865116279
3.638
2.94274418605
4.64790697674
2.41488372093
3.22493023256
7.4091627907
3.70237209302
0.712976744186
0.228837209302
0.0
0.0
1.082
5.55
0.0292093023256
2.53925581395
6.99613953488
0.307209302326
1.59553488372
23.0620930233
6.56720930233
6.92186046512
19.2313953488
0.0781860465116
3.09279069767
3.3948372093
0.05
0.25223255814
0.0302790697674
0.0
0.00437209302326
7.23306976744
1.02037209302
1.25944186047
3.36469767442
1.57418604651
3.80474418605
0.0470697674419
0.0
0.0
0.0
0.0566046511628
5.19753488372
7.76879069767
5.77548837209
0.311209302326
1.51809302326
0.404186046512
0.321162790698
0.027488372093
0.138930232558
2.30348837209
5.95055813953
1.04060465116
2.2176744186
0.122930232558
0.0433488372093
3.59888372093
11.0800930233
7.11855813953
4.47641860465
19.6564651163
0.0586511627907
6.34795348837
