1.00959183673
0.785918367347
0.383469387755
0.0234693877551
0.0
0.0204081632653
0.0126530612245
0.577755102041
3.05530612245
5.88734693878
5.3612244898
1.46714285714
0.948979591837
0.56693877551
0.0489795918367
0.119591836735
0.000612244897959
0.000204081632653
0.0348979591837
0.0151020408163
0.0348979591837
0.962040816327
2.79081632653
0.365918367347
0.0371428571429
0.00387755102041
2.34142857143
0.529183673469
1.26448979592
2.96489795918
0.510408163265
10.5026530612
5.57326530612
0.00387755102041
1.10387755102
0.0318367346939
0.221224489796
4.56510204082
0.100408163265
0.0
0.861428571429
7.86020408163
5.03591836735
1.87530612245
4.63
0.518571428571
0.764081632653
1.54918367347
0.0108163265306
0.0
0.0
0.00938775510204
0.213469387755
3.00367346939
0.436530612245
0.000204081632653
0.000204081632653
0.0289795918367
0.0663265306122
0.30612244898
0.284693877551
1.34816326531
6.82918367347
0.134489795918
1.68551020408
0.831428571429
1.79530612245
22.3267346939
1.90714285714
12.0328571429
2.05714285714
7.45857142857
8.81755102041
0.433469387755
2.57285714286
0.109183673469
2.73367346939
0.0889795918367
0.888571428571
2.22612244898
2.47367346939
0.341020408163
0.110612244898
6.09836734694
6.69632653061
1.56653061224
6.20979591837
5.5787755102
8.26775510204
1.98510204082
2.8512244898
7.26428571429
2.97265306122
1.35469387755
1.51510204082
4.35959183673
3.07306122449
0.145918367347
0.0
0.0
0.0
0.00734693877551
0.0
0.00632653061224
0.652040816327
15.0875510204
0.267959183673
0.0
0.0
2.04693877551
2.78142857143
8.81020408163
12.6718367347
0.662040816327
5.17632653061
0.0383673469388
0.0230612244898
0.0422448979592
3.97020408163
7.42632653061
4.85346938776
0.339183673469
1.4787755102
2.22571428571
3.68367346939
0.758775510204
0.0
0.0
0.0361224489796
0.0355102040816
12.2695918367
0.0318367346939
0.0
0.0112244897959
0.000612244897959
0.0424489795918
0.282653061224
4.20734693878
0.0432653061224
0.000612244897959
0.0
0.0240816326531
5.85959183673
1.53795918367
4.73204081633
0.397142857143
5.12408163265
0.0
0.0
0.0
0.0128571428571
5.61693877551
0.11306122449
0.0
0.0132653061224
6.59897959184
1.64857142857
4.59081632653
0.0467346938776
0.0
0.00755102040816
0.287959183673
7.25081632653
0.59306122449
9.70306122449
5.22428571429
1.00653061224
0.104897959184
0.0763265306122
0.00469387755102
0.0
0.813673469388
13.3520408163
1.31530612245
0.363265306122
0.118571428571
0.906530612245
17.1634693878
0.0034693877551
0.205918367347
0.138367346939
0.00734693877551
0.0
0.000204081632653
0.0
0.0
0.0
4.70755102041
7.08979591837
4.78040816327
0.0102040816327
0.0
0.206734693878
32.7802040816
0.0724489795918
0.120816326531
2.24387755102
1.11285714286
0.257551020408
1.04795918367
0.0426530612245
2.4387755102
0.204489795918
0.76306122449
0.227142857143
0.0483673469388
0.398979591837
0.0034693877551
0.784081632653
26.0736734694
0.494489795918
12.1267346939
1.07979591837
8.50551020408
0.259591836735
6.57571428571
0.0273469387755
0.0
0.00469387755102
1.54244897959
17.7791836735
4.42979591837
0.445306122449
0.750612244898
0.156326530612
0.0
0.577142857143
0.0589795918367
0.0602040816327
0.0777551020408
8.36714285714
0.429183673469
2.70448979592
0.357346938776
1.24040816327
1.03734693878
3.85367346939
3.63918367347
0.138163265306
0.0212244897959
0.0
0.0
0.0
0.0
7.45755102041
8.75857142857
0.168979591837
0.0
0.000408163265306
0.045306122449
0.0663265306122
4.82
0.0628571428571
0.0
0.0128571428571
0.0
0.0759183673469
0.00836734693878
0.000204081632653
0.0
0.0287755102041
1.16775510204
10.7440816327
0.0657142857143
0.0620408163265
0.0155102040816
0.0114285714286
0.0
0.0
0.0624489795918
0.202448979592
0.0
0.00142857142857
0.0
0.0
0.00510204081633
0.0155102040816
2.65204081633
0.0863265306122
0.0171428571429
0.0
0.0
0.0
0.039387755102
0.0667346938776
0.231224489796
1.2812244898
0.151836734694
2.94102040816
0.0934693877551
0.375306122449
0.0
0.0
0.0
0.0
0.0
0.0
0.0487755102041
0.0
0.0171428571429
0.612040816327
1.07448979592
0.0173469387755
8.52836734694
3.72775510204
0.938367346939
0.130816326531
11.2057142857
8.86775510204
5.94469387755
11.7263265306
21.9273469388
0.366734693878
0.970408163265
0.205510204082
9.70408163265
1.07204081633
1.84204081633
5.94775510204
0.0561224489796
0.0
0.0689795918367
0.000204081632653
0.00428571428571
0.094693877551
0.0
0.0226530612245
0.355510204082
0.0102040816327
2.1106122449
1.41734693878
0.0442857142857
0.025306122449
0.71612244898
3.30408163265
0.00224489795918
0.0
0.00816326530612
3.63551020408
3.17551020408
1.21163265306
2.5612244898
9.8693877551
36.7840816327
17.7485714286
0.179183673469
11.6028571429
5.96142857143
8.21142857143
1.30448979592
14.7204081633
2.01469387755
2.06673469388
0.229591836735
0.0344897959184
0.0422448979592
0.155102040816
2.63346938776
0.446734693878
0.00551020408163
0.136530612245
3.23387755102
10.0465306122
3.73040816327
1.34551020408
2.73510204082
0.672244897959
0.179591836735
4.15102040816
1.33979591837
4.34040816327
0.536530612245
0.00734693877551
0.0251020408163
0.000204081632653
0.0130612244898
0.0
0.0
0.0
0.000204081632653
0.0159183673469
0.0
0.0
0.0
0.0
4.60591836735
4.24673469388
5.49836734694
0.116530612245
2.24306122449
2.19448979592
1.39408163265
0.643673469388
0.80306122449
8.43387755102
16.7167346939
3.36469387755
16.2169387755
14.382244898
5.00775510204
7.85306122449
4.01632653061
1.29673469388
0.0742857142857
0.0738775510204
1.11142857143
3.38612244898
0.124285714286
0.129387755102
0.0
2.03836734694
0.810204081633
0.00979591836735
0.0
0.0
0.0
0.0
0.0
0.0
0.0
0.0
0.0
0.00367346938776
0.137551020408
1.56326530612
0.197346938776
0.781632653061
0.894285714286
0.437959183673
0.0630612244898
8.16632653061
1.51510204082
0.268571428571
0.0134693877551
1.89224489796
1.06
1.85693877551
0.169795918367
0.0681632653061
0.0
0.0
0.0
0.0244897959184
0.412448979592
0.13
0.969795918367
0.305510204082
0.0
0.0161224489796
1.07857142857
2.34306122449
4.9487755102
3.85857142857
3.86918367347
0.847959183673
8.92285714286
8.09632653061
3.21612244898
3.10918367347
2.21346938776
0.10693877551
0.0267346938776
0.44387755102
2.99428571429
5.54918367347
1.99816326531
0.0
0.0
0.0
0.0
0.0
0.0
0.00285714285714
0.464489795918
3.3393877551
2.03428571429
0.64612244898
0.854081632653
0.614897959184
6.69265306122
12.3957142857
0.318571428571
4.54795918367
0.164897959184
1.17755102041
0.0
0.0
0.136326530612
9.1493877551
0.763265306122
0.0
0.218571428571
0.257551020408
3.79285714286
0.0
0.0
0.0
0.0
0.0
0.0
0.0
0.000612244897959
0.00755102040816
0.00734693877551
0.0420408163265
1.02204081633
0.0312244897959
0.01
0.0457142857143
0.177755102041
0.0122448979592
0.00673469387755
2.60551020408
1.10306122449
27.1263265306
0.651020408163
2.89857142857
3.92244897959
0.000816326530612
0.00387755102041
0.0
0.0
0.0204081632653
12.5973469388
0.148571428571
4.20530612245
12.8891836735
0.512040816327
0.00469387755102
0.055306122449
17.656122449
0.610408163265
0.414489795918
1.25510204082
2.15591836735
2.6087755102
1.79959183673
0.522040816327
2.95081632653
0.68693877551
6.99591836735
4.71102040816
6.38306122449
4.51857142857
10.5785714286
1.80734693878
0.561020408163
12.6251020408
8.03693877551
8.82857142857
0.77306122449
5.48183673469
2.86775510204
5.0387755102
0.392040816327
0.216734693878
8.03795918367
15.1232653061
6.11183673469
4.84571428571
8.02081632653
9.13551020408
0.104693877551
0.0404081632653
3.88714285714
5.11306122449
6.68448979592
15.0855102041
0.0114285714286
0.0
0.0
0.0
0.0
5.58591836735
0.346734693878
0.00979591836735
0.362244897959
0.0120408163265
0.0
0.0
1.11081632653
0.00102040816327
0.0930612244898
0.0
0.000204081632653
3.19897959184
0.00163265306122
0.00775510204082
6.74979591837
4.89979591837
0.0
0.0
0.0
0.405714285714
3.37571428571
1.41081632653
3.24142857143
0.039387755102
0.896326530612
1.47755102041
0.512040816327
1.04163265306
0.0536734693878
0.0
0.0
0.0169387755102
5.15571428571
9.91163265306
4.05959183673
1.0312244898
0.0
0.0
0.0248979591837
5.21673469388
1.42816326531
0.0
11.0530612245
3.11142857143
2.64102040816
2.76857142857
6.77755102041
4.83530612245
0.788163265306
0.00857142857143
0.0261224489796
1.57857142857
0.0
0.0
0.0
0.00755102040816
0.0114285714286
6.37183673469
0.700816326531
2.50673469388
0.0
0.0261224489796
0.000408163265306
0.000204081632653
0.0475510204082
2.03673469388
0.0136734693878
0.0
0.0261224489796
0.224897959184
4.12224489796
18.5236734694
0.842857142857
0.42693877551
0.0151020408163
0.852653061224
0.0263265306122
0.459183673469
0.0224489795918
0.0581632653061
1.39632653061
5.87775510204
0.150816326531
1.97
0.0
0.00571428571429
0.243673469388
8.11163265306
4.85244897959
0.311224489796
0.0732653061224
0.22306122449
0.137346938776
2.70755102041
0.0034693877551
0.0034693877551
0.0
0.0
0.0783673469388
0.0448979591837
0.202448979592
5.28408163265
0.393673469388
0.185306122449
0.0295918367347
0.0326530612245
0.454489795918
0.0557142857143
0.0238775510204
1.94183673469
7.15530612245
5.16979591837
4.65693877551
0.734081632653
2.02244897959
0.0167346938776
0.0177551020408
0.0187755102041
0.0
0.00836734693878
6.12530612245
0.33612244898
0.817959183673
4.96755102041
4.03510204082
1.08102040816
0.244489795918
2.45816326531
2.58469387755
2.50142857143
7.11673469388
1.10020408163
0.0342857142857
0.0730612244898
0.0034693877551
0.0175510204082
0.277959183673
0.257346938776
11.557755102
9.62428571429
3.70693877551
0.0783673469388
0.64693877551
4.2193877551
0.0171428571429
2.86408163265
0.53387755102
1.67897959184
1.6293877551
0.40693877551
2.90551020408
1.41020408163
0.0634693877551
0.0110204081633
0.217142857143
0.445714285714
1.57530612245
3.97918367347
8.58469387755
11.5095918367
2.45632653061
2.8512244898
1.02897959184
0.637959183673
0.0616326530612
2.16142857143
1.79551020408
0.0563265306122
2.69795918367
0.22
13.3579591837
3.3687755102
7.17897959184
2.19632653061
2.7506122449
3.64693877551
0.515714285714
0.0171428571429
0.000408163265306
0.0
0.283673469388
0.460816326531
0.185510204082
0.0
0.0
0.0
0.0
0.0
0.00795918367347
0.0320408163265
6.50306122449
3.04326530612
2.44591836735
2.3312244898
0.66387755102
0.304897959184
0.168979591837
1.69755102041
1.78632653061
0.992653061224
0.00857142857143
0.0
0.0
0.00326530612245
0.365918367347
1.14775510204
0.355918367347
0.632653061224
0.0663265306122
0.000408163265306
0.0
0.0
0.0
0.0
0.0
2.17346938776
1.51530612245
4.66959183673
2.55591836735
0.170204081633
0.311632653061
0.727755102041
2.82265306122
4.62632653061
12.5808163265
9.99183673469
3.33734693878
0.669183673469
3.25448979592
1.9212244898
0.58387755102
2.52102040816
2.07591836735
0.0487755102041
0.0363265306122
0.0942857142857
0.00102040816327
1.52959183673
15.53
1.73428571429
6.05632653061
6.99040816327
0.0
0.0
0.0
0.025306122449
0.0
0.0
0.0155102040816
0.00714285714286
0.504285714286
0.46
0.0034693877551
0.729795918367
0.803469387755
0.000408163265306
0.0
0.0
0.0391836734694
0.00530612244898
0.0
0.00632653061224
0.00816326530612
0.00183673469388
0.486530612245
1.69285714286
0.0248979591837
0.0
0.758979591837
2.16306122449
0.0173469387755
0.0
0.014693877551
30.7075510204
0.623265306122
2.06142857143
8.81734693878
4.58918367347
0.12387755102
0.024693877551
2.18795918367
0.741224489796
1.83551020408
0.0030612244898
0.0
0.0
0.0
3.44265306122
4.97367346939
4.72040816327
0.0069387755102
0.0991836734694
3.57244897959
1.07448979592
0.0132653061224
0.00224489795918
0.0
0.0730612244898
1.55755102041
1.54795918367
4.59224489796
1.35755102041
12.3967346939
19.9810204082
1.45265306122
8.91285714286
0.0712244897959
2.08530612245
1.88428571429
3.86897959184
49.7895918367
1.57142857143
0.152857142857
0.525102040816
3.33857142857
0.574897959184
1.42183673469
0.099387755102
0.666734693878
0.261632653061
0.0
0.00714285714286
0.889387755102
0.209387755102
10.8071428571
3.08469387755
0.194081632653
6.1906122449
4.51632653061
0.171632653061
0.18387755102
0.0
0.959795918367
10.2432653061
0.0279591836735
15.3095918367
3.74469387755
0.438775510204
0.137755102041
1.93510204082
4.27040816327
0.0432653061224
0.0
0.000204081632653
0.0
0.0
0.0
0.149591836735
2.40367346939
0.318163265306
0.387551020408
0.10306122449
0.0216326530612
1.01367346939
1.81081632653
4.68183673469
1.11265306122
3.14163265306
11.8228571429
20.1804081633
8.07755102041
2.27102040816
8.3587755102
7.0506122449
0.155306122449
0.373265306122
0.0
0.0195918367347
0.955102040816
0.162653061224
3.88020408163
0.10306122449
0.0
0.0
0.0
15.49
0.100816326531
28.6204081633
55.8465306122
3.82408163265
0.0065306122449
0.0
0.0
0.0
0.250408163265
0.0
0.0
5.23040816327
8.7993877551
0.630408163265
0.21306122449
2.15673469388
0.0187755102041
0.670408163265
2.78755102041
1.61285714286
0.010612244898
0.0310204081633
0.0
0.0
0.0
0.0
0.0
0.0
0.0
0.0
0.00612244897959
0.904285714286
0.000204081632653
0.000408163265306
0.26612244898
0.350816326531
0.00448979591837
0.59693877551
2.54857142857
1.69693877551
0.621224489796
1.94632653061
3.16326530612
0.341836734694
2.85183673469
10.2883673469
2.03632653061
0.0428571428571
0.442857142857
0.0312244897959
1.22673469388
9.37346938776
0.647755102041
0.0
0.0244897959184
1.65816326531
8.45836734694
0.459795918367
1.23265306122
0.236326530612
1.21979591837
0.0
9.86326530612
19.2873469388
3.64367346939
5.59673469388
2.3306122449
2.72755102041
16.4820408163
0.169591836735
2.56959183673
7.20469387755
0.617142857143
6.57836734694
0.69306122449
0.0440816326531
0.0259183673469
0.258163265306
0.927755102041
0.0128571428571
0.395714285714
4.36897959184
3.70163265306
2.5687755102
1.25428571429
1.33714285714
1.52673469388
0.0910204081633
0.0369387755102
1.35285714286
1.14408163265
0.357959183673
0.746734693878
0.762244897959
0.356326530612
4.68857142857
1.68
2.90959183673
0.73306122449
0.0069387755102
0.00489795918367
0.381428571429
5.45285714286
2.21183673469
0.935510204082
1.88387755102
0.0202040816327
2.38530612245
0.431020408163
4.57673469388
5.8593877551
8.29163265306
0.786734693878
3.08163265306
14.4840816327
2.06857142857
0.633265306122
20.1620408163
5.8093877551
1.78428571429
5.95326530612
6.93081632653
23.6951020408
8.02693877551
0.750816326531
11.1030612245
0.797346938776
0.976734693878
3.63102040816
1.72387755102
0.0248979591837
0.116530612245
4.62979591837
0.478163265306
0.0391836734694
1.92142857143
1.50265306122
0.432040816327
2.33714285714
1.47163265306
0.607755102041
0.142040816327
0.710204081633
1.12632653061
8.24857142857
1.69367346939
0.09
1.05448979592
1.27693877551
4.44387755102
13.922244898
0.497959183673
0.0551020408163
0.150408163265
5.39244897959
2.88714285714
8.06612244898
0.0914285714286
0.0
0.0
0.0
0.0
0.0
0.0
0.0
0.000612244897959
0.358571428571
0.35387755102
1.18755102041
0.111224489796
0.476530612245
0.691836734694
0.35612244898
7.04979591837
7.08510204082
7.56183673469
1.06612244898
0.0
0.0
0.0
0.0
0.00183673469388
1.03346938776
2.75306122449
3.14489795918
0.0881632653061
0.010612244898
0.0
0.00122448979592
0.0169387755102
0.0210204081633
0.153469387755
0.00142857142857
0.0
0.0
0.0
0.0
0.0
0.721632653061
0.503673469388
0.0
0.00795918367347
0.0
0.0
0.577959183673
6.2212244898
3.32489795918
11.5342857143
1.10224489796
0.191020408163
0.0
0.0
0.0
0.0565306122449
16.4148979592
1.07632653061
5.65959183673
1.15040816327
0.06
0.0648979591837
4.09959183673
5.30224489796
0.440816326531
0.040612244898
0.825714285714
0.00734693877551
0.413673469388
0.0
0.0
0.0
0.0
0.00367346938776
0.0283673469388
1.17632653061
0.0
0.0
0.0
0.981020408163
0.0308163265306
0.0208163265306
0.0
0.415102040816
18.5708163265
8.30836734694
1.3593877551
1.21653061224
1.58387755102
1.44020408163
1.0687755102
0.0
0.0
0.0
0.0
0.0
0.0
0.0
0.0195918367347
0.0
14.4379591837
3.54897959184
0.065306122449
0.232448979592
0.106734693878
0.440408163265
3.94816326531
2.38489795918
3.15775510204
0.0226530612245
0.0
1.97326530612
1.88489795918
7.29040816327
2.91489795918
0.0
2.05897959184
25.4357142857
3.62979591837
0.0
0.0
0.0
0.0
0.0444897959184
0.105510204082
1.0112244898
0.0267346938776
0.185510204082
0.490408163265
0.149387755102
5.42142857143
1.87857142857
0.0
0.0
0.0283673469388
0.0320408163265
0.0
0.0
0.0
0.0
0.0
0.00714285714286
0.0
0.716734693878
2.84959183673
0.382653061224
1.22244897959
0.0
0.0161224489796
11.7279591837
3.82020408163
4.18346938776
0.791632653061
0.0361224489796
3.88224489796
0.0375510204082
3.30959183673
2.79530612245
0.00204081632653
0.019387755102
2.43244897959
0.684489795918
0.414693877551
1.10510204082
5.64734693878
2.86040816327
3.04979591837
6.08265306122
0.584693877551
0.0189795918367
0.240612244898
8.75775510204
0.203673469388
0.00734693877551
0.0671428571429
0.0
0.0
0.0
0.0
0.0
0.0
0.0
0.0
1.22265306122
0.0151020408163
0.0
0.0
0.0
0.0
8.68367346939
8.98040816327
0.468163265306
7.00571428571
4.98489795918
0.194285714286
0.455714285714
4.41816326531
0.0
0.0
0.0310204081633
0.0624489795918
0.00591836734694
1.57979591837
0.0573469387755
0.824897959184
4.09428571429
2.17204081633
1.85755102041
0.0895918367347
0.0
0.00775510204082
2.62612244898
0.75693877551
0.174285714286
0.280408163265
0.0
1.05632653061
8.07979591837
0.370204081633
2.84734693878
0.035306122449
0.000204081632653
0.458163265306
0.710816326531
0.145102040816
2.01795918367
0.0689795918367
0.0516326530612
0.0
0.145510204082
0.0
0.0
0.110204081633
0.0
0.000612244897959
3.3287755102
0.595714285714
0.0
0.0
0.0
0.0
0.0
0.0
0.0
0.0
0.0
0.0
0.0
0.014693877551
0.0
0.0312244897959
8.69142857143
0.298775510204
0.466530612245
0.0385714285714
0.00285714285714
3.8993877551
0.0
0.0
0.0
4.83346938776
0.0497959183673
0.000204081632653
0.0
0.0
5.52795918367
19.5581632653
46.6308163265
2.99346938776
1.60183673469
1.79693877551
6.98795918367
5.45755102041
10.2183673469
8.41204081633
0.368571428571
0.0779591836735
2.37591836735
0.294693877551
0.0659183673469
0.00469387755102
0.0102040816327
0.0
7.32897959184
0.78612244898
0.00734693877551
0.0522448979592
0.110816326531
0.0173469387755
0.0
0.0
0.0
0.0
0.00571428571429
0.00897959183673
0.0677551020408
0.000408163265306
0.00816326530612
0.0877551020408
0.325306122449
0.0226530612245
0.0851020408163
0.0791836734694
6.39244897959
2.84632653061
5.29081632653
0.209387755102
6.10224489796
5.36428571429
5.10326530612
1.29224489796
0.0916326530612
0.0861224489796
4.53918367347
0.201428571429
1.47346938776
0.386734693878
0.000408163265306
3.12795918367
0.00387755102041
0.0
0.0
0.0
0.00714285714286
0.00714285714286
0.0585714285714
0.972857142857
2.64
7.05183673469
1.79918367347
8.95836734694
6.6012244898
1.00306122449
10.2297959184
0.208571428571
2.04591836735
16.8404081633
2.45612244898
1.43326530612
0.551428571429
5.88428571429
13.0157142857
3.87775510204
1.94204081633
1.18081632653
1.26755102041
0.21
1.0
4.27265306122
1.55551020408
0.0
0.0
0.0
0.890816326531
0.890204081633
6.33142857143
8.33816326531
4.33653061224
3.25
1.31142857143
1.24040816327
1.48836734694
0.31693877551
0.0997959183673
0.00102040816327
1.86183673469
6.9587755102
6.22306122449
1.67387755102
0.25387755102
2.48163265306
3.63326530612
1.02204081633
0.275102040816
0.010612244898
0.0
0.0151020408163
0.985918367347
0.417142857143
1.66489795918
4.78040816327
1.79551020408
6.8093877551
5.97530612245
9.37714285714
1.08857142857
2.33510204082
0.248163265306
5.38612244898
4.55224489796
0.739387755102
0.257551020408
0.0830612244898
0.0942857142857
0.245102040816
0.538571428571
0.0065306122449
0.0
0.0
0.0
0.0238775510204
0.0
0.085306122449
0.429591836735
0.0
0.0
0.0
0.0
1.32428571429
2.43285714286
5.38469387755
1.89489795918
3.36591836735
0.0491836734694
0.00877551020408
0.0
0.0
0.0232653061224
0.0571428571429
0.00224489795918
0.0
0.0
0.00918367346939
0.0
0.361428571429
2.65163265306
2.23204081633
0.0426530612245
2.54448979592
2.89224489796
4.04448979592
1.30244897959
4.64306122449
12.99
5.3906122449
5.45020408163
4.34551020408
2.98918367347
3.25591836735
3.69408163265
0.317142857143
2.19224489796
2.38408163265
6.8012244898
14.1387755102
0.0783673469388
0.661428571429
6.63428571429
4.64040816327
4.90632653061
17.1012244898
0.598979591837
6.03142857143
4.07102040816
8.79632653061
1.13040816327
3.1812244898
1.16857142857
0.0
0.0
0.0971428571429
11.713877551
0.00775510204082
0.0818367346939
0.0138775510204
8.26408163265
0.124489795918
1.64163265306
3.47836734694
1.05734693878
0.643265306122
0.982857142857
1.85448979592
2.51530612245
5.27693877551
1.05918367347
1.47959183673
0.015306122449
0.00326530612245
5.88489795918
1.83693877551
0.389387755102
1.4687755102
0.97387755102
2.09653061224
2.31346938776
3.55306122449
2.01285714286
0.114897959184
0.528979591837
0.0440816326531
2.72102040816
0.0
0.655714285714
0.962653061224
28.2987755102
7.6912244898
20.3004081633
2.73204081633
6.7506122449
2.98163265306
1.71714285714
0.09
0.0
4.46244897959
0.290204081633
0.0
0.00959183673469
0.0230612244898
0.0144897959184
0.0248979591837
0.392653061224
0.797551020408
0.0
0.0
0.000612244897959
0.289387755102
0.421632653061
0.372244897959
0.070612244898
0.0
0.000204081632653
0.0
0.0
7.95224489796
0.00285714285714
0.0
0.0
9.73571428571
0.616734693878
1.64142857143
0.0222448979592
0.155918367347
1.86714285714
2.00408163265
0.0238775510204
0.0
0.0
0.0138775510204
0.417142857143
1.01959183673
2.11040816327
0.0
0.0
0.0
0.0
0.0
0.0
0.0126530612245
9.82081632653
0.234693877551
10.4283673469
9.40857142857
0.0
0.0
0.0
0.0189795918367
0.0636734693878
0.0
0.0
0.0542857142857
0.0167346938776
0.0
0.0
0.0
3.22673469388
2.13530612245
1.25979591837
5.56163265306
17.787755102
8.12591836735
0.0320408163265
0.0491836734694
0.00551020408163
0.00244897959184
0.666530612245
0.0
0.0136734693878
0.0
0.0
0.102448979592
2.46346938776
0.0
0.0
0.0
2.78408163265
1.81530612245
0.856734693878
0.000816326530612
0.0
0.0
0.0
0.0
0.0
0.0
0.0
1.09530612245
0.323469387755
4.93897959184
0.030612244898
0.0
0.0
0.0
0.634693877551
8.87367346939
16.0216326531
2.28081632653
1.56183673469
3.49673469388
5.05816326531
13.5897959184
2.10367346939
0.896734693878
0.035306122449
6.47102040816
0.20306122449
5.01224489796
0.0222448979592
0.000612244897959
1.5
0.0
0.0
0.0
0.0
0.0436734693878
0.0
0.0881632653061
3.61714285714
0.0626530612245
0.0
0.0
0.0
0.457346938776
8.70836734694
3.40306122449
1.90040816327
1.56551020408
0.0218367346939
0.0410204081633
3.11081632653
2.03918367347
10.4530612245
0.364897959184
1.45285714286
2.71326530612
0.00224489795918
0.0
0.0
0.0
0.0
0.0310204081633
0.00979591836735
0.0
1.72530612245
0.533673469388
0.0151020408163
0.737142857143
0.0297959183673
0.0216326530612
0.000408163265306
0.000408163265306
0.0259183673469
0.0140816326531
0.00326530612245
0.00714285714286
0.0189795918367
0.0114285714286
0.0
0.0
0.0
0.0467346938776
0.558367346939
0.0918367346939
0.310408163265
0.238571428571
0.112857142857
0.29306122449
0.478163265306
0.000204081632653
0.0
1.29775510204
10.42
20.4087755102
12.5379591837
3.86163265306
2.04734693878
2.27142857143
0.0997959183673
0.0
0.0
0.00714285714286
0.484285714286
3.69163265306
1.09081632653
0.835918367347
1.43755102041
1.91612244898
1.03346938776
0.000204081632653
0.00326530612245
0.0
0.0
0.0
0.0836734693878
2.81959183673
0.72612244898
0.757755102041
0.244285714286
3.65448979592
0.502244897959
1.89489795918
9.52836734694
6.29367346939
0.0434693877551
0.0448979591837
0.00530612244898
0.010612244898
0.0
1.70693877551
9.8106122449
9.31224489796
4.21020408163
2.16306122449
0.30387755102
1.97265306122
3.43346938776
1.15346938776
0.364285714286
0.771020408163
1.07428571429
10.2836734694
24.0073469388
3.54551020408
20.4853061224
4.46734693878
0.619387755102
0.0281632653061
0.537755102041
0.0338775510204
6.07693877551
5.5306122449
6.32734693878
0.299591836735
0.719387755102
0.419387755102
1.12285714286
2.7806122449
1.86959183673
6.33448979592
4.02795918367
1.72408163265
9.59653061224
0.771836734694
3.61836734694
42.6989795918
2.19040816327
9.04591836735
0.740612244898
1.38265306122
0.807346938776
0.0187755102041
0.0
0.000816326530612
0.0
0.0
0.0
0.0
0.0
0.00428571428571
1.37755102041
1.36040816327
0.0
0.00510204081633
0.398571428571
0.652040816327
2.32530612245
0.00551020408163
0.0
0.0
5.11428571429
0.177755102041
0.0
0.065306122449
0.0297959183673
0.132653061224
0.328163265306
0.0595918367347
0.0
0.0
0.020612244898
0.0030612244898
0.0
0.0
0.0
0.0
0.0
0.0
0.0
0.0
0.0
0.00469387755102
1.57183673469
1.66530612245
2.13918367347
7.55265306122
4.92816326531
1.72632653061
0.259387755102
3.62020408163
10.5881632653
8.21591836735
1.9606122449
2.82755102041
0.26612244898
0.929795918367
0.0802040816327
0.159591836735
0.681632653061
0.000204081632653
0.0361224489796
2.21040816327
0.0
0.0
0.00530612244898
2.76775510204
0.0
0.0
0.0
0.0
0.0
0.0
0.0
0.0
0.0
0.0
0.0
0.00326530612245
0.000408163265306
2.6706122449
0.315306122449
0.165510204082
0.817755102041
0.0357142857143
2.33795918367
0.0257142857143
0.0912244897959
0.153673469388
0.0
0.494081632653
1.54510204082
2.6293877551
1.76346938776
6.5087755102
0.0651020408163
3.28265306122
0.651428571429
0.0416326530612
15.7793877551
3.19448979592
34.4859183673
0.588367346939
16.6473469388
9.46142857143
7.30714285714
3.72836734694
20.0681632653
14.5206122449
13.6420408163
6.31326530612
0.411020408163
0.996530612245
0.745306122449
0.00551020408163
0.415306122449
9.92612244898
10.1957142857
0.212857142857
24.2687755102
0.0244897959184
0.520204081633
0.0
0.0
0.0138775510204
3.29244897959
0.0602040816327
0.000816326530612
0.00224489795918
0.0
0.0
0.52306122449
4.10469387755
3.79020408163
0.0128571428571
0.0620408163265
4.5006122449
0.00102040816327
0.335102040816
2.29346938776
0.816326530612
3.08857142857
1.07693877551
8.72755102041
3.0287755102
0.275918367347
0.00326530612245
0.0
0.0
0.0
0.0
0.0
4.20897959184
0.295306122449
3.95448979592
18.9583673469
16.2475510204
6.84224489796
0.205714285714
2.89918367347
0.286326530612
0.000612244897959
0.000204081632653
0.0
0.0
0.0
0.0124489795918
1.8093877551
3.8006122449
1.55142857143
0.0167346938776
1.07326530612
6.76755102041
2.72244897959
0.30306122449
0.0842857142857
3.47367346939
0.743673469388
1.50673469388
0.0212244897959
0.0218367346939
0.440408163265
7.57183673469
10.5524489796
0.277551020408
0.0265306122449
0.00489795918367
0.00591836734694
0.00571428571429
0.065306122449
0.0
0.0
0.0
0.0
0.0
0.0
0.774285714286
42.8081632653
0.247346938776
0.0
0.0
0.0
0.0
0.0
0.00285714285714
0.0
0.0
7.95367346939
1.29795918367
11.4920408163
6.9206122449
13.3944897959
17.2226530612
4.98
11.0393877551
1.47489795918
0.415714285714
4.94551020408
2.35102040816
0.0789795918367
0.255918367347
0.0181632653061
1.87775510204
0.108367346939
3.67040816327
2.39183673469
3.95510204082
3.66836734694
3.55326530612
3.6812244898
0.000612244897959
0.03
1.45183673469
1.32714285714
5.07020408163
0.572857142857
1.8306122449
6.91163265306
1.49632653061
0.948163265306
0.739387755102
1.48571428571
2.40836734694
1.06632653061
0.0312244897959
0.00897959183673
0.00530612244898
0.0183673469388
0.0
0.0
0.0
7.81040816327
1.54102040816
4.15244897959
0.0814285714286
3.7
3.11489795918
0.138367346939
5.34020408163
6.03428571429
0.185510204082
0.0
0.0118367346939
0.00591836734694
0.00469387755102
0.0124489795918
0.00775510204082
0.0197959183673
0.0
0.0
0.0
0.0
0.0
0.0
0.0
0.00673469387755
0.0
0.0
0.0
0.107959183673
3.81040816327
2.1693877551
0.0787755102041
0.0255102040816
0.382244897959
5.44183673469
36.1440816327
20.3397959184
12.6359183673
2.3312244898
0.0889795918367
0.00918367346939
0.00530612244898
0.0
0.0
0.0
0.0273469387755
0.00367346938776
0.00387755102041
0.035306122449
0.0142857142857
0.00326530612245
0.085306122449
1.28020408163
0.0655102040816
0.0
0.0
0.00673469387755
6.45265306122
0.0238775510204
6.66857142857
4.85632653061
7.71571428571
1.30632653061
4.84265306122
2.45489795918
0.00734693877551
0.0034693877551
0.0
0.75306122449
0.0779591836735
0.0
0.00979591836735
0.0657142857143
0.0130612244898
1.82897959184
9.72836734694
1.74183673469
2.42428571429
1.01530612245
0.825918367347
0.708163265306
0.293469387755
0.994285714286
1.08183673469
0.28612244898
2.22102040816
2.30469387755
0.108571428571
0.0102040816327
0.00632653061224
0.0
0.0
0.0195918367347
2.60897959184
1.23918367347
1.69897959184
2.82020408163
0.249591836735
1.69142857143
5.18591836735
4.27979591837
0.029387755102
0.0132653061224
2.2106122449
0.80612244898
3.42530612245
2.4287755102
0.253673469388
0.0
0.0
0.0
0.0889795918367
0.0
11.4565306122
4.23510204082
0.0114285714286
0.0
0.0
0.0
0.0324489795918
0.0140816326531
0.0
0.00632653061224
0.0
0.000612244897959
0.00204081632653
0.113265306122
0.0281632653061
0.241836734694
0.0
0.0
0.0
0.0
0.0
0.991428571429
0.720204081633
0.00489795918367
0.0
0.492653061224
0.0
0.0
0.0165306122449
0.0
0.00204081632653
0.00326530612245
0.0
0.0
2.32244897959
3.28183673469
2.54204081633
2.07469387755
4.73448979592
0.307346938776
0.0144897959184
0.0
0.00591836734694
0.221020408163
1.18571428571
0.257551020408
11.2348979592
7.47040816327
1.93714285714
1.00102040816
0.832857142857
3.49346938776
2.25428571429
0.255102040816
0.0
0.0
5.59040816327
2.2512244898
2.87571428571
0.0828571428571
0.605714285714
0.900408163265
5.56816326531
6.8787755102
5.79897959184
3.87897959184
1.82265306122
0.495918367347
0.0
0.0
0.0
0.0
0.0
0.0
0.125102040816
0.00938775510204
0.459183673469
0.954693877551
8.6787755102
1.91387755102
0.75306122449
0.983265306122
2.16693877551
2.5906122449
0.409183673469
0.757551020408
0.0
0.0
0.0602040816327
0.95306122449
6.79183673469
0.303673469388
3.43693877551
0.0761224489796
0.0287755102041
0.0
1.34102040816
0.0342857142857
0.0
0.0
5.1512244898
4.09918367347
28.5628571429
8.49265306122
3.94571428571
0.0
0.0
0.0177551020408
1.92163265306
10.5418367347
6.9593877551
0.0
0.0
0.0
0.0
0.0
0.000408163265306
9.17714285714
2.13979591837
4.85163265306
2.97653061224
9.0887755102
3.4593877551
3.89081632653
7.3212244898
1.64081632653
1.34326530612
0.102857142857
0.113673469388
0.0926530612245
0.00591836734694
4.27897959184
18.0916326531
1.74530612245
3.56204081633
0.259387755102
5.96020408163
4.68551020408
11.2928571429
3.14204081633
3.89142857143
0.702040816327
0.0
16.1818367347
0.0
0.0
0.0
0.0
10.8869387755
0.00816326530612
1.19632653061
5.62959183673
0.722653061224
0.0491836734694
0.0
0.0
0.0663265306122
0.0
0.00530612244898
0.0
13.302244898
1.08489795918
3.0487755102
3.4193877551
1.91530612245
0.00428571428571
0.0
0.0
6.23897959184
0.0
18.7804081633
8.23367346939
0.804897959184
5.60285714286
13.2426530612
0.0102040816327
1.82448979592
0.122448979592
2.3287755102
2.80326530612
0.364081632653
0.11
0.16306122449
4.15326530612
0.0902040816327
4.98591836735
0.859183673469
0.325918367347
0.68612244898
3.80653061224
4.27591836735
0.0348979591837
6.66102040816
0.00163265306122
0.00795918367347
14.4516326531
0.0128571428571
6.21612244898
0.134897959184
0.0318367346939
0.0477551020408
0.0
0.0
0.0
0.0283673469388
0.926530612245
0.409795918367
20.4257142857
5.31714285714
2.52204081633
0.73306122449
2.88204081633
6.05612244898
0.297142857143
0.0
0.00102040816327
0.0034693877551
0.642448979592
0.069387755102
3.14979591837
0.0989795918367
4.91755102041
0.00816326530612
0.0
0.0
0.0
1.67836734694
0.0726530612245
0.0
0.0
0.0
0.0
0.0
0.0
0.0
0.000612244897959
3.09897959184
0.0230612244898
2.18285714286
2.45693877551
0.504693877551
1.11163265306
3.59204081633
2.13979591837
0.134693877551
0.164081632653
0.0
0.0
0.471836734694
0.516326530612
0.162040816327
0.11306122449
0.255918367347
0.0222448979592
0.00183673469388
0.0
0.0
0.0
0.0
0.0
0.0
0.0
0.0
0.0
0.0
0.0
1.74285714286
1.53959183673
0.0155102040816
1.07571428571
13.3206122449
1.88693877551
1.74040816327
1.83020408163
19.3887755102
3.53428571429
0.221428571429
0.00122448979592
0.0
0.00142857142857
0.0
0.0
0.0
0.77693877551
0.114489795918
1.16816326531
7.50326530612
0.311020408163
0.12387755102
0.0328571428571
0.0622448979592
0.194489795918
4.48979591837
1.33897959184
3.95653061224
9.39918367347
0.307959183673
0.116326530612
0.297346938776
0.139183673469
3.91918367347
1.67448979592
3.30489795918
0.904081632653
2.32285714286
0.0448979591837
0.0120408163265
0.110816326531
3.58755102041
0.689795918367
0.95693877551
0.953673469388
1.93489795918
5.77979591837
1.30653061224
1.87306122449
0.0
0.0
0.0122448979592
0.464081632653
2.65285714286
7.08163265306
7.1906122449
4.31510204082
0.379591836735
0.0
0.0
1.22959183673
1.77163265306
5.53265306122
1.07897959184
0.527142857143
2.52693877551
0.0451020408163
0.000204081632653
0.000612244897959
3.7093877551
3.31265306122
2.35367346939
5.91775510204
6.6512244898
2.13632653061
2.02163265306
1.99918367347
14.0593877551
12.0565306122
0.248163265306
6.85795918367
10.1316326531
8.11387755102
4.27081632653
3.74428571429
0.109795918367
0.344081632653
0.493469387755
0.0
0.0
0.000612244897959
0.0116326530612
2.11673469388
0.00714285714286
0.029387755102
0.230816326531
0.561632653061
0.173673469388
1.05428571429
7.30183673469
0.131632653061
0.00224489795918
0.0
0.000204081632653
0.00122448979592
0.0
0.0232653061224
0.0228571428571
0.420816326531
0.438979591837
0.167755102041
0.0112244897959
0.433673469388
0.0
0.0167346938776
0.0
0.0
0.0
0.0
0.0
0.0
0.00122448979592
13.3148979592
4.27510204082
10.2420408163
0.044693877551
3.13326530612
0.188367346939
0.0277551020408
0.044693877551
0.0
0.019387755102
0.0151020408163
0.014693877551
0.0
0.0
0.0
0.00877551020408
7.60714285714
1.91795918367
0.958571428571
8.84081632653
23.9244897959
0.978571428571
1.27632653061
0.706734693878
0.755102040816
4.29816326531
23.8097959184
22.1693877551
0.357959183673
2.20714285714
7.03367346939
2.30714285714
0.594897959184
0.000408163265306
0.0
0.00816326530612
1.96142857143
5.41897959184
0.322857142857
0.0310204081633
0.00102040816327
2.07326530612
0.0179591836735
5.87693877551
1.44448979592
5.37387755102
2.86367346939
1.92469387755
4.64367346939
2.76224489796
0.474897959184
0.939387755102
0.21387755102
5.15
0.00102040816327
0.0
0.0
0.0
0.0
0.0
0.374081632653
0.110408163265
0.506326530612
11.8802040816
0.805714285714
2.49285714286
1.4306122449
5.8406122449
0.0234693877551
0.0
8.6993877551
2.73795918367
0.99693877551
0.094693877551
0.0816326530612
3.6187755102
0.518163265306
0.00979591836735
0.382244897959
0.0
4.92591836735
2.92530612245
0.0
0.000204081632653
3.46224489796
0.888367346939
4.76755102041
4.70183673469
0.229795918367
1.79081632653
3.52
18.6851020408
6.53489795918
3.17387755102
13.3979591837
6.7512244898
1.12755102041
0.0236734693878
0.161632653061
1.88
0.0204081632653
0.00510204081633
0.0
0.0
1.18489795918
15.5357142857
0.557755102041
0.00673469387755
0.0
0.0
0.122040816327
0.343469387755
0.00979591836735
0.0
0.0
0.0
0.0
0.0
0.0
0.0
0.0
0.0034693877551
0.0287755102041
4.42673469388
4.5087755102
7.66408163265
4.35775510204
5.17204081633
0.447346938776
0.055306122449
0.0
0.0
0.0
0.0
0.0
16.6844897959
0.0626530612245
0.0
0.00102040816327
0.00775510204082
9.99040816327
6.4612244898
1.48979591837
0.770816326531
5.65979591837
0.00918367346939
0.0
0.0
0.0
0.493469387755
0.0
0.0
0.0
1.05551020408
0.0
0.0
0.0
0.0
0.0
4.4912244898
0.728979591837
9.46204081633
0.0485714285714
0.0214285714286
1.73469387755
0.00551020408163
1.66142857143
3.16244897959
7.38612244898
0.89306122449
0.111020408163
2.50489795918
2.69428571429
7.53714285714
1.09530612245
2.75591836735
0.598571428571
0.150816326531
0.612857142857
1.32428571429
0.951632653061
0.390408163265
0.199387755102
9.83897959184
0.029387755102
0.0
3.95612244898
0.134489795918
0.00571428571429
0.000204081632653
0.000204081632653
0.0
14.9851020408
3.28326530612
0.0708163265306
8.17918367347
15.8446938776
6.67653061224
0.365102040816
0.00612244897959
0.0
0.0
0.000204081632653
0.000204081632653
0.0
0.0
0.000204081632653
0.0836734693878
0.0
0.0
0.0
0.0
0.0
0.0
0.0
0.0
0.0
1.6306122449
0.00204081632653
0.0
0.0
0.0
0.0
0.0
0.0
0.0
0.0361224489796
0.00510204081633
0.442448979592
6.15448979592
21.5755102041
19.8036734694
28.6726530612
5.3106122449
0.169795918367
6.44040816327
0.161836734694
0.025306122449
2.49367346939
2.33408163265
0.647755102041
2.35142857143
8.33102040816
0.0681632653061
0.0828571428571
0.244285714286
1.42693877551
0.473673469388
0.0422448979592
0.275714285714
0.0114285714286
0.0155102040816
0.0
0.0102040816327
0.0134693877551
0.17387755102
0.181632653061
1.31816326531
2.15489795918
1.33326530612
2.60367346939
3.26102040816
1.96387755102
4.43979591837
0.295918367347
0.360204081633
0.0702040816327
1.12265306122
0.000816326530612
0.0
0.0
0.0
0.619183673469
0.257755102041
0.0144897959184
0.0187755102041
0.172244897959
7.30387755102
0.662857142857
0.0134693877551
0.0379591836735
0.00142857142857
0.0
0.00183673469388
1.18408163265
0.188775510204
8.61714285714
0.621836734694
7.95265306122
10.5673469388
2.18979591837
5.50510204082
3.84571428571
0.941020408163
2.68693877551
0.361224489796
3.34530612245
1.52489795918
2.61673469388
3.24489795918
7.10959183673
12.3130612245
9.36346938776
18.6616326531
1.9312244898
0.791020408163
5.49408163265
4.88734693878
5.46428571429
0.198163265306
1.55224489796
0.60387755102
1.1487755102
0.588571428571
0.634285714286
0.0851020408163
1.49142857143
7.33102040816
0.0632653061224
0.000204081632653
0.0622448979592
0.143469387755
0.105918367347
0.0175510204082
0.42693877551
1.96469387755
0.111836734694
0.282448979592
3.58469387755
0.326734693878
1.31163265306
0.0310204081633
0.0
0.0
0.0
0.0
0.0210204081633
0.0440816326531
0.07
2.92428571429
0.327142857143
2.03081632653
1.97326530612
3.19040816327
0.197346938776
3.73
1.1806122449
0.728571428571
1.77306122449
1.13326530612
1.70755102041
2.16448979592
0.28387755102
3.76755102041
0.564489795918
0.50306122449
0.034693877551
0.0
0.0
2.94795918367
8.72448979592
6.83326530612
9.62163265306
20.0904081633
0.000204081632653
0.0397959183673
0.0
0.0
0.0
0.0
0.0
0.0
0.0
0.0
0.0
0.0
1.10775510204
0.736530612245
5.08612244898
4.42346938776
6.14714285714
0.442448979592
2.28979591837
2.01959183673
9.65367346939
5.78265306122
4.78816326531
0.0828571428571
4.27020408163
2.6793877551
0.392448979592
0.161428571429
0.00408163265306
1.15326530612
0.0240816326531
0.0
0.122244897959
0.0191836734694
2.31897959184
0.28306122449
0.0477551020408
0.478775510204
1.06448979592
5.83857142857
6.3987755102
0.02
0.00102040816327
0.0
0.0636734693878
0.0
0.140408163265
1.70265306122
2.48571428571
0.222857142857
0.0
0.0
0.0
0.045306122449
0.0
0.0
0.0
0.0
0.183265306122
0.00959183673469
0.146734693878
15.4385714286
1.80632653061
0.218367346939
0.0308163265306
0.0
0.0
0.0
4.04775510204
0.0681632653061
18.8759183673
0.64612244898
9.66489795918
2.29816326531
0.534081632653
0.00489795918367
0.0702040816327
0.0128571428571
3.05102040816
10.3918367347
7.32387755102
0.099387755102
0.0414285714286
0.0
0.0
5.51285714286
0.160816326531
3.32367346939
3.96265306122
9.98306122449
0.661632653061
4.7893877551
6.18714285714
2.04489795918
0.779387755102
4.32142857143
4.0193877551
0.0842857142857
0.125102040816
0.109795918367
2.66428571429
2.21
15.5567346939
2.39183673469
16.9287755102
0.620204081633
6.0012244898
2.76265306122
4.59020408163
3.04285714286
0.0118367346939
8.88836734694
3.99653061224
12.5808163265
0.730612244898
0.171020408163
0.60306122449
0.28693877551
0.0
0.0112244897959
0.0
0.000408163265306
0.447142857143
0.000204081632653
0.0
0.0
6.3506122449
13.8230612245
0.0
0.0
0.00265306122449
0.00448979591837
0.0
0.0
0.00673469387755
12.6328571429
4.03734693878
10.6091836735
0.367142857143
5.97897959184
3.80204081633
4.18102040816
0.0361224489796
0.0922448979592
0.934897959184
0.280408163265
8.08448979592
1.02408163265
7.66734693878
21.6959183673
1.67183673469
4.19224489796
0.904081632653
9.99102040816
4.56510204082
2.43265306122
0.19612244898
0.265918367347
0.0238775510204
3.71897959184
0.284693877551
0.00122448979592
0.0195918367347
1.00306122449
0.120816326531
0.0459183673469
0.00510204081633
0.0642857142857
10.4310204082
0.0387755102041
0.0
0.0
0.989795918367
8.05387755102
0.362040816327
0.510612244898
1.35857142857
3.70816326531
0.965510204082
1.0612244898
0.0
0.0
1.89530612245
0.0
0.0
4.47326530612
0.651020408163
0.650612244898
25.9665306122
0.0
0.00551020408163
1.74632653061
0.491224489796
0.0
0.0385714285714
3.36775510204
0.00285714285714
0.00224489795918
0.0722448979592
6.39551020408
0.00918367346939
0.0108163265306
0.0
13.7314285714
11.4553061224
6.47755102041
0.0220408163265
0.000408163265306
0.0636734693878
0.00673469387755
0.0426530612245
0.0
0.0
0.0
0.0
0.00224489795918
0.000204081632653
3.08367346939
2.58469387755
3.51591836735
0.0
0.0
3.04428571429
4.7612244898
5.32163265306
6.68775510204
5.55142857143
1.73408163265
0.23387755102
0.00836734693878
0.00163265306122
0.0632653061224
17.1787755102
9.65959183673
4.3193877551
1.25897959184
0.0565306122449
0.0
0.0
0.18612244898
0.330408163265
0.00142857142857
0.0665306122449
3.26673469388
0.957142857143
0.00734693877551
0.0173469387755
0.0371428571429
0.00448979591837
0.000204081632653
0.00612244897959
0.000612244897959
2.93469387755
1.36612244898
11.2859183673
12.7304081633
1.71020408163
3.38489795918
2.58755102041
1.25673469388
0.306530612245
8.23653061224
6.47408163265
4.2912244898
3.2987755102
0.0273469387755
0.0657142857143
7.65612244898
0.0195918367347
0.00734693877551
0.000816326530612
0.0
0.0
0.0
0.0
0.0
0.0
0.0
0.0
0.146734693878
0.0
0.0
1.16836734694
0.274693877551
0.0163265306122
0.0
0.189387755102
0.779387755102
7.24204081633
22.4891836735
13.6583673469
5.33020408163
1.31244897959
0.368979591837
0.125306122449
0.0
0.00836734693878
0.410612244898
0.48693877551
0.00795918367347
0.0208163265306
1.18816326531
0.0538775510204
0.278571428571
3.40204081633
8.76285714286
4.92163265306
5.92734693878
2.36979591837
2.49979591837
4.78571428571
0.039387755102
0.0285714285714
1.54448979592
2.14428571429
0.000816326530612
0.000816326530612
0.00204081632653
2.35387755102
2.0193877551
1.13795918367
0.0104081632653
0.000816326530612
0.0432653061224
0.228367346939
6.23795918367
2.34775510204
12.0434693878
4.70346938776
3.87795918367
1.22265306122
2.04428571429
2.30387755102
1.44612244898
0.669183673469
9.82918367347
9.27428571429
1.79020408163
3.74326530612
6.96836734694
4.19285714286
4.4493877551
4.22857142857
8.5706122449
5.45857142857
2.69959183673
9.63163265306
0.0216326530612
0.0
0.0
0.0604081632653
1.85469387755
0.885714285714
3.9693877551
0.561836734694
0.00836734693878
0.0869387755102
4.09244897959
1.93244897959
5.67081632653
1.42285714286
0.879795918367
3.1906122449
3.42693877551
2.24306122449
0.357755102041
0.556326530612
1.32387755102
0.212244897959
8.43795918367
1.69897959184
0.507346938776
0.184489795918
2.9412244898
5.54571428571
5.05081632653
15.9740816327
3.78918367347
10.6055102041
3.91040816327
0.286326530612
0.0181632653061
0.0840816326531
7.45734693878
4.45469387755
0.125306122449
3.33285714286
2.34326530612
15.6540816327
11.0216326531
3.58285714286
1.65775510204
0.948367346939
0.079387755102
20.7902040816
2.13693877551
0.364285714286
0.0
0.0
0.153469387755
0.0
1.44591836735
1.61530612245
1.7893877551
0.0
0.0144897959184
1.86163265306
1.4
0.00102040816327
0.0
0.00775510204082
0.406734693878
0.269795918367
0.0
2.42714285714
0.0
0.0
0.0
0.0
0.0
0.0
3.20734693878
9.5087755102
0.172448979592
0.0138775510204
0.311836734694
9.90714285714
0.231020408163
1.9206122449
0.0136734693878
0.0
0.0
0.0
0.0
0.0
0.0
0.0
0.0
0.0
0.279591836735
4.58795918367
2.15
5.77857142857
4.14367346939
0.192857142857
0.0
0.0
0.000612244897959
0.176326530612
0.0
0.0
3.89530612245
0.421836734694
0.175918367347
2.91632653061
3.06408163265
5.33714285714
0.733469387755
0.00204081632653
0.0865306122449
0.170816326531
11.4993877551
0.159387755102
0.334489795918
0.00408163265306
0.0191836734694
0.441020408163
0.00836734693878
0.0
0.0
0.0
0.0
0.0
0.0
0.000204081632653
0.0
0.849591836735
2.79408163265
0.108163265306
0.015306122449
0.000612244897959
0.0
1.39836734694
1.38306122449
3.61408163265
3.58102040816
6.42673469388
1.55367346939
0.971224489796
0.492244897959
0.0551020408163
5.09714285714
0.243673469388
0.959387755102
0.0142857142857
0.00489795918367
1.70204081633
0.0183673469388
4.99673469388
8.31632653061
6.49591836735
16.0740816327
2.73897959184
0.722653061224
0.0167346938776
0.132244897959
1.03489795918
0.0163265306122
8.89591836735
2.74224489796
0.00408163265306
2.72816326531
0.0524489795918
0.00857142857143
2.9993877551
0.0
0.0
0.0132653061224
0.469387755102
0.156326530612
0.0
0.0
0.0
0.0
9.52897959184
0.00102040816327
0.0069387755102
0.440816326531
0.00224489795918
0.0
0.0
0.0
0.0
0.0
0.0
4.4406122449
2.03489795918
1.39775510204
1.2793877551
0.02
5.48306122449
3.55142857143
0.222040816327
0.0824489795918
0.165102040816
0.582653061224
0.0
0.0
7.60163265306
0.205714285714
7.50795918367
0.0832653061224
14.0202040816
0.0
0.0
0.00530612244898
0.0
0.0
0.179795918367
1.41326530612
2.25632653061
11.6334693878
1.18020408163
0.821020408163
0.117346938776
0.445306122449
0.101836734694
0.0
0.0
0.0728571428571
6.17755102041
1.66428571429
2.44979591837
0.134081632653
0.0
2.06795918367
0.0442857142857
0.0
0.0
0.0
0.0108163265306
0.0202040816327
2.28714285714
16.1167346939
11.3467346939
0.991020408163
2.87285714286
0.08
5.82265306122
0.929183673469
0.0
0.0308163265306
0.00755102040816
0.0
0.00163265306122
0.164693877551
0.818979591837
0.333265306122
0.0238775510204
0.000612244897959
0.00163265306122
5.23714285714
0.148163265306
0.0124489795918
1.18020408163
0.0461224489796
0.0114285714286
0.00489795918367
0.00836734693878
0.0275510204082
2.94163265306
0.0183673469388
0.0
0.0
0.0
0.0
0.0
0.0
0.0263265306122
0.259387755102
0.468775510204
3.78285714286
4.22551020408
0.979387755102
0.0263265306122
1.67081632653
4.61387755102
4.72326530612
11.2691836735
0.314489795918
4.13408163265
1.51040816327
1.73102040816
0.865714285714
0.079387755102
0.315306122449
0.463469387755
6.56510204082
17.8316326531
0.137959183673
1.68816326531
7.66714285714
14.1534693878
0.552857142857
3.60224489796
0.230816326531
4.85571428571
2.72897959184
2.33204081633
4.5812244898
3.08224489796
0.839795918367
1.89551020408
0.0
0.0118367346939
2.46102040816
7.41653061224
18.8104081633
0.204285714286
2.16142857143
0.483265306122
9.5506122449
9.49714285714
0.449795918367
0.039387755102
0.28612244898
0.0120408163265
0.0132653061224
0.0361224489796
0.158571428571
0.259795918367
0.00836734693878
0.03
2.24653061224
12.3548979592
7.33469387755
1.66346938776
0.458163265306
0.211428571429
1.37224489796
0.0728571428571
2.22489795918
0.0165306122449
0.211428571429
0.0167346938776
0.000612244897959
0.735918367347
0.0244897959184
0.000816326530612
0.0034693877551
0.32306122449
0.0457142857143
0.000408163265306
0.0
0.0
0.0
0.0
0.0
0.108775510204
0.0130612244898
0.0230612244898
0.0
0.0
0.0
0.0504081632653
1.10102040816
0.0163265306122
0.0132653061224
0.0195918367347
0.0
0.0
0.0
4.08204081633
3.66551020408
0.544285714286
4.60530612245
0.481632653061
1.06530612245
1.60530612245
1.52306122449
2.28653061224
0.0069387755102
0.260408163265
0.755714285714
1.29673469388
1.05448979592
6.08897959184
8.18142857143
7.85714285714
5.12489795918
9.17693877551
2.14489795918
0.00755102040816
0.0359183673469
0.0
1.04857142857
1.60795918367
0.118163265306
0.030612244898
5.2187755102
0.117142857143
0.445102040816
1.09224489796
4.5812244898
10.9183673469
2.68040816327
0.0
0.00489795918367
0.0426530612245
0.967346938776
1.13183673469
1.05306122449
14.2804081633
0.0114285714286
0.000204081632653
0.0
0.0
0.152244897959
0.0
3.11265306122
0.00612244897959
0.0357142857143
1.66959183673
0.397142857143
15.0220408163
0.795306122449
2.80448979592
0.151224489796
0.0
0.0
0.000204081632653
4.68265306122
1.30102040816
4.96163265306
0.306530612245
4.01306122449
3.16244897959
1.15367346939
6.68020408163
0.0197959183673
27.3646938776
12.8573469388
0.0569387755102
0.0
0.0
1.03857142857
0.807551020408
2.17428571429
0.00734693877551
0.0
0.0
0.0
0.0
0.0
0.183469387755
0.0
0.0
0.0
0.0416326530612
18.6259183673
7.98448979592
5.25979591837
0.704489795918
2.6812244898
0.0
0.0
0.0
0.0
0.209183673469
0.0
0.0
0.0
0.0
0.0
0.0
0.0
0.0
0.0
3.86448979592
4.99755102041
0.000204081632653
0.000204081632653
0.0630612244898
7.10081632653
1.21346938776
1.59673469388
1.6193877551
3.0906122449
0.489591836735
0.0275510204082
4.24489795918
1.00020408163
0.0
0.0
0.0
0.332448979592
0.0
0.0
0.0
0.0
0.0
2.80714285714
1.70857142857
18.6387755102
0.0
0.0
0.788571428571
1.96020408163
0.77693877551
3.09428571429
0.110816326531
31.5016326531
0.885714285714
0.070612244898
0.0
0.0
0.0
3.67346938776
6.33775510204
3.63306122449
0.0
0.0
0.0
0.181020408163
0.131836734694
0.0936734693878
0.0
0.0457142857143
0.0
0.0
0.0
0.0
0.0222448979592
5.43163265306
9.23693877551
4.18408163265
5.78734693878
0.0122448979592
0.0
0.0295918367347
1.04959183673
4.23367346939
4.07387755102
0.4
0.101428571429
0.0
0.0
0.61612244898
5.25346938776
14.7659183673
0.0
0.0
0.377755102041
0.212244897959
0.0
0.0
0.0169387755102
5.34204081633
0.0851020408163
0.0
0.0
0.0
2.2506122449
6.18530612245
0.0
0.000408163265306
0.837755102041
3.05
8.99306122449
2.51469387755
0.00469387755102
0.0
0.0
0.508979591837
0.176734693878
0.242040816327
0.0
0.0
0.0
0.0
0.0
0.0
0.0
4.99632653061
0.0
10.8248979592
5.46755102041
7.69040816327
0.351224489796
0.0
0.0
2.03755102041
0.0238775510204
0.0
0.0
9.24183673469
12.3989795918
0.0810204081633
0.861020408163
0.407551020408
0.0522448979592
0.00918367346939
0.799387755102
0.367142857143
1.06653061224
0.035306122449
0.000204081632653
0.0
8.12897959184
17.5093877551
1.63306122449
7.79102040816
1.14142857143
0.905918367347
0.410204081633
1.37448979592
1.37918367347
0.922857142857
0.00959183673469
0.0
0.0
0.0
4.82489795918
0.0
0.0
0.0
0.0
0.000612244897959
0.0
0.00387755102041
2.23081632653
6.64591836735
6.80163265306
5.72306122449
31.697755102
11.627755102
7.10571428571
5.48897959184
0.348367346939
1.5512244898
0.0208163265306
0.611632653061
0.00510204081633
0.0
0.0
0.0
0.0
0.0
0.0
0.0
0.0
0.0
0.0
0.0
2.22183673469
3.80836734694
0.340612244898
1.86040816327
0.0402040816327
0.505918367347
1.36918367347
0.00795918367347
0.0
0.0
0.00408163265306
0.00285714285714
0.000204081632653
0.04
0.197959183673
0.917551020408
0.0528571428571
0.259591836735
0.321428571429
0.0202040816327
0.207959183673
3.6893877551
15.3944897959
15.3720408163
27.8426530612
9.71408163265
3.78367346939
11.8481632653
6.10510204082
20.7881632653
2.47612244898
24.532244898
2.5712244898
1.65306122449
0.0
0.00244897959184
0.000612244897959
0.000612244897959
0.000204081632653
0.0
0.000408163265306
