-0.08701986754966888
-1.861258278145695
-2.909801324503311
-1.467880794701987
1.4045695364238409
1.6860264900662254
1.6257615894039736
0.4174834437086093
-0.25509933774834437
-2.191456953642384
-4.947549668874173
-7.548543046357615
-4.465894039735098
-4.009006622516556
-4.87
-3.2174834437086095
-2.7238410596026488
-2.4843046357615894
-0.5870860927152318
-2.013112582781457
-1.2207947019867549
3.0035761589403975
2.2684768211920527
1.8630463576158935
1.970132450331126
0.6650993377483444
-0.27483443708609273
-3.4944370860927156
-0.46344370860927153
4.457615894039735
6.598079470198675
5.990132450331126
3.4100662251655636
3.792980132450331
5.017549668874173
6.34523178807947
5.958609271523179
5.478344370860927
6.075695364238411
9.479933774834437
7.671059602649008
5.276688741721854
3.7624503311258284
3.857880794701987
5.346688741721854
3.665960264900662
5.2623178807947015
4.4468874172185435
2.7180132450331125
3.030264900662252
6.1258940397351
8.961986754966889
8.867615894039735
9.598013245033112
8.916688741721854
9.686026490066226
9.064635761589402
2.915496688741722
0.027350993377483448
3.504437086092716
5.448543046357616
3.9245033112582774
2.7321854304635766
0.4366887417218543
2.9826490066225166
4.509668874172185
6.667748344370861
8.254635761589403
7.810463576158941
5.069933774834438
3.947417218543046
5.645298013245034
3.9422516556291387
5.15887417218543
6.288344370860927
8.982582781456953
8.895827814569534
7.2209933774834445
2.452384105960265
-1.3998675496688742
0.5466225165562915
5.979933774834437
7.553907284768212
3.2131125827814566
10.40086092715232
8.913443708609273
9.99390728476821
14.149139072847682
10.277947019867552
6.726556291390729
9.958940397350995
12.136622516556292
10.24046357615894
3.4568874172185433
2.930596026490066
5.134966887417217
7.4147682119205305
10.805496688741723
7.046887417218544
6.086092715231788
4.533311258278146
7.550198675496688
12.433245033112584
15.409072847682122
18.244172185430465
19.60503311258278
20.46748344370861
20.088344370860924
12.326622516556291
7.686026490066226
3.4631125827814566
6.409668874172184
6.348543046357615
6.9139735099337765
6.9468874172185435
4.010463576158941
7.595165562913906
9.193642384105962
8.701854304635761
10.30251655629139
15.27139072847682
15.930132450331124
12.016688741721854
10.920463576158939
9.384105960264899
10.375496688741721
15.528675496688741
13.245298013245034
10.06953642384106
11.8076821192053
14.805165562913906
17.580397350993373
19.292913907284767
17.250331125827817
14.910463576158937
12.5541059602649
13.904238410596026
16.441059602649002
18.492582781456953
19.283509933774837
20.431125827814572
20.518278145695366
13.241125827814571
14.948344370860926
12.19092715231788
11.708344370860928
18.17841059602649
21.68569536423841
17.783377483443708
18.828543046357613
12.512781456953642
14.766423841059602
12.737483443708609
15.146490066225164
17.051920529801325
20.740198675496693
23.078013245033112
24.405562913907282
19.958675496688745
19.764238410596025
19.24344370860927
18.008543046357616
18.767615894039736
21.859139072847682
24.957748344370863
27.316092715231786
21.08225165562914
18.58682119205298
17.0776821192053
15.74854304635762
16.699470198675495
14.492781456953642
13.745298013245034
14.676092715231789
15.672450331125827
14.815231788079467
13.585827814569537
14.724105960264902
15.075165562913904
11.580463576158941
13.055165562913906
15.244834437086094
13.872251655629139
13.727350993377483
15.687483443708611
17.8917880794702
16.57324503311258
18.957350993377485
17.081456953642384
16.017814569536423
15.953178807947022
15.020331125827813
13.985099337748345
13.326688741721853
12.524701986754968
15.162119205298016
15.11927152317881
13.586754966887414
14.404966887417217
16.767284768211926
14.785430463576159
16.01019867549669
14.34331125827814
16.64430463576159
21.906622516556293
24.68430463576159
25.33437086092715
26.367417218543046
25.228278145695366
24.432450331125825
23.93450331125828
19.047284768211924
21.014039735099338
23.79609271523179
27.971854304635762
26.925364238410594
24.267682119205297
21.061655629139068
19.014966887417216
23.75907284768212
21.946357615894037
17.755430463576158
19.395827814569536
22.708874172185432
18.768940397351
18.15092715231788
21.36986754966887
25.281986754966887
26.138344370860928
24.73258278145695
23.600662251655628
19.689602649006623
19.46774834437086
18.64470198675497
14.399205298013243
11.82887417218543
12.593245033112582
15.35841059602649
20.007019867549666
22.931986754966886
21.72158940397351
21.830132450331128
18.39701986754967
15.274900662251657
14.211523178807948
17.79754966887417
20.859403973509938
23.052052980132448
20.447417218543045
16.28662251655629
20.43675496688742
22.312582781456953
16.201324503311263
13.102450331125828
14.244172185430463
16.597748344370864
14.666158940397352
13.12562913907285
15.162980132450329
19.341125827814572
18.319072847682122
18.736026490066227
22.823973509933776
25.041854304635763
23.45450331125828
22.686754966887417
16.86450331125828
19.9241059602649
14.361125827814568
15.296026490066224
16.8
18.026291390728478
18.05880794701987
15.287218543046357
13.779072847682118
12.881456953642383
13.59774834437086
13.979536423841058
12.207615894039735
10.496490066225164
12.441920529801324
9.80066225165563
8.173973509933775
7.265695364238411
7.347682119205298
8.36317880794702
6.187947019867551
8.18980132450331
9.237417218543046
11.274834437086092
13.321655629139071
8.988543046357616
7.498741721854304
7.687350993377485
10.221456953642384
12.328013245033112
9.708940397350995
9.382251655629139
8.936026490066226
7.917019867549669
10.66543046357616
16.448344370860926
12.852119205298012
7.7703311258278145
5.3350993377483436
3.2839072847682114
-1.604437086092715
-3.7740397350993375
-3.834900662251656
-3.0086092715231794
-1.6888741721854308
-0.21609271523178805
1.572384105960265
1.9149006622516556
-0.12569536423841063
-0.07933774834437085
1.381456953642384
3.022980132450331
2.8417880794701986
7.813443708609271
10.098675496688742
10.633907284768211
10.155033112582784
5.790463576158941
10.33682119205298
10.532185430463578
9.93682119205298
11.283245033112582
10.742185430463575
7.909271523178809
5.1252317880794696
1.2143046357615894
0.2921192052980132
-0.11986754966887415
-1.2887417218543045
-3.3670198675496685
-6.280066225165562
-1.891059602649007
-1.2396026490066228
0.1766225165562914
0.7492715231788081
-5.300463576158941
-5.489867549668874
-3.0832450331125827
-0.8589403973509933
2.1305960264900663
2.7637086092715237
4.578278145695364
7.816953642384107
9.131854304635763
3.6684768211920527
1.5748344370860927
-0.13072847682119207
-0.21192052980132448
0.7954966887417219
2.3789403973509935
2.49364238410596
7.849139072847683
8.49483443708609
8.027615894039736
4.4552317880794705
0.4008609271523179
-0.3081456953642384
0.59841059602649
2.1045033112582785
2.5154966887417216
2.32523178807947
2.392384105960265
6.2788079470198666
3.2848344370860927
0.2899337748344371
-1.6623178807947019
-3.3789403973509935
-5.474172185430463
-2.344503311258278
-0.2869536423841059
-0.6608609271523178
-2.964039735099338
-1.21841059602649
-1.8658940397350994
-0.010860927152317885
-1.6446357615894038
1.6427814569536425
0.7533112582781457
1.5313245033112584
0.08317880794701986
-2.1673509933774833
-1.7224503311258281
-0.7205298013245034
0.6072185430463576
0.9801324503311258
1.1167549668874173
-0.9074172185430462
0.3667549668874172
0.7041721854304637
2.106291390728477
2.5456291390728474
2.6209271523178805
3.790993377483444
2.471655629139073
1.5925827814569535
0.3817218543046358
3.0317880794701986
5.890264900662252
6.167814569536424
5.937615894039735
3.8435099337748335
1.7490066225165564
-1.057086092715232
-2.3409271523178807
-1.9724503311258281
-1.2394701986754968
0.6347682119205298
0.25231788079470197
-1.1698013245033112
-2.9333774834437083
-2.8327152317880797
-2.6603311258278146
-1.3970860927152318
-1.5480132450331123
-0.21079470198675496
0.5149668874172185
2.6326490066225166
3.5341721854304633
2.394238410596026
3.808543046357616
4.543112582781457
3.5827152317880797
1.8849006622516558
0.4682119205298013
4.183907284768212
9.317019867549668
9.72046357615894
11.402781456953642
11.276953642384107
14.699668874172186
11.93132450331126
10.687417218543047
6.497682119205298
8.68384105960265
7.47046357615894
3.826556291390728
3.0457615894039733
5.421059602649006
10.53953642384106
14.626821192052978
15.95470198675497
8.844701986754965
12.456490066225165
16.663178807947016
13.473708609271524
13.417417218543045
15.384370860927152
14.667350993377486
16.550662251655627
15.782317880794702
19.35158940397351
16.784105960264903
17.73245033112583
11.403774834437085
6.339006622516555
11.348013245033114
18.959602649006627
14.768874172185427
16.15
18.839668874172183
20.237218543046357
20.770529801324503
18.05245033112583
17.0658940397351
18.658874172185428
12.261258278145696
5.645099337748344
5.893377483443708
4.167814569536424
7.872847682119205
8.11390728476821
6.039668874172185
3.728940397350993
8.159139072847683
13.641655629139072
17.66483443708609
10.890794701986753
6.951125827814569
6.202384105960265
9.532582781456954
8.22860927152318
7.6570198675496695
7.451258278145698
7.178344370860928
8.571655629139073
8.86390728476821
17.79092715231788
18.294834437086088
22.633311258278148
24.62841059602649
24.143377483443707
21.353311258278143
20.307814569536422
15.787218543046357
17.094437086092714
20.412847682119207
14.027019867549669
18.168609271523177
22.8830463576159
25.54145695364238
25.941059602649002
19.135960264900664
17.969801324503308
14.467549668874174
12.695761589403974
14.715496688741721
11.411986754966888
14.25039735099338
15.13496688741722
20.003178807947023
24.91046357615894
24.99814569536424
28.189602649006623
20.855364238410594
14.524569536423842
17.882582781456954
20.188609271523177
21.206291390728477
22.715430463576162
19.69092715231788
18.07549668874172
21.51158940397351
19.19887417218543
18.28291390728477
22.63185430463576
25.47880794701987
19.75403973509934
12.321788079470199
9.707483443708611
10.090728476821191
12.728543046357615
13.006953642384106
15.172450331125827
18.656225165562915
19.010662251655628
20.545165562913905
18.327350993377483
21.446688741721854
23.443774834437086
20.39205298013245
13.760132450331124
18.27529801324503
20.865562913907286
18.73430463576159
17.679867549668877
20.055165562913906
22.464172185430463
23.562715231788083
26.125629139072846
26.987350993377483
27.689403973509936
23.73913907284768
20.578741721854303
19.737417218543047
19.477086092715236
16.955629139072848
19.5764238410596
18.521986754966886
13.62887417218543
12.930264900662252
15.005298013245035
15.462913907284765
19.22225165562914
16.109470198675496
17.436490066225165
12.422649006622517
14.525827814569533
16.588410596026492
17.293576158940397
21.408543046357618
19.352980132450334
21.62655629139073
21.71066225165563
24.755496688741722
24.650066225165563
26.804370860927154
27.797417218543046
28.13271523178808
27.22344370860927
21.25271523178808
20.483973509933776
17.20291390728477
15.558211920529802
20.168079470198677
23.400397350993376
25.04450331125828
25.873112582781452
20.98662251655629
15.705364238410597
18.746688741721854
16.111788079470198
13.529403973509933
15.704039735099334
12.956953642384105
14.512119205298013
17.080132450331124
17.37609271523179
16.548079470198676
15.583841059602648
16.001920529801325
15.855496688741724
17.744238410596026
18.723377483443706
17.903311258278144
18.18456953642384
17.38218543046358
18.522317880794702
19.663178807947023
21.688211920529803
22.417218543046356
20.96788079470199
20.801788079470196
21.153245033112587
22.062649006622514
19.791059602649007
17.18933774834437
14.39582781456954
16.471920529801327
16.01668874172185
17.128344370860926
19.723245033112587
16.03317880794702
19.329801324503308
19.519470198675496
22.471986754966892
16.79205298013245
16.723178807947022
16.354437086092716
18.448344370860926
14.863377483443708
10.918278145695364
13.865298013245033
16.424635761589403
16.682847682119206
14.616953642384107
11.909205298013244
11.860066225165562
11.657615894039736
19.466225165562918
15.243311258278144
13.540331125827814
17.221456953642388
12.466688741721855
10.470397350993379
5.166953642384106
5.591258278145695
7.293443708609272
5.547086092715231
7.350198675496688
7.731655629139073
12.152781456953642
10.233642384105961
9.417086092715232
7.550066225165563
5.5847019867549665
4.939933774834437
3.679602649006622
4.327748344370861
8.038807947019869
6.008145695364238
7.103841059602649
9.042185430463576
8.178079470198677
12.871523178807946
12.134701986754967
12.029205298013244
12.026688741721854
11.001788079470199
9.502715231788079
6.971456953642383
3.645033112582782
1.062980132450331
0.24450331125827815
2.5956291390728476
-0.8377483443708609
2.9126490066225164
5.6090066225165565
4.295165562913907
1.9092052980132448
2.158741721854305
2.811456953642384
7.974701986754966
10.016026490066226
11.881324503311259
11.632251655629137
11.464834437086093
10.731655629139073
9.089668874172185
0.9882119205298013
2.2798013245033113
3.8740397350993394
3.316225165562914
2.590728476821192
2.4551655629139075
0.9062913907284768
0.3362251655629139
-0.6600662251655629
2.482251655629139
0.7555629139072848
0.37026490066225165
1.306158940397351
3.0711258278145697
2.1788079470198674
-0.7405298013245033
-0.5238410596026489
-1.0706622516556292
-6.17728476821192
1.6485430463576158
1.1307947019867546
-6.516622516556293
-8.335364238410595
-4.06635761589404
-7.4070198675496695
-5.871456953642384
-5.062251655629139
0.22311258278145693
-0.41675496688741714
-1.0349668874172184
-0.4694701986754968
-0.8389403973509933
-2.9052317880794702
-0.8235099337748344
2.7211258278145696
4.788940397350993
6.21523178807947
5.896556291390728
4.056490066225165
7.429403973509935
7.99158940397351
7.640463576158941
6.975231788079472
-7.379139072847682
-8.507615894039736
-8.147880794701988
-9.312185430463575
-5.508940397350993
-5.152251655629139
-7.447880794701987
-7.386688741721857
-0.4395364238410596
1.5758940397350993
0.9950993377483444
-0.36814569536423836
1.6341059602649004
1.0702649006622516
-1.0803311258278148
0.22940397350993377
0.2855629139072848
0.325364238410596
-0.23761589403973513
1.2020529801324504
1.483841059602649
0.08304635761589403
2.4664900662251656
6.246225165562913
4.756291390728476
1.3178145695364238
0.29013245033112584
1.0219205298013245
2.4772185430463574
3.596754966887418
2.714039735099338
5.18476821192053
5.4075496688741715
4.34
7.4078145695364235
9.215099337748345
7.305960264900663
8.538079470198676
3.1951655629139073
3.4355629139072845
0.2149668874172185
2.0847682119205295
1.5791390728476824
-2.3719205298013244
1.5500662251655628
2.7156953642384107
3.7587417218543058
-0.8584105960264901
-0.1382119205298013
-0.7813907284768211
1.5799999999999998
2.741192052980132
3.003509933774834
7.932251655629139
5.253708609271524
7.974238410596027
8.036953642384107
4.14635761589404
4.549271523178808
4.078675496688742
7.323443708609271
4.174900662251655
6.195231788079471
4.860066225165562
4.725761589403973
3.0987417218543043
5.144437086092715
9.301390728476822
5.957218543046357
3.3416556291390727
6.335960264900662
4.143576158940397
3.2084105960264897
5.466754966887417
7.031986754966889
6.29933774834437
10.322251655629138
12.472913907284768
14.553509933774837
17.332052980132453
12.500397350993378
11.01092715231788
6.505960264900661
5.306821192052981
15.139933774834438
15.50708609271523
10.640860927152318
14.072251655629138
17.61139072847682
19.200596026490064
9.762980132450332
9.832384105960266
3.819470198675497
4.445629139072848
3.330993377483444
3.6005960264900665
4.043311258278145
7.811920529801324
11.209006622516556
13.618675496688741
10.950000000000001
10.610397350993377
11.86569536423841
12.434370860927153
12.501986754966888
12.999536423841061
13.178211920529803
8.814304635761589
12.06841059602649
10.730662251655628
11.128344370860928
8.948675496688741
6.937682119205298
6.534039735099338
7.74456953642384
7.413642384105961
13.14907284768212
11.701523178807948
10.012052980132449
12.909801324503311
8.785761589403974
13.308344370860926
15.121059602649005
12.019006622516555
11.73615894039735
16.048278145695363
18.811523178807946
20.774503311258275
22.90298013245033
24.786556291390728
20.649867549668873
21.945496688741724
18.53476821192053
21.92701986754967
17.710529801324505
16.416291390728475
15.595165562913909
13.794039735099336
17.834966887417217
23.21860927152318
25.71311258278146
18.45152317880795
17.498079470198675
20.626622516556292
25.065496688741725
27.48629139072847
28.680132450331126
29.405099337748346
29.904172185430458
29.346887417218543
25.302185430463574
24.87311258278146
24.21562913907285
21.033841059602647
21.928807947019866
17.40046357615894
16.450529801324503
12.693509933774836
12.642450331125826
12.784039735099338
13.599403973509933
16.848874172185432
18.940993377483444
16.043576158940397
17.387417218543046
19.25728476821192
21.792847682119206
19.572516556291394
16.85225165562914
23.067483443708614
20.317615894039736
18.10754966887417
17.092185430463577
16.451324503311263
17.537218543046357
18.48569536423841
24.059470198675495
25.443377483443708
17.746754966887416
18.290662251655633
20.014238410596025
20.413841059602646
24.245430463576163
27.31019867549669
25.294701986754966
27.330596026490067
26.89430463576159
27.01940397350993
28.31470198675497
29.367880794701982
26.328741721854307
22.27225165562914
22.52854304635762
20.89225165562914
26.020066225165564
27.40629139072848
20.868344370860928
19.14317880794702
20.993841059602648
22.204238410596027
16.53119205298013
17.49675496688742
18.74185430463576
25.170066225165566
26.77662251655629
27.656953642384106
26.755430463576165
28.287880794701984
27.690132450331127
22.49569536423841
22.549801324503314
22.540529801324503
22.423046357615892
22.210927152317883
21.808543046357617
20.65860927152318
23.096158940397352
27.85543046357616
22.5317880794702
20.48112582781457
24.439271523178807
23.122185430463574
19.95953642384106
23.197748344370858
19.36317880794702
15.639999999999999
15.337284768211923
18.202317880794702
19.69834437086093
18.634635761589404
17.659072847682115
22.673907284768212
18.794503311258275
19.528476821192047
21.14
21.98774834437086
19.25059602649007
15.485761589403976
15.126821192052978
19.917814569536425
24.350794701986754
26.605894039735098
22.076821192052975
19.354039735099338
20.460331125827818
21.532119205298017
23.903774834437087
24.2194701986755
24.22622516556292
23.449470198675503
23.958013245033115
26.72814569536424
27.000728476821195
27.21198675496689
25.778807947019864
24.520794701986752
24.802185430463574
22.15456953642384
17.350728476821192
14.068741721854305
17.693509933774838
19.285562913907285
23.089867549668874
17.096688741721852
19.306887417218544
20.406092715231786
16.57503311258278
14.050264900662253
18.228741721854306
17.209470198675497
15.92596026490066
13.115761589403974
12.394437086092715
10.429271523178807
9.698741721854304
9.162649006622516
9.936092715231789
10.552317880794703
10.14728476821192
10.929006622516557
10.528940397350993
9.618278145695365
9.147549668874172
8.863046357615895
12.222913907284767
12.787814569536424
12.862185430463576
13.087682119205297
15.578741721854302
14.110794701986752
10.174437086092716
9.236225165562914
10.979006622516556
11.319867549668874
12.303708609271524
9.22271523178808
8.462649006622517
8.658940397350992
12.136158940397351
14.264437086092714
11.462582781456955
9.96092715231788
8.688741721854305
5.905231788079471
7.747682119205298
12.354701986754966
13.317350993377481
10.84980132450331
12.069470198675496
8.878278145695365
8.657284768211921
5.038344370860927
3.784635761589404
1.7706622516556287
3.0069536423841057
9.249470198675498
9.120662251655629
7.087417218543045
6.681788079470199
7.633576158940397
11.407086092715234
11.107019867549669
8.083907284768213
6.931523178807947
5.296754966887417
4.19841059602649
2.709271523178808
0.8860264900662251
0.8158940397350994
3.009668874172185
2.181854304635762
1.9901986754966887
2.118079470198676
3.083774834437086
5.22841059602649
9.761456953642384
6.477615894039736
9.208675496688743
2.9319867549668874
1.9231125827814568
1.1419867549668874
-0.27695364238410597
7.301192052980133
9.13596026490066
3.478344370860927
0.5745695364238411
-0.44913907284768206
5.094503311258278
3.0921192052980135
2.474370860927152
0.7603311258278145
-1.4090066225165563
0.3818543046357616
1.8853642384105955
5.32543046357616
4.305430463576159
2.079205298013245
1.937417218543046
0.9400662251655628
-0.24993377483443716
0.5687417218543048
6.5436423841059606
7.937947019867551
10.277350993377482
10.820993377483443
7.544966887417218
3.2965562913907283
3.07523178807947
5.568476821192053
7.068675496688741
5.260264900662252
3.876158940397352
1.8519205298013244
3.254370860927152
5.242185430463576
5.747880794701986
4.640463576158941
0.4054966887417219
0.30615894039735103
2.0223841059602647
2.779006622516556
2.7258278145695365
2.591523178807947
2.1310596026490063
6.588278145695364
9.500264900662252
7.886556291390729
7.284900662251656
6.054172185430464
1.1849006622516558
7.503311258278146
1.729470198675497
1.0125165562913907
0.38039735099337746
-0.40357615894039733
0.9395364238410596
0.4188079470198675
-1.307615894039735
-1.485430463576159
-3.1603311258278146
-3.8400000000000007
-2.8530463576158946
-2.0427152317880797
-3.7080132450331122
-2.78317880794702
-3.668410596026489
-0.9256291390728476
1.3499337748344373
-0.9172847682119205
-0.16284768211920528
-0.7286754966887418
-2.1229139072847683
1.0756291390728479
3.644701986754968
5.49476821192053
5.633112582781457
6.2618543046357615
4.9632450331125835
2.0492715231788083
3.8124503311258273
4.461721854304636
6.294966887417218
6.828013245033111
5.518543046357616
7.477615894039735
6.597284768211921
10.520397350993377
6.03728476821192
6.271721854304635
5.592185430463576
9.470529801324501
11.487218543046357
9.055165562913906
8.949867549668875
10.113178807947017
10.403377483443707
9.478940397350994
9.954437086092714
8.644238410596024
6.845364238410597
6.354370860927152
8.648543046357617
4.974834437086093
1.6472185430463573
2.78
1.9656291390728478
4.502781456953643
3.7842384105960254
6.906821192052979
9.762715231788079
7.075761589403974
5.261655629139073
5.347748344370861
5.512649006622517
6.889668874172185
6.188543046357616
9.250596026490067
7.856026490066225
10.687218543046358
13.737350993377484
5.708145695364239
5.41841059602649
4.8027152317880795
6.858675496688741
14.864635761589403
18.95390728476821
20.063774834437083
17.630463576158938
15.048874172185432
19.2035761589404
14.639536423841058
18.739271523178807
12.549271523178808
18.43860927152318
18.77245033112583
13.710331125827816
15.748807947019872
13.890529801324499
17.54841059602649
14.23655629139073
11.629337748344371
9.331721854304636
10.464503311258278
14.050264900662253
16.724834437086095
12.568741721854305
13.857748344370862
13.645562913907284
10.417880794701986
12.326225165562912
14.459801324503314
10.673311258278146
16.839933774834435
17.130331125827816
21.20152317880795
20.70907284768212
15.93046357615894
12.708543046357617
19.24655629139073
22.356821192052976
12.076357615894041
9.238278145695364
9.365099337748346
10.00430463576159
10.716490066225166
8.514304635761588
10.868013245033112
10.505298013245032
14.093774834437085
21.53039735099338
23.046887417218542
19.52317880794702
20.470794701986755
25.458344370860928
19.930927152317885
15.84721854304636
20.873509933774837
25.878874172185423
22.581324503311258
19.176556291390728
20.377086092715228
23.030993377483444
20.833311258278144
18.480596026490065
14.536158940397351
12.08225165562914
11.600331125827813
15.693509933774832
20.833046357615896
23.048543046357615
24.80258278145695
25.76211920529801
26.272119205298015
26.97039735099338
23.290993377483442
23.123377483443708
18.879205298013247
14.680529801324502
15.244900662251656
18.275298013245035
15.241920529801328
20.0023178807947
22.88026490066225
24.310993377483445
25.870198675496685
26.961523178807944
26.24026490066225
26.107152317880796
28.725430463576163
29.394370860927154
29.606092715231785
28.73390728476821
24.23019867549669
19.193642384105964
25.945761589403972
28.760397350993376
30.46569536423841
27.10735099337748
20.358278145695362
17.504900662251654
17.907615894039733
26.409470198675496
29.042781456953648
23.554437086092715
26.836225165562915
32.34483443708609
30.372781456953636
26.024437086092714
22.247417218543045
25.662715231788077
31.374039735099334
26.745761589403973
20.20523178807947
16.219139072847682
14.347483443708612
13.225562913907284
15.228675496688743
20.095562913907283
24.350728476821192
25.3358940397351
25.43860927152318
24.157814569536427
24.539403973509934
17.013774834437086
15.759271523178812
24.230529801324504
23.766158940397354
23.860596026490065
25.976622516556294
28.44410596026491
28.79887417218543
28.23019867549669
25.034172185430464
25.959867549668875
24.643443708609272
26.101192052980135
26.04271523178808
25.755231788079474
21.268741721854305
22.692185430463574
24.424304635761587
26.67841059602649
23.295430463576157
21.907748344370862
18.15973509933775
16.930993377483443
21.29748344370861
17.063377483443706
14.739139072847683
17.481390728476825
17.471655629139075
16.954966887417218
13.726622516556294
10.972980132450331
12.459867549668875
15.42596026490066
20.37304635761589
15.373708609271524
14.398940397350993
14.8882119205298
16.603245033112582
16.087615894039736
14.24814569536424
15.441788079470198
17.938807947019868
22.524503311258275
17.744503311258278
17.880066225165564
23.55880794701987
22.828476821192055
21.060728476821193
16.102913907284766
14.789470198675497
13.861324503311257
18.30172185430464
22.86251655629139
19.512119205298013
13.772450331125826
14.03596026490066
11.514900662251655
11.280728476821192
12.448609271523177
11.368013245033112
9.599735099337748
17.130596026490068
14.534304635761588
12.428675496688742
11.978278145695365
8.353576158940397
9.14867549668874
12.503112582781457
8.532582781456954
7.7859602649006625
8.080066225165563
10.25198675496689
10.37748344370861
8.563046357615896
11.02543046357616
14.349933774834438
9.049933774834438
6.548874172185431
7.121258278145695
6.3347682119205295
8.179735099337748
10.625099337748345
11.021986754966887
10.846953642384106
13.678079470198679
11.132384105960266
11.911854304635762
12.73019867549669
12.980529801324503
10.4746357615894
6.710132450331126
4.272516556291391
1.6644370860927151
-0.33927152317880793
-2.9460927152317877
0.7358278145695363
1.9866225165562914
1.2447682119205299
2.387880794701987
1.4051655629139073
2.2852980132450336
0.9057615894039734
0.6380794701986755
0.1484105960264901
8.839801324503311
11.482450331125827
12.686490066225165
7.592185430463575
6.106688741721855
2.077748344370861
-1.9259602649006626
-3.366357615894039
-0.7400662251655629
2.2192052980132453
2.9458278145695362
0.9029139072847683
0.5488741721854304
-0.6149006622516556
1.0239735099337748
2.2980794701986755
-1.1210596026490067
-6.020529801324503
-4.223311258278146
-3.435364238410596
-2.104437086092715
-4.053245033112582
0.48933774834437077
2.427748344370861
3.795165562913908
4.700529801324503
4.79364238410596
4.773907284768212
7.039470198675497
9.543708609271524
11.20841059602649
7.880000000000001
4.049205298013245
6.643708609271522
6.5290728476821185
5.513046357615894
3.0854304635761594
2.4876821192052985
3.941854304635761
4.3023841059602645
2.2
0.24695364238410594
1.2604635761589404
1.5027152317880792
1.1721192052980134
0.36205298013245035
-0.2809933774834438
1.5015894039735098
2.1971523178807946
4.156754966887417
8.224635761589404
2.410662251655629
2.4980132450331127
5.1412582781456955
0.48880794701986746
0.7266225165562914
0.9197350993377483
-2.6209271523178805
-3.5024503311258286
0.5404635761589404
0.9188079470198676
-0.3491390728476821
-2.1849006622516556
1.2736423841059603
2.9711258278145696
2.8709933774834444
2.9619205298013247
1.7965562913907283
1.2913907284768211
4.090132450331125
3.365629139072848
3.6158278145695366
6.714701986754966
3.9055629139072847
5.437615894039736
0.9990728476821193
0.7945695364238411
0.5154304635761588
2.931390728476821
0.39867549668874164
-0.6796026490066225
1.244635761589404
0.2859602649006622
-1.5100662251655628
0.0027814569536423837
-2.1448344370860926
-1.0909933774834435
1.7258278145695363
3.2260927152317875
0.9041721854304637
1.899072847682119
0.020728476821192034
-0.7217880794701986
2.8125827814569537
1.6020529801324503
2.1784768211920533
3.8490728476821197
4.108476821192053
1.2158940397350992
1.0463576158940397
2.034966887417218
1.439801324503311
6.505827814569537
4.3747019867549675
3.087483443708609
-0.11291390728476822
1.1257615894039734
4.598675496688743
3.387417218543047
2.8644370860927153
5.635562913907285
8.250331125827813
3.6513907284768203
5.171788079470199
4.0204635761589405
3.9033112582781464
5.062781456953642
8.411059602649008
8.771523178807946
9.883311258278145
9.146688741721853
6.875894039735099
8.74066225165563
7.6516556291390705
9.677549668874171
8.439867549668875
5.807086092715233
5.883907284768212
2.435430463576159
0.35854304635761597
0.5049006622516555
2.1003311258278146
4.631456953642385
4.785629139072848
4.821258278145695
6.7216556291390726
5.917748344370862
8.2458940397351
9.822450331125829
5.452450331125827
11.173443708609273
15.302450331125828
18.725165562913908
11.499470198675498
7.403708609271524
10.61430463576159
12.747350993377482
15.228940397350994
18.978476821192054
21.38185430463576
17.04668874172185
16.458741721854306
17.299139072847684
16.81940397350993
11.644834437086091
7.118013245033112
11.273907284768212
10.858344370860927
10.26046357615894
16.422251655629136
12.971854304635762
17.581523178807945
18.121854304635757
16.466291390728475
11.986622516556292
8.098940397350994
9.395960264900662
9.103708609271521
10.099602649006622
6.0858940397350985
7.82569536423841
10.252251655629138
14.729139072847685
19.713178807947024
15.71788079470199
19.28437086092715
22.01748344370861
17.0276821192053
13.766092715231787
13.80503311258278
15.803311258278146
9.929668874172183
14.10192052980132
16.156026490066225
12.498079470198673
9.849271523178807
11.397615894039735
10.060529801324504
14.277748344370858
18.415364238410596
18.197615894039732
24.443708609271525
18.38735099337748
16.82688741721854
12.338145695364238
14.517615894039734
16.99940397350993
11.992119205298012
18.80913907284768
15.189006622516557
18.470596026490067
20.990860927152315
16.7317880794702
12.692185430463578
12.502847682119206
16.027350993377482
20.255827814569535
23.4423178807947
26.35741721854304
24.324172185430463
19.569006622516554
15.62794701986755
13.25019867549669
12.864900662251655
13.369933774834438
20.57953642384106
16.135695364238416
12.971324503311259
14.193311258278143
18.18609271523179
17.294900662251653
11.680728476821193
11.66973509933775
12.586291390728478
16.261258278145696
21.376158940397353
24.01158940397351
28.341788079470202
30.59496688741722
32.20059602649007
24.00655629139073
19.09370860927152
15.761324503311258
15.845430463576157
14.425033112582778
12.443841059602649
12.966357615894038
15.73072847682119
14.672052980132447
16.852185430463578
17.87748344370861
18.38211920529801
21.08708609271523
21.946688741721854
16.032781456953643
15.831986754966888
15.362185430463576
24.477417218543046
27.983178807947027
28.530066225165555
21.65860927152318
21.34688741721854
26.795562913907286
21.355827814569537
20.16887417218543
17.86139072847682
19.776423841059604
20.764701986754964
16.339072847682118
15.689072847682121
14.739999999999998
18.52728476821192
20.646754966887418
21.940198675496692
20.159470198675496
20.98748344370861
21.291655629139072
20.939403973509933
23.057417218543048
23.514238410596025
24.65476821192053
25.507019867549673
26.305298013245036
25.949933774834438
18.743112582781457
19.601456953642383
20.956953642384107
21.961589403973516
22.124635761589403
20.43887417218543
20.401854304635762
22.50675496688742
22.229602649006623
20.867086092715233
18.175629139072843
14.579271523178809
9.123774834437086
9.246291390728477
9.570794701986756
11.312052980132451
10.879205298013243
11.013774834437084
12.957814569536424
17.102185430463578
20.05867549668874
14.954900662251658
13.651125827814568
12.921655629139073
15.691324503311257
14.390794701986756
13.91907284768212
15.886953642384109
11.930529801324505
10.572980132450331
9.21933774834437
10.552119205298013
9.51298013245033
12.796754966887418
14.915562913907282
18.440331125827814
15.627880794701987
18.612847682119206
13.56092715231788
12.497350993377482
12.961523178807948
14.711655629139074
11.040066225165564
11.39344370860927
11.301059602649008
14.378874172185437
13.96039735099338
14.50450331125828
12.585629139072847
12.461324503311257
11.347350993377482
14.068874172185431
13.808211920529802
15.280927152317881
14.96655629139073
14.591258278145697
13.09814569536424
9.652450331125827
8.921059602649006
12.038543046357617
11.288807947019869
14.127218543046357
12.53384105960265
10.183112582781458
9.629006622516556
10.874039735099338
15.734966887417215
10.514966887417216
13.681655629139073
8.960066225165564
7.128940397350992
6.0288079470198666
8.22271523178808
11.036490066225165
10.302251655629139
11.010993377483443
10.604701986754966
10.73728476821192
12.01384105960265
9.911655629139071
9.867284768211922
7.428741721854307
2.1062251655629143
2.2107284768211923
2.229337748344371
4.196092715231788
3.781059602649007
3.4266887417218546
5.183509933774834
11.22860927152318
12.142980132450331
12.30701986754967
8.603112582781456
7.639735099337748
4.699668874172186
5.212781456953643
8.928013245033114
6.7539735099337745
4.635761589403973
1.8375496688741724
3.118543046357616
1.7426490066225164
2.3962251655629143
4.074635761589404
3.6783443708609274
4.3435761589403965
4.62
3.817350993377484
4.951324503311258
5.362913907284768
3.523046357615894
1.7064900662251656
3.2137748344370864
2.388079470198676
2.7523841059602647
3.7413907284768206
1.5763576158940398
4.809536423841058
5.566887417218544
2.276953642384106
1.8647682119205298
3.4965562913907284
0.012185430463576173
1.1960264900662254
0.5384105960264901
-0.667748344370861
-1.9594701986754968
-2.223774834437086
-3.177748344370861
-0.2905960264900662
-0.7405298013245033
-5.472119205298013
-7.577814569536423
-8.776490066225165
-11.027549668874173
-11.43682119205298
-9.649403973509934
-10.11364238410596
-7.84701986754967
-7.931324503311259
-6.364437086092715
-8.74476821192053
-10.57801324503311
-7.2851655629139085
-4.606556291390729
-5.547086092715231
-4.895165562913908
-4.513046357615894
-3.157615894039735
2.708145695364238
5.654437086092715
5.331721854304637
0.1343708609271523
0.3073509933774834
3.9211920529801327
2.1600662251655627
-1.9023841059602649
2.053112582781457
6.340066225165563
5.5141059602649
7.7478145695364224
7.5041059602649
4.668211920529801
3.5232450331125826
6.4162251655629134
2.5680132450331126
0.689205298013245
-3.144503311258278
-5.751125827814569
-8.316754966887416
-9.704172185430464
-7.551721854304636
-3.9266225165562925
-3.4435761589403975
-5.953178807947021
-0.5225827814569536
-0.9908609271523179
-5.105629139072848
-4.121523178807946
-2.5784768211920532
-1.0444370860927152
-0.9228476821192054
1.5064900662251657
7.25430463576159
9.87046357615894
7.430860927152318
8.836556291390728
6.56476821192053
6.562384105960265
5.224172185430464
7.284635761589404
7.336821192052979
6.650596026490067
5.430264900662252
4.245165562913908
6.988543046357615
4.547682119205298
1.9466225165562914
1.887350993377483
5.6014569536423835
7.5850993377483436
2.18887417218543
1.3667549668874173
1.840860927152318
0.5866225165562914
-1.6312582781456952
0.6579470198675498
2.2279470198675493
6.403377483443709
9.581721854304636
8.243178807947018
6.473841059602648
8.6323178807947
7.9643046357615885
6.449735099337748
3.515827814569537
3.278278145695364
9.728807947019867
9.514039735099338
11.578013245033114
11.83682119205298
16.458211920529802
21.1035761589404
19.315960264900664
14.409403973509932
12.620066225165562
12.382847682119206
10.547814569536426
11.174105960264901
9.331655629139073
6.113774834437086
10.475629139072849
5.478211920529802
7.675894039735099
6.9711258278145705
12.805695364238412
14.836490066225169
16.784834437086094
17.33251655629139
18.88860927152318
16.407350993377484
10.245562913907284
7.650596026490068
4.444370860927152
5.628211920529801
3.8188079470198684
4.723841059602648
5.316158940397351
9.356754966887417
8.959801324503312
6.047615894039735
6.41953642384106
8.488543046357615
12.161655629139075
16.40933774834437
19.270794701986755
16.75185430463576
16.59046357615894
13.408145695364238
17.785099337748346
20.404635761589404
23.18867549668874
18.460529801324505
16.043443708609274
20.92152317880795
19.18682119205298
20.668609271523177
20.14655629139073
20.59397350993377
18.590927152317885
11.904172185430463
13.155562913907286
17.36655629139073
23.17086092715232
26.10291390728477
27.167417218543044
20.150794701986758
13.412317880794703
18.352980132450334
20.778344370860925
20.139006622516554
21.88867549668874
23.738940397350994
25.079205298013242
22.829006622516555
21.526754966887417
18.442582781456956
13.192649006622517
10.580860927152317
11.433708609271525
12.456754966887418
13.633377483443711
10.365099337748344
14.427880794701984
12.253443708609272
12.584503311258278
11.293112582781458
15.67185430463576
18.4317880794702
14.365364238410596
16.573774834437085
17.90754966887417
15.490728476821195
17.447814569536423
13.535562913907286
12.428344370860927
15.404105960264904
12.978741721854304
14.649139072847682
19.506754966887414
18.40675496688742
18.150596026490064
22.60556291390728
24.52529801324503
25.039337748344373
23.82450331125828
18.314503311258278
14.846026490066226
15.292384105960265
15.795298013245034
18.430132450331126
21.331390728476823
24.918543046357616
28.882052980132446
22.97496688741722
22.73072847682119
21.826026490066223
25.10774834437086
19.938807947019868
18.554503311258276
15.976026490066227
17.15205298013245
18.086490066225167
23.056158940397353
26.014105960264903
25.527152317880798
19.763112582781453
24.638476821192054
18.21019867549669
19.015629139072846
17.860132450331125
18.880927152317884
18.098344370860925
18.47695364238411
16.643311258278146
21.068807947019867
15.39417218543046
14.835960264900663
16.793907284768213
22.87251655629139
20.742450331125827
21.177682119205297
18.55841059602649
24.192119205298013
29.69814569536424
25.91112582781457
21.672781456953643
16.845430463576157
15.957284768211922
19.69854304635762
17.99503311258278
20.53516556291391
24.02112582781457
19.502582781456955
22.031523178807948
16.00152317880795
17.534966887417216
16.731589403973512
20.13423841059603
21.60569536423841
23.399271523178808
23.945894039735098
19.792450331125828
17.432980132450332
15.27503311258278
14.856357615894039
14.50986754966888
12.811721854304636
12.172649006622517
9.891655629139075
12.858013245033112
16.397483443708612
19.196225165562915
19.571788079470195
21.7623178807947
15.424569536423842
12.757615894039736
12.476688741721855
15.655827814569534
20.627086092715228
24.101456953642383
21.179801324503313
22.548344370860928
21.44629139072848
19.78456953642384
18.558410596026487
17.810993377483438
16.7582119205298
20.518410596026488
18.274768211920527
17.883311258278148
19.856092715231792
22.266026490066224
19.129072847682117
23.511456953642384
23.83072847682119
19.134238410596023
16.02470198675497
14.39543046357616
13.175562913907287
12.449403973509934
11.87887417218543
15.66456953642384
13.569735099337747
10.556953642384107
12.311721854304635
12.375099337748344
9.754172185430464
10.311523178807949
9.371059602649005
9.39953642384106
10.87158940397351
11.640662251655629
8.10225165562914
11.17198675496689
9.516688741721854
10.919801324503311
10.525165562913905
7.524370860927155
4.9798675496688745
7.591655629139073
2.5259602649006627
1.9892715231788078
4.7381456953642385
4.748741721854304
4.440397350993377
7.224370860927153
12.894966887417219
7.538543046357617
6.577880794701986
7.9472847682119205
13.727350993377483
10.584966887417218
2.0139072847682122
0.07536423841059602
0.7665562913907285
1.1721854304635757
0.992384105960265
0.4798675496688741
-0.9905298013245033
-3.2310596026490064
-4.997748344370861
-4.153973509933775
-3.46251655629139
-2.700662251655629
-2.58841059602649
-1.060132450331126
-0.32529801324503316
-3.563377483443708
-2.5900000000000003
-0.6690066225165563
-0.8379470198675496
0.61
4.075099337748344
6.808741721854306
10.44596026490066
10.676026490066224
12.537549668874172
10.057880794701987
7.142582781456953
6.903377483443708
7.255496688741721
5.887748344370861
2.3777483443708607
1.6452980132450332
0.1251655629139073
2.2949006622516555
7.365430463576158
9.010927152317882
6.42794701986755
5.831258278145695
5.613178807947019
4.857549668874173
4.997880794701986
8.114172185430466
5.682913907284767
4.245960264900662
6.603841059602649
6.470463576158941
5.217152317880794
-1.5335761589403973
-3.22205298013245
-2.4405298013245034
-5.283576158940397
-6.012847682119205
2.4286092715231784
3.8329801324503308
2.196158940397351
-0.664569536423841
1.1619205298013244
0.12403973509933774
-2.739403973509934
-3.4149006622516556
-0.6858278145695365
3.119337748344371
1.9287417218543046
5.228675496688742
6.21523178807947
2.8364900662251653
0.6809933774834438
-0.8787417218543047
2.520529801324504
7.80728476821192
7.082781456953643
3.4579470198675497
4.057152317880796
4.936887417218543
3.452185430463577
0.21112582781456957
-1.1009933774834437
-3.3784768211920526
-0.4181456953642384
0.967682119205298
1.2144370860927152
0.9741721854304637
3.3682781456953634
2.307483443708609
-0.9890066225165561
-2.619337748344371
-3.450860927152319
-4.872052980132451
-6.510596026490066
-7.996158940397351
-12.331059602649008
-4.250529801324504
-2.4596026490066225
-2.2514569536423843
-4.118940397350993
-3.896026490066226
-1.5820529801324503
-2.1656953642384105
-3.020264900662252
-5.160264900662252
-5.2217218543046355
-6.49841059602649
-6.107417218543046
-6.825827814569537
-6.473178807947019
-5.305298013245033
-5.300662251655629
-5.956622516556291
-2.834503311258278
-2.322119205298013
-1.1872847682119207
-1.8272185430463574
0.00748344370860927
-0.6549668874172185
3.637682119205298
5.1660927152317875
4.377682119205298
3.3255629139072846
1.7594701986754968
2.4110596026490065
2.4156953642384105
2.4188741721854305
2.597615894039735
3.3852317880794702
7.609602649006623
9.18867549668874
11.778543046357616
11.84198675496689
12.233907284768211
8.48205298013245
6.060860927152318
5.685099337748345
5.857417218543047
8.115298013245033
6.030066225165562
5.087549668874173
9.219735099337747
10.574105960264902
7.303907284768211
4.966291390728477
8.354834437086092
8.443708609271523
7.853245033112582
4.879403973509934
2.7525827814569537
1.4926490066225164
4.74
11.338874172185431
9.957549668874174
6.671854304635761
2.278741721854304
-1.846092715231788
-0.18854304635761587
3.0172847682119204
4.510264900662252
13.072119205298012
12.626754966887416
10.00430463576159
7.781192052980133
7.025960264900663
7.348476821192052
10.218675496688741
10.510529801324502
10.020596026490066
13.194370860927153
14.40615894039735
12.615364238410596
15.177615894039736
16.091920529801325
19.050927152317882
13.488278145695366
18.3123178807947
22.55112582781457
24.333311258278144
19.162450331125825
21.485827814569536
21.346158940397352
16.04801324503311
13.899271523178808
14.197880794701987
12.804370860927152
16.78748344370861
18.81072847682119
20.933642384105962
15.026026490066227
14.981854304635762
16.24152317880795
20.22258278145695
23.642715231788078
18.990331125827815
21.878874172185434
20.509205298013246
18.29026490066225
22.588807947019866
16.71112582781457
19.123509933774834
23.99092715231788
23.275430463576154
15.67708609271523
11.824503311258278
10.28072847682119
13.096887417218543
14.147483443708609
13.040132450331125
17.158874172185435
11.671523178807947
11.297682119205296
8.442847682119206
8.948807947019867
12.63635761589404
19.756754966887417
22.699602649006625
16.053178807947017
15.033112582781458
17.276225165562913
21.171920529801326
25.009403973509933
28.625695364238414
27.737682119205296
21.266026490066224
23.655629139072847
25.339271523178812
23.48721854304636
23.57298013245033
24.055165562913906
19.8964238410596
22.754900662251654
24.89860927152318
26.78960264900662
26.416291390728475
23.139139072847684
23.60701986754967
26.25337748344371
28.095298013245042
28.55344370860927
24.876754966887418
24.984503311258283
19.753907284768214
16.86655629139073
15.531589403973507
16.306357615894036
14.575695364238413
16.363708609271523
16.457814569536424
14.738741721854305
18.465165562913906
21.939139072847684
25.759271523178807
26.003642384105962
19.518609271523182
16.69251655629139
19.782251655629135
21.218675496688746
23.297615894039737
20.580662251655625
14.62
15.448874172185436
19.395165562913906
22.072317880794703
25.454172185430462
27.06728476821192
22.927152317880793
26.702649006622515
22.68980132450331
27.891059602649
31.662516556291397
26.564701986754965
21.039668874172182
25.078013245033112
26.26721854304636
20.56139072847682
23.263509933774834
25.451456953642385
25.68198675496689
20.153245033112583
22.04867549668874
23.168410596026494
25.73615894039735
22.021589403973504
22.584569536423842
17.501456953642386
15.466225165562914
13.88867549668874
17.274172185430466
16.194039735099334
15.846158940397354
13.453708609271525
15.721125827814571
19.029006622516558
14.047682119205296
15.152847682119205
13.218145695364239
11.129205298013245
13.236953642384107
11.683245033112584
15.016225165562915
14.79847682119205
12.789403973509936
16.583576158940396
17.6917880794702
14.476754966887416
15.431258278145695
14.13258278145695
14.727417218543048
16.549139072847684
13.619403973509932
13.008543046357616
19.15629139072848
18.16549668874172
15.257218543046356
8.543178807947019
11.174172185430464
13.7376821192053
16.981655629139077
18.069072847682115
17.885695364238412
16.58609271523179
15.279072847682121
13.291920529801326
14.46834437086093
14.272384105960265
17.658278145695366
18.25708609271523
17.653245033112583
21.694238410596025
19.44569536423841
15.905629139072847
15.424238410596026
19.076754966887417
15.934834437086092
15.018079470198678
14.069470198675495
15.604569536423844
16.460993377483444
15.398807947019867
15.422450331125827
16.566754966887416
21.018807947019866
20.511059602649006
17.799602649006623
13.287880794701985
13.839536423841057
11.228940397350993
11.184834437086092
8.058211920529802
13.312185430463577
9.257549668874171
7.491324503311259
7.861390728476822
7.631920529801324
8.532582781456954
7.789867549668874
9.215364238410595
7.53251655629139
6.438476821192054
10.361920529801324
9.68814569536424
4.901986754966888
5.216291390728476
5.192052980132451
8.834039735099338
6.392251655629139
6.3344370860927155
6.171192052980132
9.174569536423842
12.151192052980132
10.51569536423841
12.24774834437086
9.52754966887417
11.309470198675497
12.663311258278144
11.48364238410596
8.805827814569538
7.846953642384105
7.959668874172184
4.978013245033112
6.872913907284768
6.530331125827814
5.877284768211921
8.754039735099338
8.812384105960266
6.3431125827814565
3.5970860927152306
2.8937086092715236
1.4229139072847683
0.3090728476821191
3.9819205298013243
6.743973509933775
6.548344370860928
7.443509933774833
5.837682119205298
5.405099337748345
9.71271523178808
6.275099337748344
5.398741721854305
2.6710596026490063
0.6403973509933775
0.7235761589403975
3.9618543046357617
1.8510596026490065
3.2895364238410596
2.7032450331125824
5.933046357615894
7.869337748344371
0.9512582781456953
0.6622516556291391
-0.965364238410596
-3.4382781456953637
-4.199470198675496
-4.951854304635762
-0.2869536423841059
0.5049668874172185
2.1807284768211916
6.310198675496689
6.6567549668874175
5.976953642384105
6.161721854304636
7.0201324503311255
-1.1811920529801325
-0.9380794701986755
1.363245033112583
1.2104635761589402
-2.5264238410596027
-5.199867549668874
-2.7824503311258284
-4.539668874172185
-12.071456953642384
-12.635695364238412
-11.782450331125828
-11.93271523178808
-12.341721854304637
-10.480331125827815
-7.175165562913907
-6.959403973509935
-3.460132450331126
-4.5442384105960265
-4.610529801324503
-1.970529801324503
0.5821854304635762
1.4156291390728477
0.26781456953642385
0.06933774834437084
-1.4828476821192051
-0.9435099337748343
-3.123907284768212
-9.661655629139071
-4.333377483443709
-2.52953642384106
-1.92364238410596
-1.3808609271523178
0.8368874172185431
2.16953642384106
2.344172185430464
3.566225165562914
4.211854304635762
5.983509933774834
5.711986754966888
4.570000000000001
4.0122516556291385
3.3952980132450334
1.3421854304635763
0.9013907284768213
-1.0437086092715229
-1.5490728476821192
-1.9423178807947017
-2.2158940397350992
-1.4348344370860926
-1.5117880794701988
1.1149006622516555
0.18059602649006623
-0.6590066225165563
0.43582781456953634
1.7175496688741723
4.599006622516555
6.473973509933776
6.283112582781457
1.223907284768212
-3.8944370860927155
-4.324834437086094
-1.692847682119205
-2.0613245033112584
-3.7577483443708615
-2.188940397350993
-2.362516556291391
0.6725165562913906
0.46211920529801326
-0.32397350993377483
0.6569536423841059
1.0956953642384106
2.1394039735099333
0.5909933774834437
0.3023841059602649
2.8977483443708607
0.9272847682119204
1.2549006622516554
2.58887417218543
3.130662251655629
4.384039735099337
7.263774834437085
8.51046357615894
9.511059602649006
9.271655629139072
9.582913907284768
5.643443708609272
4.310860927152318
5.069470198675496
6.260993377483444
4.556556291390728
13.16774834437086
10.396556291390729
12.279470198675499
11.55317880794702
17.197483443708606
14.595761589403974
12.598278145695366
10.562980132450331
10.7682119205298
5.00317880794702
7.632980132450331
11.295099337748344
12.000728476821193
9.86728476821192
14.966423841059605
17.753443708609275
19.10523178807947
13.997814569536425
9.613509933774834
13.254768211920528
16.80827814569536
20.185430463576157
21.195298013245036
17.25615894039735
14.632913907284767
18.9364238410596
23.260728476821193
21.22046357615894
17.21291390728477
20.21668874172185
12.624900662251655
5.7292715231788085
8.340397350993378
7.814900662251657
12.073973509933776
14.117748344370863
20.020794701986755
18.326092715231788
11.198476821192054
9.234437086092715
9.328543046357614
9.898741721854305
10.573443708609272
10.030596026490066
12.340331125827813
14.35569536423841
16.12052980132451
11.278278145695364
8.075562913907286
9.465827814569538
12.007218543046358
17.566291390728477
19.242913907284763
20.570596026490065
17.207615894039733
13.395496688741723
9.84476821192053
10.929735099337751
15.633311258278146
17.217880794701983
13.550331125827816
14.712516556291389
14.541920529801324
15.431721854304635
16.797549668874172
17.169470198675498
14.655960264900664
15.204437086092714
16.941920529801326
19.53298013245033
15.506026490066228
14.827417218543044
16.484834437086093
12.890066225165564
11.695827814569537
12.238344370860927
10.722582781456955
14.725496688741723
16.175231788079472
15.565562913907282
17.19907284768212
16.12039735099338
14.565099337748343
15.59019867549669
17.182649006622515
20.72470198675497
22.245033112582778
27.75867549668874
29.518476821192053
23.52317880794702
20.8658940397351
23.57635761589404
22.337880794701988
22.471125827814568
25.06980132450331
27.118807947019867
19.927284768211923
18.513774834437086
19.060397350993377
25.22423841059603
21.841523178807947
18.560596026490067
23.669271523178807
25.966688741721857
26.07139072847682
22.62748344370861
18.985496688741723
20.449337748344373
18.093907284768214
18.78867549668874
20.568609271523176
20.43973509933775
19.805960264900662
16.532582781456956
13.226556291390729
14.271523178807946
13.346026490066226
15.492251655629138
18.17973509933775
15.000860927152319
16.497880794701988
13.721986754966887
16.026490066225165
16.035099337748346
13.967019867549666
14.3676821192053
17.011059602649006
18.855099337748346
14.775364238410592
15.374172185430464
18.431721854304637
19.40291390728477
19.637152317880798
22.008344370860925
17.51622516556291
17.779470198675494
26.411523178807947
20.595761589403974
21.016490066225163
22.925827814569537
25.794172185430465
26.812781456953644
20.978476821192054
22.92437086092715
19.31543046357616
15.865364238410596
16.869403973509932
15.408278145695363
16.623377483443708
19.225364238410595
17.672649006622514
23.860264900662248
22.101059602649006
23.844039735099336
25.51086092715232
19.572980132450333
17.01205298013245
17.919403973509933
15.983973509933774
18.19801324503311
17.934238410596027
15.813046357615898
20.709403973509932
19.168145695364238
19.490066225165563
15.175298013245035
20.35814569536424
23.42741721854305
22.089006622516553
18.100728476821192
20.29337748344371
24.959403973509932
23.785695364238414
19.153509933774835
15.410331125827815
13.760331125827815
13.115165562913907
10.982913907284768
10.428543046357616
9.164437086092715
11.833112582781457
13.17092715231788
12.905298013245034
12.688344370860927
12.900198675496691
18.910264900662252
17.78980132450331
12.825298013245032
12.269006622516555
12.38933774834437
18.91900662251656
14.799801324503312
10.393774834437087
9.129735099337749
11.46543046357616
14.852913907284774
17.80258278145695
11.984701986754967
13.117019867549669
14.806158940397347
11.16271523178808
10.73251655629139
9.685430463576159
8.539536423841062
8.183973509933773
8.025960264900663
9.713509933774834
11.935695364238411
12.02980132450331
10.181721854304635
10.803377483443708
11.81225165562914
9.120662251655627
9.738609271523178
7.0272185430463585
6.4393377483443714
6.566026490066226
6.358013245033113
5.433576158940397
3.1078145695364237
5.758675496688742
5.397483443708609
8.057483443708609
7.330728476821192
7.932251655629139
5.952913907284769
4.5284105960264895
9.827549668874173
7.954900662251656
8.517549668874173
7.373443708609271
6.121788079470198
4.808410596026492
3.8161589403973513
4.465894039735099
2.282317880794702
1.4791390728476823
2.1113907284768216
1.3575496688741722
1.9766225165562912
2.2231125827814564
0.7971523178807947
1.2874834437086091
-0.06456953642384104
0.9898013245033115
-0.18966887417218545
3.5277483443708615
1.8549006622516557
-0.7749006622516555
-3.5317880794701986
-5.017814569536424
-2.8127152317880793
1.8392715231788077
0.6044370860927152
-0.4266225165562913
-2.968543046357616
-0.06675496688741722
4.2543046357615895
8.758145695364238
12.417483443708608
10.14245033112583
7.060529801324505
7.0289403973509925
7.79317880794702
3.60364238410596
2.3262251655629136
1.4256291390728475
4.2302649006622515
6.23569536423841
7.9158940397351
7.957814569536424
8.964503311258278
8.606887417218543
6.267880794701987
10.135960264900664
7.008211920529803
6.8106622516556286
9.65
9.900331125827813
5.328874172185431
4.363046357615894
3.655364238410596
3.3639072847682114
4.5440397350993385
3.1673509933774833
3.1757615894039732
3.051059602649006
4.355695364238411
4.026158940397352
4.3681456953642375
3.3719205298013244
3.247086092715232
1.721721854304636
3.0554966887417216
2.60364238410596
1.478543046357616
4.993576158940397
7.894966887417219
6.241854304635761
6.189668874172186
6.4070198675496695
7.718145695364239
4.903907284768212
2.9722516556291385
4.600993377483444
5.579205298013245
5.210860927152317
7.246490066225165
5.526953642384107
7.538874172185429
4.328278145695365
1.2619205298013245
3.4217218543046353
2.8039735099337753
2.608543046357616
1.3756291390728475
2.8625165562913906
4.104238410596026
6.579072847682119
6.129271523178808
2.364635761589404
2.9391390728476816
3.2726490066225162
3.017814569536424
1.8841059602649006
5.676688741721854
3.7457615894039735
0.48960264900662254
-0.8650331125827815
-0.9374834437086093
-0.6587417218543046
1.615496688741722
0.9415231788079469
-0.49556291390728474
0.5470198675496688
1.0268211920529802
0.6343708609271522
1.5109933774834439
0.7154304635761589
1.6805960264900666
0.22185430463576158
2.505364238410596
1.540662251655629
3.5218543046357613
3.2858940397350995
1.719735099337748
2.330198675496689
5.6813907284768215
6.226092715231789
4.529403973509933
4.525629139072849
5.185761589403973
9.036490066225166
9.538344370860928
8.079536423841061
6.77701986754967
6.745033112582782
5.349933774834437
6.000397350993377
4.694370860927153
6.875960264900662
6.638013245033112
12.171192052980132
7.929205298013245
4.004370860927152
9.547880794701987
11.792913907284769
8.837814569536421
6.4978145695364224
12.158940397350994
14.685960264900661
11.278344370860927
5.28317880794702
6.976953642384106
11.871059602649005
15.196754966887415
9.342251655629138
10.166622516556291
14.267483443708608
18.667218543046356
13.575496688741719
18.74933774834437
22.235298013245032
16.26344370860927
14.82430463576159
12.79662251655629
5.771192052980132
8.051523178807948
10.404503311258278
10.610331125827814
13.434437086092714
9.815099337748343
14.845960264900661
17.302649006622516
19.53860927152318
15.15046357615894
14.521192052980131
15.30185430463576
17.240596026490067
18.294900662251656
20.912251655629138
15.933708609271521
21.212649006622517
21.255562913907287
18.502847682119206
22.12059602649007
22.564768211920526
22.23245033112583
22.889801324503313
22.379205298013247
19.911854304635764
14.203907284768212
14.688410596026491
11.703576158940395
11.167086092715232
13.333311258278146
17.949735099337747
20.622715231788078
24.480993377483443
25.91046357615894
25.015231788079472
20.28245033112583
18.32774834437086
18.43569536423841
14.93139072847682
15.34086092715232
14.867814569536424
18.991192052980136
17.327019867549666
14.182052980132449
11.177350993377484
14.743377483443709
15.735894039735104
18.159006622516554
20.87860927152318
17.663245033112585
15.481986754966886
21.555298013245036
24.102185430463578
22.151456953642384
20.504701986754966
21.612185430463573
22.646754966887418
16.57205298013245
13.529867549668873
18.713178807947024
17.33086092715232
14.075827814569536
15.001655629139073
15.833112582781455
19.85370860927152
20.051523178807944
22.98205298013245
23.569337748344367
24.64801324503311
23.08794701986755
17.294370860927152
17.818874172185428
21.982582781456955
24.39867549668874
22.411986754966886
21.25933774834437
20.849933774834437
19.195960264900663
22.767152317880797
25.933112582781455
21.20291390728477
21.094370860927153
15.814834437086093
15.328675496688742
12.84615894039735
15.916821192052977
14.953774834437082
18.86251655629139
22.984370860927154
20.845364238410596
25.125629139072846
28.69119205298013
22.6141059602649
22.202251655629137
27.091125827814572
19.952317880794702
21.466622516556292
19.3382119205298
18.54225165562914
20.703576158940397
25.521854304635763
18.66
16.28317880794702
19.36662251655629
21.010728476821193
23.32543046357616
27.14827814569536
27.97682119205298
26.174503311258274
26.69370860927152
24.369602649006623
25.478476821192054
23.01682119205298
27.636622516556294
26.242913907284766
22.18317880794702
22.629139072847682
26.675629139072846
25.23728476821192
18.558079470198674
17.22543046357616
16.882913907284767
17.472119205298014
18.325099337748345
15.315960264900662
15.950066225165562
17.137748344370863
24.857880794701988
21.29847682119205
18.359602649006625
21.606953642384102
24.360662251655626
16.60907284768212
13.206821192052981
16.7735761589404
17.14887417218543
18.615761589403974
18.8641059602649
19.529602649006623
21.192317880794704
22.95602649006623
19.035298013245033
15.98271523178808
13.00205298013245
11.778344370860928
12.931655629139073
11.868543046357617
14.411655629139071
15.98728476821192
12.953046357615893
13.564701986754967
12.36907284768212
18.05562913907285
14.649006622516556
12.451258278145698
13.361854304635761
17.24880794701987
19.124172185430464
18.577152317880795
14.462317880794705
13.168940397350992
14.016158940397352
15.889867549668873
14.1641059602649
11.640728476821192
13.02543046357616
11.057152317880796
9.919867549668874
9.993774834437085
16.609668874172186
16.412119205298012
8.58635761589404
11.994370860927154
16.486357615894043
15.467152317880798
15.798278145695363
12.61748344370861
13.584238410596027
16.318874172185428
15.172384105960264
11.452781456953641
12.298543046357615
13.314238410596026
9.887880794701989
9.615430463576159
9.586953642384106
9.531721854304637
15.867284768211917
14.282516556291393
10.145894039735099
4.530662251655628
5.733443708609271
6.48251655629139
6.120066225165563
1.4135761589403975
2.959337748344371
3.8690066225165567
4.116688741721854
6.146887417218544
7.307814569536424
7.806622516556293
7.693576158940397
9.954039735099338
11.002384105960266
8.741788079470197
7.046158940397353
8.346887417218543
8.5517880794702
7.969271523178807
7.568741721854305
6.285298013245034
1.415364238410596
-1.500794701986755
-5.239602649006623
-1.7866225165562917
1.4244370860927151
3.8777483443708607
3.775033112582782
4.449403973509934
2.58364238410596
6.078145695364238
3.456158940397352
4.610927152317881
1.9476158940397352
0.9041721854304636
7.179536423841059
5.630662251655629
2.8850331125827813
2.632317880794702
2.8986092715231786
4.7299999999999995
8.06953642384106
7.912847682119207
4.945496688741722
4.804900662251655
4.994701986754968
2.0188741721854306
-1.7432450331125828
-1.523907284768212
2.266291390728477
6.437152317880795
2.752384105960265
2.8897350993377486
5.487417218543046
5.944768211920531
7.520596026490067
5.905629139072848
6.685761589403973
6.271258278145695
6.824105960264901
7.803708609271522
4.682715231788079
3.2082781456953637
5.186754966887417
5.9077483443708605
3.851721854304636
3.0580132450331123
3.321655629139073
3.4488741721854304
3.7741721854304644
7.6341059602648995
8.210728476821194
6.617086092715232
4.717947019867549
6.895629139072848
7.235298013245033
6.79
4.4956953642384105
4.981523178807947
3.965960264900662
3.2235099337748343
3.348344370860927
1.0434437086092714
3.307218543046358
5.122715231788079
3.99364238410596
2.4157615894039735
1.5121192052980132
4.507682119205299
4.559072847682119
1.213112582781457
0.6294039735099337
1.4196026490066227
3.1381456953642384
3.669403973509933
0.862384105960265
0.49781456953642395
-0.24973509933774835
1.0425827814569537
5.738741721854304
7.727417218543048
6.4796688741721855
5.885629139072848
4.552450331125827
3.0072185430463576
3.5453642384105954
4.458079470198675
4.349801324503311
3.2554304635761593
4.486490066225166
4.091258278145695
7.355827814569537
10.710728476821194
10.56317880794702
5.625894039735099
3.632384105960265
4.51158940397351
4.530728476821192
6.7780794701986755
4.521390728476821
2.5378145695364243
3.1988079470198674
4.215629139072848
5.422317880794702
7.909735099337749
7.100198675496688
9.381721854304635
16.032781456953643
16.13026490066225
8.89682119205298
8.77324503311258
12.706291390728477
14.238940397350992
9.338807947019866
9.855629139072848
7.589470198675498
6.582913907284769
8.989006622516555
8.38344370860927
6.172185430463577
9.665165562913907
8.552317880794703
6.257284768211921
10.504900662251655
8.300529801324505
6.920132450331126
9.348410596026492
13.56655629139073
18.374701986754967
21.102185430463578
13.916490066225165
19.638807947019867
18.29013245033113
11.99
4.951456953642385
3.3958278145695364
4.038079470198675
1.9411258278145695
8.419403973509933
7.99251655629139
10.341390728476823
12.912847682119205
12.85953642384106
17.23615894039735
17.98284768211921
12.320066225165563
11.965827814569538
7.360198675496689
10.014834437086092
8.114172185430464
9.298874172185432
6.406887417218543
10.141986754966885
11.907152317880795
9.277880794701987
8.465960264900662
15.561390728476825
17.492384105960266
12.234768211920528
5.154370860927152
4.0370860927152314
9.689072847682121
10.425960264900663
15.090264900662252
17.437350993377482
19.364172185430462
18.843509933774836
21.76927152317881
14.634900662251654
11.286225165562914
16.42993377483444
21.626754966887418
15.145960264900662
14.399205298013243
12.852384105960263
13.42344370860927
14.113443708609275
17.975165562913908
20.595165562913905
21.539668874172182
22.94841059602649
25.00384105960265
24.403112582781457
22.40788079470199
20.20092715231788
22.791721854304633
24.14112582781457
24.4112582781457
25.154768211920533
21.024768211920527
22.85105960264901
21.256026490066223
21.273708609271523
14.397682119205296
17.858741721854305
13.632052980132448
13.612450331125828
11.833774834437087
12.82092715231788
14.414966887417217
12.572715231788079
14.293774834437087
17.141986754966887
22.428675496688744
17.1823178807947
20.56112582781457
21.488476821192048
21.69278145695364
22.009337748344368
20.409072847682122
22.842582781456954
23.436291390728478
23.939933774834437
25.532649006622517
26.982649006622516
19.389470198675497
21.221192052980133
21.074768211920528
24.84701986754967
26.13476821192053
24.647152317880792
16.580463576158937
17.746291390728477
18.116887417218546
20.907682119205294
16.83794701986755
14.569933774834434
21.288278145695365
27.119337748344368
28.77284768211921
28.94708609271524
25.09072847682119
21.10966887417219
20.896158940397353
20.309337748344372
22.93841059602649
22.052317880794707
15.896490066225171
15.792847682119207
17.370596026490066
18.134768211920534
17.6905298013245
17.487880794701987
23.208278145695363
25.28860927152318
28.261456953642387
25.966622516556292
26.426754966887415
24.374701986754967
24.193907284768212
21.27225165562914
21.054105960264902
23.80887417218543
22.90251655629139
16.74675496688742
14.808079470198676
14.02132450331126
17.411986754966886
18.968675496688743
22.700264900662255
24.233377483443707
23.661192052980134
21.516490066225163
21.711192052980135
24.35430463576159
23.455165562913912
20.764900662251655
23.53708609271523
24.11913907284768
27.71960264900662
31.73066225165563
22.590794701986756
22.789867549668873
26.405827814569534
27.811788079470205
30.18238410596027
27.111324503311256
21.190264900662253
22.93211920529801
17.214238410596028
15.823973509933776
17.022317880794702
11.745430463576158
13.789801324503312
18.09251655629139
21.40417218543046
17.881258278145694
14.948344370860926
12.06907284768212
15.906026490066228
16.044966887417218
19.158940397350992
21.460860927152318
22.474437086092713
22.27880794701987
20.844768211920528
20.31298013245033
20.846490066225165
15.998211920529801
16.94953642384106
15.592185430463577
17.7082119205298
22.565364238410595
25.57006622516556
24.013973509933777
22.671920529801326
24.303311258278143
24.251258278145695
17.45046357615894
13.88635761589404
16.58437086092715
16.09609271523179
12.49364238410596
13.628079470198674
12.344701986754968
12.398079470198676
12.670596026490067
11.386158940397353
12.370331125827816
14.277350993377482
17.073973509933776
11.808211920529802
8.995231788079469
8.173509933774833
7.869999999999999
9.127880794701987
10.320331125827817
11.825562913907284
11.960529801324503
11.429735099337748
10.48933774834437
12.21615894039735
15.40132450331126
17.04251655629139
15.285827814569535
12.492649006622516
18.517549668874175
20.096490066225165
20.434370860927153
17.25198675496689
15.856423841059604
17.635695364238416
18.376158940397353
17.740066225165563
11.613973509933773
14.29390728476821
11.578476821192053
11.69728476821192
13.290331125827814
10.669006622516557
9.545562913907286
7.944966887417219
6.104768211920529
5.2215894039735105
6.033576158940397
7.380529801324504
7.3339072847682125
10.05066225165563
11.510132450331128
9.813509933774833
8.338013245033112
7.023245033112584
4.675033112582782
4.154768211920529
4.01794701986755
5.36384105960265
8.627152317880794
8.107218543046358
5.815827814569537
0.34470198675496694
1.8352317880794702
-0.5134437086092716
0.5290728476821193
3.4811258278145694
4.701390728476821
2.187218543046358
1.0716556291390729
2.1098013245033114
3.6267549668874173
5.413576158940398
3.9591390728476816
3.004701986754967
2.116092715231788
4.0766887417218545
0.09999999999999998
1.604437086092715
0.29092715231788085
-1.8153642384105964
0.9729801324503312
6.599668874172186
10.105562913907283
9.185960264900663
14.205562913907288
13.75298013245033
10.943642384105962
10.633443708609272
8.752384105960266
11.566754966887416
10.910529801324504
6.361192052980132
6.519337748344371
8.584503311258276
4.6401324503311265
0.027483443708609275
-2.2696688741721855
-2.507152317880795
-2.003245033112583
-1.8507947019867552
-1.1196688741721854
-1.0315231788079469
-1.7310596026490066
-1.1710596026490065
-0.636092715231788
-0.820794701986755
-0.3865562913907285
-0.7407284768211921
1.466092715231788
1.7569536423841061
1.869205298013245
4.543907284768211
0.31
2.228543046357616
3.318543046357616
6.799337748344373
7.55046357615894
3.505562913907285
2.4537086092715232
3.371258278145696
6.701456953642385
5.847218543046358
7.349602649006623
6.248344370860927
10.054370860927152
7.422582781456954
5.205960264900662
7.7694701986754975
4.781788079470198
6.100331125827814
8.984966887417219
8.831589403973512
7.695761589403975
10.365695364238409
7.078344370860926
10.096754966887419
10.974503311258278
11.16364238410596
12.653245033112585
5.55635761589404
4.964304635761589
5.561192052980132
3.886754966887417
2.0068874172185427
4.949205298013246
2.8244370860927153
2.705364238410596
5.110860927152318
8.817682119205298
11.347947019867549
14.64615894039735
14.051192052980133
13.548940397350993
14.317483443708607
15.981721854304638
13.559006622516558
10.211788079470198
2.5882119205298015
6.320662251655629
7.331721854304637
1.7779470198675498
3.214172185430464
3.7286754966887417
4.7136423841059605
6.331523178807947
8.864900662251657
12.013112582781456
9.001324503311258
9.314701986754967
16.00682119205298
12.73456953642384
10.8441059602649
11.623377483443708
13.695099337748344
15.760264900662253
18.060993377483445
18.450066225165564
18.168211920529806
11.779999999999998
12.781456953642385
13.859470198675496
10.781589403973511
10.369403973509934
6.75662251655629
6.063774834437087
7.119735099337748
4.396821192052981
8.511986754966886
12.594238410596027
16.14754966887417
18.66900662251655
17.868807947019864
12.52662251655629
6.880927152317881
6.595960264900662
8.955165562913907
8.575496688741723
6.994900662251656
8.159403973509935
10.572185430463577
9.294834437086093
10.757019867549669
11.268675496688742
9.807682119205298
6.958807947019867
7.678211920529804
8.271920529801324
8.749072847682118
9.787086092715231
13.587218543046355
15.317483443708607
14.79860927152318
11.377483443708611
11.617682119205298
11.607086092715232
16.095364238410593
10.11158940397351
9.443973509933775
15.542715231788078
19.042913907284767
22.123576158940395
22.434238410596024
20.947880794701987
22.645430463576158
24.10119205298013
24.526357615894035
23.561721854304636
20.943841059602647
21.145827814569532
21.52860927152318
16.032450331125826
15.545165562913905
15.152384105960266
14.96860927152318
19.455562913907283
20.238807947019872
19.27251655629139
14.509072847682122
18.38086092715232
20.04013245033113
20.428675496688744
20.04139072847682
22.411324503311256
18.445960264900663
12.175298013245033
14.56112582781457
16.14092715231788
11.644834437086091
16.61205298013245
19.207748344370863
21.355629139072846
24.39291390728477
17.38920529801324
16.09072847682119
14.334966887417218
16.252913907284768
17.27841059602649
14.095430463576157
12.910000000000002
13.550728476821192
11.731655629139073
13.573178807947022
14.463046357615895
13.467086092715231
12.871258278145694
13.877682119205296
17.852715231788082
21.328807947019868
21.168476821192055
23.870463576158944
18.583443708609273
19.150993377483445
17.384370860927156
16.448476821192056
19.97271523178808
21.98649006622517
27.278211920529802
25.941854304635765
24.531059602649005
26.45973509933775
25.016158940397354
18.80562913907285
17.14245033112583
15.178675496688738
18.774503311258275
16.908476821192053
14.751059602649006
15.548013245033113
19.726490066225164
19.311986754966885
15.60609271523179
18.38721854304636
24.65788079470199
23.525761589403977
19.913245033112585
23.6558940397351
26.804900662251658
19.05059602649007
15.022516556291388
19.5764238410596
24.89754966887417
26.414039735099337
21.9982119205298
18.757615894039734
18.119668874172188
18.480860927152317
23.90503311258278
26.200264900662255
29.768145695364236
24.298278145695363
25.751721854304634
28.33026490066225
29.56450331125828
28.884503311258275
30.53509933774834
32.14887417218543
30.904105960264904
21.434172185430466
18.392317880794703
21.03708609271523
23.702119205298015
20.988079470198674
25.4723178807947
30.809337748344372
28.322185430463573
24.161589403973508
23.368807947019864
19.090860927152317
17.63384105960265
16.68145695364239
19.377682119205296
19.240132450331128
13.289403973509932
17.563973509933774
20.45721854304636
25.42483443708609
26.942119205298013
23.07251655629139
24.642781456953646
27.02403973509934
28.029470198675494
25.392317880794703
19.821059602649008
12.200993377483442
17.111721854304637
14.900066225165562
16.357152317880796
14.530662251655627
15.419867549668872
12.468741721854306
15.867615894039737
14.741523178807949
11.312582781456953
15.178543046357616
15.980397350993377
15.779735099337747
17.718278145695365
13.393774834437085
15.467417218543046
16.243907284768213
14.002649006622518
17.343112582781455
11.715099337748345
10.828278145695364
11.224701986754967
14.656092715231786
11.796688741721855
11.229072847682119
11.842649006622517
11.487350993377481
13.55112582781457
17.213046357615895
17.83205298013245
16.27887417218543
15.215165562913908
16.880596026490068
13.364966887417216
12.143973509933774
15.016092715231787
14.99198675496689
9.02887417218543
11.460529801324503
11.844966887417218
15.394238410596028
21.103311258278143
19.874304635761593
21.930066225165568
22.39794701986755
18.755298013245035
16.949470198675495
15.507748344370862
18.13337748344371
14.04708609271523
9.956423841059603
9.578013245033112
12.999403973509933
12.347350993377482
15.223245033112583
11.912384105960264
10.31907284768212
10.02980132450331
8.831655629139073
8.761192052980133
9.600331125827815
9.241324503311258
7.193774834437086
6.20430463576159
3.931721854304636
2.785894039735099
4.131456953642385
4.913907284768212
4.379602649006624
6.683973509933775
5.736026490066225
7.4078807947019865
8.615960264900663
7.615496688741723
8.901523178807947
8.871854304635763
7.776688741721853
10.960662251655629
9.444039735099338
4.782649006622517
6.9722516556291385
4.409536423841059
2.869139072847682
1.5895364238410599
2.4593377483443706
3.901721854304636
4.330927152317881
5.435165562913908
2.5980794701986754
3.4036423841059604
1.2260264900662252
-1.1051655629139072
1.363245033112583
2.43158940397351
4.095761589403974
2.430927152317881
0.29602649006622517
-0.12390728476821193
-1.8778807947019864
1.3023841059602648
0.564635761589404
-0.40264900662251657
0.8905298013245033
1.1220529801324504
0.7609271523178809
-2.293907284768212
-1.9622516556291392
-1.2095364238410595
-1.7066225165562914
-2.2200662251655627
-0.3509933774834437
1.0214569536423839
2.2703311258278145
3.854503311258278
2.477748344370861
0.9866225165562915
2.5659602649006623
4.237350993377484
2.2343708609271524
9.27933774834437
8.837086092715232
4.27701986754967
