-0.3303738317757009
-2.1895794392523364
-3.235654205607477
-1.6809345794392525
1.2013084112149532
1.4402803738317758
1.3823831775700934
0.2145794392523364
-0.529252336448598
-2.487943925233645
-5.299392523364486
-7.644532710280374
-4.27322429906542
-4.017990654205607
-4.658084112149532
-3.430607476635514
-2.955046728971962
-2.432429906542056
-0.3186915887850467
-1.9529439252336447
-1.3145327102803737
2.653504672897196
1.9564018691588783
1.6439252336448598
1.6358411214953268
0.41079439252336447
-0.6169626168224299
-3.7084112149532715
-0.6600467289719627
4.208598130841121
6.2905140186915895
5.699112149532711
3.152616822429907
3.5061682242990653
4.766635514018692
6.0352336448598125
5.625654205607476
5.115
5.74714953271028
9.191635514018692
7.397897196261683
4.949018691588785
3.3721962616822436
3.5968224299065423
5.050747663551403
3.3397196261682245
4.920794392523364
4.224439252336449
2.3571962616822426
2.6330373831775704
5.724579439252336
8.559158878504673
8.458130841121495
9.193551401869158
8.713504672897196
9.48911214953271
8.810467289719627
3.222943925233645
-0.28775700934579435
3.1679906542056075
5.032196261682244
3.5469626168224297
2.361261682242991
0.15457943925233647
2.6117289719626173
4.164859813084112
6.282476635514018
7.869252336448598
7.490887850467289
4.735467289719627
3.676214953271028
5.164906542056075
3.593411214953271
4.935981308411215
5.997663551401869
8.684859813084111
8.720186915887849
7.156355140186916
2.149626168224299
-1.6192990654205606
0.32406542056074766
5.838504672897196
7.38588785046729
3.005981308411215
10.097102803738316
8.510981308411214
9.695093457943925
13.733177570093458
9.975794392523365
6.288551401869159
9.600467289719626
11.721121495327104
9.987056074766357
3.108971962616822
2.5693457943925235
4.669439252336449
6.9298130841121495
10.395420560747663
6.726822429906542
5.683084112149532
4.126728971962616
7.171448598130842
12.05126168224299
15.051214953271028
17.885186915887846
19.2938785046729
20.15467289719626
19.795841121495325
12.18163551401869
7.3669158878504675
3.0491588785046733
5.968130841121495
5.957009345794393
6.464532710280373
6.540981308411215
3.7279906542056085
7.139205607476634
8.760794392523364
8.36285046728972
10.02448598130841
14.926214953271028
15.592897196261683
11.727523364485982
10.623364485981309
8.977803738317757
10.05943925233645
15.25140186915888
12.935280373831773
10.028037383177573
11.424626168224298
14.432710280373833
17.305093457943926
18.993317757009347
16.97009345794393
14.6396261682243
12.191308411214951
13.505654205607478
16.054579439252336
18.09523364485981
18.877196261682244
20.059532710280372
20.206121495327096
12.987990654205609
14.679205607476637
11.950467289719626
11.411962616822429
17.852663551401868
21.391168224299065
17.500233644859815
18.46565420560748
12.195093457943925
14.379766355140188
12.480560747663553
14.75247663551402
16.626355140186917
20.35294392523365
22.714719626168222
24.07051401869159
19.576682242990653
19.363831775700937
18.99266355140187
17.845934579439252
18.418831775700934
21.550607476635513
24.67219626168224
27.026915887850464
20.930981308411212
18.257056074766357
16.76322429906542
15.368691588785047
16.370420560747664
14.168831775700935
13.411308411214955
14.336168224299064
15.352757009345794
14.439766355140186
13.254859813084112
14.38172897196262
14.746214953271028
11.159205607476634
12.69429906542056
14.836728971962618
13.491635514018691
13.32766355140187
15.309626168224298
17.54285046728972
16.218598130841123
18.65948598130841
16.73448598130841
15.669485981308414
15.602616822429907
14.564579439252334
13.641168224299065
12.962710280373834
12.048878504672897
14.80728971962617
14.784345794392523
13.219906542056076
14.007149532710283
16.466869158878502
14.490186915887849
15.690233644859813
14.06873831775701
16.309813084112147
21.596168224299063
24.364485981308416
25.037570093457948
26.10341121495327
24.915467289719626
24.121775700934577
23.651635514018697
18.752803738317755
20.68635514018691
23.547943925233646
27.71303738317757
26.754859813084117
23.980467289719623
20.70644859813084
18.711775700934577
23.487009345794394
21.503504672897197
17.504252336448598
19.12392523364486
22.412196261682244
18.482757009345793
17.797897196261683
21.084299065420566
24.959579439252334
25.858457943925234
24.397943925233644
23.332336448598134
19.52102803738318
19.08214953271028
18.21299065420561
14.032943925233646
11.490700934579438
12.209392523364487
15.012429906542055
19.67266355140187
22.596261682242993
21.41383177570093
21.44415887850467
18.064766355140186
14.859626168224299
13.82014018691589
17.441355140186918
20.58757009345795
22.71247663551402
20.091168224299068
15.95682242990654
20.058364485981308
22.007897196261684
16.092710280373833
12.739205607476634
13.835186915887848
16.20481308411215
14.388691588785049
12.68700934579439
14.76051401869159
18.991355140186915
18.081728971962615
18.4657476635514
22.579906542056076
24.790841121495326
23.21476635514019
22.381401869158875
16.781355140186918
19.630373831775703
14.212897196261684
14.98714953271028
16.51911214953271
17.79556074766355
17.737429906542058
14.909953271028037
13.417943925233645
12.545327102803737
13.339719626168224
13.739579439252337
11.885000000000002
10.152102803738318
12.190654205607478
9.459345794392524
7.843411214953271
7.013551401869159
7.04
8.119859813084112
5.882616822429907
7.7649065420560754
8.89626168224299
11.20177570093458
13.195654205607475
8.708691588785046
7.131775700934579
7.247990654205606
9.986121495327101
12.159439252336448
9.449579439252336
9.133457943925233
8.715
7.530794392523364
10.45981308411215
16.1653738317757
12.598831775700933
7.412710280373832
5.015841121495327
2.9761682242990655
-1.9003738317757006
-4.066401869158878
-4.162196261682243
-3.321822429906542
-1.9451869158878503
-0.4757476635514018
1.6910747663551402
1.942102803738318
-0.2238785046728972
-0.3644859813084111
1.0453271028037383
2.655
2.492383177570093
7.558130841121495
9.767570093457945
10.313130841121497
9.891869158878505
5.4396261682243
10.116542056074769
10.246355140186916
9.655560747663552
11.011214953271026
10.478317757009348
7.662710280373831
4.9059345794392515
0.935373831775701
-0.008130841121495336
-0.39556074766355137
-1.5452803738317755
-3.7259345794392527
-6.589672897196262
-2.249158878504673
-1.5477570093457944
-0.06621495327102801
0.49275700934579436
-5.496355140186916
-5.699205607476636
-3.4076635514018694
-1.1605140186915885
1.8553738317757007
2.630841121495327
4.337056074766355
7.5531775700934585
8.83317757009346
3.3571495327102805
1.2453738317757008
-0.3672429906542057
-0.4802336448598131
0.6078504672897196
2.0779906542056072
2.084252336448598
7.5318224299065415
8.172429906542057
7.7128504672897185
4.203177570093458
0.0981308411214953
-0.6340186915887851
0.4624299065420561
1.8773364485981308
2.200981308411215
1.9607943925233646
2.0926635514018694
5.940700934579439
2.9408878504672895
-0.1110747663551402
-1.9793925233644862
-3.663971962616823
-5.692990654205607
-2.5102336448598135
-0.48186915887850457
-0.9267757009345795
-3.2464018691588787
-1.5289252336448598
-2.100747663551402
-0.26593457943925236
-1.955607476635514
1.355233644859813
0.536822429906542
1.2577102803738316
-0.18869158878504672
-2.3552803738317762
-1.829392523364486
-0.6915887850467289
0.5896261682242991
0.7162149532710279
0.7789719626168223
-1.0735514018691588
0.23799065420560747
0.7205607476635514
2.1860280373831777
2.6753738317757008
2.6293925233644853
3.7210747663551405
2.2605140186915893
1.3536915887850465
0.07107476635514015
2.782757009345795
5.625327102803737
5.868177570093458
5.547289719626168
3.557242990654206
1.7346728971962615
-1.4055140186915887
-2.636728971962617
-2.202803738317757
-1.5346261682242992
0.3638317757009345
-0.06303738317757003
-1.5068224299065422
-3.283411214953271
-3.1204205607476636
-2.9380841121495327
-1.6987383177570092
-1.777429906542056
-0.4527570093457943
0.2857476635514019
2.4331775700934575
3.177102803738318
1.9854205607476636
3.4753738317757006
4.1586448598130845
3.3461214953271026
1.723878504672897
0.10742990654205609
3.9242056074766354
8.94392523364486
9.386915887850465
10.990233644859815
11.02266355140187
14.30841121495327
11.571168224299065
10.29696261682243
6.165981308411215
8.326448598130842
7.172850467289719
3.48677570093458
2.6143925233644856
4.9782710280373825
10.23696261682243
14.31140186915888
15.654345794392523
8.547102803738317
12.024158878504673
16.26070093457944
13.264859813084112
13.1292523364486
15.052009345794392
14.477757009345794
16.369112149532715
15.569859813084111
19.267943925233645
16.82967289719626
17.642757009345793
11.407710280373836
6.034859813084111
11.114719626168226
18.676121495327102
14.604485981308414
15.858317757009345
18.56196261682243
19.931682242990657
20.485280373831777
17.835654205607476
16.788317757009345
18.33803738317757
12.02785046728972
5.237429906542056
5.448037383177571
3.818878504672897
7.4927570093457945
7.896121495327103
5.687616822429907
3.378738317757009
7.850654205607476
13.341121495327103
17.435233644859814
10.540186915887853
6.500934579439251
5.863691588785047
9.197990654205608
7.9392056074766355
7.309672897196261
7.1721962616822434
6.864953271028037
8.14102803738318
8.671121495327101
17.465093457943922
17.923271028037384
22.298785046728973
24.28967289719626
23.83233644859813
21.03929906542056
19.92481308411215
15.383878504672895
16.856869158878503
20.095420560747662
13.711728971962618
17.833598130841118
22.54841121495327
25.22822429906542
25.615373831775702
18.95177570093458
17.610654205607478
14.094112149532707
12.350140186915887
14.388878504672899
11.119252336448598
13.99504672897196
14.838971962616823
19.77495327102804
24.615654205607473
24.69172897196262
27.874158878504673
20.751308411214957
14.328130841121494
17.56121495327103
19.87219626168224
20.919859813084113
22.376401869158876
19.304532710280373
17.711401869158877
21.242056074766353
18.880654205607478
17.92406542056075
22.261028037383177
25.140700934579442
19.526401869158878
11.940934579439254
9.373691588785046
9.69233644859813
12.402803738317756
12.697336448598131
14.82789719626168
18.345700934579437
18.65443925233645
20.211028037383176
18.11014018691589
21.199719626168225
23.16943925233645
20.334579439252337
13.403785046728974
17.91
20.63682242990654
18.511728971962615
17.305934579439253
19.73079439252336
22.124299065420562
23.24532710280374
25.869579439252337
26.706495327102807
27.32457943925234
23.509205607476634
20.24004672897196
19.420233644859813
19.173644859813084
16.656214953271025
19.21266355140187
18.15378504672897
13.388644859813084
12.60644859813084
14.63317757009346
15.109439252336449
18.841728971962617
15.82448598130841
17.131121495327104
12.054532710280375
14.088084112149534
16.259719626168224
16.921542056074767
21.062336448598128
19.124672897196263
21.383738317757004
21.35453271028037
24.651682242990656
24.345233644859814
26.528084112149532
27.479112149532703
27.798411214953273
26.91710280373832
21.024439252336446
20.10322429906542
16.937570093457946
15.383831775700935
19.84392523364486
23.10883177570093
24.77023364485981
25.591869158878502
20.72906542056075
15.405654205607474
18.390046728971964
15.830700934579436
13.278364485981308
15.293644859813085
12.633831775700935
14.18163551401869
16.706401869158878
17.095887850467292
16.15607476635514
15.23855140186916
15.613504672897196
15.603971962616823
17.397757009345796
18.391635514018695
17.601775700934578
17.88878504672897
17.03602803738318
18.214953271028037
19.34785046728972
21.408317757009343
22.153317757009347
20.76616822429907
20.535046728971963
20.87635514018692
21.782523364485982
19.611682242990653
16.91023364485981
14.037850467289722
16.090700934579438
15.580233644859813
16.827429906542054
19.41672897196262
15.749719626168224
19.053691588785046
19.220934579439252
22.20079439252336
16.56392523364486
16.44233644859813
16.054065420560747
18.165420560747666
14.827943925233646
10.656355140186916
13.441308411214953
16.156869158878507
16.34827102803738
14.35285046728972
11.662149532710282
11.539906542056075
11.372149532710282
19.190046728971964
15.004626168224299
13.237757009345795
16.937429906542057
12.239859813084111
10.332242990654205
4.817102803738319
5.205186915887851
6.96929906542056
5.275794392523364
6.971495327102804
7.738177570093458
11.948504672897199
10.02158878504673
9.128644859813082
7.258785046728972
5.25303738317757
4.62518691588785
3.4516355140186916
4.037196261682243
7.734626168224299
5.80841121495327
6.681401869158879
8.693411214953272
7.827429906542057
12.477897196261683
11.90070093457944
11.740093457943926
11.711121495327104
10.685654205607477
9.27359813084112
6.540841121495327
3.2988785046728974
0.6845794392523364
-0.07906542056074774
2.2858411214953267
-1.118271028037383
2.754485981308411
5.239579439252337
3.9129439252336455
1.6504672897196262
1.8260747663551404
2.4935981308411215
7.669392523364486
9.750654205607479
11.607336448598131
11.310467289719627
11.089345794392523
10.457897196261683
8.811728971962618
0.6220560747663552
1.9790654205607479
3.5434579439252336
3.002476635514018
2.2526635514018696
2.1430841121495323
0.7782710280373832
0.06663551401869162
-0.9139252336448599
2.197242990654206
0.4559813084112149
0.11060747663551403
1.0317289719626168
2.835233644859813
1.975093457943925
-1.0980373831775703
-0.6696728971962617
-1.224392523364486
-6.30107476635514
1.4154205607476638
0.8685046728971964
-6.617056074766356
-8.357943925233645
-3.972663551401869
-7.633971962616822
-6.0879906542056075
-5.123317757009345
0.17163551401869162
-0.48233644859813085
-1.1905607476635516
-0.6956542056074768
-1.1085046728971963
-3.142476635514018
-0.895
2.6324299065420558
4.497897196261682
5.998457943925234
5.600514018691589
3.794392523364486
7.177897196261683
7.690794392523364
7.264766355140186
6.682289719626168
-7.712102803738318
-8.893084112149532
-8.450514018691589
-9.336261682242991
-5.420186915887851
-5.362009345794393
-7.067616822429906
-6.6546261682243
0.5214018691588785
2.1991588785046727
1.6857476635514024
0.0897196261682243
2.253504672897196
1.5528971962616822
-0.8662616822429906
0.17252336448598132
0.10084112149532713
0.0694392523364486
-0.5179906542056075
0.9603738317757009
1.2355607476635513
-0.18943925233644857
2.140981308411215
5.937803738317757
4.457616822429907
1.2501869158878505
0.11070093457943929
0.7383644859813085
2.430233644859813
3.5083644859813083
2.6187383177570096
4.816308411214954
5.14607476635514
4.050327102803738
7.257570093457943
8.960841121495326
7.115934579439252
8.269766355140186
3.0678504672897193
3.2257476635514015
-0.026682242990654245
1.971682242990654
1.327570093457944
-2.6628037383177565
1.1964953271028038
2.3535046728971962
3.400420560747664
-1.2077102803738318
-0.3935514018691589
-1.1054205607476635
1.3528504672897197
2.427850467289719
2.8118691588785047
7.59696261682243
4.928271028037383
7.680093457943925
7.731588785046728
3.8012149532710278
4.121542056074766
3.9124766355140186
6.9682242990654215
3.8568691588785042
5.8244392523364485
4.577523364485981
4.286869158878504
2.755981308411215
4.686728971962616
8.826962616822431
5.56144859813084
3.0158878504672892
5.8711214953271025
3.698224299065421
2.801355140186916
5.130140186915887
6.586869158878504
5.9077570093457945
9.941822429906543
12.15373831775701
14.239439252336448
16.887056074766356
12.07406542056075
10.666495327102805
6.206915887850466
4.935654205607476
14.76373831775701
15.147850467289722
10.278411214953271
13.704065420560749
17.304579439252336
18.847429906542057
9.421962616822428
9.437429906542057
3.374672897196262
4.050981308411214
2.9102803738317755
3.113411214953271
3.6460747663551407
7.433084112149533
10.839579439252336
13.271308411214953
10.66943925233645
10.254532710280374
11.527102803738316
12.064626168224297
12.223457943925233
12.633317757009348
12.7296261682243
8.474392523364486
11.69532710280374
10.39443925233645
10.789813084112149
8.618878504672896
6.608551401869159
6.1041588785046725
7.336448598130841
6.999532710280374
12.83088785046729
11.324579439252334
9.609626168224299
12.699672897196264
8.43051401869159
13.023177570093457
14.739158878504675
11.684205607476637
11.343831775700934
15.717710280373833
18.469205607476635
20.45644859813084
22.613691588785045
24.456308411214952
20.380700934579437
21.64948598130841
18.25242990654206
21.636074766355144
17.440981308411214
16.115560747663555
15.26107476635514
13.36196261682243
17.53948598130841
22.87107476635514
25.397056074766358
18.16065420560748
17.19018691588785
20.34822429906542
24.775747663551403
27.1557476635514
28.39228971962617
29.080981308411214
29.554252336448602
29.014252336448603
25.03630841121495
24.554158878504673
23.901401869158878
20.762242990654205
21.687943925233643
17.218878504672897
16.133738317757008
12.309485981308411
12.268785046728974
12.426728971962618
13.317383177570093
16.592102803738317
18.7003738317757
15.70803738317757
17.045794392523366
19.044672897196264
21.50593457943925
19.167897196261684
16.500467289719623
22.742990654205606
19.9931308411215
17.72439252336449
16.743504672897195
16.159532710280374
17.146728971962617
18.068831775700936
23.776028037383178
25.16836448598131
17.390233644859816
17.95280373831776
19.66200934579439
20.134392523364486
23.923878504672896
26.965934579439256
25.082336448598134
27.01813084112149
26.54775700934579
26.660420560747664
27.987102803738317
29.043411214953267
25.990607476635514
21.989205607476638
22.203785046728974
20.531448598130847
25.759999999999998
27.034345794392525
20.581355140186915
18.856401869158876
20.65911214953271
21.8796261682243
16.194626168224296
17.10322429906542
18.404859813084112
24.823457943925234
26.448785046728972
27.322616822429907
26.357663551401874
27.897897196261685
27.32677570093458
22.076495327102805
22.134345794392523
22.203084112149533
22.018878504672898
21.916775700934583
21.463504672897198
20.36214953271028
22.75144859813084
27.520373831775704
22.209299065420556
20.096775700934582
24.124018691588784
22.814813084112146
19.627242990654214
22.84205607476635
19.022009345794395
15.238971962616825
14.923084112149532
17.827056074766354
19.392289719626163
18.264766355140186
17.253084112149534
22.306121495327105
18.44714953271028
19.178037383177568
20.837710280373834
21.694579439252333
18.872383177570093
15.142897196261684
14.823364485981308
19.557149532710277
24.034299065420562
26.35556074766355
21.773271028037385
19.064999999999998
20.104205607476633
21.270934579439256
23.541214953271027
23.920981308411214
23.946728971962614
23.15677570093458
23.673037383177572
26.450887850467286
26.7568691588785
26.956869158878508
25.44023364485981
24.17546728971963
24.47439252336449
21.90205607476635
17.022102803738317
13.74481308411215
17.35803738317757
19.015093457943923
22.77514018691589
16.81228971962617
18.972476635514017
20.095046728971962
16.428691588785046
13.758364485981309
17.98766355140187
16.852383177570093
15.61018691588785
12.740607476635512
12.1453738317757
10.189205607476634
9.380887850467289
8.832383177570092
9.581074766355142
10.177570093457945
9.741401869158878
10.701355140186916
10.19093457943925
9.196308411214952
8.876355140186917
8.619579439252337
11.86728971962617
12.43429906542056
12.544439252336446
12.855747663551403
15.412850467289722
14.097102803738316
9.955000000000002
9.004299065420561
10.73878504672897
11.132616822429908
12.040280373831775
8.963598130841122
8.170233644859813
8.570046728971963
11.976495327102803
14.047009345794391
11.389485981308411
10.00841121495327
8.495233644859812
5.556401869158879
7.50196261682243
12.310467289719623
12.968271028037384
10.520700934579441
11.709018691588783
8.674158878504672
8.505514018691589
4.709906542056075
3.416308411214953
1.473504672897196
2.684626168224299
8.907663551401868
8.774392523364485
6.685280373831776
6.359579439252336
7.422056074766354
11.084532710280374
10.83411214953271
7.7266355140186915
6.620467289719626
5.122523364485981
3.8679439252336447
2.4502803738317755
0.6404672897196262
0.5877570093457946
3.006495327102803
2.505981308411215
2.09088785046729
2.2333644859813084
2.9219626168224297
5.158691588785047
9.528177570093456
6.162710280373832
8.936495327102804
2.5963084112149533
1.6163084112149533
0.8664018691588784
-0.5219626168224298
6.998971962616824
8.816448598130842
3.1646728971962617
0.3072429906542056
-0.7899532710280375
4.856168224299067
2.7301401869158877
2.1440654205607474
0.5394392523364486
-1.6501401869158878
0.2542523364485981
1.7131308411214952
4.972803738317757
4.042803738317757
1.6928504672897196
1.5710280373831775
0.8081308411214954
-0.28612149532710285
0.3672429906542056
6.293925233644859
7.6212149532710285
10.0357476635514
10.524953271028037
7.272102803738318
2.95196261682243
2.758317757009346
5.220560747663551
6.733457943925234
5.002757009345795
3.547943925233645
1.5357943925233644
2.94214953271028
4.843971962616823
5.417056074766355
4.241822429906542
0.04485981308411219
-0.07813084112149532
1.6780841121495327
2.4171962616822427
2.6049532710280374
2.8386448598130842
2.0755140186915892
6.3203271028037395
9.121448598130842
7.581074766355139
6.929299065420562
5.716495327102804
0.7675233644859814
7.140607476635514
1.3678037383177573
0.6587850467289719
-0.016448598130841104
-0.6393457943925234
0.6123831775700935
0.1438785046728972
-1.547196261682243
-1.7642990654205608
-3.426028037383178
-4.171869158878504
-3.1850934579439247
-2.3895794392523366
-4.007757009345795
-3.0958878504672898
-3.9557943925233645
-1.2929906542056078
1.301728971962617
-1.007056074766355
-0.45644859813084115
-1.0491588785046728
-2.56
0.636822429906542
3.33373831775701
5.171869158878506
5.409205607476635
5.920280373831776
4.5242056074766355
1.74303738317757
3.5442990654205606
4.22873831775701
6.021728971962617
6.355140186915888
5.109859813084113
7.016728971962617
6.277990654205609
10.125467289719627
5.779953271028038
5.902803738317756
5.217897196261683
9.160934579439253
11.095981308411215
8.730841121495327
8.571168224299065
9.846121495327104
9.99252336448598
9.117009345794392
9.604579439252337
8.285654205607477
6.523411214953272
5.993037383177571
8.293317757009344
4.597523364485981
1.29107476635514
2.34607476635514
1.6514018691588783
4.078364485981309
3.4765420560747664
6.486261682242991
9.408971962616823
6.734018691588784
4.822616822429906
4.9919158878504675
5.122289719626168
6.464532710280373
5.725327102803737
9.043878504672897
7.459672897196262
10.442943925233644
13.517476635514017
5.362196261682243
5.009205607476636
4.415046728971962
6.476869158878506
14.464392523364486
18.665093457943925
19.735981308411215
17.330140186915887
14.766728971962616
18.86570093457944
14.483738317757007
18.411822429906543
12.29289719626168
18.15855140186916
18.46514018691589
13.453084112149533
15.491682242990656
13.601308411214953
17.26556074766355
14.028971962616822
11.243084112149536
8.948411214953271
10.002616822429903
13.746028037383178
16.41929906542056
12.344205607476635
13.535654205607475
13.335654205607476
10.069579439252335
11.986401869158879
14.12785046728972
10.342850467289718
16.56177570093458
16.806214953271027
20.995981308411217
20.424158878504674
15.581869158878503
12.43584112149533
18.926682242990655
22.070934579439253
11.723551401869159
8.946635514018691
9.160607476635514
9.740981308411218
10.306308411214955
8.199485981308412
10.543831775700935
10.094719626168224
13.844018691588785
21.23065420560748
22.739018691588782
19.192757009345794
20.148878504672897
25.13658878504673
19.742476635514016
15.52766355140187
20.51883177570094
25.602056074766356
22.258738317757015
18.921915887850467
20.07369158878505
22.719345794392517
20.450747663551397
18.119299065420563
14.205280373831773
11.760607476635512
11.331308411214952
15.296308411214953
20.462710280373834
22.705841121495325
24.438925233644863
25.407897196261686
25.903925233644863
26.623738317757006
22.989392523364483
22.76864485981309
18.66406542056075
14.380607476635513
14.98373831775701
17.970654205607477
14.977757009345796
19.66378504672898
22.53126168224299
23.979252336448596
25.585093457943927
26.716775700934576
25.816028037383173
25.784719626168226
28.409392523364485
29.070841121495327
29.282289719626167
28.38873831775701
23.991028037383174
18.992523364485983
25.60014018691589
28.465
30.213504672897198
26.797570093457942
20.208691588785047
17.266121495327102
17.6111214953271
26.163271028037386
28.815467289719628
23.351308411214955
26.5911214953271
32.10710280373832
30.187616822429906
25.828785046728974
22.013364485981306
25.3703738317757
31.129532710280372
26.461121495327095
19.8568691588785
15.823504672897196
14.028691588785046
12.920981308411216
14.866682242990656
19.72532710280374
24.010233644859817
25.030420560747665
25.097523364485976
23.835841121495328
24.21219626168224
16.734485981308413
15.463364485981307
23.95588785046729
23.465607476635515
23.541121495327108
25.661261682242987
28.145841121495323
28.505654205607474
27.979252336448596
24.72644859813084
25.579532710280375
24.344532710280372
25.749345794392525
25.755
25.46831775700935
21.0068691588785
22.37971962616822
24.13070093457944
26.401028037383178
23.02341121495327
21.53728971962617
17.815093457943927
16.497757009345793
20.97901869158878
16.759579439252338
14.423177570093456
17.231308411214954
17.126869158878506
16.668130841121496
13.31448598130841
10.592943925233643
12.12799065420561
15.194719626168224
20.09154205607477
15.00593457943925
14.081121495327102
14.595654205607476
16.349719626168223
15.746728971962618
13.953738317757011
15.140560747663551
17.672523364485983
22.26719626168224
17.568084112149535
17.66588785046729
23.384579439252338
22.77032710280374
20.961355140186914
16.179158878504673
14.571728971962616
13.714158878504673
17.91280373831776
22.558598130841123
19.181588785046728
13.416121495327104
13.742149532710279
11.151261682242994
10.932570093457947
12.081682242990652
10.971261682242993
9.17299065420561
16.80696261682243
14.189906542056073
12.090560747663552
11.602523364485979
7.942943925233645
8.86658878504673
12.11626168224299
8.186822429906542
7.393457943925234
7.816588785046729
10.095420560747664
10.23392523364486
8.343878504672897
10.683831775700936
14.168177570093459
8.868271028037382
6.279579439252336
7.008457943925233
5.97892523364486
7.75696261682243
10.467196261682242
10.751028037383179
10.843691588785044
13.510934579439253
11.39570093457944
12.009766355140188
13.077383177570093
13.352523364485979
10.8646261682243
6.939532710280374
3.96518691588785
1.3735981308411218
-0.6584579439252336
-3.1993457943925234
0.5260280373831775
1.8275233644859814
0.970373831775701
2.119579439252336
1.1295327102803738
1.8680841121495326
0.5085514018691589
0.3700467289719626
-0.011588785046728957
8.622242990654206
11.147570093457944
12.441121495327103
7.328831775700934
5.7963551401869156
1.7634579439252336
-2.220607476635514
-3.700747663551402
-0.8031775700934579
2.4691121495327106
3.1138317757009353
0.8451869158878504
0.27957943925233647
-0.8738785046728972
0.8154205607476636
2.100934579439252
-1.4593457943925234
-6.101542056074766
-4.441401869158879
-3.640794392523365
-2.047336448598131
-3.9102336448598134
0.673785046728972
2.1987850467289722
3.753504672897196
4.359252336448598
4.5674766355140175
4.493084112149533
6.736682242990654
9.30481308411215
10.961168224299067
7.640607476635513
3.7074299065420564
6.24677570093458
6.27733644859813
5.477056074766356
2.8033177570093457
2.1097196261682245
3.5923364485981306
3.9870093457943927
1.8584112149532712
0.023738317757009353
0.9652803738317757
1.2256074766355138
0.8762616822429907
0.08135514018691592
-0.5914953271028036
1.2224299065420559
1.8775233644859812
3.870607476635514
7.907149532710281
2.1034579439252337
2.2040654205607475
4.804345794392524
0.14845794392523368
0.32630841121495324
0.6097663551401868
-2.8243457943925234
-3.6872429906542052
0.2628504672897196
0.6810747663551402
-0.6518691588785047
-2.536308411214953
1.0895794392523366
2.6745327102803738
2.574953271028037
2.65607476635514
1.5492990654205607
1.063411214953271
3.7144859813084117
3.064018691588785
3.2419626168224296
6.424626168224298
3.6542990654205605
5.157383177570093
0.6811214953271028
0.4837383177570094
0.20130841121495324
2.6437383177570095
0.031775700934579425
-1.0007476635514019
0.8982242990654206
-0.10654205607476637
-1.7757009345794392
-0.20149532710280377
-2.322803738317757
-1.3269158878504672
1.4336448598130842
2.824859813084112
0.6399532710280373
1.861728971962617
-0.32509345794392525
-1.0479906542056074
2.520046728971963
1.3725700934579441
1.8028971962616822
3.4086448598130836
3.7261214953271034
0.9509813084112151
0.677429906542056
1.8006542056074768
1.1978037383177569
6.09607476635514
4.069953271028037
2.660794392523365
-0.5161214953271027
0.7724766355140187
4.25588785046729
3.0212149532710284
2.4512616822429902
5.218271028037384
7.896962616822429
3.397897196261683
4.925046728971963
3.7354205607476634
3.516308411214953
4.672803738317756
8.080420560747664
8.38981308411215
9.512897196261681
8.691915887850469
6.474158878504673
8.280233644859813
7.189485981308412
9.266028037383178
8.088598130841122
5.423738317757009
5.440700934579439
2.202803738317757
0.14757009345794392
0.21785046728971966
1.8312616822429906
4.260327102803738
4.393177570093458
4.415841121495327
6.3405607476635515
5.56892523364486
7.826728971962617
9.490514018691588
5.187009345794393
10.769345794392525
14.913925233644859
18.347990654205603
11.315514018691587
7.077850467289719
10.25056074766355
12.354392523364485
14.927943925233645
18.653785046728977
20.998504672897194
16.713785046728972
16.113785046728974
16.956728971962615
16.48471962616822
11.274205607476636
6.781915887850467
10.89443925233645
10.512242990654205
10.13696261682243
16.114906542056076
12.797897196261681
17.293738317757008
17.80158878504673
16.273644859813082
11.80271028037383
7.694626168224298
9.050327102803738
8.838971962616823
9.770280373831776
5.74373831775701
7.630654205607477
9.900467289719625
14.51317757009346
19.409532710280374
15.405747663551402
19.001495327102806
21.717149532710277
16.70051401869159
13.537943925233645
13.553598130841122
15.538130841121495
9.64126168224299
13.799158878504675
15.880841121495328
12.167149532710283
9.567196261682243
11.079112149532712
9.630794392523363
13.841542056074767
18.112196261682243
17.866121495327103
24.059672897196265
18.17985981308411
16.535560747663553
12.069719626168222
14.18140186915888
16.583878504672896
11.61808411214953
18.476635514018692
14.848644859813083
18.185280373831777
20.65158878504673
16.518551401869157
12.416214953271028
12.213785046728972
15.67588785046729
19.96920560747664
23.142897196261682
26.071869158878506
24.066775700934585
19.258831775700934
15.325420560747663
12.969532710280374
12.513831775700934
13.084766355140186
20.254719626168225
15.951214953271025
12.626121495327101
13.79626168224299
17.92836448598131
16.97252336448598
11.295654205607477
11.286542056074765
12.170841121495325
15.991635514018691
21.04803738317757
23.705046728971965
28.065560747663554
30.321495327102806
31.921168224299063
23.878271028037386
18.807757009345792
15.51640186915888
15.560420560747662
14.010140186915889
12.072383177570092
12.665654205607476
15.382850467289721
14.401495327102804
16.561401869158882
17.635981308411218
18.084345794392522
20.82971962616822
21.675514018691587
15.845467289719625
15.44873831775701
15.044158878504673
24.08971962616823
27.661775700934584
28.25378504672898
21.67897196261682
21.075841121495326
26.547289719626164
21.190934579439254
19.846635514018693
17.554392523364488
19.472383177570094
20.437056074766357
16.03565420560748
15.409859813084113
14.535140186915886
18.065607476635513
20.290233644859814
21.577803738317755
19.887570093457942
20.743831775700937
21.003691588785042
20.624439252336444
22.72397196261682
23.15046728971963
24.354719626168222
25.2211214953271
25.994158878504674
25.668644859813085
18.29677570093458
19.188130841121495
20.633971962616823
21.668177570093462
21.746915887850466
20.013551401869158
20.099112149532708
22.171308411214955
21.92873831775701
20.505700934579437
17.871168224299065
14.364065420560747
8.829579439252337
8.876822429906543
9.24948598130841
11.080046728971963
10.56658878504673
10.686168224299067
12.63584112149533
16.762943925233643
19.7496261682243
14.667990654205607
13.420654205607478
12.60126168224299
15.378084112149532
14.125934579439251
13.597056074766355
15.533084112149533
11.58214953271028
10.291355140186914
8.860841121495328
10.139018691588785
9.184392523364487
12.354766355140189
14.69869158878505
18.235280373831774
15.240420560747662
18.295607476635514
13.243130841121497
12.153504672897197
12.668130841121497
14.477897196261685
10.688691588785048
11.00929906542056
10.864065420560749
14.040654205607476
13.690467289719628
14.191401869158879
12.242616822429907
12.180093457943926
10.966168224299066
13.684205607476637
13.68303738317757
15.031074766355141
14.702196261682243
14.338084112149533
12.790654205607476
9.324953271028038
8.624532710280373
11.710000000000003
11.009158878504673
13.800140186915886
12.274065420560747
9.825093457943924
9.547990654205607
10.739065420560749
15.562336448598131
10.700981308411215
13.932009345794393
9.421168224299068
7.144065420560747
5.995934579439253
7.8669626168224305
10.999158878504677
10.450607476635515
11.203971962616821
10.73126168224299
10.981542056074765
11.94214953271028
9.617943925233645
9.811261682242991
7.335046728971963
2.112570093457944
1.9412616822429907
2.0756542056074765
3.8873364485981314
3.6885514018691583
3.2696261682242986
4.94822429906542
10.987757009345795
11.856121495327104
11.984439252336449
8.26481308411215
7.348644859813085
4.40696261682243
5.005747663551402
8.76
7.014158878504674
5.084999999999998
2.045607476635514
3.271121495327103
1.5031308411214952
2.2718691588785047
4.085887850467289
3.681401869158879
4.215467289719626
4.29803738317757
3.4079439252336456
4.623317757009346
5.192196261682244
3.532803738317757
1.602570093457944
3.0797196261682247
2.1326168224299065
2.486915887850467
3.428177570093458
1.260841121495327
4.489205607476634
5.2784112149532705
1.9129906542056074
1.5502336448598129
3.0787383177570096
-0.17074766355140183
0.8751869158878505
0.22224299065420566
-0.9660747663551402
-2.2012149532710277
-2.503411214953271
-3.5096728971962614
-0.5489252336448598
-0.9504672897196264
-5.786121495327104
-7.860654205607478
-9.04626168224299
-11.236822429906544
-11.765514018691588
-9.80803738317757
-10.407429906542058
-7.855560747663551
-7.8278504672897204
-6.573971962616822
-8.947897196261682
-10.861308411214951
-7.344532710280374
-4.539485981308411
-5.459158878504673
-4.3167289719626165
-4.2087850467289725
-3.2015420560747656
2.484439252336449
5.439158878504673
5.143504672897197
-0.17317757009345788
-0.0025700934579438455
3.6251869158878502
2.0118691588785045
-2.319672897196262
1.8126168224299066
5.9392990654205615
5.174252336448599
7.404766355140186
7.15411214953271
4.319766355140187
3.228271028037384
6.285794392523365
2.3052336448598134
0.43434579439252335
-3.480467289719626
-5.874953271028037
-8.698457943925233
-10.01322429906542
-7.822616822429906
-4.135887850467291
-3.656214953271028
-6.212616822429907
-0.7527102803738317
-1.2864018691588786
-5.501542056074766
-4.4970560747663555
-2.7523364485981308
-1.344018691588785
-1.1892056074766355
1.1711214953271027
6.953691588785046
9.903084112149534
7.301261682242991
8.677196261682242
6.566168224299067
6.452196261682243
4.930654205607477
6.866915887850467
6.982616822429906
6.297710280373832
5.142289719626167
3.9840186915887856
6.721822429906542
4.239999999999999
1.6994392523364485
1.545654205607477
5.43214953271028
7.350841121495327
1.95803738317757
0.9322429906542056
1.5391588785046728
0.3288785046728972
-1.9176168224299066
0.3612616822429906
1.9012616822429906
5.918598130841121
9.259439252336449
7.784626168224299
6.08214953271028
8.26196261682243
7.624065420560748
6.083831775700935
3.0431308411214952
2.8909345794392527
9.342056074766354
9.173644859813084
11.227102803738319
11.483084112149534
16.136355140186918
20.777897196261684
19.03855140186916
14.199485981308413
12.310607476635516
12.073644859813083
10.216588785046726
10.855327102803738
8.960280373831775
5.737523364485981
10.049205607476637
5.079065420560748
7.262710280373832
6.735981308411215
12.482056074766355
14.457570093457944
16.488831775700934
17.095981308411215
18.853457943925232
16.17093457943925
10.045700934579438
7.3098598130841115
4.133598130841122
5.277803738317756
3.409532710280374
4.2103738317757005
4.88018691588785
8.985420560747665
8.57929906542056
5.704766355140188
6.023831775700934
8.099672897196262
11.855514018691588
16.137429906542057
18.961121495327106
16.412897196261685
16.228177570093457
13.062523364485982
17.478831775700932
20.152242990654205
23.006635514018694
18.239626168224298
15.634205607476638
20.613037383177574
18.844392523364487
20.43088785046729
19.777523364485983
20.295420560747665
18.191822429906544
11.639719626168224
12.807056074766356
17.065467289719624
22.88602803738318
25.76420560747664
26.8546261682243
19.785560747663553
13.203644859813084
18.014906542056075
20.427897196261686
19.762850467289724
21.51200934579439
23.43560747663551
24.77817757009346
22.577102803738317
21.222850467289717
18.16766355140187
12.904859813084114
10.196308411214954
11.039158878504674
12.084766355140186
13.263317757009348
10.013644859813084
14.161588785046728
11.915794392523367
12.240607476635516
10.993785046728972
15.364112149532712
18.169999999999998
14.148084112149531
16.25467289719626
17.585233644859816
15.153130841121497
17.11691588785047
13.20443925233645
12.138504672897199
15.042289719626169
12.604532710280374
14.355887850467289
19.171214953271026
18.12065420560748
17.809345794392524
22.294392523364486
24.19607476635514
24.73616822429907
23.530794392523365
18.011214953271026
14.598785046728972
14.967850467289718
15.54677570093458
18.129439252336446
20.994859813084112
24.58266355140187
28.59621495327103
22.803691588785046
22.442663551401868
21.53355140186916
24.81046728971963
19.67303738317757
18.168925233644863
15.636121495327103
16.836775700934577
17.75677570093458
22.744953271028038
25.746962616822433
25.320981308411216
19.433317757009345
24.371588785046733
17.927710280373834
18.701308411214953
17.47985981308411
18.6057476635514
17.815373831775698
18.185794392523366
16.332242990654205
20.73308411214953
15.082757009345794
14.505046728971962
16.361121495327104
22.552570093457945
20.503411214953267
20.86299065420561
18.420093457943924
24.037943925233648
29.4038785046729
25.677616822429908
21.548644859813084
16.53570093457944
15.64733644859813
19.53892523364486
17.623831775700936
20.229626168224296
23.74817757009346
19.237056074766357
21.794112149532708
15.685233644859814
17.179252336448595
16.444205607476636
19.78967289719626
21.25714953271028
23.142710280373826
23.661495327102806
19.492943925233643
17.15985981308411
14.99448598130841
14.399579439252337
14.214439252336447
12.555654205607476
11.804719626168222
9.591028037383177
12.48752336448598
16.041495327102805
18.887757009345798
19.373691588785043
21.566448598130844
15.143878504672896
12.496542056074768
12.209672897196262
15.381308411214954
20.33570093457944
23.834579439252337
20.90359813084112
22.2792523364486
21.23485981308411
19.513271028037384
18.2488785046729
17.626869158878506
16.42485981308411
20.329205607476638
18.030514018691587
17.60018691588785
19.593971962616823
22.00135514018692
18.84004672897196
23.23014018691589
23.507289719626165
18.923691588785047
15.79266355140187
14.1107476635514
13.041728971962618
12.094579439252335
11.467242990654206
15.373644859813083
13.32018691588785
10.234299065420561
11.980981308411215
12.008644859813081
9.64892523364486
10.017943925233645
9.062196261682242
9.057616822429907
10.551214953271028
11.424392523364487
7.873271028037384
10.985420560747661
9.373878504672899
10.780794392523365
10.599392523364488
7.951682242990653
5.2282710280373825
7.315046728971963
2.526635514018691
1.8207009345794392
4.519766355140187
4.356962616822429
4.028644859813085
7.029392523364486
12.597289719626167
7.172943925233646
6.275420560747664
7.614906542056073
13.424345794392526
10.278457943925234
1.6493925233644855
-0.25387850467289713
0.3442056074766354
0.8518224299065421
0.7290186915887852
0.36219626168224295
-1.2623831775700936
-3.517429906542056
-5.239439252336448
-4.27892523364486
-3.6700934579439255
-2.86
-2.8693457943925242
-1.155841121495327
-0.5688785046728972
-3.7595327102803737
-2.8611214953271027
-1.0165420560747662
-1.1685981308411215
0.570373831775701
4.149018691588785
6.853878504672897
10.246588785046729
10.48252336448598
12.294299065420558
9.77228971962617
6.854626168224298
6.662757009345794
6.980327102803738
5.594485981308411
2.0393925233644863
1.349018691588785
-0.1309345794392523
2.0823831775700934
7.062757009345795
8.69177570093458
6.0522897196261685
5.494953271028038
5.297757009345793
4.547990654205608
4.775654205607477
8.103504672897197
5.666121495327102
3.9371962616822427
6.339439252336448
6.172850467289719
4.892102803738318
-1.7122429906542054
-3.3896728971962613
-2.735747663551402
-5.413878504672897
-6.281308411214954
2.2007943925233646
3.5121028037383173
2.0203738317757005
-0.897196261682243
0.8197663551401869
-0.13341121495327102
-3.0838785046728976
-3.6362149532710286
-0.8788785046728973
2.820841121495327
1.664018691588785
4.93855140186916
5.864252336448598
2.5060280373831776
0.3695327102803739
-1.1634112149532712
2.272336448598131
7.473130841121495
6.773177570093458
3.135934579439252
3.673691588785047
4.642850467289719
3.2109345794392516
-0.1562616822429906
-1.4186915887850469
-3.80892523364486
-0.7287850467289718
0.5330841121495328
0.8993925233644859
0.7053271028037383
3.1430841121495328
2.05911214953271
-1.1737383177570093
-2.8820093457943927
-3.54892523364486
-5.137242990654205
-6.813317757009346
-8.358457943925234
-12.568691588785045
-4.592570093457945
-2.8219158878504667
-2.410981308411215
-4.35677570093458
-4.197616822429906
-1.8328504672897197
-2.461448598130841
-3.296308411214953
-5.426121495327103
-5.547102803738317
-6.863177570093457
-6.468130841121496
-7.144485981308412
-6.764345794392524
-5.420280373831776
-5.630233644859814
-6.267616822429907
-3.0871962616822435
-2.5881775700934573
-1.3581775700934582
-2.0855607476635516
-0.24070093457943925
-1.0139252336448599
3.430327102803738
4.926635514018693
4.0871028037383175
2.985093457943925
1.5493457943925237
2.1414018691588783
2.1861682242990654
2.1447196261682246
2.278785046728972
3.0899532710280373
7.240700934579439
8.812009345794392
11.40373831775701
11.383224299065422
11.82766355140187
8.146495327102803
5.6926635514018695
5.255794392523366
5.584345794392523
7.81322429906542
5.559859813084113
4.6611214953271025
8.860420560747665
10.158644859813084
6.893411214953272
4.579018691588785
7.99392523364486
8.034672897196263
7.467476635514019
4.602616822429906
2.511588785046729
1.1681308411214955
4.35233644859813
11.327476635514016
10.001448598130839
6.657196261682242
2.0624766355140185
-2.2453738317757015
-0.5930841121495327
2.6078504672897194
4.105327102803739
12.69158878504673
12.299112149532707
9.582102803738316
7.420373831775701
6.612850467289719
6.895607476635513
9.833878504672896
10.240467289719627
9.602009345794393
12.895981308411214
14.119392523364485
12.411682242990656
14.826588785046729
15.706168224299066
18.734392523364484
13.294626168224298
18.080841121495325
22.234626168224302
24.02471962616822
18.85822429906542
21.16677570093458
21.13471962616822
15.72967289719626
13.532803738317757
13.817616822429905
12.528644859813085
16.530467289719628
18.516495327102806
20.624953271028033
14.734252336448598
14.68322429906542
15.928364485981307
19.90242990654206
23.35514018691589
18.639299065420563
21.540700934579444
20.18873831775701
17.97551401869159
22.272336448598125
16.53771028037383
18.842336448598132
23.641261682242988
22.933691588785045
15.43443925233645
11.47107476635514
9.846915887850466
12.727990654205607
13.83948598130841
12.737570093457945
16.813691588785048
11.412943925233645
10.966074766355138
8.058457943925234
8.581869158878504
12.403971962616824
19.421495327102807
22.370747663551402
15.89766355140187
14.552056074766352
16.764672897196263
20.79121495327103
24.72443925233645
28.29677570093458
27.469439252336443
20.98995327102804
23.404766355140186
25.011822429906545
23.218738317757012
23.326495327102805
23.70677570093458
19.47785046728972
22.45471962616822
24.543271028037385
26.425233644859812
26.07775700934579
22.78640186915888
23.211308411214954
25.9031308411215
27.799252336448593
28.203551401869156
24.512897196261683
24.70182242990654
19.48929906542056
16.46752336448598
15.086355140186916
15.95892523364486
14.136822429906543
15.938878504672898
16.161448598130843
14.410514018691588
18.113644859813082
21.623551401869157
25.426635514018688
25.677616822429908
19.256682242990657
16.355654205607475
19.436121495327104
20.943738317757006
22.98995327102804
20.281028037383177
14.321682242990654
15.14140186915888
19.013177570093458
21.751869158878502
25.16556074766355
26.71803738317757
22.66065420560747
26.351728971962615
22.387336448598127
27.602009345794393
31.33182242990654
26.237102803738317
20.68733644859813
24.763691588785047
25.954299065420557
20.255140186915888
23.068457943925235
25.13495327102804
25.383411214953266
19.925420560747664
21.74280373831776
22.795373831775706
25.41785046728972
21.713831775700935
22.35051401869159
17.39280373831776
15.287570093457944
13.487289719626169
16.980467289719627
15.94355140186916
15.488224299065418
13.152149532710277
15.412663551401867
18.739766355140187
13.679626168224301
14.87481308411215
12.857757009345791
10.69429906542056
12.822943925233648
11.276869158878505
14.593411214953273
14.529252336448598
12.450046728971962
16.23841121495327
17.365887850467292
14.087943925233644
15.120467289719628
13.810186915887849
14.376168224299066
16.25588785046729
13.431495327102802
12.798271028037384
18.808224299065422
18.193177570093457
15.386588785046731
8.402710280373832
10.855514018691588
13.432102803738319
16.69551401869159
17.733738317757012
17.51855140186916
16.18317757009346
14.990140186915887
12.966308411214953
14.218037383177572
13.952149532710282
17.410420560747664
17.934532710280372
17.35093457943925
21.481822429906543
19.16088785046729
15.691775700934581
15.155140186915887
18.89481308411215
15.590841121495325
14.633457943925235
13.770981308411216
15.267570093457945
16.117570093457942
15.092897196261683
15.13929906542056
16.387897196261683
20.84257009345794
20.277289719626168
17.5553738317757
13.081495327102804
13.536728971962617
10.854719626168224
10.937616822429908
7.651728971962617
13.080514018691586
9.021168224299066
7.079999999999999
7.5795794392523375
7.236542056074767
8.149345794392524
7.4986915887850465
8.962710280373832
7.295981308411213
6.1474299065420555
10.093925233644859
9.419906542056076
4.550140186915888
4.805841121495326
4.830280373831776
8.390934579439252
6.116495327102803
6.172570093457944
5.898691588785048
8.931028037383177
11.848831775700933
10.189065420560748
12.0142523364486
9.456869158878504
11.392056074766353
12.530934579439252
11.32177570093458
8.54355140186916
7.53911214953271
7.651355140186915
4.627570093457944
6.639112149532711
6.242383177570093
5.513317757009346
8.452943925233644
8.494485981308411
5.970327102803739
3.7291588785046725
3.338364485981309
1.6654672897196265
0.29392523364485984
3.8062149532710285
6.6772897196261685
6.278411214953271
7.19303738317757
5.5694392523364495
5.177803738317758
9.481028037383176
6.2145794392523355
5.116214953271028
2.5210747663551403
0.27813084112149533
0.47897196261682246
3.5585046728971963
1.5719158878504673
2.987102803738318
2.3888317757009343
5.5750934579439235
7.595654205607476
0.5993457943925233
0.3314485981308411
-1.1642056074766356
-3.7689719626168223
-4.503504672897196
-5.282757009345794
-0.554018691588785
0.1690654205607477
1.9055140186915887
5.941915887850468
6.321448598130842
5.649579439252335
5.928317757009345
6.820327102803737
-1.2360280373831776
-1.219018691588785
1.0595794392523366
0.9029439252336446
-2.7710280373831777
-5.5786915887850475
-3.1067757009345796
-4.627943925233645
-12.28771028037383
-12.98733644859813
-11.924953271028038
-11.660373831775699
-12.48
-10.435747663551401
-7.150794392523364
-6.785654205607477
-3.177570093457944
-4.075467289719626
-4.2426635514018685
-1.8937850467289719
0.430373831775701
1.163411214953271
-0.031915887850467346
-0.22873831775700937
-1.6739719626168226
-1.2789719626168223
-3.366588785046729
-9.89317757009346
-3.999205607476635
-2.240607476635514
-1.8490654205607473
-1.228084112149533
0.8846728971962616
2.066822429906542
2.082056074766355
3.252897196261682
3.9432242990654203
5.711495327102804
5.467429906542057
4.236495327102803
3.9881308411214955
3.29303738317757
1.12696261682243
0.7200467289719625
-1.2693925233644858
-1.8030373831775701
-2.203364485981308
-2.5484112149532705
-1.724626168224299
-1.6449999999999998
0.860747663551402
-0.10733644859813084
-1.1434579439252335
0.019719626168224293
1.5153738317757013
4.451028037383177
6.180140186915889
6.059299065420561
1.4666822429906543
-3.742336448598131
-4.495981308411215
-1.8807943925233646
-2.316355140186916
-4.0335981308411215
-2.507289719626168
-2.7034112149532707
0.4138785046728972
0.20677570093457945
-0.6161682242990654
0.33443925233644856
0.8107943925233645
1.8125700934579438
0.27705607476635513
0.06126168224299065
2.614485981308411
0.6361214953271028
0.8328971962616822
2.212523364485981
2.660794392523364
4.13626168224299
6.923224299065422
8.21532710280374
9.143644859813083
8.926869158878505
9.27322429906542
5.246261682242991
3.881728971962617
4.674065420560748
5.7963084112149525
4.172336448598132
12.733831775700935
10.100560747663552
11.87004672897196
11.165560747663553
16.816401869158877
14.224953271028038
12.242710280373835
10.210841121495324
10.456074766355142
4.6287850467289715
7.190046728971963
10.887570093457944
11.659672897196263
9.530700934579437
14.592570093457942
17.500093457943926
18.769392523364484
13.738457943925235
9.22411214953271
12.894439252336447
16.4861214953271
19.879859813084106
20.910373831775704
16.945420560747664
14.335093457943925
18.605280373831775
22.941682242990655
20.923084112149535
16.933644859813086
19.989859813084117
12.307429906542056
5.478177570093457
7.94
7.500841121495327
11.68228971962617
13.903457943925234
19.72514018691589
18.046168224299063
10.867803738317757
8.901869158878505
8.990327102803738
9.569112149532712
10.133411214953272
9.693878504672897
12.02588785046729
14.032102803738317
15.775233644859812
11.037056074766355
7.648551401869159
9.103130841121496
11.623644859813083
17.19299065420561
18.90644859813084
20.273177570093463
16.824859813084114
13.036915887850466
9.534065420560747
10.60481308411215
15.372803738317756
16.833224299065417
13.221682242990655
14.310046728971964
14.167242990654206
15.095841121495328
16.465934579439253
16.797803738317754
14.36929906542056
14.855420560747664
16.616401869158878
19.248364485981313
15.475233644859816
14.80607476635514
16.189299065420563
12.697897196261682
11.337570093457943
11.933831775700936
10.402383177570094
14.506074766355141
15.810747663551401
15.203084112149533
16.916869158878505
15.84696261682243
14.140560747663551
15.263504672897195
16.77593457943925
20.419252336448594
21.898785046728968
27.43738317757009
29.206308411214952
23.276728971962623
20.6257476635514
23.431495327102805
22.008738317757015
22.138084112149528
24.722757009345795
26.75785046728972
19.697242990654207
18.161495327102806
18.740747663551403
24.943037383177572
21.54
18.253457943925234
23.3961214953271
25.653691588785044
25.81271028037383
22.324766355140188
18.727149532710282
20.167803738317755
17.759626168224298
18.448177570093456
20.29392523364486
20.160841121495327
19.568504672897195
16.14948598130841
12.837056074766354
13.877897196261682
12.91556074766355
15.228598130841123
17.990140186915884
14.648317757009346
16.117196261682242
13.36551401869159
15.759345794392523
15.654859813084112
13.530700934579437
14.018925233644861
16.691775700934578
18.53107476635514
14.569018691588788
14.958691588785046
18.1453738317757
19.100607476635513
19.368411214953273
21.662943925233648
17.177616822429908
17.589018691588787
26.117943925233643
20.444252336448596
20.70336448598131
22.60995327102804
25.496635514018692
26.52065420560748
20.79911214953271
22.582383177570094
19.159719626168222
15.465887850467288
16.4857476635514
14.977757009345794
16.24359813084112
18.932289719626166
17.413457943925234
23.57766355140187
21.78453271028038
23.54518691588785
25.25392523364486
19.278224299065425
16.670046728971965
17.53570093457944
15.638598130841125
17.867009345794393
17.662850467289722
15.374299065420562
20.291822429906542
18.91728971962617
19.13878504672897
14.80981308411215
20.13504672897196
23.24672897196262
21.931962616822428
17.869392523364485
19.95789719626168
24.712523364485982
23.503598130841123
18.876962616822432
15.127757009345794
13.392102803738316
12.77570093457944
10.600280373831776
10.065841121495327
8.873130841121496
11.572570093457943
12.873878504672899
12.629532710280374
12.372196261682246
12.692943925233644
18.68817757009346
17.42626168224299
12.532616822429905
11.92196261682243
12.110327102803739
18.557943925233644
14.652570093457944
10.216401869158876
8.81677570093458
11.187336448598131
14.514719626168224
17.537056074766355
11.702383177570093
12.962897196261682
14.531635514018689
10.88266355140187
10.50766355140187
9.500654205607477
8.26056074766355
7.93607476635514
7.783130841121496
9.446308411214954
11.64070093457944
11.936168224299067
10.065841121495328
10.684579439252337
11.690093457943922
8.909626168224298
9.470794392523365
6.724205607476636
6.111635514018691
6.801121495327103
6.280654205607477
5.3439252336448595
3.248785046728972
5.889485981308411
5.358364485981308
7.686261682242991
7.042710280373831
7.59714953271028
5.590093457943926
4.152943925233645
9.513504672897195
7.642897196261682
8.131775700934579
7.066915887850468
5.851028037383177
4.426121495327103
3.5269626168224297
4.1042056074766355
2.0456542056074767
1.3129906542056073
1.976261682242991
1.108644859813084
1.637196261682243
1.9281308411214952
0.6237850467289721
0.9465887850467292
-0.4320093457943925
0.6264018691588785
-0.46079439252336446
3.896775700934579
2.2257009345794394
-0.9576635514018691
-3.6843925233644854
-5.108364485981308
-2.9592056074766355
1.4862149532710278
0.4367757009345795
-0.6606542056074766
-2.93803738317757
-0.13191588785046726
4.1850000000000005
8.535233644859813
12.12995327102804
9.939719626168227
6.741448598130842
6.715981308411214
7.456822429906543
3.7054672897196257
2.632289719626168
1.4021028037383176
3.9798130841121497
5.941401869158877
7.5539252336448595
7.660514018691589
8.526869158878505
8.283925233644862
5.90714953271028
9.842102803738317
6.71196261682243
6.515560747663551
9.369065420560748
9.65658878504673
4.990934579439252
3.9240654205607477
3.2339719626168226
3.2193457943925234
4.245514018691589
3.0389252336448602
3.1277102803738313
3.1375233644859812
4.31233644859813
3.807429906542056
4.178598130841122
3.185654205607477
3.2930841121495327
1.8042056074766357
2.7803738317757007
2.2540654205607473
1.1516822429906541
4.754906542056075
7.511775700934579
5.892383177570093
5.837757009345795
6.218037383177571
7.357383177570093
4.590420560747664
2.6278037383177573
4.346214953271029
5.254392523364486
4.831168224299066
6.938177570093458
5.211915887850467
7.198785046728972
3.8923831775700934
0.9559345794392523
3.186495327102803
2.5401401869158873
2.189252336448598
1.2545794392523366
2.594532710280374
3.7056542056074773
6.314766355140187
5.828364485981308
1.9883177570093458
2.5740654205607476
2.904532710280374
2.6443457943925233
1.5871495327102805
5.276355140186915
3.4000467289719634
0.22392523364485983
-1.171495327102804
-1.1926168224299067
-0.9476635514018692
1.1919626168224298
0.5300934579439253
-0.8205607476635514
0.12957943925233642
0.6883177570093458
0.3382242990654206
1.1427570093457944
0.4372897196261683
1.3809345794392522
-0.17074766355140192
2.1462616822429905
1.2388785046728972
3.067289719626168
2.9664485981308415
1.5453271028037385
2.0908411214953273
5.382523364485982
5.8856074766355135
4.168084112149533
4.220981308411215
4.830467289719625
8.5846261682243
9.149158878504673
7.632616822429906
6.377289719626169
6.337476635514018
5.068971962616823
5.598644859813084
4.2854205607476645
6.547570093457943
6.260467289719625
11.765747663551402
7.604439252336448
3.679859813084112
9.314485981308412
11.493224299065421
8.544532710280373
6.129626168224299
11.82626168224299
14.416028037383178
11.135233644859813
5.022383177570093
6.62411214953271
11.562196261682242
14.803457943925231
9.04271028037383
9.866168224299066
13.95481308411215
18.342710280373833
13.307803738317757
18.432149532710277
21.90401869158878
15.911308411214955
14.481962616822429
12.572242990654205
5.535981308411215
7.772757009345794
10.177196261682242
10.327803738317755
13.163457943925236
9.475934579439253
14.598598130841118
16.987850467289718
19.296355140186915
14.882242990654207
14.176074766355141
15.035841121495327
16.938551401869162
18.045841121495325
20.704158878504675
15.62518691588785
20.94490654205607
21.052990654205608
18.249205607476636
21.78747663551402
22.273691588785045
21.98359813084112
22.563084112149532
22.127850467289722
19.557009345794395
14.012803738317755
14.469813084112149
11.49948598130841
10.914906542056075
13.01177570093458
17.66827102803738
20.40023364485981
24.18158878504673
25.60327102803738
24.762149532710282
20.02130841121495
18.03714953271028
18.14140186915888
14.657242990654204
14.942429906542058
14.518878504672896
18.726635514018692
16.974766355140183
13.83551401869159
10.838691588785045
14.407757009345795
15.453504672897195
18.021869158878506
20.53981308411215
17.34766355140187
15.048878504672897
21.243831775700937
23.823738317757012
21.88457943925234
20.33696261682243
21.233504672897194
22.313551401869162
16.3253738317757
13.168831775700935
18.40911214953271
17.00766355140187
13.783691588785047
14.735233644859814
15.56004672897196
19.57714953271028
19.797943925233646
22.68378504672897
23.283785046728973
24.377616822429907
23.003411214953267
16.96056074766355
17.544766355140187
21.68485981308411
24.129532710280372
22.10714953271028
20.96397196261682
20.56943925233645
18.81392523364486
22.491261682242992
25.649205607476638
20.924999999999994
20.832850467289717
15.414626168224297
15.015607476635514
12.500981308411214
15.615373831775702
14.580280373831776
18.630794392523367
22.713177570093457
20.60808411214953
24.83317757009346
28.439252336448597
22.45696261682243
21.948878504672894
26.83808411214953
19.686401869158875
21.22771028037383
19.15593457943925
18.278691588785048
20.45018691588785
25.275514018691588
18.511121495327103
15.962336448598132
19.066028037383177
20.67934579439252
23.032663551401868
26.877289719626166
27.7103738317757
25.832476635514016
26.46794392523364
24.09598130841122
25.16560747663551
22.728317757009343
27.367242990654205
25.967710280373833
21.92261682242991
22.364672897196265
26.420794392523362
24.96873831775701
18.175560747663553
16.883831775700937
16.451168224299067
17.1646261682243
18.06873831775701
14.916869158878505
15.621028037383178
16.85803738317757
24.58514018691589
21.02771028037383
18.03929906542056
21.320794392523364
24.077897196261684
16.239626168224298
12.84714953271028
16.369252336448596
16.915794392523367
18.289018691588783
18.549392523364485
19.24093457943925
20.929018691588784
22.657009345794393
18.850233644859813
15.61266355140187
12.62556074766355
11.45163551401869
12.645700934579441
11.643457943925235
14.106308411214954
15.633598130841122
12.626728971962619
13.249859813084113
12.083457943925232
17.804953271028037
14.293831775700934
12.099345794392525
13.068644859813082
16.83233644859813
18.854906542056074
18.33453271028037
14.169579439252336
12.859158878504674
13.750794392523364
15.598831775700933
13.92121495327103
11.411869158878506
12.745093457943925
10.807009345794391
9.671074766355138
9.658925233644858
16.326308411214953
16.119766355140186
8.427056074766355
11.878878504672898
16.302242990654204
15.446401869158882
15.870093457943925
12.378457943925232
13.45855140186916
16.69084112149533
15.32841121495327
11.29607476635514
12.187476635514018
13.206261682242992
9.631308411214954
9.288224299065421
9.403317757009345
9.209392523364485
15.75018691588785
13.887897196261683
9.98271028037383
4.217943925233645
5.352336448598131
6.074579439252337
5.7246261682243
1.1216355140186918
2.6020560747663555
3.765140186915888
3.950700934579439
6.106448598130841
7.096261682242991
7.642523364485982
7.589112149532711
9.848785046728969
10.94392523364486
8.562242990654207
6.725327102803737
8.039158878504672
8.212616822429906
7.756121495327102
7.245280373831775
6.051168224299064
1.1371495327102803
-1.782570093457944
-5.425186915887849
-1.9189252336448597
1.240981308411215
3.527149532710281
3.4578037383177573
4.057897196261683
2.360327102803738
5.702523364485981
3.5354672897196258
4.646214953271028
2.005607476635514
0.7737850467289721
7.037570093457942
5.342570093457944
2.553224299065421
2.286214953271028
2.5682710280373833
4.380934579439252
7.771355140186914
7.63322429906542
4.623598130841121
4.4322897196261675
4.6483177570093455
1.7090654205607476
-1.8829906542056076
-1.6820093457943925
1.940093457943925
6.08322429906542
2.4496261682242992
2.6111214953271027
5.1212149532710285
5.621401869158879
7.235467289719626
5.764719626168224
6.476448598130841
5.963177570093458
6.530514018691588
7.430046728971963
4.738644859813084
2.98518691588785
4.954345794392523
5.6101401869158884
3.8658878504672893
2.9073364485981306
3.0492056074766354
3.3010747663551405
3.5051401869158876
7.30196261682243
8.17196261682243
6.536401869158879
4.528271028037383
6.64733644859813
6.929719626168224
6.535934579439252
4.125794392523365
4.694813084112149
3.639532710280373
2.8799065420560748
3.55411214953271
1.3055607476635516
3.070654205607476
4.76626168224299
3.7923831775700934
2.540747663551402
1.5238785046728973
4.771168224299065
4.8848598130841125
1.5428037383177569
0.72
1.2557009345794392
3.4433644859813084
3.982102803738318
1.0820560747663552
0.605841121495327
-0.10308411214953273
0.8268691588785048
5.410420560747664
7.3159345794392525
6.8500000000000005
6.408364485981308
4.701028037383178
3.24588785046729
3.308411214953271
4.038598130841121
3.9343457943925237
2.9556542056074764
4.155794392523365
3.8754672897196256
7.069065420560748
10.366308411214955
10.234719626168227
5.3457009345794395
3.4075700934579443
4.20677570093458
4.316542056074766
6.4144859813084105
4.1764485981308415
2.1478504672897194
2.856495327102804
3.827570093457944
4.956074766355139
7.468831775700935
6.710093457943925
9.07107476635514
15.748271028037383
15.879485981308411
8.784112149532708
8.454205607476636
12.395467289719626
13.898457943925235
9.120467289719626
9.471401869158878
7.176869158878504
6.273831775700934
8.759439252336449
8.074719626168223
5.901682242990654
9.424158878504672
8.298925233644859
5.9346261682243
10.070467289719625
7.959252336448599
6.586355140186916
9.005654205607478
13.327616822429905
18.069392523364485
20.89677570093458
13.847710280373832
19.372710280373834
18.14677570093458
11.834532710280374
4.683504672897196
3.026308411214954
3.8681308411214954
1.7742523364485985
8.08443925233645
7.558504672897196
9.917710280373834
12.668878504672898
12.613691588785047
16.91747663551402
17.880280373831777
12.108084112149534
11.627429906542057
7.077196261682243
9.674953271028038
7.859205607476636
9.042429906542056
6.035607476635514
9.902196261682244
11.645467289719624
8.914392523364485
8.091915887850467
15.31640186915888
17.19266355140187
12.121355140186918
4.792943925233645
3.646261682242991
9.287943925233645
10.07322429906542
14.75051401869159
17.131962616822427
19.072803738317756
18.50803738317757
21.495747663551402
14.436355140186919
11.040467289719626
16.12920560747664
21.359999999999996
14.994345794392522
14.106495327102804
12.549626168224298
13.11710280373832
13.761308411214953
17.64607476635514
20.28476635514019
21.187616822429906
22.678224299065423
24.739252336448597
24.088785046728972
22.08551401869159
19.945841121495327
22.47836448598131
23.864439252336446
24.129112149532713
24.782149532710278
20.756962616822427
22.58247663551402
20.993364485981306
21.003785046728968
14.1396261682243
17.599205607476634
13.41892523364486
13.39317757009346
11.452710280373832
12.488317757009346
14.173878504672897
12.290140186915888
14.044252336448597
16.866028037383177
22.22476635514019
16.969345794392527
20.169626168224305
21.15990654205607
21.368925233644863
21.749766355140185
20.064112149532708
22.482102803738318
23.09392523364486
23.552757009345797
25.2218691588785
26.6720093457944
19.208177570093454
20.851682242990655
20.817897196261686
24.551074766355136
25.8642523364486
24.3526168224299
16.232056074766355
17.450280373831777
17.779672897196264
20.609953271028036
16.58177570093458
14.199112149532711
20.995560747663554
26.75981308411215
28.46593457943925
28.66242990654206
24.874299065420562
20.789112149532713
20.733691588785042
19.98873831775701
22.572383177570096
21.736915887850465
15.55233644859813
15.468785046728971
17.07341121495327
17.82752336448598
17.412663551401867
17.230794392523364
22.9607476635514
25.020841121495327
28.052336448598133
25.824018691588776
26.208364485981306
24.26411214953271
23.822523364485978
21.002196261682244
20.76523364485982
23.59869158878505
22.67336448598131
16.46233644859813
14.400747663551398
13.748551401869161
17.07056074766355
18.682056074766354
22.431635514018694
23.888271028037384
23.488785046728974
21.203364485981307
21.41766355140187
24.10210280373832
23.15514018691589
20.42532710280374
23.27990654205607
23.82070093457944
27.44630841121495
31.43088785046729
22.265093457943927
22.52429906542056
26.17981308411215
27.53070093457944
29.897476635514018
26.793598130841122
20.913271028037386
22.5968691588785
16.959345794392526
15.579392523364485
16.617429906542057
11.375981308411214
13.402289719626168
17.79299065420561
21.127990654205604
17.777616822429906
14.605514018691588
11.747429906542056
15.57070093457944
15.770607476635513
18.86214953271028
21.142897196261682
22.131542056074764
21.954018691588786
20.558224299065422
20.057476635514014
20.648504672897197
15.764953271028036
16.644719626168225
15.230046728971963
17.302009345794392
22.31271028037383
25.29658878504673
23.783831775700932
22.534205607476633
24.08691588785047
24.021261682242997
17.403317757009347
13.702056074766356
16.336915887850466
15.787616822429907
12.218738317757008
13.30200934579439
12.010934579439253
12.055467289719623
12.349205607476636
11.006869158878503
12.01266355140187
14.108691588785048
16.89
11.645420560747665
8.673411214953271
7.793831775700933
7.584439252336449
8.728831775700936
9.900420560747666
11.399018691588786
11.5557476635514
11.092476635514018
10.038551401869158
11.950794392523365
15.243785046728972
16.961635514018692
15.198364485981308
12.156074766355141
18.229906542056074
19.83696261682243
20.211355140186914
16.93607476635514
15.509158878504673
17.451355140186916
18.40070093457944
17.644672897196262
11.224485981308412
13.946168224299063
11.397663551401871
11.499392523364486
13.02518691588785
10.44448598130841
9.23588785046729
7.598598130841121
5.792616822429906
4.9011682242990675
5.662990654205608
7.007102803738317
7.074299065420561
9.941728971962618
11.507616822429908
9.911588785046728
8.593551401869158
6.81411214953271
4.407570093457943
3.916401869158879
3.840420560747664
5.523224299065422
8.848504672897196
8.443971962616823
5.989672897196262
-0.0016822429906541698
1.4675700934579439
-0.6728037383177571
0.1425233644859813
3.0968224299065414
4.361214953271029
2.1744392523364486
1.1779906542056073
2.4243457943925235
4.0192056074766365
5.9996261682242995
4.493271028037383
2.8879906542056073
1.9010747663551404
3.712663551401869
0.09995327102803739
1.365841121495327
0.050373831775700956
-2.0139719626168224
0.8002803738317756
6.318504672897197
9.830140186915886
8.880654205607478
14.003317757009347
13.596401869158878
10.644672897196262
10.336121495327104
8.462990654205607
11.253878504672898
10.640747663551402
6.115233644859813
6.184345794392523
8.617663551401868
5.009065420560748
0.041495327102803736
-2.569859813084112
-2.818224299065421
-2.0550934579439253
-2.046728971962617
-1.200373831775701
-1.15892523364486
-2.017056074766355
-1.3130841121495327
-0.7557943925233644
-1.0226168224299064
-0.37261682242990657
-0.7813084112149532
1.3358878504672898
1.567803738317757
1.6196261682242992
4.209158878504673
0.2464485981308411
1.9996261682242988
3.0319158878504675
6.445467289719626
7.171542056074767
3.2061214953271033
2.080467289719626
3.0389719626168232
6.252056074766355
5.503317757009346
6.995934579439253
5.978831775700935
9.778364485981307
7.054485981308412
4.797336448598132
7.43443925233645
4.421775700934579
5.7716355140186915
8.641028037383176
8.54429906542056
7.33766355140187
10.014953271028036
6.751869158878505
9.874345794392527
10.998317757009346
10.87196261682243
12.327149532710282
5.111495327102803
4.612616822429907
5.267663551401869
3.471542056074767
1.5994392523364485
4.582757009345794
2.470514018691589
2.2953271028037388
4.755327102803737
8.384252336448599
10.943504672897195
14.374532710280377
13.734719626168225
13.413925233644859
14.127757009345798
15.768504672897196
13.324252336448595
9.907056074766356
2.271775700934579
6.073130841121496
7.058177570093459
1.401822429906542
2.8008411214953277
3.304626168224299
4.349813084112149
5.898271028037383
8.440420560747663
11.709158878504674
8.673411214953271
8.987196261682243
15.574345794392523
12.46406542056075
10.643878504672896
11.268644859813083
13.457897196261682
15.526495327102804
17.81556074766355
18.23051401869159
17.881028037383178
11.553130841121495
12.44532710280374
13.600934579439254
10.44588785046729
10.11981308411215
6.397242990654205
5.700046728971962
6.748271028037384
4.040607476635515
8.059953271028037
12.332429906542055
15.852943925233644
18.431682242990654
17.59411214953271
12.259672897196264
6.568598130841122
6.262570093457943
8.643785046728972
8.173831775700934
6.648691588785047
7.875841121495326
10.264626168224298
8.92429906542056
10.483831775700935
11.04378504672897
9.424252336448598
6.491355140186917
7.425467289719627
8.000327102803737
8.344859813084112
9.493504672897197
13.23322429906542
15.041915887850468
14.468598130841121
10.99
11.281869158878504
11.22392523364486
15.797803738317759
9.8303738317757
9.145280373831776
15.255841121495328
18.743364485981306
21.79308411214953
22.102056074766356
20.640046728971964
22.335420560747668
23.798785046728973
24.24682242990654
23.29322429906542
20.560046728971965
20.86126168224299
21.26397196261682
15.771822429906543
15.284299065420562
14.983504672897196
14.791728971962618
19.240794392523362
19.97214953271028
19.025981308411215
14.249766355140187
18.11859813084112
19.798317757009347
20.21196261682243
19.715654205607475
22.166214953271027
18.161495327102806
11.882242990654207
14.315981308411214
15.899813084112152
11.27373831775701
16.281495327102803
18.946728971962617
21.10443925233645
24.178551401869154
17.14738317757009
15.837523364485982
14.015794392523365
15.974672897196262
17.037616822429907
13.749766355140187
12.687616822429908
13.307383177570092
11.43285046728972
13.229205607476636
14.11088785046729
13.141822429906544
12.611401869158879
13.55056074766355
17.61177570093458
21.03892523364486
20.893411214953275
23.610607476635515
18.359485981308413
18.848271028037384
17.052476635514015
16.165934579439252
19.72621495327103
21.71742990654206
26.976915887850463
25.79981308411215
24.21971962616822
26.214018691588787
24.788037383177567
18.60397196261682
16.878457943925234
14.80378504672897
18.480841121495327
16.563504672897196
14.447570093457944
15.229626168224298
19.288598130841123
18.933037383177574
15.198130841121495
18.044859813084113
24.372383177570097
23.29457943925234
19.597757009345795
23.42985981308411
26.443831775700932
18.819205607476633
14.763457943925234
19.297616822429905
24.589532710280373
26.09929906542056
21.715280373831774
18.520467289719626
17.870140186915886
18.279252336448597
23.629112149532705
25.919859813084113
29.48088785046729
24.162056074766358
25.424065420560748
28.00588785046729
29.261308411214955
28.587803738317753
30.239299065420557
31.855654205607475
30.651542056074764
21.12677570093458
18.055420560747663
20.731682242990654
23.386822429906537
20.805514018691593
25.20266355140187
30.525887850467285
28.087336448598133
23.91672897196262
23.082476635514016
18.825934579439252
17.300700934579435
16.480233644859812
19.123925233644858
18.864439252336446
12.93696261682243
17.174906542056075
20.08593457943925
25.192850467289723
26.616962616822434
22.704112149532705
24.452570093457947
26.743084112149536
27.814672897196264
25.129018691588787
19.73247663551402
11.884485981308412
16.842242990654206
14.607523364485983
16.119719626168223
14.157803738317758
15.170981308411216
12.145560747663552
15.445467289719625
14.440887850467291
10.99448598130841
14.803177570093458
15.643691588785046
15.56481308411215
17.517056074766355
13.167943925233644
15.215981308411216
15.994766355140188
13.675514018691588
17.043831775700934
11.375420560747664
10.440981308411214
11.040794392523365
14.38158878504673
11.47658878504673
10.879672897196262
11.627663551401872
11.206728971962615
13.309112149532709
16.982056074766355
17.607336448598133
16.075467289719626
14.900560747663553
16.556728971962617
13.318831775700938
11.88196261682243
14.641869158878507
14.716074766355138
8.69070093457944
11.177990654205606
11.57056074766355
15.217616822429907
20.983785046728972
19.81303738317757
21.83654205607477
22.16467289719626
18.60228971962617
16.72911214953271
15.222570093457945
17.945841121495327
13.884813084112151
9.706495327102802
9.325607476635513
12.926168224299065
12.236028037383178
15.062383177570092
11.632009345794392
10.045093457943926
9.66878504672897
8.544345794392523
8.443457943925234
9.198271028037382
8.855467289719627
6.8346261682242995
5.806355140186915
3.6700934579439255
2.5276168224299065
3.8327102803738318
4.598831775700934
4.018504672897197
6.375560747663551
5.637710280373831
7.256869158878504
8.339859813084113
7.325841121495327
8.647943925233644
8.62429906542056
7.497943925233645
10.653457943925234
9.243224299065421
4.399485981308411
6.665046728971963
4.052850467289719
2.7292523364485977
1.371682242990654
2.0660280373831776
3.7328037383177572
4.007710280373832
5.263130841121495
2.2901869158878507
3.0900467289719624
0.9582242990654206
-1.3794392523364487
1.2305607476635514
2.1942056074766354
3.7257476635514015
2.1070560747663554
0.13289719626168223
-0.34247663551401863
-2.0276168224299065
1.206915887850467
0.3842990654205608
-0.6869626168224301
0.6013084112149533
0.8632710280373832
0.5037383177570093
-2.6175700934579442
-2.2555607476635515
-1.5235514018691587
-2.0543457943925234
-2.4960747663551404
-0.6681308411214955
0.7374299065420561
2.107336448598131
3.6866355140186906
2.2967757009345795
0.7174299065420561
2.2155140186915885
3.8835514018691586
1.9270093457943924
8.917289719626169
8.579579439252337
4.120747663551402
