0.656734693877551
-0.8569387755102041
-1.9110204081632656
-0.8155102040816327
2.0261224489795917
2.437551020408163
2.371428571428571
1.0385714285714285
0.5822448979591837
-1.2844897959183672
-3.8716326530612246
-7.254489795918367
-5.054285714285713
-3.9816326530612245
-5.5200000000000005
-2.566530612244898
-2.016326530612245
-2.6426530612244896
-1.409387755102041
-2.1981632653061225
-0.9346938775510204
4.076326530612245
3.2218367346938774
2.5338775510204083
2.993469387755102
1.4424489795918365
0.7706122448979593
-2.839183673469388
0.13653061224489796
5.219591836734693
7.537551020408164
6.878775510204081
4.200612244897959
4.671428571428572
5.78530612244898
7.293673469387756
6.977755102040817
6.5889795918367335
7.0822448979591845
10.36204081632653
8.504489795918367
6.279387755102041
4.957346938775511
4.656530612244898
6.253469387755103
4.664285714285714
6.3081632653061215
5.128571428571429
3.821836734693878
4.24734693877551
7.355306122448979
10.195306122448981
10.122244897959185
10.836122448979593
9.53877551020408
10.288775510204081
9.842448979591836
1.9736734693877553
0.9918367346938776
4.535510204081633
6.723061224489796
5.082244897959184
3.8679591836734692
1.2979591836734694
4.117755102040816
5.563877551020408
7.847551020408162
9.434897959183674
8.787551020408163
6.093061224489796
4.776530612244898
7.11612244897959
5.010204081632653
5.841836734693878
7.181020408163265
9.893061224489795
9.431020408163265
7.419387755102041
3.379387755102041
-0.7275510204081632
1.2285714285714286
6.412857142857143
8.066122448979591
3.846530612244898
11.332244897959184
10.14408163265306
10.908367346938775
15.420816326530613
11.201836734693877
8.066938775510204
11.054081632653062
13.40918367346939
11.016122448979594
4.520612244897959
4.0344897959183665
6.561632653061224
8.901020408163264
12.059795918367346
8.026326530612245
7.322448979591837
5.778775510204082
8.709183673469388
13.603061224489794
16.503265306122447
19.34387755102041
20.559591836734697
21.423673469387754
20.982653061224493
12.770408163265307
8.662244897959184
4.731224489795919
7.761836734693879
7.547142857142857
8.291428571428572
8.188163265306123
4.875102040816327
8.990816326530613
10.519183673469389
9.741632653061224
11.15387755102041
16.32857142857143
16.96081632653061
12.900408163265306
11.829591836734693
10.626530612244899
11.343673469387753
16.376530612244895
14.1934693877551
10.197551020408163
12.98020408163265
15.94734693877551
18.4234693877551
20.209999999999997
18.107551020408167
15.738163265306119
13.66204081632653
15.124285714285712
17.625102040816326
19.70918367346939
20.527551020408165
21.569999999999997
21.47183673469388
14.015102040816325
15.773469387755103
12.927346938775509
12.616938775510206
19.176530612244896
22.58734693877551
18.65326530612245
19.93795918367347
13.483265306122448
15.950408163265307
13.523061224489796
16.352040816326532
18.354285714285716
21.9269387755102
24.189183673469387
25.43408163265306
21.127755102040815
20.990408163265304
20.010204081632654
18.506326530612245
19.83530612244898
22.802244897959184
25.831632653061224
28.201020408163266
21.545306122448977
19.595714285714287
18.040408163265308
16.91061224489796
17.70795918367347
15.483673469387753
14.767551020408163
15.716326530612243
16.650408163265304
15.965102040816323
14.59877551020408
15.772244897959185
16.083061224489796
12.87142857142857
14.161020408163266
16.49265306122449
15.037755102040817
14.953265306122447
16.845102040816325
18.960408163265306
17.660612244897962
19.86979591836735
18.143673469387753
17.084489795918365
17.026734693877554
16.416530612244898
15.038571428571428
14.441428571428569
13.981428571428571
16.246530612244896
16.144897959183673
14.709591836734694
15.62265306122449
17.68673469387755
15.688163265306121
16.987959183673468
15.184081632653061
17.669795918367345
22.857346938775507
25.66469387755102
26.24102040816327
27.174285714285713
26.188367346938772
25.382040816326526
24.802448979591837
19.95122448979592
22.017346938775514
24.55469387755102
28.765102040816323
27.44755102040816
25.14857142857143
22.14836734693878
19.941836734693876
24.590816326530618
23.301836734693875
18.523061224489794
20.229795918367348
23.615510204081634
19.64428571428571
19.23183673469388
22.243673469387755
26.26938775510204
26.99591836734694
25.75551020408163
24.420204081632654
20.20591836734694
20.64795918367347
19.967346938775513
15.520816326530612
12.86326530612245
13.770816326530612
16.41673469387755
21.031836734693883
23.95734693877551
22.665918367346936
23.010612244897963
19.414489795918367
16.545102040816328
15.409183673469387
18.88795918367347
21.690612244897963
24.092857142857145
21.538367346938774
17.29734693877551
21.595714285714283
23.24510204081633
16.533877551020407
14.215510204081633
15.4934693877551
17.799387755102043
15.514285714285716
14.46918367346939
16.39428571428571
20.412448979591836
19.045714285714286
19.562244897959186
23.57326530612245
25.81183673469388
24.188367346938772
23.622857142857143
17.119591836734696
20.823265306122448
14.81408163265306
16.241020408163266
17.65918367346939
18.73244897959184
19.041632653061225
16.44469387755102
14.885918367346939
13.90795918367347
14.38877551020408
14.71204081632653
13.193469387755103
11.551632653061224
13.211836734693877
10.845102040816325
9.184693877551021
8.039183673469388
8.288163265306123
9.107142857142858
7.1210204081632655
9.489183673469388
10.28265306122449
11.498979591836736
13.705714285714286
9.844897959183672
8.62326530612245
9.032244897959185
10.941428571428572
12.842653061224489
10.503469387755102
10.145102040816326
9.612244897959183
9.098775510204081
11.29265306122449
17.31326530612245
13.629591836734692
8.866122448979594
6.312857142857142
4.2267346938775505
-0.6957142857142856
-2.8806122448979585
-2.833673469387755
-2.0493877551020407
-0.9018367346938775
0.5783673469387756
1.207142857142857
1.831836734693878
0.17489795918367348
0.7924489795918367
2.4079591836734697
4.149183673469388
3.9112244897959183
8.595102040816325
11.111632653061225
11.615102040816325
10.961224489795919
6.8632653061224485
11.01142857142857
11.406938775510206
10.79795918367347
12.117551020408161
11.549795918367346
8.664489795918367
5.796734693877552
2.0685714285714285
1.2124489795918367
0.723469387755102
-0.5016326530612245
-2.269387755102041
-5.331836734693877
-0.7963265306122448
-0.2987755102040816
0.9187755102040815
1.5351020408163265
-4.701836734693877
-4.848979591836734
-2.089591836734694
0.06428571428571427
2.9732653061224497
3.1712244897959185
5.3159183673469395
8.623673469387755
10.045102040816326
4.62061224489796
2.5834693877551023
0.5951020408163266
0.6083673469387755
1.3689795918367347
3.299387755102041
3.745102040816327
8.822857142857144
9.482244897959184
8.990408163265306
5.224897959183673
1.3308163265306123
0.6883673469387754
1.0136734693877552
2.8006122448979593
3.4775510204081628
3.4436734693877553
3.3104081632653064
7.313877551020408
4.339183673469387
1.5159183673469385
-0.6910204081632653
-2.5079591836734694
-4.804285714285713
-1.8383673469387758
0.30857142857142855
0.1546938775510204
-2.1008163265306123
-0.2675510204081633
-1.1461224489795918
0.7679591836734695
-0.6904081632653062
2.5230612244897963
1.4171428571428575
2.3712244897959187
0.9171428571428571
-1.5916326530612244
-1.3948979591836737
-0.8085714285714285
0.6608163265306123
1.787142857142857
2.1500000000000004
-0.4
0.763061224489796
0.6551020408163266
1.863061224489796
2.148367346938775
2.5955102040816325
4.004081632653061
3.11734693877551
2.323265306122449
1.3324489795918368
3.7946938775510204
6.702040816326531
7.085102040816327
7.132448979591837
4.721020408163265
1.7914285714285711
0.010000000000000004
-1.4348979591836732
-1.2691836734693878
-0.336530612244898
1.4646938775510205
1.216734693877551
-0.1393877551020408
-1.8620408163265303
-1.9510204081632652
-1.8093877551020408
-0.473061224489796
-0.8442857142857144
0.5297959183673471
1.2169387755102041
3.2446938775510206
4.626938775510204
3.643673469387755
4.828367346938776
5.7214285714285715
4.305918367346939
2.3777551020408163
1.5716326530612246
4.978163265306122
10.46061224489796
10.74265306122449
12.664489795918366
12.054897959183672
15.895918367346939
13.032857142857143
11.88265306122449
7.512448979591837
9.776938775510203
8.381224489795919
4.865102040816327
4.365102040816327
6.776938775510204
11.465918367346937
15.59204081632653
16.874489795918365
9.756734693877553
13.781020408163265
17.89428571428571
14.112448979591836
14.298979591836734
16.401632653061228
15.249387755102042
17.108571428571427
16.432653061224492
19.607551020408167
16.644489795918364
18.00877551020408
11.39285714285714
7.268979591836735
12.063265306122448
19.826122448979593
15.272040816326529
17.045510204081634
19.69061224489796
21.17224489795918
21.643265306122455
18.717142857142857
17.914489795918367
19.640816326530608
12.97469387755102
6.891836734693877
7.256326530612246
5.235510204081632
9.036122448979592
8.781836734693877
7.116326530612245
4.800000000000001
9.10265306122449
14.5634693877551
18.36795918367347
11.96326530612245
8.32857142857143
7.241224489795918
10.555714285714286
9.114489795918368
8.719795918367346
8.306326530612244
8.138979591836735
9.88877551020408
9.45591836734694
18.788775510204083
19.43081632653061
23.655102040816324
25.664693877551024
25.096734693877554
22.314693877551022
21.48
17.020612244897958
17.82122448979592
21.382857142857144
14.992040816326531
19.19469387755102
23.905306122448977
26.499591836734695
26.938571428571425
19.700408163265305
19.068571428571428
15.610408163265308
13.753673469387754
15.715510204081633
12.30816326530612
15.033061224489796
16.039795918367346
20.70204081632653
25.81285714285714
25.93693877551021
29.15469387755102
21.175102040816324
15.124693877551021
18.866530612244897
21.157142857142855
22.083061224489796
23.753673469387753
20.875102040816326
19.1934693877551
22.335918367346945
20.1730612244898
19.38081632653061
23.76857142857143
26.51387755102041
20.451020408163266
13.488163265306122
10.729795918367346
11.311836734693877
13.726530612244899
13.955510204081634
16.226326530612244
19.60734693877551
20.099591836734692
21.567551020408168
18.991428571428575
22.203061224489794
24.2834693877551
20.565714285714286
14.849591836734694
19.39469387755102
21.56551020408163
19.415102040816326
18.822448979591837
21.048979591836737
23.50469387755102
24.53285714285714
26.90755102040816
27.84734693877551
28.804693877551017
24.444081632653067
21.614693877551023
20.70877551020408
20.40387755102041
17.871428571428574
20.69204081632653
19.650408163265308
14.363469387755101
13.921428571428569
16.1465306122449
16.544285714285717
20.387551020408164
16.978979591836737
18.37265306122449
13.549591836734693
15.867142857142857
17.59408163265306
18.43204081632653
22.467346938775513
20.052857142857142
22.36877551020408
22.79918367346939
25.07510204081633
25.583673469387758
27.65122448979592
28.77469387755102
29.155102040816324
28.16081632653061
21.952244897959186
21.652040816326526
18.015510204081636
16.092244897959183
21.160204081632653
24.295102040816328
25.882857142857144
26.73612244897959
21.773673469387756
16.62326530612245
19.83938775510204
16.972653061224488
14.29938775510204
16.96142857142857
13.944285714285716
15.522448979591838
18.22204081632653
18.231836734693875
17.748571428571427
16.64061224489796
17.191224489795918
16.624285714285712
18.805714285714288
19.737142857142857
18.826530612244895
19.090000000000003
18.442244897959185
19.462857142857143
20.630612244897957
22.546122448979588
23.2234693877551
21.585918367346938
21.618571428571432
22.00224489795918
22.919795918367345
20.340204081632656
18.042857142857144
15.492244897959182
17.638775510204084
17.349591836734692
18.051224489795917
20.66183673469388
16.903673469387755
20.173061224489796
20.43204081632653
23.302244897959184
17.488979591836735
17.58530612244898
17.274489795918367
19.312857142857144
14.972653061224491
11.721428571428572
15.164693877551022
17.246938775510205
17.705102040816325
15.424489795918367
12.665306122448978
12.838163265306124
12.531632653061223
20.312857142857144
15.97265306122449
14.465102040816326
18.091632653061225
13.162448979591835
10.894285714285711
6.237755102040816
6.773877551020408
8.284081632653061
6.376938775510204
8.50673469387755
7.712244897959184
12.77857142857143
10.880612244897959
10.299591836734693
8.444693877551021
6.601632653061223
5.903469387755103
4.3763265306122445
5.216122448979592
8.969183673469388
6.618979591836735
8.398775510204082
10.110204081632654
9.251428571428571
14.076530612244898
12.852857142857141
12.912448979591838
12.992448979591837
11.967755102040815
10.203265306122448
8.288163265306123
4.704897959183674
2.219795918367347
1.2328571428571429
3.543265306122449
0.02061224489795919
3.397755102040816
6.7391836734693875
5.466530612244897
2.7018367346938774
3.177551020408163
3.7853061224489792
8.909183673469387
10.827142857142857
12.721428571428572
12.617959183673468
12.615714285714285
11.571224489795918
9.940816326530612
2.106938775510204
3.1991836734693875
4.884693877551021
4.2765306122448985
3.626122448979592
3.410816326530612
1.2977551020408162
1.1618367346938776
0.1169387755102041
3.355102040816326
1.6736734693877553
1.1677551020408163
2.147142857142857
3.79204081632653
2.8016326530612243
0.35204081632653067
-0.0783673469387755
-0.5985714285714285
-5.79673469387755
2.363061224489796
1.9342857142857144
-6.2063265306122455
-8.26673469387755
-4.352857142857142
-6.7136734693877544
-5.21
-4.876326530612245
0.3781632653061225
-0.216734693877551
-0.5575510204081633
0.2230612244897959
-0.01326530612244897
-2.180204081632653
-0.6044897959183675
2.9940816326530615
5.679591836734694
6.877959183673469
6.803265306122449
4.858775510204081
8.200408163265307
8.913469387755102
8.789795918367348
7.8710204081632655
-6.35938775510204
-7.32795918367347
-7.220612244897959
-9.23795918367347
-5.781020408163265
-4.5102040816326525
-8.611428571428572
-9.629591836734694
-3.3818367346938776
-0.33142857142857146
-1.1189795918367347
-1.7704081632653061
-0.26040816326530614
-0.4087755102040816
-1.7363265306122448
0.4034693877551021
0.8514285714285714
1.1077551020408163
0.6202040816326531
1.9430612244897958
2.2420408163265306
0.9187755102040815
3.4616326530612245
7.1906122448979595
5.670612244897958
1.5253061224489797
0.8404081632653061
1.891224489795918
2.6204081632653065
3.867551020408163
3.007142857142857
6.312857142857142
6.206938775510205
5.227551020408164
7.868979591836736
9.992448979591837
7.886530612244898
9.358367346938776
3.5844897959183677
4.077142857142857
0.9548979591836735
2.43
2.350408163265306
-1.4840816326530608
2.6328571428571426
3.825306122448979
4.854081632653061
0.21122448979591835
0.646734693877551
0.21020408163265303
2.2751020408163267
3.7006122448979593
3.5895918367346935
8.956734693877552
6.250204081632653
8.874081632653061
8.972244897959184
5.203265306122448
5.857959183673469
4.589387755102041
8.411020408163266
5.146938775510204
7.330408163265306
5.725510204081633
6.06857142857143
4.148367346938776
6.5436734693877545
10.754285714285713
7.167959183673468
4.338367346938775
7.758979591836734
5.506530612244899
4.4536734693877555
6.498571428571429
8.393673469387755
7.495918367346938
11.48734693877551
13.449387755102043
15.514285714285712
18.69326530612245
13.806122448979593
12.06204081632653
7.421224489795918
6.443265306122449
16.290204081632652
16.60530612244898
11.750612244897958
15.200000000000001
18.54836734693878
20.281836734693876
10.807142857142859
11.042448979591837
5.1808163265306115
5.65326530612245
4.620408163265306
5.091836734693878
5.258775510204082
8.971020408163266
12.339183673469385
14.681836734693876
11.808367346938775
11.699183673469388
12.901836734693878
13.564285714285713
13.353673469387754
14.121020408163265
14.550408163265306
9.855102040816327
13.209183673469385
11.759387755102042
12.164897959183673
9.960204081632654
7.944285714285714
7.850204081632652
8.992653061224487
8.680204081632654
14.122857142857143
12.855306122448976
11.24510204081633
13.55265306122449
9.873877551020406
14.18061224489796
16.290204081632652
13.044693877551019
12.934897959183674
17.06081632653061
19.859795918367343
21.746734693877553
23.789591836734694
25.797551020408168
21.47204081632653
22.854285714285716
19.401836734693877
22.817346938775508
18.537142857142857
17.337551020408164
16.617551020408165
15.117755102040817
18.73857142857143
24.28224489795918
26.68163265306122
19.343061224489798
18.438163265306123
21.480408163265306
25.95183673469388
28.497755102040813
29.561632653061228
30.398775510204075
30.97408163265306
30.364489795918367
26.117551020408165
25.848775510204085
25.177142857142854
21.865306122448985
22.664897959183673
17.958979591836734
17.420816326530613
13.870816326530608
13.785714285714286
13.876734693877552
14.461428571428572
17.63632653061224
19.677142857142854
17.071020408163264
18.433061224489798
19.907142857142855
22.672653061224494
20.811632653061228
17.92877551020408
24.060408163265308
21.310408163265308
19.28061224489796
18.160408163265306
17.34408163265306
18.732244897959184
19.760816326530612
24.926326530612247
26.284285714285712
18.839795918367347
19.32612244897959
21.091632653061225
21.268367346938774
25.229387755102035
28.36204081632653
25.945510204081632
28.284897959183674
27.956938775510206
28.11836734693878
29.316530612244904
30.36040816326531
27.363877551020412
23.13836734693878
23.52510204081633
21.99816326530612
26.818163265306126
28.54551020408163
21.747755102040813
20.02265306122449
22.019999999999996
23.2
17.559183673469388
18.70204081632653
19.77469387755102
26.230816326530608
27.780816326530616
28.681632653061225
27.971428571428568
29.481632653061226
28.802448979591837
23.77816326530612
23.82081632653061
23.576122448979596
23.66142857142857
23.11142857142857
22.864693877551023
21.566326530612244
24.15265306122449
28.883673469387755
23.519795918367347
21.65673469387755
25.404285714285713
24.064081632653057
20.97591836734694
24.28734693877551
20.406122448979595
16.866122448979592
16.606326530612243
19.353061224489796
20.63612244897959
19.76448979591837
18.90183673469388
23.79755102040816
19.857755102040816
20.600816326530612
22.066122448979588
22.883265306122443
20.40612244897959
16.536326530612246
16.05469387755102
21.021836734693878
25.320204081632653
27.370816326530615
23.00469387755102
20.238367346938777
21.54938775510204
22.33122448979592
25.01285714285714
25.132244897959183
25.080816326530613
24.346938775510203
24.83122448979592
27.577755102040815
27.746122448979595
27.99612244897959
26.814693877551022
25.578775510204085
25.805102040816326
22.9265306122449
18.3565306122449
15.059591836734695
18.721020408163263
20.11265306122449
24.053265306122448
17.96469387755102
20.331632653061224
21.358571428571427
17.023265306122447
14.945714285714288
18.96591836734694
18.30204081632653
16.89285714285714
14.264489795918369
13.156938775510206
11.163061224489798
10.67265306122449
10.171632653061224
11.023265306122449
11.70204081632653
11.388367346938775
11.626530612244899
11.562653061224491
10.90877551020408
9.97591836734694
9.607142857142858
13.311836734693879
13.869795918367346
13.8334693877551
13.796530612244897
16.088775510204083
14.154285714285715
10.847551020408163
9.948163265306121
11.713469387755103
11.894897959183673
13.112653061224492
10.013877551020409
9.357755102040818
8.930408163265307
12.625918367346937
14.930408163265307
11.686326530612245
9.816326530612244
9.282448979591836
6.971632653061223
8.501632653061224
12.489591836734695
14.386938775510203
11.857959183673469
13.170408163265304
9.502244897959184
9.12122448979592
6.043061224489796
4.912857142857143
2.6795918367346943
3.993673469387755
10.296530612244899
10.180204081632654
8.319183673469388
7.669387755102041
8.280204081632652
12.393265306122448
11.943469387755103
9.176938775510205
7.8834693877551025
5.828979591836735
5.210408163265306
3.502040816326531
1.636734693877551
1.5144897959183674
3.0181632653061223
1.1897959183673468
1.6828571428571428
1.7659183673469387
3.5789795918367355
5.44204081632653
10.474489795918368
7.440408163265307
10.041836734693879
3.957346938775511
2.8614285714285717
1.9863265306122448
0.47408163265306125
8.230612244897959
10.112244897959183
4.439183673469388
1.396326530612245
0.5944897959183674
5.82204081632653
4.198571428571428
3.484489795918367
1.4377551020408164
-0.6714285714285714
0.7716326530612245
2.414081632653061
6.405918367346938
5.110204081632652
3.2614285714285716
3.0581632653061224
1.3440816326530611
-0.13816326530612244
1.1851020408163266
7.308979591836734
8.90795918367347
11.016734693877547
11.72857142857143
8.381224489795919
4.352244897959184
4.0442857142857145
6.632448979591835
8.095102040816325
6.050408163265307
4.881836734693877
2.8187755102040812
4.211224489795918
6.459999999999999
6.762244897959184
5.863061224489795
1.5089795918367344
1.4828571428571429
3.076326530612245
3.8871428571428566
3.0959183673469393
1.8338775510204082
2.300816326530612
7.408367346938776
10.65734693877551
8.82265306122449
8.375102040816326
7.086734693877551
2.46265306122449
8.613469387755103
2.8369387755102045
2.0953061224489793
1.5967346938775508
0.316734693877551
1.9420408163265308
1.259387755102041
-0.5751020408163265
-0.6320408163265306
-2.3455102040816325
-2.8244897959183675
-1.8357142857142859
-0.9810204081632653
-2.788979591836734
-1.8261224489795915
-2.7906122448979596
0.1973469387755102
1.4989795918367346
-0.6412244897959183
0.7353061224489796
0.25367346938775515
-0.7846938775510203
2.4185714285714286
4.59530612244898
6.48204081632653
6.318163265306123
7.308979591836734
6.305510204081632
2.984897959183673
4.634081632653061
5.173673469387755
7.131836734693877
8.274897959183672
6.769591836734695
8.888775510204082
7.576122448979592
11.729183673469388
6.823469387755103
7.401836734693878
6.736938775510203
10.416938775510204
12.68387755102041
10.04938775510204
10.109183673469389
10.93183673469388
11.662448979591838
10.587551020408162
11.024693877551023
9.743673469387755
7.830408163265307
7.461428571428571
9.735306122448979
6.13204081632653
2.7383673469387757
4.1085714285714285
2.9271428571428575
5.802244897959183
4.7267346938775505
8.192857142857143
10.844489795918367
8.120204081632654
6.607551020408163
6.4373469387755105
6.707346938775511
8.190204081632652
7.604489795918368
9.88408163265306
9.06938775510204
11.43530612244898
14.41061224489796
6.766530612244898
6.670816326530613
5.989387755102041
8.027755102040816
16.089795918367347
19.83816326530612
21.067755102040817
18.54795918367347
15.911632653061226
20.237346938775513
15.118367346938777
19.74204081632653
13.334693877551022
19.295102040816328
19.7134693877551
14.499183673469386
16.536326530612243
14.776938775510203
18.412857142857142
14.873673469387754
12.811428571428571
10.505510204081633
11.877755102040815
14.983061224489795
17.659387755102042
13.258775510204083
14.842857142857142
14.593265306122447
11.48387755102041
13.366122448979594
15.475714285714288
11.68551020408163
17.69142857142857
18.12265306122449
21.830816326530613
21.579591836734693
16.997346938775507
13.541836734693879
20.22612244897959
23.232244897959188
13.154693877551022
10.131836734693877
9.991428571428573
10.811836734693877
11.973673469387755
9.479795918367346
11.860204081632656
11.759591836734694
14.859183673469389
22.447142857142858
23.98938775510204
20.535510204081632
21.454489795918363
26.44265306122449
20.510408163265307
16.826122448979593
21.96040816326531
26.725102040816324
23.571020408163264
19.956326530612245
21.304489795918368
23.98428571428572
22.00408163265306
19.584489795918365
15.548367346938775
13.067959183673468
12.422040816326533
16.90795918367347
21.966734693877555
24.097959183673474
25.915918367346936
26.845102040816325
27.400408163265315
28.03061224489796
24.214285714285715
24.210204081632654
19.53857142857143
15.597755102040816
16.044489795918366
19.208163265306123
16.05061224489796
21.040612244897954
23.948163265306118
25.324897959183676
26.743061224489797
27.712448979591834
27.53795918367347
27.09428571428571
29.693877551020407
30.382448979591835
30.596734693877547
29.79020408163265
24.961632653061223
19.810000000000002
27.003673469387756
29.663877551020413
31.239183673469384
28.056326530612246
20.817755102040817
18.237755102040815
18.817346938775508
27.164081632653062
29.736530612244902
24.176734693877552
27.585714285714285
33.07061224489796
30.939999999999998
26.62408163265306
22.964081632653066
26.55734693877551
32.123673469387754
27.616326530612252
21.271224489795916
17.43081632653061
15.32591836734694
14.157551020408162
16.33734693877551
21.22795918367347
25.39428571428571
26.273877551020405
26.482040816326528
25.142857142857142
25.542040816326534
17.868367346938776
16.665102040816326
25.07265306122449
24.687551020408165
24.837551020408167
26.94183673469388
29.357755102040812
29.697142857142858
28.999387755102042
25.97714285714286
27.125102040816323
25.558979591836735
27.179795918367347
26.9230612244898
26.633469387755106
22.07081632653061
23.648775510204075
25.323265306122448
27.52734693877551
24.13
23.04204081632653
19.21326530612245
18.25673469387755
22.27530612244898
17.993877551020407
15.705510204081632
18.247755102040816
18.52714285714286
17.833469387755102
14.990000000000002
12.137142857142857
13.47530612244898
16.133673469387755
21.236530612244902
16.498163265306122
15.372857142857143
15.783061224489796
17.377755102040815
17.132857142857144
15.149387755102042
16.363673469387756
18.75673469387755
23.31142857142857
18.283877551020407
18.536530612244896
24.092448979591836
23.005714285714284
21.364285714285714
15.87
15.45591836734694
14.313061224489795
19.491836734693877
23.79448979591837
20.52204081632653
14.863061224489796
14.936530612244898
12.627142857142855
12.347142857142856
13.573061224489795
12.5834693877551
10.906938775510202
18.12122448979592
15.58938775510204
13.462857142857139
13.127142857142857
9.612448979591838
10.012244897959183
13.688367346938778
9.59204081632653
8.985102040816326
8.886326530612244
10.731224489795919
10.818367346938777
9.23387755102041
12.07061224489796
14.910204081632651
9.609795918367348
7.373469387755102
7.467755102040817
7.425918367346939
9.47265306122449
11.10938775510204
11.85204081632653
10.857551020408165
14.190204081632654
10.326530612244898
11.613877551020408
11.66857142857143
11.84265306122449
9.28142857142857
6.008367346938776
5.212857142857143
2.5553061224489793
0.6369387755102041
-2.172857142857143
1.376938775510204
2.4740816326530615
2.0828571428571427
3.2083673469387755
2.2489795918367346
3.5618367346938777
2.119795918367347
1.4583673469387757
0.6385714285714287
9.505510204081633
12.505510204081633
13.436122448979592
8.39938775510204
7.057346938775509
3.0402040816326523
-1.0255102040816326
-2.3446938775510207
-0.5459183673469389
1.4516326530612245
2.434285714285714
1.0806122448979594
1.373469387755102
0.1769387755102041
1.6612244897959185
2.90061224489796
-0.08612244897959183
-5.772244897959183
-3.5563265306122447
-2.805918367346939
-2.278979591836735
-4.4924489795918365
-0.07653061224489797
3.1295918367346935
3.922040816326531
5.744489795918367
5.485102040816326
5.63530612244898
7.9661224489795925
10.272653061224489
11.966326530612246
8.611632653061225
5.096326530612244
7.85734693877551
7.3008163265306125
5.622857142857143
3.950612244897959
3.645102040816327
5.011428571428572
5.2667346938775506
3.245306122448979
0.9287755102040814
2.163061224489796
2.3522448979591837
2.076938775510204
1.2220408163265306
0.6706122448979591
2.3557142857142854
3.1761224489795916
5.032448979591837
9.196122448979592
3.3497959183673465
3.3985714285714286
6.175714285714286
1.530408163265306
1.9536734693877549
1.8685714285714283
-1.9985714285714284
-2.9359183673469387
1.3906122448979592
1.6475510204081631
0.5808163265306122
-1.1093877551020408
1.8373469387755106
3.879183673469388
3.7787755102040816
3.898367346938776
2.552857142857143
1.990204081632653
5.238775510204081
4.289999999999999
4.762244897959183
7.604489795918369
4.673469387755102
6.296530612244899
1.973061224489796
1.7444897959183674
1.477142857142857
3.8097959183673464
1.523061224489796
0.3042857142857143
2.3048979591836734
1.4848979591836733
-0.6959183673469387
0.6285714285714286
-1.599387755102041
-0.3708163265306123
2.6185714285714288
4.455102040816326
1.7130612244897956
2.0130612244897956
1.08
0.276530612244898
3.7081632653061223
2.3051020408163265
3.3267346938775515
5.195918367346939
5.277755102040817
2.0267346938775512
2.176122448979592
2.7526530612244895
2.179795918367347
7.758775510204082
5.309183673469387
4.39530612244898
1.1206122448979592
2.206326530612245
5.648571428571428
4.508163265306123
4.128775510204082
6.911428571428573
9.332040816326531
4.429795918367347
5.92734693877551
4.892448979591837
5.088367346938775
6.257142857142858
9.423877551020407
9.939795918367347
11.016734693877552
10.538571428571428
8.106122448979592
10.15
9.066326530612246
10.938571428571429
9.51530612244898
6.9806122448979595
7.239591836734693
3.1491836734693877
1.0048979591836735
1.3838775510204082
2.921836734693877
5.769387755102041
5.985306122448979
6.0638775510204095
7.8887755102040815
6.985510204081632
9.528163265306123
10.83795918367347
6.2667346938775506
12.410204081632651
16.49061224489796
19.88204081632653
12.061020408163262
8.401224489795919
11.728775510204082
13.950000000000001
16.15061224489796
19.97469387755102
22.555714285714288
18.06551020408163
17.51448979591837
18.34734693877551
17.84408163265306
12.780000000000001
8.147346938775511
12.434897959183672
11.916938775510205
10.638571428571428
17.363265306122447
13.503877551020407
18.459387755102043
19.10326530612245
17.054081632653062
12.550204081632652
9.334285714285713
10.453673469387756
9.91408163265306
11.107959183673469
7.13530612244898
8.421632653061225
11.328367346938776
15.388571428571428
20.643469387755104
16.67326530612245
20.152244897959186
22.9365306122449
18.02857142857143
14.464693877551017
14.57448979591837
16.614285714285717
10.81204081632653
15.030000000000001
16.997959183673466
13.51204081632653
10.71204081632653
12.375306122448979
11.374693877551021
15.61326530612245
19.341836734693878
19.212244897959184
25.620408163265306
19.023265306122447
17.71795918367347
13.158367346938775
15.547346938775508
18.270816326530614
13.136530612244899
19.826734693877547
16.230408163265306
19.343061224489794
22.026326530612245
17.384897959183675
13.537142857142857
13.389795918367348
17.1034693877551
21.133061224489797
24.36020408163265
27.231632653061222
25.111632653061225
20.520204081632652
16.553061224489795
14.108979591836736
13.940000000000001
14.243265306122447
21.5734693877551
16.700408163265305
14.028775510204081
15.40795918367347
18.97489795918367
18.282244897959185
12.858367346938774
12.843265306122447
13.860204081632652
17.08673469387755
22.381836734693877
24.948367346938777
29.18795918367347
31.43163265306122
33.0573469387755
24.398775510204082
19.971020408163266
16.512448979591838
16.718571428571426
15.694897959183672
13.581632653061224
13.887551020408164
16.79612244897959
15.501428571428573
17.742244897959182
18.616326530612245
19.293673469387755
21.8734693877551
22.778367346938772
16.606938775510205
17.005102040816325
16.334285714285716
25.66510204081633
28.966326530612243
29.37408163265306
21.595102040816325
22.17734693877551
27.555306122448986
21.861020408163263
21.15734693877551
18.79857142857143
20.705714285714283
21.766326530612247
17.267551020408163
16.543673469387755
15.366938775510203
19.93918367346939
21.739795918367346
23.051224489795917
20.99061224489796
21.73428571428572
22.175510204081636
21.903877551020408
24.079387755102044
24.627959183673468
25.574489795918364
26.382244897959183
27.26
26.80959183673469
20.107959183673472
20.866530612244897
21.944285714285712
22.86020408163265
23.282653061224487
21.741020408163266
21.330408163265307
23.53224489795919
23.14918367346938
21.973673469387755
19.10734693877551
15.237959183673471
10.024081632653061
10.376938775510204
10.554693877551022
12.02326530612245
11.837346938775509
12.01734693877551
13.942857142857143
18.141632653061226
21.004489795918367
15.833877551020409
14.35734693877551
13.902244897959184
16.650204081632655
15.201836734693877
14.906938775510206
16.970816326530613
12.998163265306122
11.436326530612245
10.317142857142857
11.815714285714284
10.519183673469389
14.150408163265306
15.577959183673471
19.066938775510202
16.814489795918366
19.58285714285714
14.53591836734694
13.550816326530612
13.859387755102041
15.424693877551022
12.11530612244898
12.570000000000002
12.641632653061222
15.413673469387755
14.787142857142857
15.46204081632653
13.636530612244899
13.323061224489795
12.512857142857143
15.244897959183673
14.193673469387756
16.04795918367347
15.775510204081636
15.365306122448981
14.037551020408165
10.653673469387755
9.829183673469387
13.043061224489795
12.145102040816324
15.127959183673468
13.32857142857143
11.27938775510204
9.877959183673468
11.288367346938776
16.264489795918365
9.94673469387755
12.916122448979591
7.548775510204082
7.080408163265305
6.1283673469387745
9.311632653061226
11.151632653061226
9.847551020408163
10.418979591836733
10.216734693877552
9.990204081632655
12.23387755102041
10.81061224489796
10.040000000000001
7.716530612244898
2.087142857142857
3.0367346938775515
2.701224489795918
5.141632653061225
4.0626530612244895
3.9079591836734697
5.9053061224489785
11.963469387755103
13.021632653061223
13.293673469387755
9.638979591836735
8.528979591836734
5.596530612244897
5.846530612244898
9.44204081632653
5.957755102040816
3.2591836734693875
1.20265306122449
2.6530612244897958
2.4738775510204083
2.7789795918367344
4.038979591836735
3.6700000000000004
4.7359183673469385
5.604897959183673
5.072448979591837
5.955102040816326
5.884489795918367
3.4922448979591842
2.0240816326530613
3.6212244897959183
3.169999999999999
3.566326530612245
4.7
2.543061224489796
5.788163265306123
6.44938775510204
3.3916326530612237
2.8283673469387756
4.775510204081633
0.5724489795918368
2.1783673469387757
1.5055102040816328
0.2440816326530612
-1.2212244897959184
-1.3687755102040817
-2.161836734693878
0.5016326530612245
-0.09755102040816327
-4.510204081632653
-6.711632653061224
-7.950408163265306
-10.386326530612244
-10.43081632653061
-9.165306122448978
-9.213877551020408
-7.818775510204082
-8.24795918367347
-5.7234693877551015
-8.12469387755102
-9.708979591836734
-7.10530612244898
-4.812448979591837
-5.817142857142857
-6.66591836734694
-5.444489795918367
-3.0222448979591836
3.392857142857143
6.313673469387755
5.908979591836735
1.0765306122448979
1.2563265306122446
4.828367346938775
2.6148979591836734
-0.6261224489795918
2.7906122448979596
7.565714285714285
6.555102040816326
8.799183673469388
8.574285714285715
5.733673469387754
4.4248979591836735
6.8159183673469395
3.373061224489796
1.4675510204081632
-2.115918367346939
-5.374285714285714
-7.147551020408164
-8.758367346938774
-6.724285714285714
-3.287142857142857
-2.7920408163265313
-5.158775510204082
0.18040816326530615
-0.08489795918367347
-3.893673469387755
-2.9730612244897965
-2.0448979591836736
-0.12775510204081633
-0.10734693877551021
2.5328571428571425
8.17469387755102
9.771836734693878
7.8257142857142865
9.324489795918367
6.560816326530611
6.898571428571428
6.123265306122449
8.563469387755102
8.421020408163267
7.731020408163265
6.311428571428572
5.0442857142857145
7.807142857142857
5.488163265306123
2.702857142857143
2.9332653061224487
6.119795918367348
8.302857142857144
2.8946938775510205
2.6979591836734693
2.764081632653061
1.373877551020408
-0.7555102040816327
1.5673469387755101
3.2273469387755105
7.88734693877551
10.569591836734695
9.645918367346939
7.672040816326531
9.767551020408163
9.005102040816327
7.5697959183673476
4.963061224489796
4.463265306122449
10.911632653061224
10.555102040816328
12.652244897959184
12.920816326530613
17.442653061224494
22.101020408163265
20.164285714285715
15.052448979591837
13.568163265306124
13.329591836734693
11.56224489795918
12.147551020408164
10.470000000000002
7.266530612244898
11.780408163265307
6.700408163265306
8.942448979591836
7.691428571428571
13.7969387755102
15.997959183673471
17.689591836734692
18.05591836734694
18.996122448979595
17.13142857142857
10.856938775510205
8.694285714285712
5.39469387755102
6.70061224489796
5.070204081632653
6.295510204081632
6.650204081632652
10.493265306122447
10.124897959183674
7.099387755102042
7.631020408163264
9.679183673469387
13.098163265306122
17.24061224489796
20.216938775510204
17.791632653061225
17.701020408163266
14.46612244897959
18.726326530612244
21.17612244897959
23.74510204081632
19.13795918367347
17.295102040816325
21.86591836734694
20.233673469387753
21.3969387755102
21.276122448979592
21.50795918367347
19.81387755102041
12.713673469387755
14.221224489795917
18.28795918367347
24.042244897959183
27.140000000000004
28.124489795918365
21.268367346938774
14.04795918367347
19.38877551020408
21.85081632653062
21.291632653061225
23.04204081632653
24.66836734693877
26.000204081632656
23.600816326530612
22.45489795918368
19.284285714285712
14.073061224489797
11.758367346938774
12.640204081632652
13.59489795918367
14.764897959183674
11.44061224489796
15.24122448979592
13.286938775510205
13.639183673469386
12.209387755102039
16.615306122448978
19.232857142857146
15.02857142857143
17.548775510204084
18.893061224489795
16.526122448979592
18.462448979591837
14.54877551020408
13.31530612244898
16.51142857142857
14.125306122448979
15.547142857142855
20.53265306122449
19.282448979591834
19.19448979591837
23.55918367346939
25.533265306122452
25.96714285714286
24.723061224489793
19.24244897959184
15.603469387755101
16.286530612244896
16.55551020408163
19.34877551020408
22.359183673469392
25.946122448979594
29.756122448979585
23.49857142857143
23.610204081632656
22.719591836734697
26.018367346938778
20.756326530612245
19.735306122448982
17.016326530612243
18.117755102040817
19.09673469387755
24.008979591836734
26.82979591836735
26.156938775510206
20.771020408163267
25.45673469387755
19.075510204081635
19.97714285714286
19.023673469387756
19.723061224489793
18.963469387755104
19.367551020408165
17.59673469387755
22.095102040816325
16.345102040816325
15.848979591836732
18.11857142857143
23.851224489795918
21.472857142857144
22.140204081632657
18.982040816326528
24.663469387755107
30.60020408163265
26.62489795918367
22.0534693877551
17.79265306122449
16.906326530612247
20.187755102040814
19.130408163265304
21.47408163265306
24.854693877551018
20.31612244897959
22.758979591836734
16.969183673469388
18.625714285714285
17.60938775510204
21.189999999999998
22.67122448979592
24.18469387755102
24.814897959183675
20.709999999999997
18.26918367346939
16.133877551020408
16.255714285714284
15.414285714285716
13.59714285714286
13.299591836734693
10.813061224489797
13.992244897959184
17.487959183673468
20.14061224489796
20.17877551020408
22.36040816326531
16.28448979591837
13.556938775510204
13.293469387755103
16.497142857142855
21.51795918367347
24.91877551020408
22.023061224489794
23.37326530612245
22.09204081632653
20.615102040816325
19.504897959183676
18.374285714285715
17.778979591836734
21.09836734693878
19.023469387755103
18.753265306122447
20.65938775510204
23.07591836734694
20.012448979591838
24.3730612244898
24.82122448979592
19.77877551020408
16.735102040816322
15.266938775510203
13.58469387755102
13.534489795918367
13.137142857142857
16.55530612244898
14.332244897959184
11.544285714285714
13.322857142857144
13.49530612244898
10.077755102040816
11.210204081632652
10.316122448979591
10.446530612244898
11.853469387755101
12.30285714285714
8.804285714285713
11.742448979591837
9.953061224489796
11.34591836734694
10.299795918367346
6.2181632653061225
4.218979591836735
8.438571428571429
2.5210204081632654
2.506530612244898
5.407551020408163
5.9477551020408175
5.701020408163265
7.823061224489796
13.80612244897959
8.655918367346938
7.50326530612245
8.964489795918368
14.65387755102041
11.526122448979594
3.13
1.083265306122449
2.060612244897959
2.1524489795918367
1.7995918367346937
0.8389795918367349
-0.15938775510204078
-2.3555102040816323
-4.25734693877551
-3.770408163265306
-2.826734693877551
-2.213265306122449
-1.726938775510204
-0.7681632653061224
0.4220408163265306
-2.9634693877551017
-1.7599999999999998
0.3959183673469388
0.17285714285714282
0.7289795918367347
3.8497959183673474
6.669795918367347
11.055714285714286
11.268979591836736
13.284285714285716
10.931632653061227
8.023061224489796
7.639999999999999
8.098367346938774
6.784897959183673
3.4155102040816328
2.5542857142857143
0.9081632653061225
2.945510204081633
8.291224489795917
9.986734693877551
7.5771428571428565
6.858367346938776
6.580612244897959
5.805714285714286
5.676530612244899
8.145510204081633
5.734285714285715
5.190612244897959
7.413265306122449
7.38122448979592
6.211224489795917
-0.9855102040816326
-2.708979591836734
-1.5357142857142858
-4.884081632653062
-5.190408163265307
3.126938775510204
4.815918367346939
2.731020408163265
0.049183673469387755
2.209795918367347
0.9118367346938775
-1.6879591836734695
-2.7363265306122453
-0.09367346938775512
4.0318367346938775
2.739591836734694
6.115714285714286
7.290204081632653
3.8475510204081633
1.6342857142857146
-0.008163265306122448
3.2806122448979584
8.830612244897958
8.030408163265305
4.442857142857143
5.231020408163265
5.835714285714285
4.192244897959184
1.3357142857142854
-0.12714285714285714
-2.0618367346938773
0.5324489795918368
2.297551020408163
2.1799999999999997
1.7979591836734696
4.0593877551020405
3.069183673469388
-0.42428571428571427
-1.8153061224489793
-3.149591836734694
-4.059591836734693
-5.583877551020408
-6.888163265306122
-11.602857142857141
-3.2030612244897956
-1.3489795918367347
-1.76265306122449
-3.3902040816326537
-2.9738775510204074
-0.8151020408163266
-1.260204081632653
-2.176938775510204
-4.345918367346939
-4.223877551020408
-5.383469387755102
-5.002040816326531
-5.852244897959185
-5.582448979591836
-4.953673469387755
-4.290612244897959
-5.003469387755103
-2.0602040816326532
-1.5089795918367346
-0.6644897959183674
-1.0375510204081633
0.7689795918367346
0.44306122448979585
4.27265306122449
5.901428571428572
5.2661224489795915
4.367755102040816
2.4026530612244903
3.2367346938775508
3.1173469387755106
3.2581632653061225
3.5761224489795915
4.2877551020408164
8.738979591836735
10.34204081632653
12.925714285714285
13.247346938775511
13.477551020408162
9.50734693877551
7.186734693877551
6.999183673469388
6.692857142857143
9.04061224489796
7.470408163265305
6.393877551020409
10.318979591836735
11.846530612244898
8.562448979591835
6.150204081632653
9.46142857142857
9.694285714285714
9.037142857142857
5.725102040816326
3.490612244897959
2.4848979591836735
5.927755102040816
11.372653061224492
9.82326530612245
6.716530612244898
2.9389795918367345
-0.6246938775510203
1.0475510204081633
4.272448979591837
5.749387755102042
14.237551020408162
13.630204081632654
11.297755102040817
8.883265306122448
8.29265306122449
8.73530612244898
11.396122448979591
11.337142857142855
11.302857142857144
14.10795918367347
15.283061224489796
13.240408163265306
16.252857142857142
17.272244897959187
20.020408163265305
14.083877551020409
19.022244897959183
23.52
25.278571428571432
20.094489795918367
22.46224489795918
21.99265306122449
17.02408163265306
15.02142857142857
15.362040816326529
13.649387755102042
17.57244897959184
19.712244897959184
21.87897959183673
15.918571428571429
15.89469387755102
17.19979591836735
21.201224489795916
24.523061224489794
20.063877551020408
22.912857142857142
21.490000000000006
19.2534693877551
23.557142857142857
17.239183673469388
19.98551020408163
25.06224489795918
24.320408163265306
16.417755102040818
12.908367346938778
11.607755102040816
14.22530612244898
15.087959183673469
13.965306122448979
18.214489795918368
12.465102040816328
12.312448979591833
9.621632653061225
10.073061224489795
13.34877551020408
20.782244897959185
23.707959183673466
16.528571428571432
16.5034693877551
18.841428571428573
22.337755102040816
25.878571428571433
29.633061224489797
28.558367346938777
22.11285714285714
24.422448979591834
26.34204081632653
24.308775510204082
24.325714285714287
25.12122448979592
21.176530612244896
23.674489795918372
25.985714285714284
27.904285714285717
27.45061224489796
24.217142857142854
24.817959183673473
27.32673469387755
29.004285714285714
29.625918367346937
25.990816326530613
25.852040816326532
20.563877551020408
18.086938775510205
16.89428571428571
17.370408163265306
15.918571428571429
17.66591836734694
17.366530612244897
15.742857142857142
19.54061224489796
22.90469387755102
26.776734693877554
27.00102040816327
20.321428571428573
17.723673469387755
20.842448979591836
22.059387755102037
24.238163265306124
21.496938775510205
15.53142857142857
16.38714285714286
20.566938775510202
23.05142857142857
26.337551020408156
28.1361224489796
23.740816326530606
27.777755102040814
23.61591836734694
28.776938775510203
32.67204081632653
27.56693877551021
22.116938775510203
26.040408163265308
27.224489795918373
21.498367346938778
23.85877551020408
26.419183673469387
26.59489795918367
20.85142857142857
22.98632653061225
24.30918367346939
26.71061224489796
22.96591836734694
23.302857142857142
17.833469387755102
16.014285714285712
15.117142857142857
18.173061224489796
16.96
16.941428571428574
14.376530612244897
16.666122448979593
19.912448979591836
15.174285714285716
16.003061224489795
14.321836734693877
12.460408163265308
14.506938775510205
12.928775510204082
16.311428571428575
15.623061224489797
13.82816326530612
17.640816326530615
18.68857142857143
15.666734693877551
16.382448979591835
15.118775510204081
15.803673469387757
17.447142857142858
14.195714285714285
13.653877551020408
20.221020408163266
18.08142857142857
14.861836734693878
8.973673469387755
12.147551020408164
14.67142857142857
17.85857142857143
19.09510204081633
19.010816326530612
17.821632653061222
16.162244897959184
14.288163265306123
15.234285714285713
15.251224489795916
18.417346938775513
19.24326530612245
18.577551020408162
22.345918367346936
20.316326530612244
16.560408163265308
16.24795918367347
19.631836734693877
16.98877551020408
16.196122448979594
14.982040816326531
16.636734693877553
17.51122448979592
16.336326530612244
16.289795918367346
17.114285714285714
21.55959183673469
21.225510204081637
18.546530612244897
13.92122448979592
14.76612244897959
12.375306122448979
11.94061224489796
9.303061224489797
14.021632653061223
9.981224489795919
8.749183673469387
8.723469387755102
8.843877551020409
9.704897959183672
8.678775510204083
9.989795918367347
8.25591836734694
7.3297959183673465
11.184897959183674
10.508367346938774
5.978775510204082
6.474081632653061
6.29857142857143
10.188979591836736
7.2371428571428575
6.828571428571429
7.003469387755103
9.92204081632653
13.08061224489796
11.515510204081634
12.963265306122448
9.743877551020407
11.057346938775511
13.070408163265304
11.97877551020408
9.60938775510204
8.789591836734694
8.902448979591837
6.050816326530612
7.587959183673468
7.411632653061225
6.990816326530613
9.675918367346938
9.783469387755101
7.484081632653062
3.1946938775510203
1.5312244897959184
0.6818367346938776
0.35551020408163264
4.520408163265306
6.948367346938776
7.374693877551021
8.209999999999999
6.658367346938776
6.100204081632653
10.421224489795918
6.46061224489796
6.262857142857144
3.1310204081632658
1.7510204081632652
1.473673469387755
5.1965306122448975
2.706530612244898
4.215918367346938
3.6644897959183673
7.028979591836735
8.708163265306123
2.030408163265306
1.6728571428571428
-0.35897959183673467
-2.426530612244898
-3.267755102040816
-3.9379591836734695
0.5324489795918367
1.5348979591836736
3.0232653061224486
7.437551020408163
7.682653061224489
6.978775510204082
6.874489795918366
7.632040816326531
-1.0138775510204083
-0.0773469387755102
2.2932653061224486
2.1502040816326535
-1.776326530612245
-4.042448979591836
-1.789591836734694
-4.27
-11.411632653061224
-11.558367346938775
-11.347551020408165
-12.768367346938778
-11.917755102040815
-10.615102040816327
-7.250000000000001
-7.491428571428571
-4.325714285714286
-5.9806122448979595
-5.736122448979593
-2.207142857142857
1.046326530612245
2.189387755102041
1.1851020408163266
0.9816326530612245
-0.8989795918367346
0.08265306122448977
-2.380612244897959
-8.95326530612245
-5.354897959183673
-3.412448979591837
-2.1516326530612244
-1.8485714285714283
0.6893877551020409
2.4853061224489794
3.1455102040816327
4.525714285714286
5.035510204081633
6.81673469387755
6.461020408163266
5.59265306122449
4.088367346938775
3.7081632653061227
1.999795918367347
1.457142857142857
-0.35326530612244894
-0.7693877551020408
-1.1434693877551019
-1.1981632653061225
-0.5477551020408163
-1.1026530612244898
1.893061224489796
1.0608163265306123
0.8236734693877551
1.710204081632653
2.3375510204081635
5.050408163265306
7.3736734693877555
6.9681632653061225
0.4808163265306123
-4.359591836734694
-3.802448979591836
-1.1175510204081631
-1.280816326530612
-2.9126530612244896
-1.2134693877551022
-1.3175510204081633
1.462857142857143
1.246734693877551
0.5689795918367346
1.6442857142857141
1.9675510204081632
3.1399999999999997
1.5514285714285714
1.042040816326531
3.7638775510204083
1.8175510204081633
2.5467346938775512
3.742244897959184
4.569795918367346
5.142244897959183
8.30530612244898
9.412857142857144
10.635714285714286
10.32795918367347
10.530816326530612
6.857959183673469
5.624081632653061
6.280816326530613
7.683877551020408
5.73204081632653
14.497142857142855
11.30285714285714
13.53469387755102
12.739591836734695
18.36285714285714
15.728979591836735
13.686530612244898
11.643061224489793
11.721836734693877
6.150204081632653
8.989999999999998
12.541836734693879
13.044489795918366
10.897142857142859
16.11163265306123
18.527346938775512
20.13408163265306
14.79061224489796
10.805510204081633
14.359387755102041
17.79265306122449
21.1234693877551
22.06775510204081
18.208775510204084
15.54326530612245
19.94795918367347
24.236734693877555
22.130408163265304
18.069183673469386
20.912448979591836
13.596122448979592
6.49938775510204
9.564897959183673
8.777142857142858
13.272244897959185
14.774081632653063
20.927755102040816
19.181428571428572
12.211632653061224
10.252448979591836
10.363673469387756
10.910204081632651
11.921836734693876
11.059795918367346
13.30326530612245
15.347142857142856
17.178979591836736
12.015918367346936
9.381020408163266
10.576530612244898
13.181224489795918
18.710612244897955
20.273061224489794
21.48040816326531
18.37938775510204
14.493061224489795
10.794081632653063
11.92265306122449
16.430408163265305
18.39612244897959
14.556530612244895
15.945102040816325
15.687551020408161
16.457959183673466
17.813061224489797
18.307142857142857
15.533673469387754
16.27285714285714
17.93795918367347
20.404285714285713
15.599387755102041
14.894489795918368
17.388775510204084
13.47857142857143
12.79204081632653
13.170204081632654
11.70122448979592
15.396122448979591
17.293673469387755
16.676530612244896
18.062244897959186
16.956122448979592
15.864897959183674
16.590204081632656
18.428979591836736
21.659387755102035
23.304489795918364
28.74061224489796
30.47183673469388
24.27530612244898
21.602244897959185
24.020204081632652
23.344897959183676
23.490816326530613
26.13142857142857
28.221836734693877
20.631224489795922
19.59285714285714
20.03714285714286
26.084897959183674
22.76367346938775
19.499387755102042
24.506122448979585
26.925306122448976
26.865918367346936
23.553673469387753
19.77591836734694
21.30979591836735
19.11979591836735
19.831224489795915
21.408571428571427
21.29285714285714
20.533673469387757
17.704081632653057
14.417551020408164
15.476530612244899
14.664897959183673
16.29959183673469
18.761836734693876
16.081020408163266
17.66265306122449
14.814285714285717
16.84408163265306
17.199387755102038
15.299591836734695
15.43551020408163
17.98673469387755
19.84755102040816
15.408367346938775
16.64591836734694
19.308775510204082
20.327142857142857
20.459591836734692
23.065714285714282
18.55142857142857
18.36408163265306
27.310204081632655
21.057755102040815
21.975306122448984
23.8934693877551
26.707551020408168
27.707346938775512
21.528163265306123
23.972244897959182
19.79244897959184
17.088367346938778
18.04408163265306
16.727551020408164
17.785102040816327
20.121632653061226
18.463673469387757
24.725510204081633
23.069387755102042
24.75877551020408
26.298979591836737
20.47489795918367
18.059591836734693
19.09428571428571
17.040816326530614
19.21183673469388
18.765510204081636
17.155510204081633
21.98795918367347
19.93530612244898
20.56489795918367
16.294897959183675
21.042653061224488
23.98061224489796
22.569387755102042
18.80734693877551
21.321428571428573
25.71469387755102
24.650000000000002
20.002040816326527
16.275714285714287
14.88734693877551
14.15387755102041
12.154489795918368
11.53795918367347
10.056122448979593
12.630408163265306
14.079591836734693
13.748979591836733
13.655306122448977
13.534897959183674
19.59
18.90326530612245
13.721020408163266
13.331632653061222
13.24285714285714
20.021836734693878
15.249795918367347
10.934693877551021
10.08673469387755
12.315714285714286
15.88877551020408
18.616122448979592
12.85204081632653
13.588571428571427
15.647346938775511
12.019795918367347
11.419591836734694
10.251428571428573
9.392448979591835
8.942244897959185
8.769183673469387
10.53183673469388
12.837755102040818
12.313877551020411
10.53591836734694
11.166530612244898
12.186326530612245
9.768367346938776
10.557755102040817
7.953469387755103
7.442040816326531
5.845102040816327
6.594897959183672
5.706734693877551
2.6755102040816325
5.3591836734693885
5.5173469387755105
9.192857142857143
8.210408163265308
8.956530612244897
7.0638775510204095
5.676938775510204
10.790204081632654
8.910204081632653
9.69795918367347
8.31204081632653
6.95204081632653
5.97795918367347
4.7012244897959174
5.5751020408163265
3.0075510204081635
1.9887755102040814
2.5257142857142862
2.119387755102041
3.0153061224489797
3.125102040816327
1.3281632653061224
2.332448979591837
1.0616326530612246
2.103061224489796
0.64
2.3987755102040818
0.7202040816326531
-0.21591836734693878
-3.063877551020408
-4.740204081632653
-2.364081632653061
2.91795918367347
1.1148979591836736
0.28775510204081634
-3.062448979591837
0.13244897959183674
4.465714285714285
9.442244897959185
13.29877551020408
10.762448979591834
8.036734693877552
7.987551020408164
8.822040816326531
3.293469387755102
1.3893877551020408
1.4979591836734691
4.999183673469388
7.136734693877551
9.02530612244898
8.868367346938776
10.303469387755102
9.594081632653062
7.372040816326531
11.035714285714286
7.916530612244897
7.713061224489796
10.50938775510204
10.645918367346937
6.36265306122449
5.705510204081633
4.946122448979592
3.8071428571428574
5.458163265306122
3.562244897959184
3.3224489795918366
2.785918367346939
4.487755102040817
4.695510204081633
4.948775510204081
3.9424489795918367
3.106530612244898
1.4697959183673472
3.898163265306122
3.6755102040816325
2.477142857142857
5.722653061224489
9.067755102040817
7.311428571428571
7.265918367346938
6.984285714285713
8.82204081632653
5.862857142857142
4.025918367346939
5.381632653061225
6.574693877551021
6.3730612244897955
8.190408163265305
6.491836734693878
8.579387755102042
5.662040816326531
2.1981632653061225
4.141632653061225
3.6130612244897953
3.8906122448979588
1.746122448979592
3.684081632653061
5.324285714285714
7.3887755102040815
7.049387755102041
3.5161224489795915
4.054489795918368
4.399591836734693
4.16
2.7908163265306123
6.903877551020408
4.803877551020409
1.3044897959183674
0.07612244897959183
-0.1536734693877551
0.2269387755102041
2.9136734693877546
2.1993877551020407
0.49999999999999994
1.8251020408163268
2.06530612244898
1.5399999999999998
2.636530612244898
1.5655102040816324
2.597142857142857
1.4248979591836732
3.607142857142857
2.4646938775510203
4.912244897959184
4.262040816326531
2.2577551020408166
3.0616326530612246
6.595714285714286
7.267755102040816
5.636326530612244
5.457959183673471
6.274285714285714
10.420204081632654
10.730408163265306
9.447755102040816
8.002653061224489
7.992040816326529
6.209387755102041
7.230816326530612
5.943469387755102
7.882244897959184
7.794897959183674
13.41408163265306
8.92469387755102
4.999795918367347
10.263265306122447
12.709999999999999
9.73326530612245
7.624897959183674
13.176938775510203
15.512040816326534
11.715918367346937
6.080408163265306
8.05469387755102
12.816122448979591
16.401836734693873
10.260408163265307
11.086938775510204
15.223877551020406
19.660408163265306
14.395510204081633
19.721836734693877
23.24897959183673
17.343061224489794
15.872244897959185
13.48
6.491428571428571
8.905510204081631
11.100612244897958
11.475714285714288
14.264693877551021
10.853673469387756
15.603673469387754
18.26571428571428
20.280816326530616
15.970204081632652
15.57877551020408
16.11795918367347
18.164897959183673
19.056938775510204
21.54755102040816
16.877959183673468
22.033265306122445
21.87448979591837
19.27857142857143
23.14265306122449
23.455306122448984
22.995102040816327
23.88979591836735
23.15
20.99673469387755
14.789183673469386
15.356938775510205
12.327551020408162
11.93857142857143
14.316530612244899
18.809591836734693
21.30265306122449
25.395714285714284
26.84979591836735
25.79061224489796
21.081632653061224
19.21591836734694
19.336734693877553
15.771428571428572
16.56183673469388
15.93551020408163
19.80122448979592
18.404489795918366
15.243265306122447
12.215306122448979
15.771428571428572
16.599183673469387
18.57938775510204
21.91469387755102
18.630612244897957
16.80673469387755
22.510204081632654
24.95408163265306
22.968775510204082
21.01530612244898
22.770408163265305
23.664897959183673
17.327551020408162
14.635306122448979
19.64387755102041
18.32122448979592
14.96857142857143
15.81857142857143
16.66918367346939
20.701632653061225
20.82979591836735
23.89469387755102
24.444285714285712
25.47530612244898
23.347959183673463
18.318571428571428
18.658367346938775
22.893265306122448
25.222857142857144
23.346938775510203
22.16448979591837
21.70877551020408
20.365306122448978
23.61204081632653
26.804285714285715
22.052857142857142
21.894897959183673
17.039795918367346
16.28857142857143
13.903469387755102
16.83795918367347
16.09938775510204
19.571020408163264
23.815102040816328
21.569387755102042
26.01938775510204
29.464081632653063
23.09489795918367
22.979591836734695
27.86510204081633
20.76795918367347
22.200408163265305
19.89612244897959
19.349591836734696
21.477755102040813
26.276734693877554
19.11551020408163
17.265918367346934
20.287551020408163
22.02408163265306
24.221020408163263
27.975510204081633
28.79204081632653
27.221836734693877
27.384489795918366
25.207142857142856
26.438775510204078
23.899591836734693
28.461632653061223
27.085102040816334
22.97979591836734
23.43857142857143
27.456326530612245
26.058775510204082
19.728367346938775
18.27040816326531
18.203469387755103
18.414285714285715
19.108979591836736
16.53734693877551
16.95795918367347
17.99591836734694
25.692448979591834
22.125510204081635
19.33938775510204
22.48244897959184
25.22489795918367
17.740408163265307
14.306938775510206
18.010204081632654
17.862244897959183
19.61551020408163
19.830000000000002
20.412244897959184
21.99938775510204
23.87122448979592
19.601428571428574
17.11714285714286
14.154489795918366
12.777142857142858
13.807551020408164
12.55938775510204
15.347551020408163
17.070204081632653
13.952448979591836
14.528367346938778
13.244285714285715
18.82204081632653
15.735102040816326
13.529795918367345
14.258979591836736
18.522857142857145
19.947959183673472
19.31795918367347
15.358163265306123
14.11938775510204
14.827346938775511
16.778979591836734
14.906326530612244
12.340408163265307
13.882448979591837
11.82061224489796
10.68204081632653
11.020408163265307
17.475714285714286
17.307755102040815
9.07469387755102
12.346326530612245
17.049999999999997
15.528775510204083
15.578367346938776
13.348571428571427
13.967142857142857
15.179999999999998
14.694489795918367
11.930408163265307
12.63795918367347
13.646122448979591
10.671836734693876
10.616326530612247
10.14938775510204
10.51938775510204
16.22591836734694
15.492857142857142
10.643265306122448
5.486530612244898
6.902244897959183
7.730204081632654
7.330204081632655
2.307142857142857
4.051224489795918
4.186326530612245
4.625918367346939
6.268367346938775
7.9563265306122455
8.308979591836735
8.011632653061225
10.27734693877551
11.181632653061227
9.289795918367346
8.028571428571428
9.288571428571428
9.592448979591838
8.621836734693877
8.558979591836735
7.002448979591835
2.2653061224489797
-0.6391836734693878
-4.6728571428571435
-1.3795918367346938
1.9857142857142853
4.951224489795918
4.74530612244898
5.645714285714287
3.26734693877551
7.227142857142857
3.2132653061224494
4.504081632653061
1.7687755102040814
1.3024489795918368
7.613469387755102
6.511632653061224
3.9012244897959185
3.69265306122449
3.9110204081632656
5.798163265306122
8.981632653061226
8.769591836734694
5.9302040816326524
5.947755102040817
6.055102040816326
2.9695918367346943
-1.3151020408163265
-1.0410204081632655
3.2642857142857142
7.520816326530613
3.6793877551020406
3.7418367346938775
6.608163265306123
6.932040816326531
8.392448979591837
6.337551020408164
7.326734693877551
7.215714285714284
7.723673469387753
8.949387755102041
4.509795918367347
3.89265306122449
5.898775510204082
6.818775510204082
3.8085714285714287
3.519591836734694
4.153877551020408
3.9004081632653063
4.597959183673469
8.651632653061224
8.327755102040816
6.864897959183672
5.298571428571428
7.65530612244898
8.173877551020407
7.566938775510205
5.627755102040817
5.8591836734693885
4.964285714285715
4.273877551020408
2.719183673469388
0.24183673469387754
4.031632653061226
6.213061224489797
4.609999999999999
2.0330612244897956
1.4761224489795919
3.7004081632653065
3.561224489795918
0.20408163265306123
0.35306122448979593
1.9210204081632651
2.2020408163265306
2.7146938775510208
0.19081632653061223
0.16877551020408163
-0.6983673469387754
1.699795918367347
6.7430612244897965
8.98857142857143
5.3455102040816325
4.285510204081633
4.096326530612245
2.2773469387755103
4.269183673469387
5.741428571428572
5.62061224489796
4.174081632653061
5.497755102040816
4.752244897959184
8.233877551020408
11.761836734693878
11.569387755102042
6.4820408163265295
4.320408163265306
5.446734693877551
5.186326530612244
7.890000000000001
5.578979591836735
3.7316326530612236
4.24734693877551
5.401632653061225
6.848979591836735
9.26122448979592
8.29469387755102
10.332448979591836
16.90408163265306
16.89938775510204
9.243061224489797
9.74877551020408
13.658163265306126
15.281224489795918
10.006938775510205
11.032857142857143
8.852857142857143
7.530612244897959
9.692653061224489
9.32877551020408
7.001428571428571
10.40326530612245
9.329591836734693
7.243265306122448
11.834693877551022
9.344489795918367
7.942653061224489
10.399183673469388
14.300204081632653
19.309183673469388
21.73020408163265
14.128163265306123
20.456326530612245
18.73061224489796
12.46734693877551
5.769795918367348
4.527959183673469
4.5593877551020405
2.4522448979591838
9.445102040816327
9.320612244897958
11.636530612244897
13.657755102040817
13.613673469387756
18.21142857142857
18.29591836734694
12.969795918367346
13.000612244897962
8.225510204081633
11.054285714285713
8.893877551020408
10.08612244897959
7.543061224489796
10.87612244897959
12.707959183673468
10.389795918367346
9.612448979591836
16.312448979591835
18.410408163265306
12.580204081632653
6.261428571428571
5.232448979591837
10.916530612244898
11.505918367346938
16.12795918367347
18.371224489795917
20.256530612244898
19.871020408163268
22.607551020408163
15.240816326530611
12.03591836734694
17.34857142857143
22.4434693877551
15.606938775510207
15.29673469387755
13.779387755102041
14.360816326530609
15.192857142857143
18.983061224489795
21.544081632653064
22.616326530612252
23.77510204081632
25.81387755102041
25.364897959183672
23.393061224489795
20.982653061224486
23.74979591836735
24.988571428571426
25.27408163265306
26.297755102040814
21.846938775510203
23.669999999999998
22.05979591836735
22.099591836734696
15.188571428571429
18.653877551020408
14.284897959183672
14.284285714285716
13.002244897959187
13.840408163265307
15.15387755102041
13.437346938775512
15.058979591836737
17.98734693877551
23.05163265306122
17.833469387755102
21.76061224489796
22.493265306122446
22.683673469387756
22.80244897959184
21.46387755102041
23.946530612244896
24.484489795918368
25.12612244897959
26.48204081632653
27.931836734693874
19.94387755102041
22.353469387755105
21.860000000000003
25.753265306122447
26.964285714285708
25.551836734693875
17.64734693877551
18.653673469387755
19.148979591836735
21.81877551020408
17.621428571428574
15.706530612244897
22.18326530612245
28.219591836734693
29.712244897959184
29.814897959183675
25.753265306122447
22.089999999999996
21.392448979591837
21.29
24.05653061224489
23.017142857142854
16.951632653061225
16.784285714285712
18.27979591836735
19.076326530612246
18.54061224489796
18.27265306122449
23.966734693877548
26.107755102040816
28.89938775510204
26.4030612244898
27.094693877551016
24.71265306122449
25.33142857142857
22.101224489795918
21.938367346938776
24.45326530612245
23.604489795918365
17.61469387755102
16.054081632653062
14.854285714285714
18.459591836734692
19.84673469387755
23.52102040816326
25.290612244897954
24.18857142857143
22.475306122448984
22.610612244897958
25.126122448979594
24.374489795918365
21.804081632653062
24.3234693877551
25.032857142857146
28.556122448979586
32.64755102040816
23.58857142857143
23.60408163265306
27.09673469387755
28.672448979591838
31.055102040816326
28.084897959183674
22.03959183673469
23.95673469387755
17.993877551020407
16.573673469387757
18.26183673469388
12.877755102040815
14.976734693877551
19.010408163265307
22.251020408163264
18.19857142857143
15.999183673469386
13.05530612244898
16.932857142857145
16.882448979591835
20.06591836734694
22.43612244897959
23.52204081632653
23.275306122448985
21.72040816326531
21.095714285714287
21.45408163265306
16.713061224489795
17.88326530612245
16.698979591836736
18.952244897959186
23.339591836734694
26.406122448979595
24.71795918367347
23.092448979591833
24.966530612244895
24.95714285714286
17.596938775510203
14.450204081632652
17.34122448979592
17.04122448979592
13.333877551020409
14.626530612244899
13.367755102040817
13.448775510204081
13.654489795918366
12.548163265306123
13.466122448979592
14.793673469387757
17.63734693877551
12.306938775510204
9.980816326530613
9.336122448979593
8.743265306122447
10.351020408163267
11.604081632653061
13.130408163265306
13.199387755102041
12.461632653061223
11.867551020408163
13.027142857142858
15.883469387755104
17.28918367346939
15.552653061224488
13.523265306122449
19.398979591836735
20.89122448979592
21.115918367346936
18.217755102040815
16.920408163265307
18.200612244897957
18.299183673469386
18.031632653061227
12.80530612244898
15.35734693877551
12.129387755102039
12.303061224489797
14.102448979591836
11.358979591836736
10.49265306122449
9.004285714285714
7.060816326530612
6.20326530612245
7.165918367346939
8.521020408163265
8.128367346938777
10.385510204081632
11.517959183673467
9.511836734693878
7.553265306122448
7.663877551020407
5.495510204081632
4.887346938775511
4.561836734693877
4.874693877551021
7.9491836734693875
7.076122448979592
5.283061224489796
1.4051020408163264
2.9618367346938776
-0.02571428571428571
1.711428571428571
4.656734693877551
5.743469387755102
2.226122448979592
0.7455102040816327
1.147142857142857
2.4255102040816325
3.6191836734693874
2.326734693877551
3.364081632653061
2.7767346938775512
5.191428571428572
0.09999999999999999
2.3375510204081635
1.0269387755102042
-1.2093877551020409
1.5024489795918368
7.459387755102041
10.948571428571428
10.122448979591836
14.824489795918367
14.230816326530615
11.859183673469389
11.541836734693877
9.639591836734693
12.525102040816327
11.737142857142855
7.112653061224489
7.544897959183672
8.482040816326531
3.5106122448979593
-0.016122448979591836
-1.3520408163265305
-1.5530612244897959
-1.8444897959183673
-1.2510204081632654
-0.873469387755102
-0.6391836734693878
-0.8557142857142859
-0.7361224489795919
-0.2671428571428571
-0.19979591836734695
-0.42693877551020404
-0.6189795918367347
1.8657142857142857
2.3336734693877554
2.6328571428571435
5.57
0.5046938775510205
2.9283673469387757
4.1959183673469385
7.8834693877551025
8.70734693877551
4.422653061224489
3.598979591836735
4.390408163265306
8.078367346938775
6.900612244897958
8.433061224489796
7.074285714285714
10.900612244897959
8.549591836734693
6.457551020408164
8.795102040816326
5.882857142857143
7.106530612244899
10.038163265306125
9.709591836734694
8.791836734693877
11.439795918367349
8.076938775510202
10.77857142857143
10.901020408163268
12.057142857142857
13.651428571428573
6.91938775510204
6.041428571428572
6.460612244897959
5.158775510204081
3.254897959183673
6.071836734693878
3.909183673469388
3.9593877551020404
6.198775510204082
10.146530612244897
12.58591836734694
15.479591836734691
15.020408163265303
13.962857142857144
14.898571428571428
16.634897959183675
14.278163265306125
11.146530612244897
3.5575510204081637
7.079795918367347
8.170816326530613
2.9271428571428566
4.478775510204081
5.0253061224489795
5.828979591836735
7.656938775510204
10.16530612244898
12.943877551020407
10.005102040816327
10.316734693877551
17.331020408163266
13.563673469387755
11.458163265306123
12.710204081632652
14.419591836734694
16.476530612244897
18.812653061224488
19.1230612244898
19.04877551020408
12.473877551020408
13.80795918367347
14.651836734693878
11.808367346938775
11.133265306122448
7.856326530612244
7.178775510204082
8.256938775510203
5.488979591836734
9.895714285714284
13.395102040816326
17.051020408163264
19.39612244897959
18.709183673469386
13.343061224489794
7.834897959183673
7.61591836734694
9.909591836734693
9.806122448979592
8.054489795918368
9.027755102040816
11.514693877551021
10.430204081632652
11.593469387755103
11.958979591836732
10.981224489795917
8.389591836734693
8.452857142857143
9.10265306122449
9.984285714285713
10.685510204081634
14.670816326530613
16.162244897959184
15.810408163265304
12.565102040816328
12.647346938775511
12.78061224489796
17.006122448979593
10.973061224489795
10.358367346938776
16.422653061224487
19.959999999999997
23.135510204081633
23.45163265306122
21.888163265306122
23.593673469387753
25.03061224489796
25.380408163265304
24.38489795918367
22.119999999999997
22.016326530612243
22.339795918367347
16.831020408163262
16.344081632653065
15.66857142857143
15.510612244897958
20.11183673469388
21.057142857142857
20.026734693877554
15.303673469387755
19.184489795918367
20.77918367346939
21.0904081632653
21.038367346938777
23.16265306122449
19.316530612244897
13.071632653061224
15.312653061224491
16.878571428571426
12.780408163265307
17.622448979591837
20.006530612244898
22.122857142857143
25.047755102040814
18.129795918367346
16.865714285714287
15.31326530612245
17.103877551020407
18.014693877551018
15.153877551020408
13.58938775510204
14.29530612244898
12.64530612244898
14.624081632653063
15.543061224489795
14.461428571428572
13.666734693877553
14.878163265306123
18.59061224489796
22.21510204081633
22.009999999999994
24.66775510204082
19.268163265306125
20.081020408163266
18.40142857142857
17.312857142857144
20.725714285714286
22.810816326530613
28.201836734693874
26.376122448979594
25.483877551020413
27.213673469387757
25.714285714285715
19.42326530612245
17.949795918367347
16.326326530612246
19.67326530612245
17.964489795918368
15.68142857142857
16.52408163265306
21.06612244897959
20.470408163265304
16.8565306122449
19.433469387755103
25.531632653061223
24.233673469387753
20.880612244897957
24.347142857142856
27.911428571428573
19.758367346938776
15.814489795918366
20.430204081632652
25.839387755102038
27.38
22.863469387755107
19.48183673469388
18.883061224489797
19.097755102040814
24.749183673469386
27.057755102040815
30.64836734693878
24.71387755102041
26.755102040816325
29.322653061224493
30.492040816326536
29.791020408163266
31.438979591836738
33.04714285714285
31.676326530612243
22.376530612244895
19.42408163265306
21.972653061224488
24.666326530612242
21.54673469387755
26.301020408163264
31.676326530612247
29.041020408163266
24.912448979591836
24.244285714285716
19.902244897959186
18.653469387755102
17.297551020408164
20.15408163265306
20.38857142857143
14.366530612244896
18.754897959183673
21.59285714285714
26.134489795918366
27.937346938775512
24.200408163265305
25.22530612244898
27.885306122448977
28.68795918367347
26.19938775510204
20.09285714285714
13.170000000000002
17.935918367346936
15.796530612244897
17.083061224489796
15.671020408163265
16.18204081632653
13.457755102040815
17.159795918367347
15.663469387755102
12.283469387755105
16.32673469387755
17.01061224489796
16.437551020408165
18.33530612244898
14.084489795918365
16.23673469387755
17.00877551020408
15.003469387755102
18.25938775510204
12.753877551020407
12.013673469387754
11.786530612244897
15.497142857142855
12.7765306122449
12.299591836734693
12.499591836734695
12.346938775510203
14.294081632653063
17.92061224489796
18.52
16.90142857142857
16.17795918367347
17.87122448979592
13.5065306122449
12.945714285714285
16.162448979591836
15.837551020408162
10.06326530612245
12.325102040816326
12.682448979591838
15.934489795918369
21.467346938775513
20.062244897959186
22.21326530612245
23.113265306122447
19.225102040816324
17.624081632653063
16.38122448979592
18.70612244897959
14.541836734693877
10.72061224489796
10.352244897959185
13.224693877551022
12.690612244897958
15.71530612244898
12.77061224489796
11.158163265306122
11.134897959183673
9.70938775510204
9.735510204081631
10.831020408163266
10.423877551020407
8.293877551020408
7.424081632653062
4.7326530612244895
3.5751020408163265
5.04530612244898
5.880000000000002
5.485510204081632
7.62795918367347
6.039591836734694
7.869387755102041
9.462857142857143
8.50204081632653
9.679795918367347
9.62877551020408
8.630204081632654
11.899795918367348
10.05938775510204
5.954081632653061
7.914081632653062
5.500612244897958
3.297142857142857
2.255510204081633
3.663877551020408
4.418775510204081
5.321224489795918
5.963673469387755
3.538163265306122
4.363673469387756
2.044897959183674
-0.26755102040816325
1.7708163265306125
3.1587755102040815
5.228163265306122
3.421632653061225
0.793673469387755
0.5453061224489796
-1.420408163265306
1.593469387755102
1.1185714285714288
0.46489795918367344
1.776938775510204
1.9148979591836734
1.5489795918367346
-1.3038775510204081
-1.0651020408163265
-0.24816326530612245
-0.6406122448979591
-1.376938775510204
0.6224489795918368
1.8916326530612244
2.769591836734694
4.365102040816326
3.030816326530612
1.810816326530612
3.6393877551020406
5.320408163265307
3.176530612244898
10.387142857142857
9.623469387755103
4.755918367346939
