-3.3623178807947016
-4.3913907284768205
-9.363245033112582
-11.02933774834437
-1.6644370860927151
0.2443046357615894
-0.29927152317880795
-1.5088741721854304
-2.742251655629139
-5.179867549668875
-9.259403973509935
-11.151192052980132
-11.500463576158939
-13.032980132450332
-11.082781456953642
-10.250198675496689
-7.545827814569537
-9.328807947019868
-10.28165562913907
-7.953311258278145
-6.353973509933775
-2.784635761589404
0.012119205298013254
-0.24198675496688746
-0.47516556291390727
-2.9069536423841065
-7.6809271523178815
-12.646887417218542
-4.979933774834437
-1.2312582781456956
3.1473509933774833
-4.265761589403973
-4.162384105960265
0.6795364238410596
-0.04649006622516556
0.01761589403973511
3.129735099337748
2.489801324503311
1.1211920529801325
1.4532450331125826
2.1874172185430463
0.47
0.33417218543046356
0.5907284768211921
-0.8003973509933774
-3.1856291390728475
1.5980794701986756
0.7157615894039736
-0.523112582781457
-3.873973509933775
-3.55841059602649
-2.722251655629139
-3.369867549668874
-3.2980794701986755
-1.8812582781456957
-3.185430463576159
-2.176225165562914
-3.7965562913907283
-4.1739072847682115
-0.7021854304635763
2.4196026490066225
-0.31178807947019865
-4.275033112582781
-5.173708609271524
-4.3264238410596025
-2.4404635761589404
3.1513245033112582
-0.4867549668874172
1.082450331125828
0.5045033112582781
2.060264900662252
1.6343708609271526
1.3354966887417217
0.2796026490066225
-0.06225165562913906
-0.15695364238410595
1.8778145695364235
1.5943046357615893
-3.154701986754967
-4.835562913907285
-5.880397350993378
-1.2832450331125826
-1.015364238410596
-0.07642384105960265
-0.14662251655629138
1.9927152317880794
1.153046357615894
9.345629139072846
4.031456953642384
1.5704635761589403
-0.27642384105960266
5.11430463576159
2.10953642384106
1.2813245033112581
-0.5496026490066225
-1.3885430463576156
-2.6273509933774837
-0.8499337748344369
0.1813907284768212
0.0748344370860927
-0.5417880794701987
1.5968211920529798
-0.40927152317880805
0.7213907284768213
1.8956291390728477
3.6875496688741727
4.7775496688741725
5.107152317880795
3.9954304635761586
0.6740397350993377
-1.4500662251655627
-1.5113245033112583
-1.1535761589403974
0.05947019867549667
0.8513245033112583
0.7731788079470197
1.2617218543046356
3.1110596026490067
3.4090066225165563
1.9750993377483443
3.6872847682119203
6.675298013245033
4.580860927152318
2.585298013245033
1.6239735099337747
-0.8383443708609271
1.0586754966887417
6.506821192052981
3.5421854304635754
2.938079470198675
0.6078807947019867
2.206556291390728
5.232847682119205
5.161920529801325
3.6715894039735106
1.9158278145695362
0.2950993377483444
1.9527152317880796
6.636887417218542
5.248543046357616
8.246490066225164
6.894370860927152
4.902980132450331
1.0035099337748343
6.435430463576159
6.344503311258278
4.295033112582781
6.336357615894039
9.628145695364237
8.249602649006622
7.297417218543045
3.5503973509933777
7.6027152317880775
5.190662251655629
5.236158940397352
11.079735099337748
10.581059602649006
12.664238410596024
9.960397350993377
11.907417218543046
11.90913907284768
12.923245033112583
12.027615894039734
8.305827814569536
12.562317880794703
15.749801324503313
12.373377483443708
9.56026490066225
11.20046357615894
9.39026490066225
9.0041059602649
7.2707947019867545
8.040662251655629
7.917880794701988
7.361324503311258
7.897350993377482
8.288410596026491
6.4058940397351
7.539006622516555
6.26205298013245
8.719006622516556
8.55635761589404
8.568211920529803
8.584701986754967
9.9041059602649
8.751920529801325
10.65973509933775
8.961456953642385
11.131523178807948
11.179205298013244
10.945562913907287
11.096225165562911
11.02662251655629
9.187947019867547
8.396821192052977
8.927152317880795
11.139933774834438
9.351192052980132
6.728741721854305
9.929668874172187
11.00364238410596
13.303774834437085
8.723973509933774
7.345761589403974
6.27430463576159
9.77019867549669
11.370132450331125
13.425496688741722
13.24225165562914
15.836158940397352
14.174238410596029
13.985629139072847
11.567880794701987
9.894370860927154
13.470596026490067
16.343708609271523
15.413841059602653
13.667615894039738
11.537615894039737
9.918874172185431
13.86251655629139
12.008741721854305
9.803509933774833
10.133112582781456
9.72980132450331
8.288741721854304
8.445761589403974
10.61907284768212
13.422847682119205
13.92344370860927
13.163178807947022
12.669139072847683
11.677019867549669
11.313774834437087
8.169403973509935
8.247350993377482
7.085165562913908
5.270728476821192
4.635033112582781
8.417350993377484
11.24569536423841
13.521192052980133
11.931125827814569
11.215894039735101
9.073973509933776
5.639668874172186
4.592185430463576
10.127019867549668
13.604437086092716
10.162052980132449
7.38721854304636
8.415496688741724
9.923973509933775
8.585960264900663
10.382052980132451
10.473907284768211
9.410198675496689
9.498476821192053
10.702185430463578
8.534039735099338
9.492781456953642
9.337417218543045
8.817947019867551
12.402251655629138
11.814900662251658
14.089006622516557
12.652052980132451
12.455960264900662
10.47364238410596
7.621986754966888
5.614238410596027
7.501721854304634
7.201986754966887
9.144503311258276
5.252781456953642
7.062052980132451
4.245033112582782
2.406953642384106
4.7129139072847686
3.2855629139072846
8.250066225165563
5.191986754966887
3.2509271523178804
1.5103311258278145
-0.05980132450331126
3.458940397350993
3.891986754966888
2.829735099337748
1.2143708609271522
3.248278145695364
7.119139072847682
5.829006622516557
1.6629801324503308
0.8603311258278146
1.4374834437086093
3.216754966887417
5.460331125827815
6.541059602649008
4.096158940397351
1.4121854304635761
3.1412582781456955
9.109403973509934
6.480264900662253
2.142317880794702
-1.1782781456953644
-3.354701986754967
-6.395231788079471
-6.171721854304637
-6.048211920529801
-6.03569536423841
-3.875960264900662
-3.45887417218543
-5.074172185430464
-4.054503311258277
-4.015496688741722
-3.5111920529801326
-1.5535761589403976
-0.18066225165562916
0.5725165562913906
0.415364238410596
7.635430463576157
8.636026490066225
4.515761589403973
2.0886754966887415
4.022980132450331
5.107615894039735
7.451523178807946
8.093178807947021
7.621192052980134
4.243377483443709
-0.1118543046357616
-4.875033112582782
-2.0098675496688743
-2.3371523178807947
-3.91225165562914
-9.462649006622517
-10.842582781456954
-7.741125827814568
-7.743576158940397
-10.047218543046359
-7.444834437086092
-12.123708609271524
-12.221986754966887
-6.410662251655629
-5.985364238410596
-1.4764900662251654
0.7371523178807947
0.7827152317880793
3.5472847682119206
3.2282119205298008
-1.1427814569536423
-2.8489403973509937
-2.960728476821192
-4.481523178807947
-5.9236423841059604
0.42509933774834435
0.022847682119205303
1.0518543046357616
6.675165562913907
3.8105298013245026
-0.25596026490066226
-2.5395364238410596
-5.423774834437086
-3.9541059602649002
0.12986754966887418
0.4772185430463575
-1.4726490066225166
-1.295364238410596
1.8778807947019869
-1.752847682119205
-2.7837086092715233
-4.063576158940397
-10.62112582781457
-14.261059602649004
-6.320264900662251
-2.7965562913907283
-7.902119205298012
-9.343178807947018
-5.662052980132451
-7.167086092715232
-2.5642384105960265
-4.550860927152319
-3.5528476821192054
-2.0097350993377483
-3.0949006622516553
-3.362913907284768
-7.634304635761589
-10.324172185430463
-10.973245033112581
-7.742913907284767
-3.826556291390729
-4.465430463576158
-7.670662251655629
-2.590596026490066
-6.8594039735099335
-9.24271523178808
-6.395960264900664
-6.9978145695364224
-5.615165562913907
-1.713708609271523
-0.20105960264900663
-1.9388079470198676
-2.108476821192053
2.6148344370860928
3.8403311258278143
3.197350993377483
-0.826225165562914
-4.410264900662251
-8.421920529801325
-9.52132450331126
-9.760066225165563
-9.43317880794702
-8.916357615894041
-3.434900662251656
-4.991854304635761
-5.61046357615894
-7.021721854304635
-9.11112582781457
-8.72
-9.26483443708609
-6.555033112582782
-4.534900662251656
-4.596754966887417
-6.917682119205296
-5.9069536423841065
-1.5042384105960265
0.39430463576158936
0.7400662251655629
-2.5421854304635763
-3.361390728476821
-3.6050331125827824
3.7485430463576157
7.618013245033112
8.746423841059602
8.361192052980131
10.245629139072848
6.885562913907283
4.987284768211921
3.7108609271523174
0.5645695364238411
-0.7712582781456954
-1.0402649006622515
-1.1970860927152318
-0.7147682119205298
1.9849668874172186
1.936026490066225
4.975496688741722
0.5735099337748344
7.776754966887417
8.409867549668874
5.476490066225166
2.4650993377483443
2.5658940397350998
4.652450331125828
5.299602649006623
8.45476821192053
8.790331125827816
9.755099337748346
7.182185430463577
3.9976158940397344
2.590264900662252
1.8498675496688743
2.6194039735099337
7.21337748344371
5.004966887417218
3.412251655629139
5.282317880794701
8.164437086092715
9.299999999999997
5.639271523178808
2.4869536423841057
1.234701986754967
-2.4283443708609274
-3.668609271523178
-1.480728476821192
0.10410596026490065
-2.9054966887417217
0.7339072847682119
-1.6533774834437085
-4.201986754966887
-0.37761589403973506
5.207019867549668
2.695827814569536
0.27569536423841057
2.2627814569536424
5.6739735099337745
2.0213245033112583
-1.2460264900662255
-1.2471523178807946
0.5643708609271523
2.782384105960265
-0.21695364238410594
7.261655629139073
7.386225165562912
7.180662251655629
9.845827814569537
11.259006622516557
7.328079470198675
9.874900662251656
11.074370860927152
10.365695364238409
8.322649006622518
7.854039735099338
4.717748344370862
7.275894039735098
10.385165562913906
13.844105960264901
11.838476821192053
6.445364238410596
8.645430463576158
5.94205298013245
8.078013245033112
8.345960264900663
6.670264900662252
9.175894039735098
11.35158940397351
11.645298013245034
14.783907284768212
13.899271523178808
14.024701986754968
9.926291390728476
9.565761589403975
12.647880794701988
11.466026490066225
13.918807947019872
14.9241059602649
11.187086092715232
7.331059602649008
10.018079470198675
4.2614569536423845
8.638940397350993
16.597417218543047
10.008543046357614
6.889139072847682
7.0694701986754955
5.926423841059602
5.360529801324503
7.288609271523181
8.190596026490068
7.709999999999999
9.591721854304637
9.081125827814569
9.76913907284768
10.960596026490068
13.29437086092715
8.214834437086092
7.058741721854306
10.386026490066225
11.027086092715232
11.2817880794702
8.666291390728478
9.670198675496687
12.867682119205298
12.639205298013245
13.243112582781457
15.50112582781457
15.463642384105961
16.25728476821192
15.626291390728476
13.42364238410596
11.688476821192053
10.994966887417219
12.141788079470198
12.290331125827812
9.206953642384105
7.9640397350993375
6.509006622516556
10.934304635761588
12.770993377483444
11.398741721854305
9.89728476821192
9.822052980132451
9.528013245033113
11.034503311258279
10.568278145695365
12.977814569536424
12.403377483443707
7.509999999999998
14.678874172185429
14.890000000000002
14.547350993377483
15.065231788079473
15.875894039735101
14.979735099337752
15.244105960264902
15.624437086092717
14.810794701986756
14.081125827814569
13.75860927152318
12.833245033112583
11.583509933774833
12.358145695364238
14.151589403973512
11.79251655629139
7.007748344370861
6.473046357615894
8.507483443708608
11.033377483443708
9.443973509933775
8.03887417218543
8.3041059602649
10.276092715231789
7.490331125827814
9.571192052980132
10.842119205298014
10.236026490066225
9.476423841059603
9.048940397350993
6.4323178807947015
8.45794701986755
8.716092715231788
7.124105960264901
6.403245033112584
6.198344370860926
6.667814569536423
7.287682119205298
11.589271523178809
13.13
10.690596026490066
10.803708609271524
12.409205298013246
8.887417218543046
5.760397350993377
5.994635761589405
11.540794701986753
10.97066225165563
9.456026490066229
10.142913907284768
10.383112582781456
14.942185430463573
13.758741721854305
8.58205298013245
6.021258278145695
6.015430463576159
7.950662251655629
7.838940397350994
6.29682119205298
8.1858940397351
4.659801324503312
6.295894039735098
7.580463576158941
7.799139072847683
5.012450331125827
8.344635761589403
9.683708609271523
8.93701986754967
6.836092715231788
6.384238410596026
4.276423841059603
3.9547019867549675
2.293046357615894
2.581390728476822
1.0234437086092714
3.477350993377483
1.0448344370860927
0.7008609271523178
6.611920529801324
6.126953642384106
6.701456953642384
2.40205298013245
0.6454966887417218
0.9957615894039736
-0.8774834437086093
-0.22735099337748343
2.492516556291391
2.4737086092715233
2.0993377483443707
4.783509933774835
4.458940397350994
5.265165562913907
4.22841059602649
9.8558940397351
7.192119205298015
6.285364238410596
2.0975496688741724
2.3594701986754965
-1.9468211920529803
-2.407417218543046
-2.8865562913907286
-3.2348344370860924
-2.9531125827814573
-1.4294701986754967
2.082317880794702
0.7962251655629139
-2.4407947019867544
-5.705364238410596
-4.46682119205298
0.9814569536423841
4.4141721854304645
3.97
7.627483443708609
9.28364238410596
7.76748344370861
-0.02119205298013245
-1.3164900662251657
-1.0405298013245032
1.4747682119205299
-1.201523178807947
-1.3696026490066224
-0.6774172185430464
-1.7047019867549666
-2.9726490066225164
-5.292582781456954
-1.433046357615894
-1.275364238410596
-1.1680794701986754
-0.30251655629139074
-0.11807947019867548
-2.5179470198675493
-4.7464238410596025
-5.3822516556291395
-7.553178807947021
-14.985629139072847
-9.697019867549669
-7.860860927152318
-11.847549668874173
-14.000331125827815
-10.020331125827814
-12.591721854304636
-10.92066225165563
-10.152516556291392
-5.164768211920529
-3.326490066225165
-3.858410596026489
-2.7980794701986755
-3.6267549668874173
-8.399271523178808
-7.6749006622516545
-4.543443708609272
-0.23741721854304632
2.0535761589403974
2.3482119205298018
1.74682119205298
3.1586092715231784
4.197284768211921
5.592913907284768
-8.672582781456953
-12.294503311258278
-13.05251655629139
-11.427615894039732
-17.327549668874173
-16.434437086092718
-12.418344370860927
-14.455761589403972
-16.197814569536423
-13.999205298013246
-7.11682119205298
-8.071258278145693
-8.693907284768214
-5.040529801324503
-5.46748344370861
-4.912317880794702
-3.3952980132450326
-1.2737748344370858
-3.5727152317880795
-3.7847682119205297
-2.7776158940397346
-0.6022516556291391
-5.289205298013245
-1.0934437086092716
1.3559602649006623
-1.94364238410596
-4.762715231788079
-6.34066225165563
-8.005629139072846
-7.715298013245034
-5.986291390728478
-1.8756953642384107
0.8394701986754967
-0.10754966887417218
-1.2264238410596027
-0.7590066225165563
-0.1968874172185431
0.762251655629139
-0.444635761589404
-1.5962913907284768
-0.022582781456953648
-1.521721854304636
-2.01635761589404
-2.7055629139072845
-5.756556291390728
-7.192119205298011
-7.014437086092714
-6.920198675496687
-5.831721854304635
-9.616291390728477
-9.690728476821192
-7.197019867549669
-7.330794701986757
-2.9342384105960266
2.7961589403973512
0.8507284768211919
0.6382781456953642
2.1519205298013246
-1.7089403973509933
-3.0049668874172184
-4.04953642384106
-1.7770860927152317
-2.4236423841059604
0.13509933774834437
-0.3729801324503311
-0.9486754966887417
-1.0171523178807946
-1.6419867549668874
0.44701986754966877
2.1068211920529802
0.6029801324503312
-0.13827814569536426
-1.922384105960265
-1.8071523178807947
0.5
-0.1870860927152318
0.7805960264900662
-2.186622516556291
-1.6344370860927153
-0.024238410596026504
1.2742384105960267
1.8868211920529803
2.245298013245033
1.809933774834437
0.2664900662251656
-1.1141059602649008
1.8235099337748346
4.033774834437087
0.29841059602649006
1.6332450331125827
5.161721854304636
6.7539072847682124
-0.2622516556291391
-1.2866887417218542
-1.0626490066225167
-0.9915231788079468
-2.7289403973509936
-2.1032450331125827
-3.0770198675496694
-1.9084105960264899
0.6639735099337748
3.3548344370860925
0.49821192052980134
-0.9075496688741723
4.000066225165563
3.4470860927152316
2.1592052980132457
-0.316887417218543
1.1477483443708612
1.9638410596026488
2.94523178807947
2.476423841059603
4.076688741721854
1.088476821192053
-1.1152317880794704
1.3421192052980133
-0.9800662251655627
1.0988079470198673
5.015562913907284
4.7854304635761595
1.2304635761589404
2.278609271523179
0.9406622516556292
3.0903311258278143
5.5676821192052985
4.710397350993377
2.3237086092715233
4.021721854304635
5.133907284768212
7.571986754966887
9.711986754966889
11.54046357615894
9.981986754966888
11.725165562913908
8.141059602649007
11.879205298013247
11.755033112582783
9.44682119205298
7.642384105960265
6.52682119205298
7.253046357615895
9.72337748344371
9.62655629139073
6.517417218543046
6.71430463576159
8.319867549668876
11.99112582781457
15.076423841059603
14.275761589403972
15.219933774834438
15.912847682119207
15.593443708609273
14.771258278145696
12.63
12.712384105960263
9.056688741721853
11.919602649006622
9.803708609271524
8.038874172185432
7.2933774834437095
5.139668874172185
6.034966887417219
6.859668874172185
6.222384105960266
9.535364238410594
10.241721854304636
9.07933774834437
10.117350993377483
12.788013245033115
11.567549668874172
9.008543046357616
13.646423841059601
11.408675496688742
10.211920529801324
9.37953642384106
9.38
7.725960264900665
11.56748344370861
15.101059602649002
10.802980132450333
7.980728476821193
11.02913907284768
11.53933774834437
9.414238410596028
11.969668874172186
14.190728476821194
16.18039735099338
14.988741721854305
16.177417218543045
15.581192052980134
15.654834437086093
14.167417218543047
14.55609271523179
12.830927152317882
11.011125827814569
13.325761589403973
15.789403973509932
14.66549668874172
13.38271523178808
15.321986754966886
14.420529801324504
12.572715231788079
11.457880794701985
9.006821192052982
14.177880794701991
12.921192052980134
15.501920529801325
13.844834437086094
14.931721854304634
16.019470198675496
16.235761589403975
14.002516556291392
13.533841059602649
14.815496688741721
14.898079470198676
14.287549668874172
13.413841059602651
9.258278145695364
11.530993377483442
13.72384105960265
12.619536423841058
10.51384105960265
12.892185430463575
12.43205298013245
11.31384105960265
11.996291390728477
8.779139072847682
8.047682119205298
8.239602649006622
8.339139072847683
10.459999999999999
11.451523178807948
9.837417218543047
11.836887417218543
9.901324503311258
7.653708609271524
8.025033112582783
10.922582781456954
9.551655629139072
9.125430463576159
4.656026490066225
7.722317880794703
9.274768211920529
14.525496688741718
12.080662251655628
11.175496688741722
9.839403973509933
10.238940397350992
11.31317880794702
12.64476821192053
12.02841059602649
10.666158940397352
11.061788079470197
12.045827814569536
12.33794701986755
11.431523178807947
12.477483443708609
11.691390728476822
15.062847682119202
8.022384105960265
5.460860927152317
6.64205298013245
7.911721854304636
10.924503311258281
8.854238410596027
7.505629139072847
7.756688741721852
9.45655629139073
10.541390728476822
9.543907284768213
9.358741721854305
7.159139072847682
5.212317880794702
8.3958940397351
4.154370860927152
7.317019867549668
7.505430463576158
7.207615894039734
7.2795364238410585
7.672384105960266
6.815099337748344
7.370000000000001
6.785562913907284
3.217682119205298
4.723973509933774
6.079006622516556
6.554304635761589
4.971655629139072
6.4478145695364235
6.219867549668875
6.110993377483443
4.846490066225165
1.7419867549668875
1.6303973509933776
6.570794701986755
8.229668874172186
4.928940397350993
5.724105960264902
3.718476821192053
3.9690066225165572
6.329337748344371
6.195099337748345
6.2939072847682125
2.227218543046358
-2.839271523178808
-2.1572847682119205
2.216291390728477
8.205165562913907
7.655364238410597
5.553245033112583
3.319006622516556
4.21635761589404
0.3241059602649006
-0.9495364238410595
-1.3126490066225167
-0.2742384105960265
2.655364238410596
5.0447019867549665
3.415562913907285
2.627880794701987
2.8537748344370857
6.299139072847682
3.863708609271523
2.3413907284768216
3.1521854304635757
2.6194701986754962
0.11596026490066223
-0.5719205298013245
-1.4857615894039737
-2.3042384105960267
-2.14523178807947
-1.3119205298013246
-2.115960264900662
-0.79158940397351
-0.12536423841059602
0.4388741721854305
4.68344370860927
4.071456953642384
2.463245033112582
0.7058940397350992
-0.7644370860927152
-0.9887417218543045
-2.9307947019867555
-2.395562913907285
3.043509933774834
-0.8945033112582783
-1.38841059602649
-2.429271523178808
-1.8390728476821194
1.4926490066225164
0.3415894039735099
-1.7430463576158939
-4.255099337748344
-2.3398675496688743
-0.17039735099337752
1.6125827814569538
0.4313907284768212
-1.207748344370861
-1.7755629139072848
-4.171324503311258
-4.684900662251654
-4.5190066225165575
-1.458543046357616
4.293311258278146
2.112913907284768
6.431192052980132
1.53841059602649
-0.201523178807947
-0.7211920529801324
2.082185430463576
4.712251655629139
0.06039735099337748
-0.9841059602649008
-1.6805960264900663
-0.6449006622516557
2.6754966887417218
4.2139072847682115
-0.044172185430463584
-1.8435761589403974
-2.2043046357615896
-1.1007947019867552
1.4729801324503313
-2.9772847682119203
-4.080993377483443
-3.375364238410596
1.2627152317880797
6.015562913907286
5.710066225165562
4.108278145695365
-1.992450331125828
-2.1996688741721853
-0.30384105960264907
-1.5737086092715231
-3.6194039735099337
-5.015695364238411
-4.870397350993378
-1.1519205298013244
-2.0843046357615895
-6.73112582781457
-7.684635761589405
-5.9889403973509925
-7.185761589403973
-4.495364238410596
-10.160529801324502
-10.251192052980132
-9.04496688741722
-11.944039735099338
-8.10728476821192
-10.364304635761592
-7.536887417218541
-2.924569536423841
-8.49907284768212
-13.13046357615894
-12.181986754966886
-9.54271523178808
-6.46569536423841
0.6198013245033112
2.823576158940397
0.7919205298013245
-0.776225165562914
-1.4768874172185433
-2.2243046357615897
-3.2507947019867545
-1.5968211920529802
3.202980132450331
4.672516556291391
2.0986092715231788
0.37715231788079473
1.369271523178808
-0.5930463576158941
-4.789072847682119
-4.11523178807947
0.7408609271523179
4.89205298013245
1.9982781456953642
-0.7225827814569536
6.371324503311258
7.442913907284769
6.000927152317881
5.719205298013245
-0.6184768211920529
-1.1194039735099337
3.1132450331125825
-0.22642384105960264
-1.3388741721854305
-1.6065562913907285
-2.475562913907285
-2.871324503311258
-0.8828476821192053
2.927880794701987
1.5418543046357616
2.520596026490067
0.7001324503311258
-2.2196026490066223
0.3275496688741722
1.55
0.8825827814569536
1.2694039735099338
2.775629139072848
2.7451655629139076
4.8431125827814565
2.1266887417218543
0.38145695364238413
-0.5314569536423841
2.84205298013245
2.6189403973509937
4.835761589403973
9.493046357615894
7.381125827814569
4.083112582781457
8.550331125827814
6.600066225165563
3.8051655629139067
6.646092715231788
3.9798675496688745
7.988741721854304
6.9075496688741715
6.014172185430462
6.540066225165563
3.2058940397350995
6.811986754966888
5.596158940397351
4.408543046357615
4.514701986754967
2.3821192052980136
2.478741721854304
8.161854304635762
7.530860927152317
5.353377483443709
4.985894039735099
4.700132450331126
5.455629139072848
6.278675496688742
6.1488741721854305
9.814503311258276
10.86728476821192
7.534635761589404
7.928013245033113
5.0680794701986756
5.102185430463576
7.731523178807947
7.477615894039735
7.427880794701988
7.19317880794702
7.567947019867548
7.195165562913908
6.155894039735099
5.377019867549668
6.412384105960265
6.987880794701987
5.322847682119205
10.733178807947018
12.272913907284769
7.8329801324503325
10.435099337748344
11.977218543046357
9.02139072847682
4.994701986754968
7.684172185430463
12.82721854304636
12.213245033112583
8.842715231788079
10.139602649006623
13.078211920529801
11.929271523178807
7.2794701986754955
4.95841059602649
5.529735099337748
5.063245033112584
9.016291390728478
9.813112582781459
11.593973509933775
14.282781456953641
12.472052980132451
13.175298013245033
14.450993377483446
14.192582781456952
12.199403973509932
8.558079470198676
8.65860927152318
12.34615894039735
11.48086092715232
7.0198675496688745
12.66026490066225
12.834768211920531
13.268476821192053
15.42006622516556
14.981589403973512
16.76092715231788
15.724900662251656
14.465894039735101
16.081721854304636
16.211258278145692
14.331986754966888
10.608609271523179
10.070728476821191
15.116688741721854
15.098476821192053
15.866821192052976
13.514900662251655
10.856556291390728
5.79271523178808
8.47701986754967
12.375827814569536
15.29099337748344
13.132052980132451
16.33728476821192
19.251059602649004
16.990529801324506
13.735298013245034
14.258013245033112
13.190993377483444
15.776291390728478
11.96225165562914
10.516026490066226
9.165827814569537
10.435430463576159
10.356357615894039
10.88682119205298
13.382913907284768
12.934635761589405
13.898476821192054
13.02317880794702
12.494768211920528
10.474768211920528
8.954437086092714
6.128675496688742
11.33543046357616
12.616357615894039
12.77225165562914
14.572847682119205
15.135165562913906
14.923509933774836
14.585165562913906
15.074966887417217
15.346092715231784
15.825695364238406
14.892913907284768
13.415827814569536
12.187880794701988
9.942251655629141
10.02728476821192
10.241059602649008
13.138079470198674
14.491324503311258
10.230662251655627
10.139072847682119
12.079867549668874
5.840596026490065
4.879139072847682
2.0546357615894038
11.756887417218547
11.129139072847682
10.024701986754968
9.026158940397352
7.961125827814569
8.711920529801324
9.680927152317881
8.94403973509934
7.7372185430463585
8.305165562913906
11.996490066225164
8.268476821192053
6.2865562913907285
8.363774834437084
5.424172185430463
7.739139072847683
6.799470198675499
4.199470198675496
7.099735099337748
10.012582781456954
10.470331125827814
8.153509933774835
4.344701986754967
6.2939735099337755
12.559403973509934
12.552649006622515
12.116158940397352
9.574370860927152
6.834105960264901
8.00635761589404
6.85046357615894
8.50569536423841
5.455364238410596
5.080927152317881
3.4806622516556294
7.637748344370861
7.101721854304636
6.286622516556292
5.104503311258278
3.6772185430463584
6.059933774834437
2.7379470198675495
1.9759602649006627
-0.4871523178807947
-1.7692052980132449
-0.9929801324503311
-1.067615894039735
3.77
2.1772847682119205
1.7059602649006624
0.2490728476821192
-1.6957615894039733
-1.6169536423841058
4.610662251655628
4.917019867549669
2.595761589403973
2.7594039735099334
4.920860927152318
3.8192715231788084
3.5742384105960268
1.714569536423841
3.2196688741721857
2.3156953642384104
-0.8952317880794702
-2.97841059602649
-5.85748344370861
-7.95496688741722
-9.170397350993378
-3.6684768211920535
-2.1756953642384107
-2.7321192052980128
-1.4450331125827816
-1.0711258278145697
-2.1131125827814574
-3.737682119205298
-5.103907284768212
-5.015695364238411
-2.2390728476821193
8.754238410596026
6.493509933774834
3.820264900662251
1.9617218543046355
-3.632847682119205
-6.2542384105960265
-7.931390728476821
-8.97907284768212
-6.402847682119206
-5.4792052980132455
-5.265099337748345
-6.08907284768212
-7.751523178807947
-1.594569536423841
-4.489602649006622
-9.174503311258277
-11.782649006622517
-10.349867549668874
-7.7797350993377465
-9.449933774834438
-11.60317880794702
-6.433443708609272
-1.2529139072847681
0.3156291390728477
1.6034437086092717
1.6466225165562915
1.280728476821192
3.0378145695364243
4.369602649006622
7.0954966887417195
2.404172185430464
-0.09748344370860927
3.6745695364238404
4.01364238410596
0.8521192052980133
-0.11298013245033114
0.805430463576159
1.6903973509933776
1.544635761589404
-0.938476821192053
-2.63635761589404
-1.1725165562913908
-0.19556291390728478
-0.9159602649006623
-2.128344370860927
-4.057880794701987
-3.0217880794701983
0.9348344370860925
-0.6412582781456955
1.4390728476821193
-1.4782781456953644
-1.6350993377483447
-0.4872847682119205
-1.7592715231788079
-3.6210596026490074
-4.217218543046358
-7.518476821192053
-8.375231788079471
-4.059072847682119
-1.0712582781456954
-6.530927152317881
-9.673046357615895
-2.939139072847682
-1.442980132450331
0.6101324503311258
0.7992715231788079
-0.30933774834437083
-0.736953642384106
0.718543046357616
0.4245033112582781
1.2101324503311255
0.5719867549668874
-1.0398013245033113
-0.6986092715231789
-1.1149668874172187
-1.3606622516556293
-4.7701986754966885
-0.9836423841059603
-5.26682119205298
-4.3758940397351
-6.111920529801324
-5.596225165562914
-8.49609271523179
-11.016423841059602
-10.071258278145693
-9.038079470198676
-7.97569536423841
-4.111655629139072
-1.7011258278145696
-2.5580132450331123
-2.2696026490066226
-2.8101986754966886
-1.9582781456953646
-0.7572847682119205
-2.124172185430464
-4.42066225165563
-3.9790066225165566
-4.394370860927153
-2.1772185430463575
-5.174503311258278
-3.7549668874172184
0.19430463576158938
0.5437086092715231
-2.387218543046358
-4.871456953642384
-7.802781456953641
-6.5209271523178804
-5.793046357615894
-1.533774834437086
-1.896158940397351
-2.123509933774834
-2.2310596026490064
-1.6182119205298011
-2.704569536423841
-4.985033112582782
-6.97364238410596
-4.800331125827815
-3.318145695364238
-3.6325827814569536
-2.3625827814569536
1.7656291390728478
0.15403973509933774
2.2731788079470197
3.8559602649006623
2.646158940397351
-0.7949006622516557
-2.1458278145695364
-0.2013245033112583
-1.799072847682119
-2.5771523178807945
-1.2295364238410595
-1.722119205298013
-1.0490728476821194
0.21357615894039736
1.5296688741721856
1.5150331125827814
1.1794701986754965
2.5272185430463576
1.0958940397350994
0.29251655629139073
0.20304635761589399
4.346092715231788
2.2922516556291392
0.26
-1.9658940397350995
-1.0125165562913907
0.5280132450331125
3.027615894039735
5.812715231788079
6.741523178807947
4.435298013245033
2.970728476821192
3.5186754966887412
-0.6228476821192052
-1.3631788079470202
-2.1635761589403977
1.1098013245033111
2.854569536423841
2.0377483443708613
6.311523178807946
6.319602649006622
10.309735099337749
10.72841059602649
2.2443046357615892
0.6668211920529801
0.9554304635761588
2.84205298013245
3.5329801324503314
3.7944370860927155
4.112980132450332
6.140993377483444
7.099205298013245
6.4711920529801334
8.474503311258276
6.556225165562914
6.975033112582781
7.901456953642385
7.453708609271523
6.183377483443709
5.634172185430464
6.699271523178808
7.505960264900663
7.4174834437086075
8.049536423841058
6.655165562913906
5.481324503311258
6.529735099337748
3.8534437086092717
7.631523178807947
9.772980132450332
11.96860927152318
8.939536423841059
6.620927152317881
8.085364238410595
7.313245033112584
7.752119205298015
7.492649006622516
6.833642384105961
8.401258278145697
5.02748344370861
8.070860927152317
11.463509933774834
8.433708609271525
8.60708609271523
8.592582781456953
10.110993377483444
8.379668874172186
10.840331125827813
14.74986754966887
10.26066225165563
9.353509933774834
7.350397350993378
6.568675496688742
8.461920529801324
7.9065562913907295
9.354503311258277
6.8601986754966875
5.835364238410596
3.9388079470198676
8.011059602649008
7.111589403973509
7.544768211920531
7.372185430463575
8.444105960264901
6.575496688741722
9.270198675496687
11.111390728476822
16.152847682119205
17.974039735099336
14.472980132450331
11.624834437086092
11.346688741721854
11.693973509933775
9.61682119205298
9.383443708609272
9.55403973509934
11.16635761589404
9.641324503311258
10.76139072847682
8.934701986754966
7.542980132450332
8.508476821192053
8.63
11.174900662251655
10.323443708609272
11.76298013245033
13.302847682119204
10.983973509933776
17.168278145695368
13.382384105960265
10.698145695364238
14.698741721854306
14.8205298013245
13.041192052980131
10.168543046357614
8.983046357615896
11.127814569536426
12.96337748344371
13.755960264900663
12.98841059602649
12.908543046357616
10.572582781456953
10.720264900662253
12.045231788079468
10.297880794701987
9.51165562913907
9.593178807947021
12.62430463576159
11.00456953642384
11.666225165562913
11.802052980132451
11.632450331125828
11.344039735099338
15.218675496688741
14.149205298013246
11.640132450331125
10.542317880794702
10.23225165562914
11.586490066225165
12.769668874172185
14.108211920529802
11.912649006622516
13.631721854304638
14.181523178807948
7.566490066225166
6.120728476821192
7.015099337748346
7.136026490066225
8.084172185430464
8.040596026490068
8.650264900662252
9.098079470198675
10.162649006622516
9.770662251655628
11.403509933774835
10.883112582781456
9.502317880794703
9.657019867549668
6.435033112582782
9.259205298013246
8.548543046357615
5.826225165562914
5.840662251655631
5.981721854304636
5.760397350993377
6.800000000000002
6.697549668874173
4.598874172185431
6.368278145695365
10.645033112582782
10.590728476821191
7.329536423841061
5.3754966887417215
6.41
7.83112582781457
7.574635761589404
5.104503311258278
7.127483443708609
9.233245033112583
11.423708609271523
9.900198675496688
5.741456953642384
6.722649006622516
6.010728476821192
7.534900662251656
4.571456953642385
3.689403973509934
8.458741721854304
10.713708609271523
7.029735099337748
4.247483443708608
2.294105960264901
8.25112582781457
6.143774834437086
6.855165562913906
4.138874172185431
2.2572185430463576
0.4552317880794702
3.168013245033112
5.383443708609271
2.080860927152318
3.9348344370860926
2.14523178807947
2.543377483443709
3.683708609271523
3.6183443708609273
2.5344370860927157
1.7243046357615894
3.6486092715231786
2.9735099337748343
4.136026490066225
4.505761589403972
1.5987417218543045
1.1287417218543048
-1.868344370860927
-2.22158940397351
-1.7427152317880794
-0.2860927152317881
1.582185430463576
-0.023841059602649005
0.42231788079470195
1.6749668874172186
4.183509933774834
7.6112582781456934
6.175960264900662
6.409205298013245
2.5967549668874175
0.3031788079470199
-0.3567549668874172
1.5859602649006619
-1.107086092715232
-2.540728476821192
-3.3970198675496692
-1.0482781456953645
0.2251655629139073
0.027218543046357634
-0.051523178807947025
-0.07324503311258279
1.3152980132450331
1.7355629139072843
1.1405960264900663
1.7829801324503312
1.236887417218543
-1.048675496688742
-2.509139072847682
-0.06476821192052978
0.6831788079470198
0.40894039735099336
0.6935761589403974
-2.4203311258278144
1.2520529801324503
0.818675496688742
-1.7298013245033115
-1.8201986754966886
-2.395165562913907
-3.8354304635761594
-2.152251655629139
-1.251523178807947
-3.2599337748344372
-5.145562913907285
-4.3113907284768205
-8.309801324503313
-5.047549668874172
-7.7850993377483455
-8.510331125827813
-14.170132450331126
-12.231920529801325
-15.346556291390728
-14.867549668874172
-17.061721854304633
-15.860993377483446
-11.75635761589404
-14.857218543046354
-12.914172185430463
-15.33072847682119
-14.810728476821193
-13.873046357615893
-10.477417218543046
-11.551324503311259
-12.941258278145694
-11.613245033112584
-6.3026490066225165
-3.806291390728477
2.1576158940397354
-1.8131788079470197
-3.075364238410596
-2.028807947019868
-1.2158940397350992
-6.516754966887418
-8.642980132450331
-4.326887417218544
0.38238410596026484
0.04986754966887417
1.828675496688742
4.375562913907285
-3.627019867549669
-5.426092715231788
-4.841192052980133
-3.291059602649007
-5.5202649006622515
-6.627682119205298
-9.045827814569535
-13.764238410596024
-14.570198675496691
-18.198675496688743
-17.227086092715233
-14.748874172185436
-15.197483443708608
-10.731456953642384
-11.703576158940397
-13.58
-16.63655629139073
-16.769205298013247
-5.88271523178808
-4.2373509933774836
-9.007417218543045
-1.5812582781456952
-2.053311258278146
-0.43701986754966893
-0.8487417218543049
-0.44894039735099334
-0.6147682119205299
1.3868874172185428
1.4111258278145695
0.9796026490066226
1.9727152317880794
2.2726490066225167
1.850662251655629
-0.6608609271523179
-0.334635761589404
-2.091192052980132
-1.7586092715231785
-3.474437086092715
-3.49066225165563
-3.103973509933775
-2.8182119205298015
-1.7561589403973514
-1.949337748344371
-3.6001986754966886
-3.938013245033113
-1.5337748344370863
-3.815827814569536
-0.59158940397351
-0.1937748344370861
-0.21874172185430465
0.3426490066225165
4.448609271523179
0.6477483443708609
-2.2515231788079473
-0.8166225165562914
2.5001986754966885
5.997615894039734
4.837748344370861
7.107019867549668
6.226953642384106
7.154238410596026
9.981986754966888
7.615629139072847
5.009801324503312
6.64887417218543
4.52635761589404
1.5858278145695364
3.354900662251656
2.786688741721854
1.4220529801324504
2.197615894039735
2.436225165562914
2.5081456953642385
0.09556291390728476
0.5657615894039736
2.4276158940397345
3.778344370860927
3.9870198675496686
7.140860927152318
1.128543046357616
-1.9217880794701987
-0.5701324503311258
-4.5118543046357615
-1.7339735099337752
-2.1105298013245033
-0.4658278145695364
-0.12754966887417218
4.159470198675496
2.0347682119205297
0.8639072847682119
1.2350993377483444
3.243443708609271
6.381059602649007
10.57
7.881125827814571
6.251456953642384
8.18139072847682
7.0743046357615915
9.18225165562914
11.343774834437086
10.393509933774835
6.368211920529802
8.437086092715234
9.113576158940399
8.195827814569537
10.399867549668873
11.443907284768214
11.184635761589403
8.58841059602649
8.049271523178808
7.2450993377483455
7.373973509933776
11.366026490066226
13.242052980132451
13.134900662251656
10.380662251655629
9.352980132450329
7.605960264900662
11.289470198675497
9.338211920529803
8.18205298013245
10.85549668874172
14.069139072847683
12.738940397350992
12.865629139072848
6.299867549668874
4.255496688741721
5.99251655629139
6.926423841059602
7.341390728476819
5.667218543046357
5.251192052980133
6.505496688741721
2.7320529801324507
5.751456953642384
4.910596026490066
8.087880794701986
9.802847682119205
9.75860927152318
10.915364238410598
7.939072847682119
8.440198675496687
9.692847682119206
7.274900662251657
7.58953642384106
8.72205298013245
9.0094701986755
10.099602649006622
10.330993377483447
9.894437086092715
8.360927152317881
10.708013245033111
11.992715231788079
12.426357615894037
8.138874172185432
7.627880794701988
9.199668874172186
9.727880794701987
10.534701986754966
10.103112582781456
10.61317880794702
13.12139072847682
15.279205298013244
11.187086092715232
10.556887417218542
10.910596026490067
14.156953642384108
11.402980132450331
7.639072847682119
7.29317880794702
12.793774834437086
9.046953642384105
11.549668874172186
13.946887417218546
13.928410596026493
10.423377483443709
14.155827814569538
11.928079470198679
11.728278145695365
10.51496688741722
10.97456953642384
11.371258278145696
9.147615894039733
12.345165562913907
9.950066225165562
6.7956953642384095
9.116092715231789
9.301721854304633
10.69748344370861
7.291986754966889
13.735364238410595
12.961258278145694
15.210993377483442
15.47245033112583
13.985827814569541
10.767218543046358
7.822317880794702
8.77039735099338
11.58039735099338
10.768940397350994
11.394900662251656
9.837483443708608
10.214503311258278
10.958145695364237
8.625165562913907
9.131920529801326
5.724437086092714
7.619205298013247
8.909933774834437
10.275562913907285
11.879602649006623
8.318079470198677
8.87569536423841
10.268807947019868
10.145165562913908
6.461589403973511
3.692980132450331
7.0453642384105954
6.149933774834437
2.972913907284768
6.405165562913908
8.843642384105959
8.489999999999998
10.818278145695365
8.087417218543045
5.2786092715231785
10.138013245033113
11.593046357615895
11.098940397350994
11.410463576158937
12.800728476821192
14.609271523178808
12.86271523178808
8.97026490066225
9.326291390728477
7.053642384105961
6.6739072847682115
7.592649006622518
7.538410596026489
5.306490066225165
7.126953642384106
10.452052980132448
12.978476821192054
13.070860927152319
12.235099337748345
10.084370860927153
9.200066225165562
6.303841059602648
4.8342384105960265
8.587549668874173
8.864503311258279
5.697019867549668
2.969801324503311
4.614105960264901
7.096423841059602
4.672052980132451
8.177086092715232
7.368874172185429
3.6835099337748356
1.7001324503311253
0.926225165562914
0.6079470198675496
1.999139072847682
0.18655629139072846
0.7905298013245033
0.35596026490066224
-0.24066225165562916
-1.6942384105960266
-0.9370860927152318
-2.2882119205298013
-1.7921854304635763
-0.2199337748344371
0.3114569536423841
-1.9678145695364238
-3.6996026490066223
2.61
0.19794701986754965
0.5636423841059603
3.253708609271523
6.915099337748344
1.5361589403973508
-1.6567549668874173
-2.77112582781457
-3.418609271523179
-3.136688741721854
-3.862384105960265
-4.933311258278145
-6.088543046357617
-6.172052980132451
-6.729602649006623
-6.102582781456954
-4.965430463576158
-6.21476821192053
-6.393443708609272
-8.058675496688743
-6.132119205298014
-9.527218543046358
-5.172450331125828
-3.8413907284768207
-6.934834437086092
-6.110000000000001
0.28158940397351
1.6304635761589403
4.231523178807946
7.171258278145695
5.7705298013245026
3.7386754966887414
4.0558940397351
4.538741721854304
4.687483443708609
1.2550331125827814
-0.15854304635761587
-3.185894039735099
-4.729006622516556
-0.7768211920529801
2.1719205298013247
6.066622516556291
5.252516556291392
2.8825165562913906
1.3278145695364238
1.1026490066225163
0.363841059602649
-0.9655629139072849
-0.7894039735099339
0.8901324503311258
2.1073509933774837
4.872649006622517
-1.7678145695364238
-4.013245033112582
-5.901258278145695
-8.383708609271524
-11.735099337748343
-11.876092715231788
-6.373973509933775
1.3390728476821192
-5.692913907284769
-3.72251655629139
-1.075165562913907
-5.507152317880795
-7.857615894039735
-7.649602649006623
-8.511059602649008
-0.7449668874172186
0.24013245033112587
0.6206622516556292
0.5419205298013245
-0.6459602649006622
-1.5094039735099338
-7.818476821192054
-9.509602649006624
1.939337748344371
0.9877483443708608
1.26635761589404
1.780728476821192
1.1058940397350994
-1.179403973509934
-1.6949006622516556
-6.315496688741722
-6.708807947019866
-5.986158940397351
-6.454437086092715
-4.767615894039736
-1.5037086092715233
-0.36933774834437083
-1.263112582781457
-3.7306622516556285
-6.263708609271523
-8.828807947019868
-8.616423841059602
-13.044635761589404
-14.89152317880795
-18.876225165562914
-13.333509933774835
-7.583046357615894
-11.464503311258277
-13.056887417218542
-8.123642384105962
-9.337615894039736
-8.270529801324503
-8.527814569536423
-9.057350993377483
-10.519072847682118
-12.031655629139072
-14.625231788079473
-19.396953642384105
-13.001324503311258
-17.65721854304636
-13.064966887417219
-15.072450331125829
-16.86993377483444
-13.024437086092716
-7.340132450331127
-6.949205298013244
-6.4964238410596025
-4.550529801324504
-2.243311258278146
2.6596026490066222
-0.6314569536423841
-1.7229139072847683
-1.710132450331126
-3.302980132450331
0.8958278145695365
0.27456953642384113
0.03622516556291389
0.6608609271523178
1.2558278145695363
1.8694039735099344
-0.626092715231788
0.5982119205298014
-1.572317880794702
-1.7505960264900664
-0.08225165562913907
-1.1346357615894038
1.0779470198675496
-0.3913907284768212
0.043046357615894065
-0.012251655629139071
1.2817218543046358
4.468344370860927
2.3649668874172187
0.32754966887417214
1.1380132450331124
1.383046357615894
-0.9804635761589404
2.0501324503311262
-0.33827814569536424
-0.5677483443708609
-1.8268211920529802
2.9527814569536424
5.3265562913907285
2.2190728476821193
-2.8994701986754965
-5.890529801324503
-7.19092715231788
-6.760132450331126
-3.4684105960264904
2.8297350993377486
2.894437086092715
2.388543046357616
1.9505298013245032
1.1426490066225166
1.420794701986755
3.084569536423841
4.175562913907284
3.2544370860927154
4.645364238410596
4.644304635761589
6.315364238410596
6.670927152317881
6.128807947019868
8.715496688741721
7.5364238410596025
5.346754966887417
8.052450331125828
9.722317880794703
10.944503311258277
11.47046357615894
10.422317880794703
9.289668874172184
6.961523178807948
5.616423841059603
8.786887417218542
10.01907284768212
6.243046357615895
8.087615894039736
9.906556291390727
5.990860927152317
2.2541721854304635
5.7460927152317876
12.67953642384106
11.465761589403973
12.495099337748343
14.12298013245033
10.72496688741722
8.369735099337747
8.411655629139073
5.008543046357616
8.19887417218543
10.98430463576159
7.984238410596026
5.749337748344371
5.595562913907284
3.786291390728476
5.660397350993378
6.091523178807947
5.1559602649006635
5.322980132450331
3.213907284768212
5.866291390728477
5.754437086092715
5.830596026490066
7.126953642384106
8.923708609271523
8.060529801324504
7.56701986754967
7.9973509933774825
11.366556291390728
13.128741721854306
14.569006622516557
16.014635761589403
15.63913907284768
14.032052980132452
16.21947019867549
14.510331125827811
10.20311258278146
12.83748344370861
13.4517880794702
10.286158940397351
12.402450331125827
12.50205298013245
13.524172185430462
13.04635761589404
10.851192052980132
11.737218543046357
13.631059602649007
15.286291390728474
14.951258278145698
13.647019867549668
14.552185430463574
11.362913907284767
9.207350993377483
8.999668874172185
8.682317880794704
8.767218543046358
5.789867549668874
7.081258278145695
6.7615231788079475
9.069271523178806
11.85364238410596
12.980993377483445
11.48953642384106
10.670066225165565
7.397615894039735
9.75887417218543
11.90086092715232
12.873112582781456
8.31132450331126
7.6484768211920535
12.186291390728478
13.145960264900662
13.650529801324506
15.237880794701985
11.696688741721855
12.678079470198675
13.509933774834437
11.34430463576159
15.523112582781456
17.76205298013245
13.039668874172186
8.94
11.82523178807947
9.617152317880794
8.873774834437086
12.084437086092715
15.08
15.368410596026491
13.848741721854303
12.882317880794703
12.857748344370862
13.814105960264902
11.06543046357616
11.839602649006624
10.652781456953644
8.7117880794702
5.647549668874172
10.669668874172185
9.83748344370861
8.695364238410596
5.949933774834436
9.918145695364238
10.394569536423841
8.148940397350993
7.171192052980134
7.000264900662251
8.509933774834437
5.463046357615894
8.107682119205297
8.59317880794702
7.0362913907284765
3.7776158940397355
4.987682119205298
7.775827814569537
4.439933774834437
4.284569536423842
2.237086092715232
2.295562913907285
6.8338410596026495
7.925562913907286
10.992582781456955
12.365364238410596
6.7941059602649
6.8520529801324495
4.617019867549668
2.205960264900662
3.0949006622516557
4.509006622516556
7.054105960264901
8.134834437086093
7.982052980132452
4.103576158940398
2.603509933774834
4.585960264900662
6.132516556291391
5.604768211920529
9.639735099337749
6.9152980132450335
5.998940397350993
7.327417218543046
4.40046357615894
4.521258278145695
8.37953642384106
8.649139072847682
10.011192052980133
7.76887417218543
4.926357615894039
6.002913907284767
7.748476821192054
5.207019867549668
8.089006622516557
7.70092715231788
7.262185430463577
9.665298013245033
5.284238410596027
4.422649006622516
4.145894039735099
4.142715231788079
5.877549668874172
1.8017218543046358
1.3062913907284768
1.6071523178807945
5.295099337748344
0.8852317880794701
1.7233774834437088
2.0179470198675498
-1.051523178807947
1.4460264900662252
6.01841059602649
0.8681456953642382
-0.94682119205298
1.5398013245033113
3.090264900662252
2.5356953642384106
0.13615894039735102
1.3478807947019869
-0.9955629139072848
0.4318543046357615
2.9255629139072847
5.163907284768212
2.9259602649006617
1.751721854304636
2.9966225165562914
7.189403973509934
7.466887417218543
3.641920529801325
6.245033112582782
2.873841059602649
-0.9533774834437084
3.113112582781457
1.7911920529801322
2.4229139072847685
5.2696688741721855
5.441920529801324
0.9064238410596025
-2.0088741721854304
-3.380794701986755
-4.314172185430462
-2.3019867549668875
-2.3225827814569535
1.7354966887417218
-0.049205298013245045
1.5142384105960267
2.685894039735099
1.8511258278145695
2.576225165562914
0.5562913907284768
0.6710596026490065
-1.0454966887417219
-1.3143708609271523
-2.0133774834437084
0.22019867549668873
-0.3549006622516557
-0.24403973509933777
0.030331125827814557
1.8666225165562915
-0.28827814569536425
-0.9468211920529801
-1.1534437086092717
-6.292913907284769
-5.5451655629139065
-7.081059602649005
-8.422582781456953
-5.629072847682119
-1.2496026490066228
-0.3917880794701987
1.9759602649006622
4.686490066225166
4.3265562913907285
3.710993377483444
-2.541125827814569
-10.063642384105961
-8.014437086092716
-1.8784768211920533
-2.6395364238410592
-9.128344370860928
-11.922185430463577
-6.145629139072847
-12.205562913907285
-19.40940397350993
-17.767880794701984
-18.784569536423838
-18.967218543046357
-17.986291390728475
-13.780596026490066
-11.264834437086092
-11.122847682119206
-9.559139072847682
-9.325099337748345
-9.933907284768212
-6.906821192052979
-3.2844370860927157
-0.8585430463576158
-1.5737086092715231
-3.4290066225165563
-9.444370860927155
-9.230794701986756
-13.018940397350992
-19.999072847682122
-17.73953642384106
-14.605827814569533
-13.643708609271522
-10.940728476821194
-4.59701986754967
-0.19503311258278147
0.19668874172185433
-1.2721192052980133
-4.111788079470198
3.262980132450331
1.563774834437086
-1.284701986754967
-0.8103973509933775
-0.4336423841059602
-1.9814569536423845
-1.210132450331126
-2.6452980132450326
-3.7476821192052987
-4.361192052980132
-7.296622516556291
-3.7078807947019867
-4.086887417218544
-3.24046357615894
-6.689006622516556
-11.295562913907286
-10.48728476821192
-7.823576158940398
-1.6403311258278146
3.1080794701986756
0.7056953642384106
-4.455695364238411
-13.83774834437086
-15.902847682119205
-13.571589403973507
-10.767218543046358
-12.991788079470199
-11.821324503311258
-8.487947019867548
-8.633178807947017
-8.451721854304637
-8.89635761589404
-10.344834437086094
-8.257947019867549
-8.886092715231788
-3.0025165562913907
-3.657483443708609
-0.47754966887417216
-1.8799337748344371
-4.788145695364238
-2.7241059602649007
-2.1820529801324504
-3.0837086092715236
3.874834437086093
4.790728476821193
2.86364238410596
1.0072847682119206
2.3082119205298013
0.04503311258278148
-2.4288741721854303
-0.49450331125827807
-2.4764238410596024
-1.4325827814569536
0.760794701986755
2.680860927152318
3.7949006622516555
1.980662251655629
2.4886092715231785
7.283377483443708
3.7656953642384106
4.425894039735099
-0.22701986754966888
0.3254304635761589
0.7629801324503311
-0.9451655629139073
5.370728476821192
3.6984768211920516
5.533245033112583
3.822913907284768
6.573112582781457
7.04953642384106
3.4682781456953644
1.1596026490066225
1.439139072847682
3.731324503311257
5.23251655629139
8.627284768211918
4.648079470198676
1.9425827814569532
4.978807947019868
9.033311258278147
8.463046357615895
7.580993377483444
3.8259602649006617
1.7501986754966885
5.431059602649006
4.782980132450331
3.146490066225166
2.2856953642384106
2.0249668874172184
4.416556291390729
1.0501324503311258
5.811523178807946
2.5184105960264898
1.0394039735099336
4.6254304635761585
3.822450331125828
0.8557615894039737
3.515496688741721
4.489139072847683
3.596092715231788
1.824569536423841
4.137682119205299
5.268807947019868
5.8176821192052985
6.082980132450331
6.6401324503311265
8.007284768211921
7.947880794701987
5.310331125827814
6.123377483443709
9.184304635761588
8.87476821192053
9.344900662251654
9.51251655629139
9.469271523178808
9.184105960264901
7.903046357615892
11.29748344370861
9.02298013245033
6.507947019867549
5.28907284768212
6.809735099337749
10.394437086092715
9.10569536423841
10.406225165562914
8.48019867549669
6.329735099337748
4.857615894039735
6.43682119205298
5.521258278145695
9.428874172185433
9.20867549668874
6.810596026490066
11.277218543046358
9.449403973509934
8.887152317880794
10.27887417218543
11.39476821192053
14.045562913907283
14.79437086092715
16.796556291390726
16.540397350993377
13.502185430463577
14.125695364238414
13.695562913907283
10.182649006622515
10.839271523178809
12.230993377483445
14.475496688741723
10.837086092715232
6.506556291390728
11.665894039735099
13.908675496688742
9.862847682119206
8.22225165562914
14.100264900662253
15.391523178807946
15.73927152317881
12.628013245033111
11.35973509933775
12.334635761589405
11.829205298013246
11.677086092715232
12.757152317880795
10.374105960264902
9.859403973509934
5.752913907284768
7.307483443708612
8.882317880794702
10.727615894039737
12.300397350993377
10.608079470198676
11.62841059602649
10.129072847682117
8.771258278145696
7.429470198675496
6.725894039735099
6.566158940397352
4.365099337748345
8.502119205298014
10.81225165562914
10.372913907284769
7.184966887417219
8.949801324503312
10.841192052980132
14.342582781456954
12.297814569536426
9.222384105960264
11.50543046357616
15.382516556291392
14.88913907284768
13.400529801324504
13.22960264900662
13.610463576158942
15.044701986754964
15.14430463576159
12.95251655629139
10.750264900662252
11.22701986754967
11.742251655629138
12.266225165562915
12.090066225165563
9.027880794701987
7.9559602649006615
14.504900662251654
11.133046357615894
12.75907284768212
13.917483443708612
11.254172185430464
10.877748344370861
9.004900662251654
8.911192052980132
9.064172185430463
10.749470198675498
11.754370860927153
15.288741721854304
11.645099337748345
9.403708609271524
7.510264900662253
11.106754966887417
15.27298013245033
10.65092715231788
13.93774834437086
12.461192052980131
15.391920529801327
14.038543046357614
9.189933774834438
7.264105960264901
5.485761589403974
4.788675496688741
1.3140397350993378
2.128940397350993
1.311059602649007
1.9584105960264901
1.4441721854304637
1.5345695364238412
2.4997350993377476
6.92774834437086
9.179139072847683
6.73344370860927
6.032450331125829
3.501258278145695
4.766092715231789
9.108807947019866
3.393907284768212
4.1568211920529805
6.784635761589404
7.653907284768212
10.330529801324502
6.660397350993378
4.727417218543048
3.2270860927152314
3.1174172185430464
5.402119205298013
6.277549668874172
4.74841059602649
5.917947019867549
2.517284768211921
1.3404635761589403
3.309867549668874
5.1158940397351
5.601192052980133
3.805761589403973
3.824834437086093
4.543708609271523
6.680463576158941
5.124635761589404
0.7305298013245033
-0.6999337748344371
1.6212582781456955
0.9417218543046357
0.03384105960264901
0.7649006622516556
2.390662251655629
3.8846357615894034
4.4472185430463576
3.036225165562914
1.7813245033112584
1.179403973509934
3.3106622516556294
5.546622516556291
5.340993377483444
5.660596026490066
3.20887417218543
2.6925827814569536
2.646754966887417
1.4105960264900663
-1.5556953642384108
-0.5494701986754967
-0.8507284768211919
-0.2958940397350993
-0.4260927152317881
-0.653841059602649
-1.8380132450331124
-1.6098013245033111
-1.4668211920529801
-2.804569536423841
-4.07158940397351
-4.355099337748344
-3.4470860927152316
-5.864635761589405
-10.274834437086092
-11.893576158940396
-11.024966887417218
-3.615165562913908
-1.6896688741721853
-6.127814569536424
-6.7618543046357615
-5.527086092715232
-0.47417218543046363
3.6807284768211916
7.544238410596028
4.473907284768212
4.495629139072848
5.75112582781457
1.2852317880794701
-1.036092715231788
-2.6692052980132446
-2.5166887417218544
0.6626490066225166
3.7594701986754964
4.9474834437086095
4.869337748344371
4.319602649006623
4.639139072847682
4.329205298013245
4.500132450331126
4.242384105960266
3.2992715231788075
4.147549668874173
4.73158940397351
1.0092052980132453
0.5537748344370861
-1.8634437086092714
-0.29172185430463576
-0.30311258278145703
-2.3044370860927152
-3.9994701986754957
-4.445496688741722
-0.5776158940397351
0.5080132450331126
1.3901324503311259
-0.9898675496688741
0.030331125827814557
-1.2165562913907284
-0.4236423841059603
-0.6293377483443708
-1.3518543046357616
-0.9815231788079473
3.0142384105960263
4.322582781456954
-0.3935761589403974
-0.30350993377483443
4.715298013245033
2.0192715231788076
1.2178145695364242
-0.35298013245033116
3.0699999999999994
1.25
2.616092715231788
2.0184768211920527
1.6690728476821193
-1.1996026490066225
-1.241390728476821
-0.8997350993377484
-0.28158940397350996
-0.6591390728476821
-0.893907284768212
-2.8568211920529802
-4.456953642384106
-4.363576158940397
-3.7736423841059596
-1.6247019867549668
-0.060927152317880776
0.7290066225165563
-2.3690728476821192
-3.8209933774834437
0.6615231788079471
-0.2974172185430463
-2.287218543046358
-2.8096688741721856
-2.8905960264900665
-1.8215231788079467
-3.164768211920529
-2.645629139072848
-3.688609271523179
-4.929801324503311
-2.1810596026490066
-1.4343708609271526
-3.177748344370861
-3.5758278145695366
-1.4508609271523178
-4.198476821192053
-7.428079470198676
-4.87225165562914
-0.5788741721854305
-0.8114569536423841
-3.4531788079470203
-3.1636423841059607
-3.8280132450331124
2.304569536423841
-1.2080794701986757
-4.748807947019867
-4.9964238410596025
2.716754966887417
3.6752317880794703
4.412847682119205
2.4534437086092713
2.2700662251655626
0.9526490066225163
1.406887417218543
0.4972185430463577
0.8451655629139071
2.2437748344370863
3.142980132450331
2.974768211920529
1.9209271523178808
0.1528476821192053
-1.0167549668874172
1.1916556291390727
2.8689403973509933
3.9854304635761593
5.068211920529801
5.191456953642384
-1.106092715231788
-4.198145695364238
-1.2904635761589405
0.48013245033112584
1.2390728476821193
-2.9581456953642387
-0.15245033112582781
1.634503311258278
7.738807947019867
8.07615894039735
8.0858940397351
6.622317880794702
4.4064238410596035
4.69271523178808
-1.78364238410596
-4.415165562913906
-2.3470860927152315
-1.1360927152317881
0.5133112582781456
3.3985430463576165
3.1700662251655625
7.892649006622516
6.215231788079469
8.354039735099338
7.811258278145695
6.46953642384106
4.115033112582781
7.423377483443708
6.546291390728477
10.42384105960265
9.599735099337748
8.272913907284769
6.12774834437086
6.590331125827815
9.930860927152318
9.532052980132452
11.8417880794702
11.732119205298014
11.578476821192053
8.043841059602649
7.28456953642384
5.154900662251656
0.7804635761589405
2.3758940397351
2.7597350993377487
6.159205298013245
9.467880794701987
12.518940397350994
13.202913907284769
11.074304635761589
9.560331125827815
7.119602649006622
7.989205298013244
7.430397350993378
8.146556291390727
10.579271523178807
10.405629139072849
6.154503311258278
8.160331125827815
8.458741721854304
9.21205298013245
10.625099337748345
9.197814569536426
11.398807947019867
10.102185430463576
7.1086092715231795
8.65423841059603
10.108013245033112
10.740794701986754
10.3335761589404
9.496490066225165
10.60615894039735
9.809933774834438
10.71046357615894
9.49953642384106
7.04225165562914
10.656754966887418
11.484635761589404
11.325165562913906
12.350529801324505
11.469139072847684
13.210860927152318
12.541324503311255
14.374834437086095
7.844503311258278
11.48728476821192
11.986821192052982
13.33953642384106
10.150993377483445
12.33887417218543
11.469205298013247
10.039668874172184
7.769933774834436
11.605496688741722
10.591986754966886
9.509668874172185
11.364370860927153
10.93132450331126
10.431655629139073
10.517218543046358
10.878344370860928
11.110596026490065
9.476754966887418
14.210463576158938
14.759403973509931
17.941192052980135
12.885364238410597
10.451986754966887
11.376688741721855
11.963576158940397
8.778079470198675
11.079006622516555
7.401986754966886
7.198410596026492
9.48503311258278
12.09913907284768
9.338211920529803
6.20635761589404
9.986026490066225
10.803509933774833
11.821456953642384
13.834834437086096
13.60708609271523
14.312119205298014
16.51960264900662
12.690728476821194
14.678874172185433
10.565496688741721
14.960066225165564
11.911655629139071
8.176291390728476
8.803774834437085
12.377086092715231
13.056821192052979
10.74814569536424
9.39245033112583
7.319271523178808
8.974635761589404
10.540331125827816
9.628145695364237
9.172649006622516
15.115761589403977
13.006225165562915
10.07112582781457
8.727152317880794
8.717350993377485
10.83774834437086
8.568476821192053
10.581125827814569
10.291523178807948
10.41450331125828
7.180198675496689
6.886357615894041
7.68251655629139
8.236887417218544
10.407019867549668
9.89867549668874
6.856291390728477
6.403311258278146
7.241854304635761
8.609403973509934
9.264437086092716
9.614900662251657
10.241523178807945
9.95841059602649
8.148211920529802
4.699735099337749
8.859668874172185
7.799801324503311
10.554900662251656
12.761788079470199
11.75225165562914
11.808675496688743
8.795496688741721
6.435430463576159
4.080331125827814
3.7115894039735102
5.7384768211920525
6.944900662251658
6.817748344370861
7.793245033112583
5.377350993377483
4.785761589403973
7.570728476821191
5.710993377483444
3.039735099337748
8.04430463576159
9.010529801324504
8.13841059602649
10.712847682119204
10.302185430463577
9.76794701986755
10.558741721854306
10.086490066225165
8.475761589403975
5.666821192052979
4.236688741721855
3.6511920529801327
6.787417218543047
5.0603973509933775
3.6961589403973516
5.339867549668874
9.004966887417218
0.8190066225165563
-1.943774834437086
-2.624437086092715
2.593245033112583
0.7111920529801323
-3.6746357615894034
-5.699072847682118
-6.99158940397351
-5.905761589403974
-2.8042384105960263
-1.5566887417218542
-1.0310596026490066
0.7886092715231788
5.651854304635762
4.218675496688742
4.881390728476822
3.1849668874172186
6.327086092715232
3.5807284768211924
0.10059602649006623
3.596622516556291
0.6829801324503312
-1.5840397350993378
-6.548013245033113
-12.7517880794702
-6.661920529801325
-2.326622516556292
0.5194039735099337
1.7522516556291392
1.7090728476821189
-0.4785430463576159
-0.43066225165562916
-0.036953642384105964
1.4580794701986755
-2.93
-2.88158940397351
0.32596026490066227
2.0770860927152315
0.7370198675496689
-1.3694039735099337
-1.8200000000000003
-0.7390728476821191
-0.4770198675496689
4.559337748344371
2.6237086092715236
1.3619205298013246
1.952516556291391
-5.00476821192053
-8.059139072847683
-5.427483443708609
-1.8972847682119198
1.4696026490066225
-3.8386092715231794
-3.010529801324503
2.7550331125827814
4.213311258278146
2.981523178807947
0.2797350993377483
4.568476821192053
4.2217880794701985
3.6315231788079463
1.9052317880794702
0.8236423841059602
1.0339735099337748
2.415496688741722
1.4988079470198674
-2.6111258278145697
-3.21364238410596
1.1603973509933776
0.1837748344370861
0.9167549668874173
3.3570860927152317
5.4636423841059605
3.604039735099338
-0.9369536423841061
-0.5309933774834438
0.6184105960264902
-0.18774834437086094
-0.16536423841059603
2.3309933774834435
0.3266887417218543
-0.8005960264900663
-2.6752980132450324
-3.5372847682119204
-1.8451655629139072
2.058543046357616
-1.1385430463576156
-3.0143708609271522
-3.6498675496688726
-4.635894039735099
-4.533973509933774
-5.919403973509932
-3.7537086092715226
-0.9449668874172186
-0.7642384105960265
-1.7611258278145692
-2.9872185430463576
-3.0743046357615897
-3.8294039735099337
-3.2086754966887416
0.6968874172185431
1.5006622516556294
-0.25682119205298015
-1.384437086092715
-1.372185430463576
-1.2495364238410596
-0.3452317880794702
-0.6699999999999999
0.9002649006622516
0.07079470198675496
-0.016622516556291406
-4.747549668874171
1.5725827814569537
7.255099337748344
2.423576158940397
-1.4416556291390727
-3.471655629139073
1.3376158940397351
-0.3450331125827814
1.7708609271523181
0.3643708609271523
-0.1519867549668874
0.1299337748344371
-0.00470198675496689
1.9156291390728477
2.1227814569536423
3.0221854304635762
2.831788079470199
3.76907284768212
3.018476821192053
2.9586754966887416
-0.26490066225165565
2.7390728476821193
1.7071523178807946
4.384834437086093
2.9131788079470198
0.5045695364238411
2.708741721854305
1.6258278145695364
1.0021854304635762
-1.5141721854304635
-2.718609271523179
-1.1547682119205298
1.0023841059602647
2.6265562913907288
0.394635761589404
1.632317880794702
2.9070198675496686
-1.4846357615894037
1.6374834437086092
5.514569536423841
6.865496688741723
5.5280132450331125
4.5931125827814565
3.024635761589404
-1.0372847682119204
-0.8745033112582782
-0.20132450331125826
-0.13350993377483444
0.8216556291390729
3.0249668874172184
1.2470860927152319
0.9550993377483445
5.0045695364238405
6.974834437086093
9.462185430463578
8.493509933774835
6.7544370860927145
5.274370860927153
5.8025827814569535
2.9922516556291394
-1.5300662251655628
2.026291390728477
1.2472847682119208
2.0894701986754964
4.237350993377483
0.8107284768211921
1.679933774834437
5.64251655629139
1.6281456953642386
0.3460264900662251
0.9925827814569537
-0.3079470198675497
0.5168874172185431
-0.06264900662251656
3.753509933774834
6.700860927152318
5.612317880794702
6.812715231788079
5.360198675496688
0.9077483443708608
0.927549668874172
4.8823178807947025
8.798013245033115
8.050529801324505
7.267086092715231
5.256490066225166
5.998476821192053
4.352317880794701
5.0361589403973515
6.3594039735099335
9.16748344370861
10.494900662251654
11.237880794701987
11.051456953642385
9.383841059602648
7.788675496688743
8.136754966887416
9.635099337748345
10.123112582781458
10.810794701986755
9.000198675496689
10.227483443708609
8.970397350993375
3.9506622516556287
4.421523178807946
7.403907284768214
4.577350993377484
5.575629139072848
2.2745033112582775
2.976026490066225
4.652980132450331
5.664238410596027
6.955827814569536
6.277350993377484
11.867880794701987
10.723973509933774
9.1741059602649
9.733973509933776
8.472384105960266
8.130794701986755
7.3594039735099335
10.449668874172186
12.357483443708608
10.993112582781457
14.009139072847683
14.284437086092714
13.576490066225164
11.786953642384105
10.532582781456954
12.943576158940397
12.786357615894042
10.006026490066226
7.921655629139074
9.910662251655628
10.268013245033112
13.027019867549669
11.397019867549668
11.443377483443708
15.980993377483445
15.354503311258282
14.982384105960266
15.713841059602649
13.983708609271522
13.504569536423842
12.742847682119205
10.360397350993377
11.836622516556293
9.847947019867549
7.930264900662252
9.483377483443709
5.889867549668874
11.039602649006623
6.725430463576159
5.778476821192053
8.987880794701985
11.668675496688744
15.891059602649008
15.48543046357616
14.982649006622514
14.838609271523179
13.822649006622516
9.060397350993378
10.21953642384106
12.334834437086096
11.170463576158943
8.269602649006623
7.846688741721854
8.800993377483445
11.2376821192053
6.869602649006622
9.416026490066226
14.271986754966886
14.886158940397351
13.23298013245033
11.186291390728478
13.415629139072848
14.706026490066224
12.278807947019867
13.831523178807943
13.130529801324503
16.551390728476818
15.502185430463575
11.328741721854303
10.298807947019867
13.114701986754966
15.008013245033112
15.409271523178806
12.42708609271523
8.902185430463577
11.333245033112583
8.908940397350994
10.06476821192053
8.288741721854306
7.090463576158941
6.4552980132450335
6.99980132450331
9.941192052980131
10.268675496688742
7.955496688741723
7.2684105960264915
5.5937748344370855
5.058145695364238
8.53503311258278
7.987152317880795
9.451986754966885
10.697615894039735
11.846754966887419
11.481192052980132
10.322582781456953
11.446688741721854
10.604172185430464
13.19476821192053
12.228013245033111
12.079403973509935
13.142980132450331
11.81867549668874
13.198344370860928
13.518344370860927
11.964900662251654
10.975629139072847
10.046556291390727
9.192185430463576
6.042185430463576
4.4162251655629134
7.245364238410594
7.8511258278145695
10.031258278145696
8.566291390728479
4.3988079470198675
0.6471523178807947
1.788344370860927
4.288609271523178
5.6401324503311265
5.129337748344371
6.389139072847682
5.626026490066225
4.852185430463576
5.196953642384106
9.637814569536424
5.5192715231788085
4.397483443708609
2.6957615894039737
3.121986754966888
3.7011920529801325
5.8422516556291395
7.137615894039733
8.64112582781457
10.426092715231789
9.450927152317881
10.00198675496689
8.602516556291391
8.710397350993377
9.395496688741721
6.377483443708608
8.117483443708611
7.781456953642384
7.078874172185431
8.90271523178808
5.391655629139073
8.568543046357615
5.810794701986754
4.889801324503312
3.6182119205298013
0.35158940397350996
-0.5044370860927153
1.4035099337748345
-0.9211920529801326
1.6781456953642386
0.47960264900662253
-0.775364238410596
-1.1158940397350994
-0.8606622516556294
-2.101788079470199
-2.5119205298013245
-5.013046357615894
-5.489735099337748
-2.492980132450331
-0.6119867549668874
-2.1342384105960264
-5.478741721854305
-1.223046357615894
-8.1476821192053
-7.789801324503311
-0.17794701986754963
-2.760662251655629
-6.267152317880794
-7.268940397350993
-6.651655629139073
-5.760596026490066
-4.034966887417219
-4.991523178807947
-1.690728476821192
-0.11629139072847682
-2.267086092715232
-3.9299337748344376
-1.5819205298013246
-6.049470198675496
-7.259668874172186
-3.1896688741721855
0.8094701986754967
5.923774834437086
5.855562913907285
5.590993377483444
8.001192052980134
7.321125827814571
3.8247682119205297
3.424635761589404
8.327880794701986
6.240993377483444
2.1552317880794707
2.4902649006622513
0.15827814569536422
-3.172516556291391
-4.72523178807947
-3.442516556291391
-4.159271523178807
-4.516026490066225
-4.976754966887417
-2.749337748344371
-2.787682119205298
-3.1671523178807948
-4.473841059602648
-3.610132450331125
-3.4213245033112574
-4.320066225165562
-4.542384105960265
-1.1274172185430464
-0.16463576158940396
-0.3632450331125828
-1.8905960264900663
-3.09953642384106
-0.49874172185430465
-0.23801324503311258
3.2927152317880797
3.3015231788079467
-1.323245033112583
-0.18211920529801323
0.5186754966887417
2.9203311258278144
1.799139072847682
2.937019867549669
1.0617880794701988
0.8288079470198676
1.386754966887417
0.6990066225165563
1.5009271523178807
0.8078807947019866
0.019205298013245033
4.39317880794702
3.270529801324503
1.6832450331125828
2.471192052980132
1.4427814569536421
-0.048675496688741715
-1.032450331125828
1.095364238410596
3.1666225165562913
0.6049668874172185
-1.9957615894039735
0.41980132450331126
-0.7248344370860927
-0.5351655629139072
-0.07165562913907285
-0.5937086092715232
-1.6403973509933776
-5.2223841059602645
3.28794701986755
4.698344370860927
6.526887417218543
3.654701986754967
-0.27364238410596026
1.1627814569536425
3.0364900662251655
6.6000000000000005
1.674635761589404
-0.20331125827814567
0.14072847682119205
-0.7905298013245033
-1.9582781456953642
-2.1682119205298016
1.051456953642384
2.568476821192053
3.7144370860927154
5.134966887417219
4.361854304635761
2.306158940397351
2.218476821192053
7.240596026490066
4.249139072847681
-0.9408609271523181
2.174701986754967
0.4054966887417218
0.55
1.4882119205298012
2.180596026490066
3.8556291390728474
7.676622516556292
7.417814569536425
6.160331125827815
3.0603311258278145
1.7868211920529806
1.0609271523178807
0.24370860927152316
-0.17867549668874175
1.377019867549669
3.572913907284769
2.2949006622516555
1.9197350993377482
2.939867549668874
3.8006622516556297
2.3311920529801324
-0.23463576158940397
-2.784701986754967
-2.437483443708609
1.356026490066225
0.22973509933774833
-3.135894039735099
-3.8501986754966886
3.406291390728477
2.1211258278145695
3.9998013245033106
2.81682119205298
1.0427814569536424
1.3459602649006623
0.7948344370860927
-0.6558940397350993
2.3792715231788084
5.3989403973509935
4.822980132450331
5.53
6.856026490066225
6.043443708609272
5.932119205298013
4.041059602649007
3.988940397350994
-0.2456953642384106
2.913841059602649
5.559337748344371
6.340066225165562
9.323973509933776
8.34549668874172
7.28701986754967
8.88271523178808
9.487947019867548
8.606291390728474
8.858741721854305
9.036754966887418
8.464768211920532
8.309602649006623
5.362317880794702
4.691059602649006
5.261986754966887
3.399403973509934
9.327218543046357
10.92092715231788
6.449801324503312
4.048211920529801
6.383774834437086
6.603046357615893
9.662384105960264
9.769006622516555
10.167814569536421
5.455894039735099
2.100860927152318
1.940662251655629
3.9520529801324504
2.9657615894039737
2.8841721854304634
6.225033112582781
8.201721854304637
8.83543046357616
7.678476821192053
8.997152317880794
7.0290728476821185
9.146490066225164
10.748543046357616
8.141920529801327
4.957152317880795
6.540463576158941
8.958543046357615
8.397019867549668
10.401258278145697
10.349403973509935
10.276158940397353
8.695165562913905
8.320066225165563
9.642052980132451
11.673112582781457
13.805430463576158
11.954900662251655
11.558476821192054
9.778741721854303
7.912516556291391
11.449403973509932
12.518675496688742
14.964238410596026
15.900198675496688
13.920463576158939
15.005364238410593
11.78066225165563
9.061920529801325
7.804900662251655
7.41324503311258
11.798543046357615
9.188609271523179
6.137350993377484
10.79317880794702
12.665231788079469
9.875364238410596
7.138741721854305
8.239867549668876
12.495231788079472
7.218344370860927
7.682052980132452
9.73271523178808
12.3682119205298
10.976158940397351
11.021059602649006
8.299139072847682
11.73615894039735
11.238211920529803
6.724238410596026
6.732913907284769
8.355562913907285
9.12953642384106
11.620397350993377
13.565496688741721
15.412119205298014
13.531523178807946
12.458344370860928
14.812582781456953
15.169536423841063
13.510993377483443
14.454370860927153
16.881390728476823
12.18953642384106
8.860463576158939
6.916423841059603
8.116821192052983
12.002516556291392
10.691192052980131
13.117086092715232
14.595364238410596
14.850529801324505
13.556490066225166
12.970596026490066
9.06
8.97794701986755
11.16317880794702
12.765629139072848
9.659403973509935
10.902980132450331
10.265695364238411
10.555827814569536
13.314900662251654
15.143178807947018
13.987086092715233
15.20456953642384
14.016158940397348
14.362185430463576
11.442185430463576
9.992450331125825
10.440860927152317
12.33066225165563
10.587947019867551
7.862847682119205
6.7258940397351
8.297682119205296
8.36066225165563
8.025562913907285
8.168940397350994
8.343377483443708
8.635231788079471
8.988807947019867
6.296357615894039
6.504370860927152
6.693907284768212
3.390728476821192
8.010529801324504
9.07860927152318
6.438609271523178
5.962450331125828
4.292781456953643
8.306887417218542
7.674503311258279
7.160596026490066
4.461125827814571
5.553708609271524
2.657880794701987
4.050132450331126
11.571788079470199
9.42298013245033
6.3592715231788075
8.605364238410598
5.895761589403974
2.518609271523179
10.339337748344372
7.979933774834438
4.2778145695364245
2.4488741721854304
2.387218543046358
3.2441721854304633
3.6272847682119207
7.742913907284771
8.7223178807947
11.188741721854305
11.235562913907284
11.701523178807948
9.233377483443709
6.645430463576159
6.984105960264902
3.112847682119205
-0.5462913907284769
-0.7180132450331125
-1.9935099337748343
1.3078145695364238
4.126092715231788
4.911788079470198
5.0688741721854305
2.0493377483443704
2.06728476821192
4.7137086092715235
5.650662251655629
4.335827814569536
3.550927152317881
0.7105960264900661
-0.36344370860927155
-0.10748344370860928
1.5813907284768214
0.5186092715231788
-0.03132450331125828
-1.796887417218543
4.5272185430463585
4.903841059602649
2.6945033112582784
6.022185430463576
5.240662251655628
5.50615894039735
7.316092715231788
3.65271523178808
2.102119205298013
2.760794701986755
0.1886092715231788
-0.4076158940397351
-0.7958940397350994
-1.1136423841059602
-1.1027152317880795
0.6527814569536423
-0.9676158940397348
-0.15602649006622518
-0.7719867549668875
-4.872715231788079
-8.180794701986756
-2.547748344370861
0.520728476821192
1.3731788079470197
-3.233046357615894
-6.599205298013245
-6.908675496688742
-8.184503311258279
-5.311986754966887
-2.9211258278145698
-3.62364238410596
-0.9349668874172186
-0.6903311258278146
-2.78476821192053
-4.727086092715232
-3.8409271523178807
-4.948741721854304
-6.4555629139072845
-4.352251655629139
-3.8000000000000003
-0.930728476821192
0.3953642384105961
1.2935099337748344
-0.10867549668874173
-0.28741721854304636
0.2611920529801324
0.15761589403973508
-0.18185430463576163
1.0650331125827814
2.9519867549668874
-0.30278145695364245
