3.95
2.25
2.9
2.2
1.7
2
4.35
4.85
4.05
5.35
6.55
5.7
4.35
2.55
2.55
3.05
2.7
4.8
4.4
3
1.95
2.25
3.5
5.15
3.5
5.4
3.75
4
3.9
3.55
4.6
6.7
7.6
3.95
3.3
3.25
3.15
5.25
4.5
1.9
7.4
9.45
3.75
2.75
5.6
4.45
6.7
6.15
1.3
3.05
4.35
2.95
2.05
2.5
3.35
3
1.65
3.45
4.3
4.7
7.25
6.5
5.9
2
3.8
5.9
4.95
9.1
5.1
4.55
6
4
2.6
3.35
3.6
4.9
3.9
4
2.05
5.65
6.3
4.9
1.8
6.35
6.05
7.3
7.35
3.25
3.85
3.35
2.55
5.6
4.95
2.4
2.3
2.05
3.55
3.25
5.05
4.95
4.75
2.65
1.5
3.25
3
3.45
3.8
4.2
2.2
3.1
3.45
4.8
7.45
6.25
3.75
2.3
3.9
2.2
3.8
5.9
4.95
7.55
5.9
4.05
2.3
3.15
1.7
2.95
2
3.85
3.3
4.05
2.8
2.05
1.45
3.75
5.8
3.35
2.05
5.95
5.4
4.8
4.95
3.4
5.7
5.7
3.45
4.45
4
3.3
1.75
2.4
4.1
4.1
2.7
1.9
2.4
2.4
3.95
3.1
1.85
3.6
2.45
4.55
4.65
4.7
3.7
7.2
5.4
3.05
2.6
2.3
2.45
2.65
5.35
3.7
2.25
2.3
2.75
3.35
3.5
3.35
3.4
3.2
4.2
3
3.25
3.65
5.1
5.1
3.25
1.6
3.95
1.8
3.5
3.2
3
3.15
4.05
4
3.45
5.05
4.55
2.9
3.15
3.15
2.9
2.35
1.85
3.45
4.4
4.6
5.3
6.5
3.4
2.15
1.7
2.1
1.9
3.8
4.95
5.3
2.15
1.85
1.9
5.1
3.4
3.3
2.7
3.1
2.15
3.1
3.6
2.9
3.15
4.4
3.35
1.9
3.5
3.05
1.7
3.15
3
1.2
3.35
4.45
3.75
2.35
4.9
1.7
1.7
2.3
2.35
2.5
2.4
3.3
2.7
5.05
2.45
4.3
5.55
4.9
3.75
3.3
5.15
4.85
3.7
2.15
3.35
1.9
3.05
3.1
4.1
3.05
4.8
4.4
3.75
2.55
5.05
4.45
3.15
2.75
4.4
2.15
4.75
3.9
4.4
4
2.25
3.2
4.7
3.5
2.15
2.65
5.5
8.05
7.35
7.5
8.65
6.55
3.2
2.55
2.35
4.05
3
3.15
2.5
7.2
6.6
6.5
4.7
6.5
4.85
3.05
3.05
6.55
2.1
4.9
3.6
2.9
1.4
3.3
2.15
4.35
3.5
0.75
1.15
2.05
2.75
5.85
3.15
4
3.4
5.2
6.65
5.45
5.2
4.15
7.75
4.4
4.65
5.3
6.7
9.25
9.4
3.65
3.45
6.7
10.15
7.15
7.15
7.85
3.4
2.95
2.55
7.5
5.2
4
3.3
1.9
4.95
7.05
6.85
5.05
4
4.2
3.9
2.15
4.75
2.85
3.5
1.75
1.25
2.55
3.2
3.95
5.95
4.5
2.1
3.15
6.65
5.25
2.9
1.6
2.05
5.7
7.55
5.85
2.3
3.5
3.7
3.85
1.8
3
7.8
10
6.5
7.65
7.5
5.55
7.55
5.6
4.65
4.2
4.1
4.35
3.5
2.1
0.95
0.85
3.45
2.65
3.45
2.15
6.8
6.75
4.45
4.55
4.65
4.2
1.35
2.85
3.1
3.45
2.95
3.75
4.55
4.85
3.4
2.75
6.05
7.05
2.8
5.35
2.3
1.3
3.5
5.65
5.15
4.85
1.75
1.7
4.15
4.65
5.8
5.15
3.65
4.55
2.15
2.05
3.8
6.4
7.55
8.7
6
3.25
5.15
8.05
6.85
4.7
4.7
3.85
2.75
5.9
4.6
3.3
1.7
4.05
5
2.55
2.5
2.9
2.5
4.7
8.2
4.65
3.2
3.8
7.8
8.3
3.25
2.1
2.85
2.85
2.4
4.7
5.5
6
6.05
5.2
4.75
4.55
3.65
2.65
5.4
4.3
5.2
5.95
7.25
7.3
5.95
4.1
3.7
4.05
3.3
2.5
3.45
4.65
3.9
3.8
2.35
1.6
2.75
2.15
1.7
3.45
2.2
3.05
4.75
4.05
4
2.5
2.5
1.9
1.65
2.55
1.95
3.7
1.95
2.75
4.2
4
3.8
3.35
3.35
4.55
5.8
4.3
3.1
4.6
4.95
4.5
2.3
2.7
4.5
4.25
5.05
5.8
3.95
5.05
2.35
2.85
1.85
5
5.6
4.55
4.95
3.35
3.1
4.2
4.35
2.8
3.05
3.1
5.95
6.35
6.55
7.05
3.85
2.6
1.95
2.7
3.55
1.9
3
3.95
3.4
1.65
2.25
3.35
3.2
2.85
5.3
3.75
2
3.1
2.35
1.15
1.7
4.75
3.15
2.9
5.5
2.6
1.6
1.75
2.2
5.1
7.2
5.25
3.9
3.45
2.05
3.15
1.3
1.65
3.9
6.35
5.65
4.85
2.35
5
3.25
3.9
3.75
2.6
4.95
3.65
5.45
6.55
5.75
5.45
6.85
3.4
2.7
4.2
2.5
2.55
2.15
1.55
2.05
2.35
0.85
1.75
2.4
2.05
1
1.85
3.9
2.85
3.7
2.35
3.2
2.8
5.5
9.3
7.05
3.7
3.4
6.7
4.95
6.1
1.6
2.45
4.25
3.9
2.8
3.55
2.8
3.5
3.8
5.6
6.65
3.7
3.05
5.2
5.65
6.7
4.45
2.85
6.5
5.3
4.45
4.45
4.85
4.25
0.8
1.8
3.15
1.7
3.6
2.4
2.15
4.65
7.5
8.4
7.3
8.4
5.15
4.85
5.75
6.45
6.05
4.35
4.95
3.15
2.8
3.55
2.35
5.1
3
4.55
3.55
3.25
4.2
4.8
2.05
2.4
4.9
6.9
7.1
3.65
8.35
8.6
8.55
4.5
4.25
4.7
2.85
4.6
4.4
3.7
6.15
6.75
6.4
4.75
3.35
2.05
3.5
4.75
7.9
7.8
6.45
8.8
6.15
5.8
3.95
3.15
2
4.35
3.45
4.45
5.6
3.55
8.6
5.85
6.45
6.4
3.5
5.5
5.05
2.45
1.4
1.1
1.3
4.1
3.25
2.25
1.45
0.85
1.55
2.45
3.75
3.5
10.2
5.25
4.55
4.6
5.15
5.15
3.75
7.55
3.85
2.2
2.5
1.05
2.1
2.75
3.35
4.3
4.4
2.2
1.95
1.9
1.85
1.4
3.65
5.05
5.95
7.05
3.85
3.55
3.35
3.3
4.25
4.3
7.05
7.95
7.35
5.2
7.6
5.45
5.4
7.3
4.25
2.45
3.6
3.3
6.75
5
5.55
7.1
5.75
7.25
5.2
6.65
2.6
6.25
4.75
2.35
4.6
2.7
2.95
1.35
3.8
2.8
3.3
2.2
2.2
2
2.2
5.35
2.4
3.45
3.5
3.25
4.8
5.15
3.1
3.6
3.1
4.25
4.15
2.5
3.5
4.25
5.35
3
3.8
4.55
5.8
5.05
3.1
2.55
4.85
3.8
3.3
4.45
3.2
3.2
5.75
5.75
2.45
1.85
1.7
1.7
3
3.2
2.55
2.4
3.25
5.1
3.61075
2.55
4.45
4.45
1.95
4.2
4.1
3.45
1.9
3.25
1.8
2.4
3.4
3.75
3.7
3.4
2.65
4.25
5.2
3.5
3.3
4.65
2.55
4.1
4
4.85
3.05
4.6
3.2
2.1
4.1
3.45
3.6
2.85
1.6
2.9
2.8
3.55
8.25
6.15
4.8
3.55
4.5
3.35
2.5
2.35
1.55
2.85
2.6
1.8
1.7
3.3
2.65
3.25
3.4
4.1
4
3.55
5.75
3.35
4.15
4.1
5.25
4.85
4.5
4.2
5.25
3.95
2.95
3.35
2.6
4.01075
2.4145
1.39675
2.093
3.1145
1.936
2.336
2.47525
1.84675
3.19675
2.09675
2.7145
2.41825
1.6575
1.329
4.08225
3.63925
2.26075
3.23225
6.228
3.85325
4.33925
4.31075
4.38925
2.70375
3.4715
4.657
3.83225
2.4575
1.6575
2.06825
2.4715
2.96775
3.36775
4.06775
3.10375
1.172
3.81825
2.9575
1.9075
2.22525
1.979
2.98975
3.70325
2.46075
2.9285
2.73225
1.6575
4.63225
3.9
7.0355
5.82475
4.4215
2.88225
2.51825
3.46075
5.64675
2.10375
4.41825
5.58225
1.93975
5.436
2.81825
7.11025
8.1775
4.66775
6.01075
7.049
5.32475
6.08925
7.85275
6.4565
4.23925
5.64575
3.857
3.7785
1.88975
3.1215
4.37525
4.56775
7.26725
1.993
2.3575
2.079
2.12525
4.8645
3.85
2.76825
4.47475
7.47425
4.68925
6.7135
4.1215
6.135
2.23975
3.85
4.7785
4.8355
3.98225
2.52525
2.143
1.55375
3.857
2.76075
4.09625
4.26775
2.00375
2.66125
5.5145
5.5855
5.4855
7.228
6.63875
6.328
6.4995
6.45975
4.192
4.06025
6.0565
3.6355
2.6215
4.16075
4.157
2.9575
2.93225
5.5855
4.23175
5.32475
5.4855
5.35375
5.2995
2.886
3.02525
3.3145
3.4215
7.528
4.7355
3.9925
2.7785
4.11725
4.007
1.4575
2.83225
2.48975
1.3505
3.26075
3.12525
1.76825
2.422
3.0505
6.2215
5.843
7.814
3.329
4.7285
5.4785
7.38875
7.68125
6.799
2.86075
6.214
6.2065
5.66075
4.2285
4.04675
2.68975
3.83975
2.18975
1.71125
0.56125
2.49675
1.79675
1.24675
2.33925
3.00375
1.9505
1.67525
3.0855
7.04575
3.55375
5.16025
5.2925
6.13875
5.89625
2.26825
6.157
5.65
2.2505
2.26125
3.9645
3.55375
4.14675
3.4645
3.972
3.43975
2.98275
3.7935
1.16125
3.06775
2.77475
4.485
4.43125
5.65225
7.77425
5.77475
5.07475
3.58925
1.522
2.87525
1.6575
2.87525
4.3
7.5635
4.43875
9.97375
5.85975
4.0215
3.28925
6.65275
4.293
3.48225
8.73125
5.342
4.428
2.94625
3.157
6.70325
8.0565
4.58225
1.89675
1.843
4.357
0.8575
2.15375
4.48925
3.86075
1.779
1.58975
3.6145
3.343
3.55
4.63875
7.6345
5
2.95
4
2.8
6.25
5.9
7.5
8.75
5.25
5
5.6
3.3
2.25
2.95
4.9
4.6
5.1
4.7
3
2.85
2.45
4.15
3
4.75
4
6.45
5.55
4.3
5.55
4.2
6.95
4.6
7.6
7.05
4.65
2.75
5.6
3.5
2.9
2.55
3.5
1.6
2.45
2.75
2.7
3.9
3.25
1.7
3
1.9
2.15
4.55
5.5
4.8
2.85
5.6
4.05
3.4
3.15
5.25
4.8
2.15
3.6
2
2.1
1.8
2.55
3.1
1.7
3.3
2.35
3.8
5.4
5.4
4.6
3.5
4.6
1.8
4.45
5.35
3.6
1.65
4
5.3
5.45
3.25
3.45
4
5.3
5
4.55
3.05
3.9
6.25
4.95
4.55
3
3.5
1.45
2.7
2.9
3.2
3.2
3.15
3.3
3.15
2.2
3
3.65
3.4
2.75
1.7
2.85
1.75
2.85
3.1
3.2
2.9
2.95
3.3
4.65
4
1.9
4.35
3.45
2.3
2.65
1.45
1.2
1.6
2.65
3.2
1.5
5.15
3.65
3.65
3.65
3.25
2.95
5.55
4.05
4
4.45
3.45
2.85
2.1
4.95
5.3
4.75
2
1.7
3.9
2.25
2.45
3.05
2.45
2.9
3.15
4.55
2.35
2.15
1.55
4.3
2.1
1.2
1.5
0.9
1.4
0.75
1.5
1.45
2.3
4.15
6.35
2.8
2.05
4.5
6.15
5.65
3.9
2.35
3.75
3.3
1.9
3.4
3.6
2.7
5.05
3.1
7.05
6.35
5.15
3.35
4.55
5.25
5.85
8.55
5.8
3.85
4.45
3.3
2.45
4.9
3.35
3.7
3.05
4.3
2.75
3.4
1.95
4.15
4.45
3.8
3.55
3.4
2.6
0.7
0.9
4.1
8.4
8.75
5.9
6.15
4.95
3.8
6.1
5.55
4.8
2.5
4.2
3.65
7.05
6.95
6.7
5.25
6.7
6.35
7.05
6.1
4.95
2.05
2.3
3.45
3.95
6.9
5.5
4.15
3
4
3.95
3.5
6.55
7.2
10.2
6.1
3.4
1.35
2.55
10
8.45
4.15
2.85
5.6
8.8
9.45
4.7
1.8
3.65
2.2
2.75
6.05
5.55
3.4
1.3
2.25
3.8
3.65
5.4
9.4
5.25
7
6.05
5.3
7.5
5.8
3.85
5
5.2
7.65
6.1
5.65
7.95
7.15
6.35
4.35
5.95
3.25
0.85
2.1
6.05
4.6
8.15
9
8.7
7.6
7.25
12.9
7.85
5.65
2.85
6.05
3.25
3.1
2
3.15
3.55
4.25
4.85
3.95
4.75
5
5.35
4.6
2.7
3.1
2.7
3.45
3.65
6.05
4.7
5.25
6
4.9
5.3
2.5
2.45
2.35
2.45
4.65
6.2
5.35
4.05
4.7
3.7
6.05
4.9
5.1
5.6
4
4.4
4.1
4.55
5.3
3.75
8
8.8
7.9
8.6
6.85
6.7
4.6
3.85
3.8
8.05
5.3
3.9
5.2
2.65
2.25
5.55
8.5
5.25
6.55
3.1
4.75
5.9
5.35
4.3
3.95
5.35
4.1
7.4
5.15
3.8
5.85
6.2
4.4
3.35
2.3
3.45
3.6
6.65
4.95
4.6
3.5
5.2
7.25
6.55
4.1
2.65
4.3
5.75
3.65
3.9
4.05
7.3
7.3
4.5
4.2
4.15
5.1
3.55
4.8
3.65
5.2
5.15
2.7
5.2
3.45
2.85
2.9
2.8
3.35
5.65
2.85
2
3.9
3.85
1.6
1.85
3.35
4.15
6.1
3.9
2.65
2.2
1.35
1.5
3.05
2.8
4.25
3.55
3.25
3.55
5.15
4
3.85
3.55
1.65
1.55
1.7
2.65
3.35
3.5
4.25
4.75
3.15
1.5
0.95
2.4
3.4
2.35
1.7
1.9
2.55
3.1
2.95
3.5
4.7
3.6
1.45
2.8
2.7
3.15
1.7
4.3
3.2
1.6
1.4
2.55
2.2
4
1.85
3.5
3.8
2.55
3.05
5.95
2.65
3.75
4.05
5.8
3.1
2.65
3.45
3
3.25
2.45
2.8
4.1
2.3
2.85
3.05
1.65
1.75
3.75
2.55
2.2
1.15
1.7
3.6
4.7
3.35
1.9
2.6
3.25
2.45
3.4
4.25
3.85
7.7
5.85
6.75
3.85
4.05
3.45
5.9
6.45
6.95
6.25
5.4
5.4
6.1
6.75
5.2
5.05
4.85
3.3
6.05
4.95
2.1
4
3.95
1.55
1.05
2.15
4.55
3.05
4.6
3.75
4.3
4.5
5.35
4.25
4.05
5.55
6.3
6.45
5.45
5.1
5.5
4.95
7.5
8.6
6.2
6.25
6.1
2.85
3.65
2.15
1.65
2.95
2.7
3.55
3.25
2.95
4.15
1.95
3.75
4.05
2.8
4.45
2.4
1.95
1.65
4.65
1.55
3.2
4.9
3.05
5.55
5.85
4.15
2.75
1.75
1
1.25
1.15
2.85
2.7
1
1.45
2.95
5.75
9.4
12
6.9
5.25
4.75
1.55
2.4
3.85
0.95
2.05
3.45
2.35
3.3
6.9
4.95
2.15
4
3.85
3.85
3.15
4.15
4.25
4.75
5.7
6.15
5.05
5.85
7.45
5.95
8.8
8
6.3
6.55
3.5
4.85
5.7
7.9
7.9
11.15
6.8
3.65
4.3
5.8
6.95
4.15
2.45
6.85
6.3
10.15
9.7
8.05
8.85
10.25
6.4
3.4
2.8
4.05
6.95
8
8.4
3.95
5
4.2
4.05
5.25
3.85
4.7
4.3
5.65
7.75
5.5
7
9
8.5
6.9
6.25
2.55
3.3
4.5
5.25
3.95
3.95
3
2
3.1
7.15
4.15
5.7
3.8
2.5
5.2
5.25
3.6
3.5
2.25
2.5
2.35
5.65
4.25
2.65
2.7
2.2
5.2
5.6
4.3
2.7
1.3
2
3.9
4.1
4.3
4.15
5.1
5.25
5.35
3.45
1.65
2.1
1.75
6.5
2.8
6.15
7.05
7.6
6.2
3.5
2.95
4.95
5.35
2.2
0.9
1.9
2.7
3.25
2.25
1.8
3.8
2.5
2.9
2.05
5.1
5.4
4.3
3.4
2.2
2.65
1.95
1.5
2.35
3.4
4.95
4.1
4.9
5.5
5.15
5.15
4.2
4.1
4.95
2.8
2.3
3.55
2.4
5.95
4.85
2.75
4.45
5.7
5.5
4.9
4.2
3.3
2.85
4.3
3.8
3.45
4.4
5.65
5.4
2.45
3.65
1.6
2.25
1.9
3.7
3.65
6.6
3.5
4.05
3.15
7.2
3.15
2.3
4.45
3.95
3.95
3.8
2.7
3.5
1.95
4.15
5.3
4.4
3.5
1.75
1.85
1.8
2.6
2.9
5.05
7.05
4.85
6.5
5.45
4.1
2.7
3.5
4.45
2.35
3.5
4.75
3.55
3.6
3
1.8
5.25
3.25
3.2
5.05
4.1
5.2
4.98175
3.55
4.25
4.6
3.05
3.35
2.7
2.45
2.2
2.45
1.95
1.9
4.25
4.05
3.65
2.8
4.15
3.75
3.15
2.75
4.1
2.7
3.65
2.55
1.8
3.7
4.5
5.4
3.2
2.65
2.4
1.55
2.5
1.6
1.4
1.75
1.05
1.05
1.7
3.9
2
2.25
1.8
2.05
1.05
1.2
2.5
3.25
3.7
4.15
2.3
6.1
6.4
4.45
2.55
5.55
6.25
7.35
6.7
6
4.9
2.25
2.65
1.75
4.1
2.25
2.55
3.1
3.05
4.65
4.65
2.9
3.2
3.7
5.5
2.65
2.25
2.1
3.75
4.8
4.75
3.4
4.05
4
4.55
3.8
5.8
5.55
3.55
2.4
2.35
2.1
3.3
3.8
1.7
4.7
7.55
7.4
9.5
5
7.1
7.5
3.55
6.8
5.35
1.9
3.65
3.3
2.4
2.7
2.5
2.25
3.1
2.3
3.9
4.05
1.55
4.1
5.05
1.85
5.45
6.45
4.9
3.9
3.6
5.25
2.95
2.9
2
2.65
5.95
8.7
11.35
10.65
6.75
3.6
3.65
6.2
3.25
2.55
4.35
2.7
1.55
2.5
2.7
4.45
2
3.45
3.85
3.8
2.3
3.55
4.35
2.1
2.65
1.55
3.7
3.9
4.75
5.85
6.25
2.4
5.1
7.6
2.4
3.55
1.75
2.55
1.55
2.3
3.1
5.95
4.6
2.8
2.65
2.3
2.4
3.9
2.1
4.7
1.9
1.65
3.6
4.05
5.5
4.3
2.95
2.25
0.8
1.2
1.3
4.3
6.95
3.4
5.4
8.25
7.3
3.3
4.9
4.35
5.25
7.45
6.95
7.15
5.05
2.1
1.65
2.65
3.5
7.85
4.75
6
5.9
7.55
6.05
2.65
3.35
2.2
3.45
3.05
3.2
2.1
2.85
1.9
2
3.1
1.55
2.05
0.9
1.3
3.3
3
4.3
5.15
2.5
1.55
1.5
1.85
2.85
1.95
1.85
4.5
1.35
3.25
2.85
2.95
3.2
6.35
3.45
2.75
2.8
2
3.9
4.3
5.05
8.2
6.7
4.35
6.65
7.7
6.85
5.05
6.4
3.15
4.8
3
4.3
6.15
7.3
4.05
2.6
5.55
7.75
6.1
6.7
4.85
3.85
2.25
3
4.15
4
3.9
4.45
6.1
4.5
3.85
2.5
6.15
4.8
4.7
4.8
5.65
5.8
3.85
2.6
2.7
4.75
6.1
4
2.95
1.95
3.65
4.65
4.2
4.45
2.5
3.55
4.35
3.85
2.85
3.2
2
2.95
3.45
2.3
2.15
3.1
3.6
3.7
5.9
4.7
3.3
3.15
4
3.05
3.8
3.6
3.4
4.4
3.2
5.5
5.05
4.05
6.1
6.45
2.85
4.9
2.35
3.75
2.4
3.85
5.25
3.25
3.65
2.95
3.3
3.55
3.75
3.85
3.1
3.05
2.5
2.4
3.25
2.25
5.75
3.95
3
3.95
2.7
2.5
2.45
1.1
1.55
1.5
4.85
2.8
2.85
2.1
3.1
4.55
4
3.55
5.25
4.2
1.15
1.35
3.05
3.7
3.6
5.55
6.2
4.5
2.5
3.85
5.2
4.2
7.9
2.2
2.9
3.55
2.1
4.65
4.1
3.3
2.8
3.65
2.7
1.9
1.9
2.15
3.2
4.05
3.9
3.1
3.35
4.95
4.4
2.8
2.15
1.05
1.9
2.3
4.1
4.35
4
5.55
4.6
5.5
5.45
4.6
3.3
4.35
1.85
2.25
1.6
2.75
2.35
4.05
3.95
6.65
2.1
4.95
2.5
4.1
4.7
1.75
2.2
2.35
2.05
1.15
2.85
2.4
2.45
3
3.7
5.2
4.05
1.6
1.8
3.8
5.05
5.3
4.4
4.1
4.8
4.55
4.05
4.75
2.65
1.5
1.45
3.15
4
5
5.4
8
6.55
6.6
3.45
1.5
2.9
4.2
2.6
3.95
4.3
5.35
2.15
4.7
9.25
6.25
7
4.85
8.85
8.5
5.45
2.25
1.35
0.9
1.2
2.7
4.25
6.85
5.55
3.8
2.55
0.9
1.5
1.45
1.35
1.15
3.4
4.5
3.6
1.7
3.45
5.1
5.7
5.65
6.2
8.95
8.5
3.6
4.3
3.3
3.6
1.3
3.65
3.4
5.3
5.7
5.9
5.55
6.35
6.35
6.3
5.55
4.3
5.8
6.85
7.55
6.45
2.15
1.8
1.25
1.8
3.4
5.3
4.65
3.1
4.15
3.55
1.15
2.85
1.5
3.1
4.85
5.9
7.25
8.1
6.65
3.8
4.05
6.45
8.85
7.45
8.1
7.95
7.9
5.3
4.55
2.5
3.15
4.8
5.2
5.95
6.1
6.35
4.6
4.8
5.05
3.3
3.9
4.4
2.85
4.4
5
5.3
4.75
5.55
5.65
5.15
4.15
4.95
3.15
3.45
2.5
1.3
1.3
2.9
2.5
2.5
5.05
6.2
8.3
6.25
3.5
2.45
4.45
4.9
2.75
2.4
3.15
2.05
1.35
1.35
2.7
1.65
0.95
2.95
3.5
2.7
2.85
2.75
2.75
3.7
3.25
6.3
7.65
8.1
5.65
6.9
7.05
5.9
6.95
7.75
6.6
2.35
3.15
1.95
2.85
3.75
4.75
3.85
5.75
6.5
4.75
2.8
1.75
4.1
4.4
3.15
2.95
2.4
2.35
4.1
5.2
3.65
2.8
2.15
1.95
3.15
2.6
3.2
3.5
5.4
3.75
5.7
3.75
3.3
3.5
3.2
2.95
3.95
3.2
4.75
5.3
3.55
4.2
4
4.85
2.4
3.75
3.55
1.75
4.65
4.5
3.7
2.9
3.8
2.95
3.7
3.2
2.55
2.85
5.3
2.7
2.1
1.95
3.8
4.7
2.9
7.15
6.45
3.3
2.5
4.55
3
4.6
5.55
5.75
5.9
4.65
3
2.6
3.55
4
3.25
2
4.4
3.45
2.3
3.2
2.15
3.15
4.55
3.5
1.8
1.35
2.9
2.55
3.3
4.05
3.3
2.5
2.95
3.6
3.5
2.95
3
3.2
2.1
1.7
2
5.5
3.25
1.85
2.65
3
4.4
5.1
5.05
3.85
1.45
1.7
4.65
2.25
4.85
2.15
4.05
4.7
3.3
3.85
3.2
4
2.7
1.35
1.2
1.35
2
1.65
2.4
3.6
3.25
2.4
2.4
2.4
3.95
1.85
3.8
4.35
2.8
1.95
7.6
7.95
3.5
4
5.35
3.05
3.75
6.1
6.35
4
2.4
3.25
3.65
3.6
3.15
1.85
2.05
2.55
3.65
6.35
5.9
3.75
4.05
4.2
2.35
1.7
3.15
3.75
2.45
3.55
4.45
2.75
1.3
1.25
2.4
3.15
4.85
3
2.45
1.85
1.7
2.8
3.05
3.35
1.95
3.45
2.05
5.25
3
2.45
1.5
2.95
3.4
5.25
6.45
9.1
7.9
9.25
6.35
4.95
7.3
5.05
3.45
5.9
3.65
2.6
6.05
5.75
5.05
1.65
2.4
5
5.7
4.05
6
4.65
6.5
6.15
4.05
4.5
4.6
5
4.6
4.3
7.3
8.7
6.35
6.05
5.95
5.8
7.5
6.3
5.6
3.5
1.95
2.05
2.4
5.3
3.95
5.4
5.75
5.65
5.45
3.35
4.8
3.55
2.4
1.85
2.5
5.1
3.1
5.1
7.35
5.9
8
9.6
5.55
5.4
3.7
3.35
3
4.35
4.5
4.7
6.8
8.15
7.9
8.05
4.55
6.35
3.75
3.95
7.25
4.85
3.35
3.55
4.05
3.7
4.6
3.6
2.35
7.1
7.5
5.4
3.35
3.9
3.3
2.5
2.1
2.45
4.5
3.15
4.7
5.7
2.7
4.4
5.3
3.55
2.55
2.35
5.1
2.7
1.85
2.45
7.55
6.05
5.15
3.2
5.5
3.45
1.75
2.65
3
3.5
2.9
2.5
3.35
4.4
7.15
4.7
2.55
4.1
4.8
5.6
2.85
5.05
4.35
2.5
3.65
5.15
1.35
1.85
2.4
3.75
6.2
5.95
5.1
5.35
4.5
5.15
4.3
4.2
5.45
5.45
7.45
4.95
3.75
5.8
5.9
6.15
5.4
4.6
4.5
9.5
8.45
4.7
3
2.45
2.8
3.7
7.2
6.05
4.25
3.35
4.15
3.45
1.6
3.6
4.75
3.4
1.9
1.7
2.25
2.35
2.25
2.25
2.55
5.1
5.15
2.75
2.25
2.3
2.45
3.7
3.5
4.85
3.85
2.75
2.1
3.55
4.15
5.7
8.25
7.65
4.2
4.3
3.15
5.95
4.8
8.8
4.05
6.4
6.6
4.4
2.65
2.7
3.85
5.85
3.6
2.7
2
2.75
2.2
1.7
3.55
3.45
3.8
2.65
2.35
3.3
3.05
3.7
3.5
2.9
5.8
6.1
7.3
3.6
3.25
4.35
1.85
3
3
3.7
4.05
4
3.55
3.8
2.5
2.6
2.65
3.75
3.35
2.85
2.85
3.55
2
2.4
2.4
3.2
3.15
3.8
4.05
4
4.85
2.55
2.65
3.35
2.6
3.5
3.8
2.95
3.75
3.75
3.35
5.25
3.15
3.35
4.7
4.35
2.4
2.6
2.5
3.3
3.75
6.5
4.25
3.2
3.35
4.1
5.55
4
3.35
3.55
3.95
2.7
3.25
3.9
3.2
3.45
1.25
1.65
3.05
2.95
4.15
2.2
1.65
2.85
2.95
1.7
3.15
3.65
3.3
3.6
5.2
7.05
4.45
3.75
3.2
2.1
2.9
3.5
2.45
1.2
1.55
2.9
3.95
5.35
3.05
2.35
4.65
3.85
5.75
5.4
5.35
2.55
2
3.15
3.05
2.2
4.25
3.7
3.65
4.7
4.9
3.75
2.35
4.15
2.9
2.5
4.95
6.7
6.65
5.95
3.65
5.6
6
6.6
9.75
6.9
6.6
3.85
4.25
5.45
5.5
8.9
5.7
2.15
3
5.4
4.75
3.8
1.55
3.85
3.4
2.6
6.7
6.6
3.45
1.95
1.3
1.75
2.65
3.9
3.55
3.2
1.8
2.15
1.75
2.65
1.95
2.25
4.95
9.25
7.25
5.75
4.8
6.95
5.85
3.6
6.15
5.85
3.85
2.85
2.95
6
4.95
1.55
2
2.5
0.85
3.5
5.2
5.25
5.95
4.15
2.05
2.15
4.85
3.05
3.55
3.05
3.65
1.73975
4.78925
2.186
3.33225
4.44675
4.75
6.6
5.05
5
3
3.55
3.2
3.1
3.25
4.2
5.7
5.45
5.8
5
4.1
6.2
10.9
9.7
9.55
7.35
7.55
6.55
3.4
4.9
3.3
4.15
3.4
4.8
2.65
4.1
3.5
3
3.2
2.65
2.9
3.75
6.7
5.5
5.95
7.6
7.55
3.4
5.4
6.5
4.85
4.1
8.9
9.75
7.8
7.55
6.3
6.9
3.2
7.65
8
9.55
7.15
4.55
2.95
5.95
5.2
4.6
5.8
4.9
7.1
4.1
2.35
3.8
5.2
5.7
7.15
6.3
7.7
6
6.2
5.4
3.85
5.65
5.2
3.5
6.05
6.6
6.05
2.85
3.8
5.2
6.3
4.55
2.2
6.75
7.35
5.5
3.5
5.05
5.15
3.4
3.85
4.5
5.9
6.9
4.7
5.7
4
5.2
4.3
4.2
4.35
1.75
2.45
4.9
5.05
5.85
4.1
3.55
3.95
3.25
2.55
2.85
6
3.2
5.3
4.95
2.85
2
3.4
4.15
3.4
3.7
5.9
3.65
3.35
3.7
3.95
2.65
2.1
1.6
3.45
4.2
4.75
4.6
2.05
3.1
5.6
8.25
3.5
3.8
6
7.5
6.65
5.65
5.5
3.2
1.95
2.5
3.1
4.25
3.25
2.45
5.25
2.75
2.75
4.9
4.55
3.05
3.9
4.95
5.05
3.35
3.3
3.6
3
2.75
5.3
1.95
2.55
1.65
0.95
3
5
3.05
2.4
2.6
3.15
3.55
3.05
3.9
3.4
2.45
3.6
3.3
3.25
2.05
2.2
1.75
1.55
2.6
3.55
5.35
5
6.35
5.6
6.1
3.6
3.25
3.4
3.25
2.25
3.5
2
3
5.2
3.8
4.95
4.4
3.55
2.7
2.05
2.7
4.45
4.2
4
3.25
3.45
2.4
2.9
3.9
3.15
2.55
1.05
2.5
3.3
1.45
3.25
1.95
1.8
2.3
2
2
2.95
3.95
3.8
3.1
3.3
2.85
2.05
2.15
4.5
5.4
5.1
3.3
2.8
4.04625
4.55
5.55
2.4
5.35
3.65
3.05
4
5.05
5.1
5.3
3.1
4
3.35
3.1
4.35
2.5
1.35
3.05
4
4.65
2.6
3.75
3.05
3.65
4.6
3.45
1.35
2
3.55
7
7.75
6.4
5.7
4.65
6.65
4.65
2.85
4.3355
4.8
4.35
3.45
5.8
8.05
7.65
8.75
9.2
5.45
4.95
1.6
2.75
3.45
2.25
3.65
2.35
1.65
3.2
3.45
1.45
0.95
2.35
2.55
1.9
5.2
4.65
4.1
4.25
2.8
3
3.7
3.85
2.95
7.75
4.2
1.85
2.4
6.2
4.3
2.3
2.7
3.2
5.05
5.5
5.75
2.65
4.35
5.25
3.9
3.5
6.25
3.55
2.2
3.65
4.2
2.35
2.75
4.85
6.45
3.65
4.20325
4.08125
2.40375
6.9425
5.65275
4.871
6.014
3.73925
3.68225
4.70375
4.95325
6.1425
4.4715
6.5285
3.36825
1.76825
2.88925
4.90325
7.1135
4.73925
4.59625
5.421
6.485
7.35275
3.086
3.043
4.59625
2.5075
2.036
2.43225
3.2215
2.4
3.75
4.6
5.35
4.5
4.35
4.5
4.1
3.85
5.55
3.15
6.25
4.25
5.95
5.75
3.45
4.1
2.25375
1.6
3.75
5.2855
2.65
2.35
2.05375
3.25
1.9
2
2.45
2.53225
3.2
2.5
3.5
3
3.2
4
4.8
5.7
3.2
1.9
3.4
2.4
2.55
4.65
4.75
7.15
7.1
4.7
3.4
6.35
7.25
5.75
1.75
4.75
4.4
3.3
7.05
7.4
7.05
6
8.3
6.6
3.15
3.1
3.1
4.4
2.6
4.35
3.05
4.05
2.9
3.75
5.7
5.05
7.1
5.25
5.75
2.65
4.05
3.65
5.55
7.05
5.8
9.8
5.8
2
5.6
4.15
2.15
3.25
2.15
3.4
4.55
6
7
7.2
6.35
4.95
3
3.4
3.9
6.45
3.05
2.45
3.3
3.5
2.65
4.9
2.05
3.55
3.4
2.9
3.6
3.2
5.2
4.1
3.3
2.55
5.4
3.25
2.6
3.25
2.15
3.15
3.2
2.45
6.85
3.1
2.05
3.65
3
4.5
5.75
3.5
2
2.55
3.15
3.25
3.85
2.85
3.2
4.05
5.9
6.8
5.55
4.05
2.15
3
2.8
1.65
3.3
3.55
1.9
2.4
2.2
2.5
2.8
2.85
4.5
3.1
2.35
2.3
2.95
3.9
4
3.1
2.25
2.1
3.3
3.65
3.65
3.65
2.45
2.6
2.6
2.05
1.6
2.65
3.95
3.6
4
2.55
2.95
2.7
3.8
4.2
3.65
3.4
3.5
2.35
3.8
2.6
3
2.05
2.7
3.7
3.5
3.85
3.1
4.95
3.3
2.55
1.85
3.2
2.2
1.4
1.55
2
3.1
2.3
1.75
4.9
4.5
3.35
3.45
3.2
2.9
0.7
1.3
2.6
1.3
2.4
3.2
6.35
5.75
2.5
4.5
4.9
4.4
3.6
2.65
4.7
2.95
1.8
3.05
4.45
3.75
4.4
2.05
5
5.5
4.5
1.55
1.25
2.8
2.8
3.25
2.85
1.95
1.65
2.45
4.9
4.2
3.1
3.75
3.65
3.8
4.85
5.35
4.55
3.4
3.1
3.2
2.85
2.9
1.95
1.95
1.9
1.7
2.2
3.45
3.85
3.4
3.75
4
4.25
4.25
1.75
2.75
3.55
4.35
3.2
2.5
3.4
3.8
4.15
5.85
4.7
3.15
3.2
2.3
2
2.55
5.85
7.55
4.85
4.45
3.5
3.5
3.3
3.5
4.85
7.3
7.65
3.9
2.9
3.7
3.25
3.75
5.65
3.75
3.4
4.7
4.75
4.35
3.65
2.75
1.65
2.1
4
4.25
7.8
6.1
2.5
2.05
1.5
3.85
2.05
1.95
2.15
2.95
3.25
3.5
2.8
4.4
3.2
3.35
2.65
2.3
3.7
2
2.5
1.85
2.8
1.85
2.5
4.75
6.428
8.999
6.435
6.357
7.9205
7.68875
6.68825
7.0925
8.513
6.1355
5.8065
4.31075
4.71125
4.43275
2.87525
2.393
2.8355
2.15375
2.936
