1.1908333333333332
1.2075
0.9510416666666667
0.011041666666666667
0.0
0.009166666666666668
0.010833333333333334
0.8491666666666667
4.4281250000000005
9.662708333333333
5.722708333333333
5.233750000000001
2.2020833333333334
1.5895833333333333
0.16333333333333333
0.08583333333333333
0.0
0.0027083333333333334
0.015416666666666667
0.006458333333333334
0.016458333333333335
1.614375
2.770208333333333
0.45812499999999995
0.029583333333333333
0.02020833333333333
2.401875
0.386875
2.7652083333333333
6.250208333333333
3.363958333333333
9.481875
7.586458333333333
0.004583333333333333
1.1554166666666668
0.06041666666666667
0.31416666666666665
6.967083333333332
0.9497916666666667
0.0
1.2208333333333332
6.719999999999999
3.5852083333333327
2.8800000000000003
6.202500000000001
1.465208333333333
1.246875
2.265625
0.09291666666666666
0.0
0.0
0.01958333333333333
0.4027083333333333
3.886041666666667
0.95375
0.0010416666666666667
0.003958333333333334
0.018333333333333333
0.14791666666666667
0.2454166666666667
0.24749999999999997
1.4225
9.243958333333333
0.025625000000000005
1.733125
1.4891666666666665
2.4775000000000005
17.781875000000003
2.7533333333333334
29.65354166666667
4.442083333333334
8.745416666666666
9.467083333333333
0.4339583333333333
3.4306250000000005
0.178125
5.277708333333332
0.03979166666666667
3.6649999999999996
3.0531249999999996
1.9797916666666666
0.2639583333333333
0.155
7.604791666666666
7.06
1.2391666666666667
9.029166666666667
9.874791666666667
10.081458333333332
3.9368750000000006
4.981458333333333
9.203125
2.62875
1.1591666666666667
2.97125
7.531041666666667
5.904166666666666
0.17479166666666668
0.0
0.0
0.0
0.007916666666666667
0.0
0.00375
1.9270833333333333
15.089166666666666
0.8079166666666667
0.0
0.0
3.8677083333333333
4.031041666666667
8.765208333333334
9.814166666666667
1.434583333333333
4.451875
0.07416666666666667
0.031041666666666665
0.028333333333333335
4.159583333333333
8.552291666666667
4.911041666666667
0.7520833333333333
1.0752083333333333
3.7106250000000003
5.342916666666667
1.0877083333333333
0.0
0.0
0.08541666666666668
0.05645833333333333
15.177083333333334
0.11458333333333333
0.0
0.004166666666666667
0.00020833333333333335
0.017083333333333336
1.0408333333333333
5.739791666666666
0.020416666666666666
0.00020833333333333335
0.0
0.11833333333333333
5.560416666666666
4.022916666666667
4.896458333333333
1.2464583333333332
6.777708333333334
0.0
0.0
0.0
0.007291666666666668
9.480416666666668
0.029583333333333333
0.0
0.018541666666666668
4.536666666666666
1.2685416666666667
5.8125
0.019791666666666666
0.0
0.02708333333333333
0.151875
14.612500000000002
0.32875000000000004
4.61125
8.525
1.5985416666666667
0.1260416666666667
0.5054166666666666
0.06020833333333333
0.0
0.6537499999999999
7.686458333333333
2.283958333333333
0.3372916666666666
0.300625
0.6843750000000001
19.012291666666666
0.6891666666666666
0.5410416666666666
0.6887500000000001
0.013125
0.0
0.0022916666666666662
0.0
0.0
0.0
7.06625
8.566458333333333
9.918750000000001
0.02479166666666667
0.0
0.6091666666666667
35.35145833333333
0.11583333333333333
0.1691666666666667
6.378125
2.0666666666666664
0.24875000000000003
2.978125
0.061250000000000006
1.7991666666666664
0.4483333333333334
1.27
1.0077083333333334
0.022500000000000003
0.6995833333333333
0.056875
1.6493750000000003
24.657291666666666
1.4985416666666669
12.826875
2.3874999999999997
10.554791666666667
0.26916666666666667
3.95125
0.02
0.0
0.0
2.6797916666666666
22.686041666666664
4.852916666666666
0.6341666666666668
0.7570833333333334
0.06604166666666668
0.0
0.04750000000000001
0.26875
0.10270833333333333
0.19625
6.362916666666667
1.389375
3.3627083333333334
1.6849999999999998
2.651875
2.987083333333333
4.60875
3.8239583333333336
0.49729166666666663
0.008958333333333334
0.0
0.0
0.0
0.0
8.733541666666666
11.082708333333334
0.10375000000000001
0.0
0.0
0.0010416666666666667
0.14791666666666667
7.854583333333333
0.1366666666666667
0.0
0.007291666666666668
0.0
0.10270833333333333
0.021666666666666667
0.0010416666666666667
0.0
0.08145833333333333
1.6327083333333334
19.032083333333333
0.10854166666666666
0.051875000000000004
0.013541666666666669
0.020833333333333332
0.0
0.0
0.00375
0.02979166666666667
0.0
0.00020833333333333335
0.0
0.0
0.04
0.017291666666666667
2.6522916666666663
0.03875
0.12520833333333334
0.0
0.0
0.0
0.09437499999999999
0.07625
0.3227083333333333
0.9529166666666667
0.06
3.1185416666666668
0.28750000000000003
0.9483333333333333
0.0
0.0
0.0
0.0
0.0
0.0
0.055625
0.0
0.03229166666666667
0.47979166666666667
1.4310416666666665
0.013749999999999998
11.200833333333335
6.018125
1.9679166666666668
0.057499999999999996
13.295000000000002
9.644166666666667
10.911458333333334
13.330625000000003
20.845208333333336
0.6577083333333333
1.2772916666666667
0.320625
9.808124999999999
1.4989583333333336
0.6891666666666666
8.482291666666667
0.3435416666666667
0.0
0.02020833333333333
0.006875
0.0
0.43999999999999995
0.0
0.013125
0.2758333333333333
0.006458333333333333
4.510208333333333
1.88
0.12229166666666667
0.01625
0.41041666666666665
4.08
0.0
0.0
0.004166666666666667
7.897708333333334
9.928958333333332
1.673541666666667
4.2335416666666665
17.888333333333335
34.15291666666666
13.17125
0.21916666666666665
14.441666666666668
4.454791666666666
8.391458333333333
1.555
18.09208333333333
3.5797916666666665
1.054375
0.7122916666666667
0.08812500000000001
0.057916666666666665
0.24937499999999999
1.7212500000000002
0.18375
0.0029166666666666664
0.07312500000000001
2.971458333333333
10.795416666666668
4.570833333333334
2.1622916666666665
3.1510416666666665
0.7933333333333333
0.5225
6.332916666666667
2.326666666666666
6.738124999999999
0.5375
0.015416666666666667
0.058750000000000004
0.00020833333333333335
0.027083333333333334
0.0
0.0
0.0
0.0
0.011875000000000002
0.0
0.0
0.0
0.0
6.305416666666667
3.1533333333333338
5.5275
0.26125
3.5533333333333332
2.772708333333334
0.9420833333333333
0.9175
1.4193749999999998
9.041875
22.371458333333333
4.956458333333333
16.527291666666667
15.419375
7.095416666666666
10.651041666666666
5.4816666666666665
4.067291666666667
0.460625
0.1564583333333333
2.207291666666667
5.731875
0.35000000000000003
0.012499999999999997
0.0
2.1660416666666666
3.0329166666666665
0.005416666666666667
0.0
0.0
0.0
0.0
0.0
0.0
0.0
0.0
0.0
0.00125
0.19979166666666662
2.9631250000000002
0.388125
1.9631249999999998
2.669583333333333
1.5739583333333333
0.06020833333333333
12.365416666666667
0.9016666666666667
0.24791666666666667
0.006666666666666668
1.4802083333333333
1.6762499999999998
1.8081250000000002
0.5370833333333332
0.09479166666666668
0.0
0.0
0.0
0.008333333333333333
0.150625
0.095625
0.48583333333333334
0.06666666666666667
0.0
0.004791666666666667
0.40791666666666665
4.3237499999999995
8.809375000000001
3.8560416666666666
5.894375
1.0516666666666665
11.574166666666665
10.722083333333336
3.9787500000000002
8.879583333333334
2.4072916666666666
0.31125
0.015833333333333335
0.98375
3.86375
9.0075
2.5189583333333334
0.0
0.0
0.0
0.0
0.0
0.0
0.010208333333333333
1.4491666666666667
3.9979166666666663
3.575625
1.0658333333333332
1.3545833333333333
0.8633333333333333
16.144583333333333
11.179583333333333
0.216875
6.933125
0.15708333333333335
4.388541666666667
0.0
0.0
0.03145833333333334
6.111666666666667
0.3466666666666667
0.0
0.34541666666666665
0.3714583333333333
4.714583333333334
0.0
0.0
0.0
0.0
0.0
0.0
0.0
0.005833333333333334
0.012499999999999999
0.025208333333333333
0.02666666666666666
4.302083333333333
0.016875
0.004791666666666667
0.06104166666666667
0.37041666666666667
0.005625000000000001
0.003541666666666667
0.8877083333333333
2.1108333333333333
31.693333333333328
0.4575
6.405833333333334
2.955625
0.0
0.0020833333333333333
0.0
0.0
0.20916666666666664
7.913333333333334
0.6862499999999999
3.9618750000000005
12.874166666666667
0.2983333333333333
0.0
0.14333333333333334
21.276875
0.17
0.688125
5.03625
5.092708333333333
5.14
2.745416666666667
0.9966666666666666
3.736666666666667
1.3114583333333332
9.835208333333332
5.12625
9.995208333333332
4.186041666666667
15.781875
6.505
0.7579166666666666
19.965
21.537291666666665
11.015833333333333
1.0383333333333333
5.506041666666666
4.762083333333333
8.59125
0.7027083333333334
0.6664583333333333
13.263333333333334
20.2
8.46625
7.787499999999999
12.761458333333332
12.079583333333332
0.134375
0.01375
8.145
8.238541666666668
6.781458333333333
43.30645833333333
0.03416666666666667
0.0
0.0
0.0
0.0
1.8089583333333332
0.058541666666666665
0.06854166666666667
1.0666666666666667
0.035625
0.0
0.0
2.317083333333333
0.0
0.3614583333333334
0.0
0.005208333333333333
0.9425000000000002
0.0
0.0
10.882291666666665
10.810416666666667
0.0
0.0
0.0
0.16333333333333333
1.3391666666666666
7.135000000000001
3.065
0.09541666666666666
1.8222916666666666
5.28625
1.0537500000000002
2.641875
0.07208333333333333
0.0
0.0
0.016458333333333335
8.602083333333333
11.378541666666669
11.610833333333332
0.9806249999999999
0.0
0.0
0.04020833333333334
4.172083333333334
3.344583333333334
0.0
12.14625
6.760208333333334
3.0391666666666666
3.2775
11.425833333333335
6.825208333333333
2.258125
0.014791666666666667
0.042916666666666665
4.542916666666667
0.0
0.0
0.0
0.012499999999999999
0.026041666666666668
9.405624999999999
0.09625
2.683958333333333
0.0
0.0
0.0
0.0
0.09083333333333334
3.966875
0.02541666666666667
0.0
0.2914583333333333
0.31270833333333337
2.799375
22.123541666666668
0.9829166666666668
0.7202083333333332
0.017083333333333336
0.2370833333333333
0.10208333333333335
4.206458333333333
0.06979166666666667
0.18000000000000002
0.946875
8.341875
0.34
1.884166666666667
0.0
0.007916666666666667
0.080625
9.997916666666667
9.67
1.0310416666666666
0.040625
0.6022916666666668
0.109375
4.835833333333333
0.005208333333333333
0.007291666666666666
0.0
0.0
0.06520833333333333
0.238125
0.3172916666666667
6.070208333333333
0.47104166666666664
0.3335416666666666
0.0004166666666666667
0.10020833333333334
0.9002083333333334
0.09124999999999998
0.11916666666666664
1.8691666666666666
12.354166666666666
10.852291666666666
3.8454166666666665
0.95375
2.879375
0.007916666666666667
0.011666666666666667
0.006875
0.0
0.004583333333333333
8.856666666666667
0.224375
1.2437500000000001
6.473541666666667
5.797708333333333
1.824583333333333
0.23374999999999999
3.186875
4.272291666666667
5.875624999999999
11.54875
2.7522916666666664
0.16666666666666666
0.27
0.026875
0.009166666666666668
0.7370833333333332
0.5004166666666666
12.835833333333333
11.082500000000001
6.557916666666666
0.12145833333333333
0.24395833333333336
5.194583333333333
0.004791666666666667
3.019375
2.237083333333333
2.499791666666667
3.8110416666666667
0.6297916666666667
5.1118749999999995
2.287916666666667
0.0675
0.006041666666666667
0.4366666666666667
1.4135416666666665
1.8393749999999998
5.057291666666667
10.493541666666667
13.67
3.4627083333333335
4.0975
1.3506250000000002
2.564375
0.03166666666666667
3.8181249999999998
2.6377083333333338
0.11708333333333333
4.549791666666667
0.4835416666666667
14.991458333333334
3.764791666666666
6.045833333333333
3.8433333333333333
3.3979166666666667
5.865416666666666
0.7399999999999999
0.0075
0.0
0.0
0.5325000000000001
0.5872916666666667
0.450625
0.0
0.0
0.0
0.0
0.0
0.003958333333333334
0.015208333333333332
5.096666666666667
7.313124999999999
3.1314583333333332
6.444375
2.6977083333333334
1.0552083333333333
0.10812499999999999
2.268125
2.52875
1.36
0.004166666666666667
0.0
0.0
0.0010416666666666667
0.4502083333333333
1.6066666666666667
0.501875
0.4345833333333333
0.034374999999999996
0.009791666666666667
0.0
0.0
0.0
0.0
0.0
2.7579166666666666
1.5697916666666665
7.211041666666667
4.163541666666667
0.4575
0.946875
2.655
5.179583333333333
10.150625
21.513125
16.883958333333336
4.189375
2.5174999999999996
2.535833333333333
1.58625
1.0652083333333333
2.5177083333333337
0.9162500000000001
0.06291666666666666
0.07375
0.13312500000000002
0.004166666666666667
1.25875
18.9025
3.4595833333333332
4.8975
9.044791666666667
0.0
0.0
0.0
0.03
0.0
0.0
0.006458333333333334
0.003958333333333334
0.50625
0.9779166666666667
0.013333333333333334
0.4566666666666666
0.08749999999999998
0.0
0.0
0.0
0.020416666666666666
0.03895833333333333
0.0
0.008333333333333333
0.009791666666666667
0.0
1.3795833333333334
2.2308333333333334
0.158125
0.0
1.22875
1.8170833333333334
0.024166666666666666
0.0
0.017291666666666667
24.719166666666666
2.6714583333333337
5.0625
23.168958333333336
8.99375
0.25229166666666664
0.028333333333333335
3.24875
2.9293750000000003
2.234375
0.001875
0.0
0.0
0.0
4.249791666666667
2.9516666666666667
4.594375
0.13291666666666666
0.07687499999999999
4.97375
3.5379166666666664
0.008958333333333334
0.001875
0.0
0.08354166666666667
1.8379166666666666
1.301875
3.764583333333333
2.3910416666666667
13.53125
26.45958333333333
2.9525
9.605208333333332
0.09416666666666666
2.2760416666666665
9.260625
0.7108333333333333
39.089166666666664
2.455416666666667
0.10375000000000001
0.1602083333333333
5.6825
0.7087500000000001
3.2125000000000004
0.2995833333333333
0.12374999999999999
1.1847916666666667
0.0
0.0025
1.3354166666666665
0.5870833333333333
13.047708333333333
5.957291666666666
0.05291666666666667
10.898958333333333
10.207083333333333
0.18250000000000002
0.1929166666666667
0.0
1.4620833333333334
7.536874999999999
0.051666666666666666
10.937291666666667
8.406041666666667
1.14125
0.19375
1.36
7.381041666666667
0.258125
0.0
0.00125
0.0
0.0
0.0
1.0960416666666666
9.18
0.6593749999999999
0.35041666666666665
0.06354166666666666
0.08979166666666666
2.1497916666666668
1.19875
9.264583333333333
2.2266666666666666
3.515833333333333
23.077916666666667
16.31
1.4295833333333334
0.9810416666666667
17.336666666666666
15.177083333333334
0.47770833333333335
0.44083333333333324
0.0
0.022083333333333333
1.086875
0.2160416666666667
5.638958333333332
0.09020833333333333
0.0
0.0
0.0
22.126041666666666
0.09312500000000001
49.24520833333333
44.64291666666667
5.482291666666666
0.00375
0.0
0.0
0.0
0.29708333333333337
0.0
0.0
9.051458333333334
10.829791666666665
0.6229166666666667
0.6070833333333333
3.5568750000000002
0.023333333333333334
0.024375000000000004
4.879166666666667
4.363958333333334
0.036875
0.0525
0.0
0.0
0.0
0.0
0.0
0.0
0.0
0.0
0.047499999999999994
0.8366666666666666
0.001875
0.0
0.3697916666666667
1.3035416666666668
0.007083333333333333
1.0197916666666667
3.797708333333333
1.8787500000000001
0.35041666666666665
2.2570833333333336
3.4947916666666665
0.26145833333333335
3.224375
7.770208333333334
3.6820833333333334
0.03395833333333333
0.9072916666666666
0.04270833333333333
0.7758333333333334
18.91
3.173958333333333
0.0
0.0075
3.047083333333333
8.293124999999998
0.5660416666666666
2.468541666666667
0.22708333333333333
0.9504166666666668
0.0
13.484583333333333
16.21125
7.172083333333333
8.540416666666667
3.9943750000000002
3.438541666666667
18.702291666666667
0.14500000000000002
1.6575
12.550625000000002
0.976875
8.317083333333333
0.345625
0.0575
0.09895833333333333
0.3614583333333334
1.1689583333333333
0.014374999999999999
0.8104166666666667
3.2475
6.507916666666667
5.083125
2.8875000000000006
3.80625
4.714166666666666
0.11687499999999999
0.25104166666666666
2.0052083333333335
1.8377083333333335
0.8047916666666667
1.493125
1.515625
0.23562499999999997
4.219166666666666
2.026666666666667
5.3691666666666675
2.0722916666666666
0.00875
0.0
0.6520833333333332
6.06625
3.2652083333333337
1.3160416666666668
5.182708333333333
0.08708333333333333
2.7708333333333335
0.6985416666666667
6.388958333333334
12.730624999999998
10.796458333333334
1.2552083333333333
5.6206249999999995
23.002708333333334
4.558541666666667
1.3568749999999998
18.558958333333333
8.980833333333333
3.127291666666667
7.132291666666667
6.2754166666666675
30.020208333333333
8.600208333333335
0.7462500000000002
10.797708333333334
0.6175
1.0929166666666668
5.293958333333333
2.335
0.019375
0.09541666666666666
5.0
0.9822916666666665
0.033541666666666664
1.631875
1.3922916666666667
0.35729166666666673
2.7156249999999997
2.5322916666666666
1.4160416666666666
0.21291666666666664
0.6304166666666666
0.7747916666666667
7.722916666666666
2.1891666666666665
0.09104166666666667
1.7189583333333334
1.1877083333333334
10.791458333333333
18.266666666666666
1.6958333333333335
0.21083333333333332
0.32812499999999994
4.666666666666667
1.6947916666666665
7.860416666666666
0.003958333333333334
0.0
0.0
0.0
0.0
0.0
0.0
0.0
0.0033333333333333335
0.24187499999999998
0.12999999999999998
1.173125
0.0425
0.07875
1.0285416666666667
0.47770833333333335
6.972708333333334
12.56
12.693333333333333
1.4418750000000002
0.0
0.0
0.0
0.0
0.00020833333333333335
0.8999999999999999
2.8129166666666663
6.829375
0.120625
0.006458333333333333
0.0
0.0
0.00875
0.12104166666666666
0.17625000000000002
0.0004166666666666667
0.0
0.0
0.0
0.0
0.0
1.4683333333333335
1.275625
0.0
0.12333333333333334
0.0
0.0
1.5133333333333334
8.970833333333333
2.609375
12.082083333333335
1.9716666666666667
0.32812499999999994
0.0
0.0
0.0
0.10541666666666666
16.575625
1.9416666666666664
5.208125
2.2220833333333334
0.29083333333333333
0.15312499999999998
3.3835416666666664
9.132916666666667
0.15479166666666666
0.06791666666666667
1.5947916666666668
0.003541666666666667
0.08750000000000002
0.0
0.0
0.0
0.0
0.005
0.8014583333333333
1.1258333333333332
0.0
0.0
0.0
4.112291666666667
0.15395833333333334
0.02354166666666667
0.0
0.35125
23.433958333333333
11.995416666666666
2.513541666666667
1.9816666666666667
1.7139583333333335
2.0166666666666666
0.5610416666666667
0.0
0.0
0.0
0.0
0.0
0.0
0.0
0.0
0.0
13.98375
1.5054166666666668
0.10562500000000001
0.57
0.02291666666666667
1.0374999999999999
4.795
4.694999999999999
5.241041666666667
0.03875
0.006874999999999999
2.5220833333333332
4.360625
15.717291666666668
2.920625
0.0
1.2685416666666667
21.27
4.224374999999999
0.0
0.0
0.0
0.0
0.048125
0.17270833333333332
0.6583333333333333
0.034999999999999996
0.8195833333333334
0.3277083333333333
0.07333333333333335
7.455625
3.6304166666666666
0.0
0.0
0.13020833333333334
0.24749999999999997
0.0
0.0
0.0
0.0
0.0
0.005
0.0
0.1977083333333333
1.916875
0.6141666666666667
1.0997916666666667
0.0
0.006666666666666668
18.363958333333333
3.7797916666666667
8.525208333333333
2.580208333333333
0.029583333333333333
5.3097916666666665
0.004166666666666667
2.8860416666666673
5.725208333333335
0.0008333333333333334
0.010625
0.3491666666666666
1.9389583333333336
0.46645833333333336
2.1141666666666663
3.232291666666667
3.2652083333333333
2.1708333333333334
11.68125
1.161875
0.004791666666666667
0.26687500000000003
11.374583333333334
0.32416666666666666
0.003541666666666667
0.04604166666666667
0.0
0.0
0.0
0.0
0.0
0.0
0.0
0.0
4.420625
0.045000000000000005
0.0
0.0
0.0
0.0
8.064375
16.185208333333335
1.3002083333333332
9.385625
8.356875
0.6064583333333332
0.24666666666666667
3.172708333333334
0.0
0.0
0.17833333333333334
0.050624999999999996
0.00875
2.674166666666667
0.5802083333333333
1.0422916666666666
1.2433333333333332
4.5775
7.458749999999999
0.129375
0.00125
0.00125
1.694375
0.7383333333333333
0.529375
0.41854166666666676
0.0
0.945
9.072708333333333
1.4918750000000003
4.396249999999999
0.0375
0.0010416666666666667
1.7906249999999997
1.4239583333333332
0.44729166666666664
1.610625
0.057916666666666665
0.1772916666666667
0.0
0.23541666666666664
0.0
0.0
1.0102083333333334
0.0
0.0
3.0712500000000005
0.7310416666666667
0.00020833333333333335
0.0
0.0
0.0
0.0
0.0
0.0
0.0
0.0
0.0
0.0
0.026458333333333334
0.0
0.02791666666666667
12.356666666666667
0.65125
0.2141666666666667
0.02854166666666667
0.025208333333333333
4.236458333333334
0.0
0.0
0.0
2.1170833333333334
0.06916666666666667
0.0
0.0
0.0
6.396041666666666
19.985208333333333
62.36687499999999
4.6825
3.7520833333333337
3.686666666666667
10.415208333333334
8.40375
12.389375
10.778333333333334
0.5545833333333333
0.07854166666666668
3.3158333333333334
0.24562499999999998
0.3025
0.02125
0.04479166666666667
0.0
9.012916666666667
2.8995833333333336
0.006666666666666667
0.05499999999999999
0.6060416666666667
0.059166666666666666
0.00125
0.0
0.0
0.017916666666666668
0.005625000000000001
0.008333333333333333
0.07437500000000001
0.0
0.004583333333333333
0.022291666666666668
0.07979166666666666
0.011458333333333334
0.041874999999999996
0.010625
5.6625000000000005
3.465
4.983125
0.42312500000000003
6.922291666666666
6.891666666666667
7.983958333333334
1.8672916666666666
0.08312499999999999
0.11416666666666668
3.8660416666666664
0.15312499999999998
1.1177083333333333
0.37875
0.058958333333333335
3.9643750000000004
0.02270833333333333
0.0
0.0
0.0
0.0020833333333333333
0.011666666666666667
0.012500000000000002
1.0591666666666668
2.4145833333333333
9.186458333333334
0.955625
8.173124999999999
9.676458333333334
1.7502083333333334
10.822083333333333
0.33
1.8212499999999998
18.919166666666666
3.629375
1.5385416666666665
0.6227083333333333
4.915416666666666
13.6425
4.078541666666666
2.6625
0.8291666666666666
1.2491666666666668
0.3154166666666667
1.5091666666666665
4.95375
1.345
0.002916666666666667
0.0
0.0
1.0841666666666665
1.2202083333333333
10.153958333333334
7.926666666666667
7.357291666666666
2.78375
3.575625
1.6085416666666665
1.6758333333333335
0.8256249999999999
0.24291666666666667
0.008125
4.7425
6.600833333333333
12.066875000000001
5.167916666666667
1.1768750000000001
2.41125
6.919999999999999
4.169791666666667
1.06125
0.043125000000000004
0.00125
0.020625
1.9904166666666665
1.2458333333333333
4.737708333333334
7.792291666666667
1.9608333333333334
8.62625
6.301458333333334
9.714166666666666
1.0952083333333333
4.475416666666667
0.5227083333333333
5.579166666666667
2.475
0.57625
0.15979166666666667
0.23187499999999997
0.046875
0.36999999999999994
1.9116666666666668
0.0025
0.0
0.0
0.0
0.06874999999999999
0.0
0.191875
1.1362500000000002
0.0
0.0
0.0
0.0
1.2410416666666666
3.74875
5.781041666666666
2.945833333333333
1.0058333333333334
0.0033333333333333335
0.010625
0.0
0.006874999999999999
0.040625
0.15333333333333335
0.006458333333333333
0.0
0.0
0.08437499999999999
0.0
0.12104166666666666
3.4887499999999996
2.049375
0.0325
4.551875
7.555208333333333
8.433750000000002
2.2075
5.945833333333334
14.971041666666666
4.87
6.7785416666666665
4.90375
5.831666666666666
3.0952083333333333
4.3152083333333335
0.4291666666666667
1.76375
2.0883333333333334
8.3475
18.350625
0.13416666666666668
0.9170833333333334
8.510208333333333
6.9487499999999995
7.636458333333333
23.35541666666667
1.594375
5.875416666666666
4.65625
18.516666666666666
2.3252083333333333
13.567083333333334
4.082708333333334
0.0
0.0
0.018125
18.013958333333335
0.00020833333333333335
0.13895833333333332
0.03541666666666667
7.596875
0.06729166666666667
1.7264583333333334
1.4445833333333333
0.9566666666666667
1.4004166666666666
1.8350000000000002
1.254375
6.1539583333333345
5.859375
1.9910416666666666
3.1714583333333337
0.02020833333333333
0.00020833333333333335
7.54
0.6075
0.5489583333333333
2.502291666666667
0.9914583333333334
3.581458333333334
3.9429166666666666
6.3687499999999995
1.8704166666666666
0.21270833333333336
1.0633333333333332
0.0
5.690625000000001
0.0
0.3629166666666667
2.56875
33.057291666666664
10.733333333333334
29.942291666666666
4.405
14.364791666666667
4.531874999999999
2.7016666666666667
0.7029166666666665
0.0
7.659583333333334
0.135625
0.0
0.003958333333333334
0.030625000000000003
0.026666666666666672
0.045625
0.06145833333333334
0.8091666666666667
0.0
0.0
0.005208333333333333
0.18895833333333334
0.4422916666666666
0.8850000000000001
0.3491666666666666
0.0
0.0
0.0
0.0
9.233958333333334
0.026041666666666668
0.0
0.0
4.723333333333334
1.8264583333333333
2.2427083333333333
0.011250000000000001
0.6610416666666667
3.28375
2.07375
0.03770833333333333
0.0
0.0
0.016041666666666666
0.06395833333333334
1.26875
11.799791666666666
0.0
0.0
0.0
0.0
0.0
0.0
0.006041666666666667
12.31541666666667
0.7633333333333333
17.841041666666666
10.457708333333333
0.0
0.0
0.0
0.03895833333333333
0.08645833333333335
0.0
0.0
0.289375
0.036875
0.0
0.0
0.0
3.814583333333333
0.8308333333333334
0.9920833333333333
9.522916666666667
21.70958333333333
11.32125
0.013958333333333335
0.022083333333333333
0.001875
0.016875
1.9593750000000003
0.0
0.0
0.0
0.0
0.11083333333333334
0.7631249999999999
0.0
0.0
0.0
3.565208333333333
1.2122916666666665
0.8493750000000001
0.017291666666666667
0.0
0.0
0.0
0.0
0.0
0.0
0.0
2.8045833333333334
0.4733333333333334
7.6535416666666665
0.11499999999999999
0.0
0.0
0.0
0.4833333333333334
12.952291666666667
13.433333333333332
3.7552083333333335
3.9945833333333334
4.300208333333333
6.316041666666668
18.947916666666668
4.925
0.7145833333333332
0.05625
10.86
0.2791666666666667
4.960208333333333
0.06333333333333334
0.0075
2.1266666666666665
0.0
0.0
0.0
0.0
0.0
0.0
0.026875
4.621458333333334
0.05979166666666667
0.0
0.0
0.0
1.2027083333333335
12.782291666666667
3.0025
3.078125
2.8816666666666664
0.15729166666666666
0.019166666666666665
5.645624999999999
1.658125
10.913750000000002
0.8041666666666667
4.290208333333333
4.205625
0.0035416666666666665
0.0
0.0
0.0
0.0
0.014791666666666667
0.036041666666666666
0.0
1.5933333333333335
1.8360416666666666
0.02020833333333333
1.5241666666666667
0.27458333333333335
0.034583333333333334
0.0
0.0
0.046875
0.016041666666666666
0.00375
0.0033333333333333335
0.0
0.0
0.0
0.0
0.0
0.018333333333333333
0.92125
0.4520833333333334
0.42520833333333335
0.7247916666666666
0.3277083333333333
0.44333333333333336
0.730625
0.004791666666666667
0.0
1.8141666666666667
13.93
23.928125000000005
12.895833333333334
6.718541666666667
3.5281249999999997
2.315
0.09541666666666666
0.0
0.0
0.003541666666666667
0.04916666666666667
4.709791666666667
1.4277083333333334
2.546875
1.3275
2.895416666666667
3.808958333333333
0.0010416666666666667
0.010625
0.0
0.0
0.0
0.12541666666666665
1.6239583333333334
1.3693749999999998
0.13979166666666668
0.22583333333333333
3.553125
0.3908333333333333
2.8193750000000004
12.933958333333335
10.195833333333335
0.06041666666666667
0.11104166666666666
0.03854166666666666
0.013333333333333334
0.0
2.4118749999999998
10.0925
14.876041666666666
6.204166666666667
4.2058333333333335
0.19166666666666665
4.383958333333333
5.482708333333334
1.4320833333333336
0.8718750000000001
0.9860416666666666
1.3499999999999999
10.605416666666667
24.828333333333337
3.5629166666666676
18.2225
5.759166666666668
2.1125000000000003
0.14729166666666668
1.1804166666666667
0.096875
4.632708333333333
9.717291666666666
9.035416666666668
0.20791666666666667
0.8060416666666667
0.6202083333333334
1.70625
3.0089583333333336
4.260833333333333
9.082500000000001
5.653333333333333
2.5391666666666666
7.744583333333334
1.1989583333333333
5.983333333333334
54.598958333333336
3.9581250000000003
9.857083333333334
2.875833333333334
4.2725
1.5627083333333331
0.023750000000000004
0.0
0.017291666666666667
0.0
0.0
0.0
0.0
0.0
0.007291666666666666
1.2297916666666666
2.2122916666666668
0.0
0.004791666666666667
0.7966666666666667
0.7333333333333334
2.019375
0.006250000000000001
0.0
0.0
4.580625
0.3941666666666667
0.0
0.09749999999999999
0.036458333333333336
0.8058333333333333
0.4872916666666667
0.173125
0.0
0.0
0.024999999999999998
0.04041666666666666
0.0
0.0
0.0
0.0
0.0
0.0
0.0
0.0
0.0
0.0
1.6108333333333336
3.7452083333333337
1.80375
9.756875
4.4279166666666665
2.4860416666666665
0.5727083333333334
4.289375
10.396666666666667
9.381458333333333
1.7529166666666667
2.887083333333333
0.32958333333333334
0.8045833333333334
0.04895833333333335
0.04770833333333333
1.1733333333333336
0.0025
0.010416666666666666
2.5239583333333333
0.0
0.0
0.022500000000000003
3.1166666666666667
0.0
0.0
0.0
0.0
0.0
0.0
0.0
0.0
0.0
0.0
0.0
0.00875
0.0025
2.615416666666666
0.11854166666666667
0.10625
0.3445833333333333
0.023333333333333334
1.7887500000000003
0.05291666666666667
0.068125
0.6754166666666667
0.0
0.8045833333333334
2.4268750000000003
3.87125
1.7947916666666666
9.562083333333334
0.012083333333333335
5.770833333333333
0.7316666666666668
0.010625
21.424791666666664
4.118541666666666
39.76166666666666
4.7439583333333335
25.254375
12.805208333333333
8.398125
3.9779166666666668
23.75333333333333
16.463125
15.84875
5.905208333333334
2.5475
1.1997916666666668
2.37125
0.00875
0.44729166666666664
18.713958333333334
14.942291666666668
0.5452083333333333
18.266875
0.06020833333333333
2.2708333333333335
0.0
0.0
0.0010416666666666667
6.506666666666667
0.1572916666666667
0.017291666666666667
0.0077083333333333335
0.0
0.0
0.31645833333333334
5.187083333333333
5.9366666666666665
0.046250000000000006
0.12541666666666665
9.342708333333333
0.006250000000000001
0.6202083333333333
3.8502083333333332
0.585
5.510416666666667
1.8081249999999998
10.071666666666667
10.373333333333333
0.5339583333333334
0.024999999999999998
0.0
0.0
0.0
0.0
0.0
3.231666666666667
0.22395833333333334
2.8985416666666666
20.450833333333332
26.63854166666667
10.054583333333333
0.4972916666666667
5.654166666666668
0.8358333333333333
0.00125
0.0022916666666666662
0.0
0.0
0.0
0.00375
2.249166666666667
7.747708333333333
4.074583333333334
0.08666666666666667
1.8495833333333334
4.391041666666667
4.624791666666667
0.16145833333333334
0.060416666666666674
4.498541666666666
1.2422916666666666
0.5964583333333333
0.037291666666666674
0.03854166666666667
0.13354166666666667
5.345
8.457083333333333
0.6704166666666667
0.013958333333333335
0.01625
0.004583333333333334
0.018333333333333333
0.036875
0.0
0.0
0.0
0.0
0.0
0.0
0.4827083333333333
30.89625
0.8860416666666667
0.0
0.0
0.0
0.0
0.0
0.025208333333333333
0.0
0.0
7.376041666666666
1.2210416666666666
9.142291666666667
7.148125
18.585625
23.386666666666667
7.979166666666667
16.730833333333333
3.7408333333333332
0.9550000000000001
5.329791666666667
4.106875
0.10270833333333333
0.4477083333333334
0.004583333333333334
2.9112500000000003
0.3754166666666667
1.55375
4.846041666666667
5.192083333333334
4.838958333333333
8.681458333333333
11.269583333333335
0.055833333333333325
0.0031250000000000006
0.814375
1.3245833333333332
13.197916666666666
1.8716666666666668
1.1727083333333332
3.1366666666666667
3.238958333333333
3.365416666666667
6.201666666666665
4.202083333333333
6.3897916666666665
1.637708333333333
0.05937499999999999
0.011666666666666667
0.0010416666666666667
0.10999999999999999
0.0
0.0
0.0008333333333333334
6.384166666666666
2.5500000000000003
5.457708333333333
0.10979166666666666
4.89875
4.883333333333333
0.24250000000000002
7.211041666666667
8.608125
0.2547916666666667
0.0
0.006250000000000001
0.0
0.007916666666666667
0.012708333333333335
0.06187499999999999
0.07625
0.0
0.0
0.0
0.0
0.0
0.0
0.0
0.009375
0.0
0.0
0.0
0.015625
4.270208333333334
2.255625
0.042916666666666665
0.08104166666666666
0.41604166666666664
4.2025
32.7575
21.047916666666666
9.194583333333334
3.9956250000000004
0.21520833333333333
0.07604166666666667
0.050625
0.0
0.0
0.0
0.0010416666666666667
0.0325
0.033124999999999995
0.03833333333333333
0.05416666666666667
0.024583333333333332
0.11145833333333333
2.9327083333333337
0.18749999999999997
0.000625
0.0
0.0031250000000000006
7.676041666666667
0.04750000000000001
9.209791666666666
4.054374999999999
8.924999999999999
0.59375
4.898333333333333
2.766666666666667
0.0016666666666666668
0.002916666666666667
0.0
2.2274999999999996
0.05458333333333334
0.0
0.035208333333333335
0.09041666666666666
0.052708333333333336
2.7118749999999996
9.095833333333333
2.281041666666667
3.7518749999999996
1.344166666666667
0.6927083333333334
0.8083333333333332
0.19625
1.1710416666666665
1.0464583333333333
0.19375
1.9087500000000002
2.9618749999999996
0.146875
0.15833333333333333
0.05125
0.0
0.0
0.0
2.9464583333333336
1.5133333333333334
1.7387500000000002
3.520416666666667
0.5989583333333334
2.2939583333333333
5.59875
4.921875
0.14125000000000001
0.030416666666666665
4.153125
1.5802083333333332
4.645833333333333
4.847916666666667
0.7937500000000001
0.0
0.0
0.0
0.3204166666666666
0.0
8.538333333333334
4.267291666666666
0.036875
0.0
0.0
0.0
0.04
0.02291666666666667
0.0
0.015416666666666667
0.0
0.005833333333333334
0.009583333333333334
0.26229166666666665
0.14020833333333332
0.8718750000000001
0.0
0.0
0.0
0.0
0.0
0.9375
2.0904166666666666
0.0
0.0
0.13791666666666666
0.0
0.0
0.009583333333333334
0.0
0.006041666666666667
0.013333333333333336
0.0
0.0
3.7097916666666664
6.407291666666667
3.5625
4.770833333333333
5.946041666666666
0.5777083333333333
0.012708333333333335
0.0
0.0075
0.24541666666666664
1.4475
0.16979166666666667
10.149375
8.324791666666668
2.1083333333333334
0.7120833333333333
0.6414583333333334
4.370208333333333
4.256458333333334
0.27166666666666667
0.0
0.0
6.888333333333333
4.674375
3.706875
0.118125
0.47270833333333334
1.4714583333333333
4.8602083333333335
8.4825
9.27
5.930625
3.44375
1.7041666666666666
0.0
0.0
0.0
0.0
0.0
0.0
0.5266666666666667
0.07104166666666666
1.23875
0.30854166666666666
10.937083333333334
5.4972916666666665
1.1077083333333333
1.129375
3.6875
6.192916666666666
1.4045833333333333
0.5154166666666667
0.0
0.0
0.06916666666666667
1.2891666666666668
6.725208333333334
0.47124999999999995
1.6208333333333333
0.13854166666666667
0.011875000000000002
0.0
0.9260416666666668
0.039375
0.0
0.0
8.89875
2.8524999999999996
24.77479166666667
10.734166666666667
2.8054166666666664
0.0
0.0
0.007500000000000001
3.4150000000000005
7.009583333333334
9.440833333333332
0.0
0.0
0.0
0.0
0.0
0.002916666666666667
5.956875
4.394791666666666
4.388750000000001
5.898333333333333
9.83375
4.0475
3.093125
7.835625
2.9
2.1389583333333335
0.4114583333333333
0.16520833333333332
0.14395833333333333
0.0020833333333333333
3.7520833333333337
24.721458333333334
3.019375
1.7875000000000003
0.883125
11.567083333333334
4.708125
14.104583333333332
5.738333333333334
5.0843750000000005
0.980625
0.0
20.3875
0.0
0.0
0.0
0.0
3.573333333333333
0.004166666666666667
1.3920833333333336
6.851666666666667
0.18520833333333334
0.06375
0.0
0.0
0.029583333333333333
0.0
0.03479166666666667
0.0
10.631874999999999
0.8220833333333334
3.5500000000000003
5.003541666666667
3.150625
0.0016666666666666668
0.0
0.0
10.844999999999999
0.0
25.32166666666667
9.355416666666667
0.8764583333333333
10.255416666666667
12.612083333333333
0.014583333333333332
2.2358333333333333
0.12812500000000002
1.7616666666666667
4.014166666666667
0.363125
0.33499999999999996
0.07729166666666666
4.170833333333333
0.12041666666666667
4.8225
0.8914583333333335
0.5329166666666666
1.2614583333333333
4.437291666666666
2.8479166666666664
0.03583333333333333
7.314374999999999
0.006666666666666667
0.005625000000000001
9.983958333333334
0.016666666666666666
11.454791666666667
0.145625
0.19270833333333334
0.05395833333333333
0.0
0.0
0.0
0.045625
1.6666666666666667
0.03895833333333334
27.593958333333333
7.689583333333334
4.315625
1.374375
3.7685416666666662
9.80125
0.8429166666666666
0.0
0.005416666666666667
0.0010416666666666667
0.23187499999999997
0.028125
3.8977083333333336
0.3343749999999999
6.518958333333333
0.03333333333333333
0.0
0.0
0.0
3.248125
0.13270833333333334
0.0
0.0
0.0
0.0
0.0
0.0
0.0
0.005625000000000001
4.771458333333333
0.011041666666666667
1.6929166666666664
4.58125
1.497708333333333
0.7775
4.3062499999999995
2.4516666666666667
0.326875
0.5114583333333332
0.0
0.0
1.2722916666666666
1.0033333333333332
0.35187499999999994
0.213125
1.2160416666666667
0.234375
0.0
0.0
0.0
0.0
0.0
0.0
0.0
0.0
0.0
0.0
0.0
0.0
2.544166666666667
2.6262499999999998
0.02020833333333333
1.2060416666666667
15.657499999999999
1.7281250000000001
2.718958333333333
1.6462500000000002
22.519166666666667
2.9462500000000005
0.2070833333333333
0.012291666666666668
0.006250000000000001
0.0004166666666666667
0.0
0.0
0.0
1.5693749999999997
0.27270833333333333
2.723125
7.29
0.37875
0.166875
0.043750000000000004
0.015
0.11458333333333333
4.605416666666667
3.0620833333333337
3.871458333333333
15.620416666666666
0.06479166666666668
0.2354166666666667
0.386875
0.1489583333333333
4.457916666666667
1.6639583333333332
7.163958333333333
1.9293750000000003
4.319791666666667
0.325625
0.11583333333333333
0.14875000000000002
2.4764583333333334
1.9220833333333334
2.172916666666667
2.41
3.5114583333333336
8.959166666666667
3.094375
4.102291666666667
0.0
0.0
0.008958333333333334
0.44145833333333334
3.145208333333333
8.909166666666666
7.605416666666667
4.730833333333333
0.9020833333333332
0.0
0.0
1.3845833333333333
2.392916666666667
5.946458333333332
1.6595833333333332
0.7010416666666668
4.076041666666666
0.03541666666666667
0.0010416666666666667
0.006458333333333334
4.890833333333333
3.812708333333333
4.175416666666666
12.87375
8.097083333333332
5.569583333333334
3.0777083333333337
3.1739583333333337
25.455625
11.688125
0.5041666666666667
7.358333333333334
10.699375000000002
11.243958333333333
5.493541666666666
2.3204166666666666
0.3489583333333333
0.5533333333333333
0.7087500000000001
0.0
0.0
0.005833333333333334
0.020625
0.9243750000000001
0.0033333333333333335
0.08041666666666666
0.3979166666666667
0.710625
0.3485416666666667
2.3725
8.541666666666666
0.4466666666666666
0.0008333333333333334
0.0
0.0010416666666666667
0.017708333333333333
0.0
0.010833333333333334
0.034583333333333334
0.5568750000000001
0.53625
0.26291666666666663
0.015416666666666667
0.45041666666666663
0.0
0.026041666666666668
0.0
0.0
0.0
0.0
0.0
0.0
0.017291666666666667
12.619166666666667
6.073333333333333
14.831666666666665
0.2593750000000001
1.8629166666666663
0.06625
0.054166666666666675
0.034374999999999996
0.0
0.03895833333333334
0.04041666666666666
0.0625
0.0
0.0
0.0
0.013958333333333335
9.455833333333333
3.469791666666667
0.930625
7.985416666666667
20.854166666666668
1.2491666666666668
0.5031249999999999
0.7633333333333333
0.8537500000000001
3.703958333333333
26.392083333333336
29.916666666666668
0.28875
3.369375
6.771666666666666
1.5683333333333334
1.2495833333333335
0.0
0.0
0.009166666666666668
0.8033333333333333
5.679375
0.32937500000000003
0.03625
0.002916666666666667
1.9639583333333333
0.019375
6.024583333333335
0.8872916666666667
5.265625
5.4472916666666675
1.2750000000000001
3.9766666666666666
4.9816666666666665
0.6810416666666667
2.536875
0.86875
7.329791666666666
0.0
0.0
0.0
0.0
0.0
0.0
0.11479166666666667
0.09062500000000001
0.025208333333333333
8.553749999999999
1.0977083333333333
1.5395833333333335
1.0733333333333333
6.080416666666667
0.045000000000000005
0.0
9.183124999999999
8.067291666666668
1.5066666666666666
0.012916666666666668
0.063125
12.042083333333332
1.2345833333333334
0.1425
0.45458333333333334
0.0
1.4495833333333337
4.281874999999999
0.0
0.0
1.5216666666666665
1.0754166666666667
6.593541666666667
5.654374999999999
0.5310416666666667
1.4047916666666669
6.874583333333334
25.96229166666667
6.787291666666666
6.0249999999999995
15.328541666666666
22.94666666666667
0.9891666666666667
0.018333333333333337
0.015
1.6310416666666665
0.086875
0.05354166666666666
0.0
0.0
2.122291666666667
15.080208333333333
0.46375000000000005
0.008333333333333333
0.0
0.0
0.13770833333333332
0.198125
0.06708333333333334
0.0
0.0
0.0
0.0
0.0
0.0
0.0
0.0
0.046458333333333324
0.5066666666666667
5.722291666666667
7.282708333333333
8.199791666666666
2.706875
5.463958333333334
1.0277083333333332
0.06333333333333334
0.0
0.0
0.0
0.0
0.0
5.620416666666667
0.33166666666666667
0.0
0.0008333333333333334
0.0025
13.575416666666667
6.3843749999999995
2.5775
4.9660416666666665
5.620208333333333
0.02125
0.0
0.0
0.0
0.6525000000000001
0.0
0.0
0.0
2.863958333333333
0.0
0.0
0.0
0.0
0.0
4.668958333333333
3.4066666666666676
26.093541666666667
0.6079166666666667
0.28291666666666665
2.8229166666666665
0.001875
1.8322916666666667
5.168125000000001
15.097499999999998
1.1016666666666668
0.07229166666666667
2.4141666666666666
5.767291666666668
6.69
0.45895833333333336
2.211875
0.7152083333333333
0.02020833333333333
0.8560416666666667
5.496041666666666
1.6439583333333332
0.9564583333333333
0.36791666666666667
14.364375
0.189375
0.0
5.561041666666667
0.2070833333333333
0.04604166666666667
0.0010416666666666667
0.0010416666666666667
0.0
14.972916666666668
3.6402083333333337
0.14604166666666665
6.472916666666666
17.518958333333334
10.389791666666667
0.3439583333333333
0.010625
0.0
0.0
0.0010416666666666667
0.0010416666666666667
0.0
0.0
0.0010416666666666667
0.0033333333333333335
0.0
0.0
0.0
0.0
0.0
0.0
0.0
0.0
0.0
4.998958333333333
0.018958333333333334
0.0
0.0
0.0
0.0
0.0
0.0
0.0
0.11145833333333333
0.041666666666666664
0.4070833333333333
3.6275
25.40416666666667
19.905625
35.10520833333333
7.660416666666666
0.24500000000000002
5.903125
1.0327083333333331
0.016875
3.4899999999999998
3.1664583333333334
0.8962499999999999
2.880625
14.565624999999999
0.315625
0.3591666666666667
0.6022916666666668
2.7175
0.8352083333333334
0.020416666666666666
0.43999999999999995
0.03187500000000001
0.047291666666666655
0.0033333333333333335
0.008958333333333334
0.0008333333333333334
0.016875
0.04000000000000001
0.6741666666666667
0.9466666666666667
1.6504166666666666
1.7227083333333335
4.214791666666667
1.4349999999999998
4.748125
0.7547916666666666
1.9087500000000002
0.16583333333333333
2.0641666666666665
0.034375
0.0
0.0
0.0
0.61125
0.3283333333333333
0.005625000000000001
0.002291666666666667
0.04958333333333333
8.197916666666666
1.2129166666666666
0.02583333333333333
0.13020833333333334
0.00020833333333333335
0.0
0.007083333333333334
1.1727083333333332
0.4066666666666667
7.773958333333333
0.551875
7.0214583333333325
12.023958333333335
2.7385416666666664
9.653958333333334
7.783750000000001
1.7483333333333333
2.824375
0.18833333333333335
3.110208333333334
4.62375
6.241666666666667
6.822708333333334
6.658541666666667
20.47520833333333
11.266458333333333
24.287916666666664
3.1116666666666664
1.1085416666666668
7.446041666666667
6.93375
10.472916666666668
0.216875
2.8856249999999997
0.8724999999999999
1.340625
0.7158333333333333
1.0283333333333333
0.09749999999999999
1.9179166666666667
10.965208333333331
0.06645833333333334
0.0010416666666666667
0.00020833333333333335
0.002916666666666667
0.007083333333333333
0.021875000000000002
0.4945833333333334
3.2891666666666666
0.19125
1.1885416666666666
6.993124999999999
0.8479166666666668
2.72
0.020625
0.0
0.0
0.0
0.0
0.008125
0.004583333333333334
0.012083333333333335
4.7924999999999995
0.38791666666666663
8.230416666666667
3.4477083333333334
3.879791666666667
0.04
4.909583333333334
1.3135416666666666
0.6449999999999999
2.8731250000000004
1.1910416666666668
1.346875
2.713125
0.6695833333333333
7.236041666666668
0.3129166666666667
1.036875
0.09125000000000001
0.0
0.0
4.8064583333333335
20.63145833333333
13.663125
9.633333333333333
22.03625
0.006875
0.0
0.0
0.0
0.0
0.0
0.0
0.0
0.0
0.0
0.0
0.0
2.872708333333333
2.123125
10.653541666666667
6.136666666666667
2.747291666666667
0.3641666666666667
1.70125
2.999166666666666
17.190625
10.280833333333334
9.640833333333333
0.2764583333333333
4.519375
3.060416666666667
0.4964583333333333
0.3277083333333333
0.0014583333333333334
0.97125
0.13749999999999998
0.0
0.07395833333333333
0.008125
3.8783333333333325
0.11895833333333333
0.10479166666666667
0.29875
2.138333333333333
6.517499999999999
6.7527083333333335
0.11104166666666666
0.001875
0.0
0.13833333333333334
0.0
0.09291666666666665
2.7600000000000002
5.874791666666667
0.6239583333333334
0.0
0.0
0.0
0.11041666666666666
0.0
0.0
0.0
0.0
0.23645833333333335
0.014791666666666667
0.4102083333333333
19.161666666666665
2.4564583333333334
0.5820833333333333
0.2564583333333333
0.0
0.0
0.0
4.5675
0.08791666666666666
23.99354166666667
1.0427083333333333
7.617083333333333
4.03
1.305
0.006250000000000001
0.21083333333333334
0.017708333333333336
6.336666666666666
12.385833333333332
8.33875
0.022083333333333333
0.02020833333333333
0.0
0.0
9.557083333333333
0.06583333333333334
6.284791666666666
4.7527083333333335
10.559791666666667
1.7327083333333333
6.199374999999999
9.815
3.150416666666666
0.4522916666666667
3.948333333333333
4.658125
0.09500000000000001
0.7799999999999999
0.5089583333333333
0.9720833333333334
7.3464583333333335
15.598333333333334
1.5
24.558333333333337
1.2360416666666667
6.557083333333334
2.042291666666667
5.858333333333333
2.230208333333333
0.022708333333333334
9.520208333333334
2.6422916666666665
24.714166666666667
0.24395833333333336
0.9031249999999998
1.2175
2.191666666666667
0.0
0.0008333333333333334
0.0
0.0025
1.9185416666666668
0.00125
0.0
0.0
3.894375
21.62395833333333
0.0
0.0
0.003958333333333334
0.0014583333333333334
0.0
0.0
0.06208333333333333
10.404583333333333
4.27625
8.805416666666666
0.46729166666666666
3.6858333333333335
2.962708333333333
2.327916666666667
0.029375000000000002
0.10562500000000001
3.3491666666666666
0.5031249999999999
13.616041666666668
2.3614583333333337
8.581875
19.109166666666667
3.6950000000000003
7.4191666666666665
1.4572916666666667
12.504583333333334
7.763125
3.6952083333333334
0.1875
0.7018750000000001
0.044375
8.183541666666667
0.2810416666666667
0.0027083333333333334
0.06375
2.5729166666666665
0.36895833333333333
0.004166666666666667
0.007083333333333334
0.5091666666666667
8.357083333333334
0.12999999999999998
0.0
0.0
1.6310416666666665
10.141250000000001
0.17833333333333334
1.2989583333333334
0.8943749999999998
6.761041666666666
4.219791666666667
6.725416666666667
0.0
0.0
1.726041666666667
0.0
0.0
2.033125
0.9587499999999999
0.7214583333333334
37.848958333333336
0.0
0.0033333333333333335
2.7854166666666664
0.8672916666666666
0.0
0.155
4.131458333333334
0.00125
0.0
0.02291666666666667
7.408541666666667
0.0
0.0275
0.0
14.558958333333335
13.752083333333333
8.239583333333334
0.011250000000000001
0.0033333333333333335
0.16333333333333336
0.15145833333333333
0.10979166666666666
0.0
0.0
0.0
0.0
0.0
0.0
3.7870833333333334
3.7235416666666663
2.6212500000000003
0.0
0.0
2.68625
10.9625
8.713958333333332
10.711875
5.702291666666667
0.8620833333333334
0.10895833333333334
0.002291666666666667
0.07895833333333334
0.0
11.241041666666668
9.875416666666666
2.623125
0.7216666666666667
0.07854166666666666
0.0
0.0
0.2972916666666667
0.26458333333333334
0.0
0.10979166666666668
3.7589583333333336
2.1635416666666667
0.0033333333333333335
0.024166666666666666
0.04583333333333334
0.009375
0.003958333333333334
0.00020833333333333335
0.005833333333333334
3.4360416666666667
1.351875
9.064791666666666
10.681458333333333
4.17875
2.3197916666666667
5.23375
2.188125
0.3397916666666667
9.852083333333333
13.207708333333334
9.5375
5.794999999999999
0.08604166666666667
0.04020833333333334
9.26875
0.009791666666666667
0.007291666666666666
0.0077083333333333335
0.0
0.0
0.0
0.0
0.0
0.0
0.0
0.0075
0.19979166666666667
0.0
0.0
1.3699999999999999
0.23958333333333334
0.006875
0.0
0.025208333333333333
1.019375
9.838333333333333
35.97479166666667
20.793958333333336
11.836250000000001
3.7724999999999995
0.895625
0.43124999999999997
0.0
0.05395833333333333
0.5554166666666667
0.6387499999999999
0.001875
0.014166666666666666
1.8868749999999999
0.2225
0.10333333333333333
3.0508333333333333
7.5789583333333335
3.780208333333333
4.327916666666667
2.9358333333333335
3.425208333333334
11.97104166666667
0.033124999999999995
0.036875000000000005
1.6512499999999999
2.2691666666666666
0.0077083333333333335
0.0077083333333333335
0.010416666666666666
2.955833333333333
2.266875
2.3197916666666667
0.18958333333333335
0.034375
0.022083333333333333
0.11333333333333333
13.489375
3.400208333333334
11.551875
4.9375
2.810208333333333
0.9922916666666667
2.428125
1.9408333333333332
3.1510416666666665
2.3477083333333333
10.186875
12.743958333333333
1.6175
2.8225000000000002
10.395208333333334
4.182083333333334
3.5056249999999998
6.498958333333334
9.916875
7.384583333333333
2.4447916666666667
6.964166666666666
0.01958333333333333
0.0
0.0
0.052291666666666674
2.245625
4.109791666666667
5.5424999999999995
0.7283333333333334
0.10291666666666666
0.023541666666666666
8.333333333333334
3.857708333333333
10.858958333333334
3.544166666666667
0.4166666666666667
7.734375
4.446666666666666
3.9058333333333333
1.1187500000000001
0.6393749999999999
2.061875
0.25229166666666664
11.230833333333331
4.6075
0.8133333333333334
0.04000000000000001
6.715208333333334
12.021041666666667
6.918333333333334
18.77458333333333
3.5572916666666665
11.798958333333331
5.726041666666667
0.975
0.14958333333333332
0.09166666666666667
8.327916666666667
5.444791666666667
0.6208333333333332
6.539583333333333
2.6679166666666667
17.639375
13.860624999999999
5.273541666666667
2.830416666666667
0.39041666666666663
0.07416666666666667
28.494375
5.254166666666667
0.013750000000000004
0.0
0.0
1.529375
0.0
7.225833333333333
16.570625
2.7147916666666667
0.0
0.007083333333333333
2.786875
0.7595833333333332
0.004166666666666667
0.0
0.006041666666666667
1.6239583333333332
1.0985416666666665
0.0
4.285833333333334
0.0
0.0
0.0
0.0
0.0
0.0
1.4320833333333336
11.557083333333333
0.4220833333333333
0.05541666666666667
0.36395833333333333
6.008958333333333
0.8527083333333333
1.3739583333333334
0.008333333333333333
0.0
0.0
0.0
0.0
0.0
0.0
0.0
0.0
0.0
0.41041666666666665
2.0197916666666664
4.263541666666667
5.933125
7.672083333333333
0.3322916666666667
0.0
0.0
0.007083333333333333
0.3620833333333333
0.0
0.0
2.5977083333333333
0.5383333333333333
0.2020833333333333
2.2216666666666667
2.1072916666666663
9.21625
1.6235416666666664
0.021666666666666667
0.3645833333333333
0.8320833333333333
20.168958333333332
0.40395833333333336
0.3225
0.04520833333333334
0.014583333333333332
0.6737500000000001
0.008333333333333333
0.0
0.0
0.0
0.0
0.0
0.0
0.0
0.0
1.5979166666666664
5.4956249999999995
0.3822916666666667
0.00875
0.0
0.0
6.73125
5.717708333333334
4.003125
3.2395833333333335
3.9464583333333336
0.8302083333333332
0.6404166666666666
0.5647916666666667
0.13437500000000002
8.299166666666666
0.2177083333333333
0.8933333333333332
0.025625
0.0
3.6474999999999995
0.03270833333333333
8.79875
12.886666666666665
10.705833333333333
39.815416666666664
4.6000000000000005
1.4268750000000001
0.065625
0.005
0.7916666666666666
0.027708333333333335
10.332291666666665
3.0191666666666666
0.006250000000000001
5.937291666666667
0.00375
0.046458333333333345
5.5335416666666655
0.0
0.0
0.056249999999999994
0.41312499999999996
0.3429166666666667
0.0
0.0
0.0
0.0
6.2285416666666675
0.008125
0.004791666666666667
0.7020833333333334
0.0004166666666666667
0.0
0.0
0.0
0.0
0.0
0.0
8.969999999999999
1.3691666666666666
1.2545833333333334
3.173125
0.058125
7.251041666666666
5.85125
0.3229166666666667
0.3272916666666667
0.5325000000000001
1.8722916666666667
0.0
0.0
9.993958333333333
0.2920833333333333
9.624583333333334
0.06791666666666667
27.07229166666667
0.0
0.0
0.0
0.0
0.0
0.4335416666666667
2.2087499999999998
2.2495833333333333
9.882291666666667
2.438541666666667
3.1089583333333337
0.3814583333333333
1.765
0.24875
0.0
0.0
0.10562500000000001
7.788333333333334
2.048958333333333
9.790833333333333
0.38062500000000005
0.0
1.1964583333333334
0.11520833333333332
0.0
0.0
0.0
0.007916666666666667
0.024374999999999997
4.626041666666667
17.975624999999997
12.878750000000002
0.9629166666666666
3.4156250000000004
0.022708333333333334
3.831875
1.4956249999999998
0.0
0.05104166666666667
0.007291666666666666
0.0
0.019375
0.14395833333333333
0.7868749999999999
0.508125
0.03
0.005833333333333334
0.033541666666666664
5.371666666666666
0.22020833333333334
0.02291666666666667
2.150208333333333
0.04729166666666667
0.007916666666666667
0.04083333333333334
0.033541666666666664
0.022083333333333333
3.212708333333333
0.020000000000000004
0.0
0.0
0.0
0.0
0.0
0.0
0.0075
0.39270833333333327
0.27458333333333335
6.184166666666667
14.339791666666665
3.7089583333333334
0.15104166666666666
3.737083333333333
7.740833333333334
6.271874999999999
15.669791666666667
0.33979166666666666
3.4718750000000003
1.354375
4.272291666666667
1.453125
0.08416666666666667
0.15312499999999998
0.34249999999999997
8.069583333333332
23.27916666666667
0.4054166666666667
1.224375
6.601458333333333
15.782083333333333
0.5677083333333334
8.162708333333333
0.5304166666666666
9.357083333333334
4.8525
7.252916666666667
7.03625
4.494166666666667
1.7141666666666666
3.90875
0.0
0.014375
3.455833333333333
9.084999999999999
19.425833333333333
0.10541666666666667
5.039791666666667
0.9706250000000001
12.047083333333333
14.688958333333332
0.70375
0.04520833333333333
0.8989583333333332
0.16791666666666663
0.014374999999999999
0.15687500000000001
0.35604166666666665
0.6260416666666667
0.04270833333333333
0.12583333333333332
4.2977083333333335
11.256874999999999
12.621458333333331
5.935416666666666
2.4039583333333336
0.284375
3.1054166666666667
0.0725
1.9589583333333334
0.0025
0.42437499999999995
0.06541666666666666
0.005833333333333334
1.2604166666666667
0.09624999999999999
0.0
0.00125
0.9422916666666667
0.021666666666666667
0.0
0.0
0.0
0.0
0.0
0.0
0.25062500000000004
0.058958333333333335
0.02291666666666667
0.0
0.0
0.0
0.04833333333333333
2.4602083333333336
0.06749999999999999
0.011666666666666667
0.0027083333333333334
0.0
0.0
0.0
6.534791666666667
3.434583333333333
2.2172916666666667
5.301875
0.6339583333333333
0.7706249999999999
4.518541666666667
4.157291666666667
2.887083333333333
0.0025
0.38875
1.456875
0.6633333333333333
2.4183333333333334
4.942291666666667
8.365208333333333
6.3308333333333335
6.959583333333334
9.736458333333333
5.513541666666666
0.08041666666666668
0.06104166666666666
0.0
3.507291666666667
2.1095833333333336
0.03291666666666667
0.15333333333333332
5.628333333333333
0.43124999999999997
1.0833333333333333
0.8204166666666667
4.3125
9.881666666666668
2.326875
0.0
0.0
0.03333333333333333
1.309375
2.1462499999999998
0.7095833333333333
14.400208333333333
0.06083333333333333
0.0010416666666666667
0.0
0.0
0.10375000000000001
0.0
2.665625
0.0025
0.1847916666666667
0.9697916666666666
0.5243749999999999
16.64375
0.29020833333333335
1.429375
0.32145833333333335
0.0
0.0
0.005833333333333334
3.081875
1.5125
5.341874999999999
0.6954166666666666
6.056874999999999
1.4227083333333332
1.5266666666666666
7.516041666666667
0.048749999999999995
27.98645833333333
20.58375
0.0025
0.0
0.0
2.17625
1.5610416666666669
3.5545833333333334
0.0025
0.0
0.0
0.0
0.0
0.0
1.050625
0.0
0.0
0.0
0.008333333333333333
19.082083333333333
11.21125
6.340416666666667
0.21416666666666662
8.460416666666665
0.0
0.0
0.0
0.0
0.23416666666666666
0.0
0.0
0.0
0.0
0.0
0.0
0.0
0.0
0.0
1.4185416666666668
5.199583333333333
0.00125
0.0
0.04083333333333333
7.949583333333333
1.6272916666666666
1.9825
3.449791666666666
8.218333333333334
0.745
0.052708333333333336
4.588333333333333
1.8652083333333334
0.0
0.0
0.0
0.029375
0.0
0.0
0.0
0.0
0.0
6.244583333333334
1.4747916666666667
7.9729166666666655
0.0
0.0
0.5562499999999999
3.391458333333334
2.8129166666666667
6.695625
0.44625000000000004
28.282708333333336
1.7370833333333333
0.34708333333333335
0.0
0.0
0.0
4.9975
6.007083333333333
5.8793750000000005
0.0
0.0
0.0
0.5029166666666667
0.43812500000000004
0.7604166666666666
0.0
0.268125
0.0
0.0
0.0
0.0
0.37729166666666664
9.362291666666666
11.368333333333332
7.143541666666667
4.552708333333333
0.005625000000000001
0.0
0.012916666666666668
0.32375000000000004
6.108125
6.963333333333334
1.439375
1.1364583333333333
0.0
0.0
0.508125
7.443541666666666
14.834583333333333
0.0
0.0
1.0687499999999999
0.8510416666666667
0.0
0.0
0.01375
2.8764583333333333
0.118125
0.0
0.0
0.0
1.07875
5.385625
0.0
0.0
2.9718749999999994
3.6002083333333332
9.49
6.255624999999999
0.00020833333333333335
0.0
0.0
0.273125
0.13375
0.8418749999999999
0.0
0.0
0.0
0.0
0.0
0.0
0.0
0.9497916666666667
0.0
14.002708333333333
9.946666666666667
23.64270833333333
0.775
0.0
0.0
1.8777083333333333
0.06874999999999999
0.0
0.0
10.303541666666666
15.390416666666667
0.20916666666666664
1.6141666666666667
1.9922916666666666
0.074375
0.10041666666666665
1.8795833333333334
0.7399999999999999
2.4227083333333335
0.07625
0.0010416666666666667
0.0
16.389166666666664
24.386041666666667
1.73625
9.452499999999999
2.5775
2.831458333333334
1.60125
0.88375
2.8022916666666666
1.765625
0.06854166666666667
0.0
0.0
0.0
6.105416666666667
0.0
0.0
0.0
0.0
0.0
0.0
0.001875
2.4860416666666665
6.836666666666666
12.334791666666668
8.395625
34.38854166666667
7.095625000000001
5.169791666666667
7.295416666666667
0.21020833333333333
6.2612499999999995
0.043750000000000004
0.9187499999999998
0.012916666666666668
0.0
0.0
0.0
0.0
0.0
0.006874999999999999
0.0
0.0
0.0
0.0
0.0
2.751875
5.477916666666666
0.08
2.665833333333333
0.065
2.03875
1.7247916666666665
0.0
0.0
0.0
0.004375
0.006458333333333334
0.00125
0.09333333333333334
0.9024999999999999
1.224375
0.07083333333333333
0.26166666666666666
0.2066666666666667
0.016875
0.4570833333333333
3.657291666666667
13.623333333333333
12.486666666666666
33.68520833333333
7.319375
3.988125
14.416041666666667
7.458749999999999
19.051041666666666
3.7279166666666668
21.345208333333336
2.6197916666666665
2.998958333333334
0.0
0.00125
0.005833333333333334
0.005833333333333334
0.0010416666666666667
0.0
0.002916666666666667
