79.6629791667
82.4194166667
80.902875
81.9509791667
78.2168125
75.6276041667
73.2724166667
88.9620625
80.4798333333
91.9524166667
91.2334791667
83.3258958333
79.1455416667
76.8652083333
82.8496666667
87.5323125
80.8251041667
79.6595833333
83.6259791667
83.8146458333
80.60325
88.0763333333
75.8007291667
76.0138333333
76.13175
79.2344375
85.4866458333
81.5671041667
86.9899375
79.9928333333
78.0502291667
85.4019375
68.7509375
72.2220208333
81.4998333333
83.6209375
83.0210416667
70.919
76.9192916667
76.4208541667
60.6485416667
92.2071875
95.1289583333
87.7289166667
81.1789166667
82.6840416667
78.8426458333
84.9565208333
91.0691458333
80.0704583333
78.2570625
80.0603333333
88.24675
80.4032083333
76.27975
73.0065833333
68.3332708333
60.1398333333
64.4621875
79.256125
87.4545833333
89.3571875
84.0539166667
82.5080833333
70.5056666667
78.4514791667
75.97775
79.1823541667
87.6897083333
68.0157291667
76.6302708333
85.6323333333
91.6620208333
92.72475
69.0168125
82.2117291667
80.5734583333
86.2194791667
73.6561458333
54.0250833333
76.5799375
63.3895416667
77.492875
77.2278333333
70.1347708333
76.13875
89.317875
91.4064375
86.8725
87.1759375
84.0390208333
78.1150833333
73.5080416667
85.4777291667
80.6748333333
84.2559583333
80.5470625
74.5641041667
59.9681666667
53.9481041667
75.5262083333
66.8966041667
60.2375
59.0222916667
85.6034375
86.7486875
58.5628958333
64.7460208333
72.5004375
79.6024583333
84.7443125
78.0093958333
71.4079166667
82.307875
76.6975
74.3942916667
64.4631666667
72.9317083333
75.9885
73.1940833333
62.235625
76.9536041667
83.5815833333
76.5113125
81.0805833333
66.0541041667
52.7268958333
51.6945
63.9187708333
83.5413333333
79.1966875
75.0933541667
66.3023333333
59.5853541667
50.8671666667
65.3839583333
79.7058333333
72.903625
75.6832708333
64.37525
74.4473541667
61.1134583333
84.9800833333
75.5060833333
55.305125
81.9504583333
67.5526041667
64.3496875
54.8578333333
60.102
65.60125
64.0097291667
57.5540416667
61.3114375
72.7954375
87.2348541667
77.9882083333
76.2174583333
77.7067083333
75.7393333333
69.3055208333
70.2450833333
69.9892708333
73.12425
82.9757708333
77.2052916667
71.1949791667
86.6969375
76.25475
75.0762083333
65.6639166667
83.8902291667
90.5190416667
72.2219375
67.1792291667
69.2003541667
70.0869583333
74.0528333333
72.51125
67.2946458333
65.7741666667
68.6831458333
72.2623125
74.7303541667
71.264625
74.2151875
69.6406666667
67.7590416667
80.7719375
72.0296458333
68.881875
69.4208333333
73.7184583333
74.3187083333
72.6457291667
80.6060833333
80.4599583333
73.4096666667
72.6979791667
74.9209583333
70.7891041667
66.344
72.0993333333
73.3184583333
85.6449166667
77.6836458333
75.2354375
76.6817916667
77.4165208333
70.6694375
75.2445
72.0437916667
79.4330833333
75.4913541667
81.55675
74.7819375
70.4444375
70.3921666667
76.0750416667
74.1557708333
86.013125
73.8799166667
83.5132916667
84.0999166667
74.6477083333
75.1176666667
84.3137291667
73.2556458333
82.1608125
75.5842291667
84.8107291667
75.9049166667
80.3421458333
84.0827708333
78.8103541667
77.0057708333
79.72825
74.0612291667
75.399625
71.9186666667
78.5416875
74.2126041667
72.43925
77.5480625
78.0797291667
78.8253541667
77.97675
72.4917708333
77.09025
84.1023125
92.3325625
82.1136458333
80.7147083333
82.7087291667
77.4845208333
63.2795208333
72.1534166667
74.9905
63.1504583333
62.4787708333
72.3487083333
81.9361041667
79.5298125
81.2736041667
75.9365
73.755875
83.1597291667
81.6980625
81.0231875
85.0099791667
79.7139583333
76.6045208333
73.2223958333
67.784
65.4682916667
77.2918541667
81.7658125
79.5337916667
84.7642916667
80.339
77.9305833333
73.4557291667
78.6266041667
73.8471875
80.6515
80.7722083333
82.089125
90.8877708333
77.1779375
74.8915208333
74.4917083333
78.8004166667
82.1900208333
78.0507083333
70.7607916667
66.876125
64.1453958333
39.719125
55.5853958333
67.9463958333
86.7363125
87.6431041667
83.0882708333
87.7035208333
82.2472708333
90.5025
66.3512291667
82.3981041667
78.0506875
79.3818541667
79.7691666667
85.284625
81.9486458333
79.464
78.1293541667
86.1310416667
90.9811041667
92.1283541667
86.614125
93.7737291667
87.3280833333
87.6021875
83.588125
80.09625
88.9551458333
81.2765208333
84.8752708333
79.773875
81.688625
83.0455833333
83.7060833333
83.2484583333
83.1082708333
85.2116666667
77.1110208333
73.0796875
80.387
70.8581458333
90.6734583333
80.2416875
85.8185208333
86.8552916667
81.5470208333
79.5355
78.4710625
85.7988541667
80.3362083333
79.9884375
78.7121875
80.5140208333
79.391875
92.5373958333
82.8880833333
75.7960208333
92.8246041667
80.2117916667
81.2493125
86.205375
88.56725
85.3975625
76.2171041667
81.2737708333
88.2624583333
82.3662083333
83.43475
73.881125
79.6975416667
84.3243541667
87.0147291667
90.3926041667
92.8947083333
89.333
83.6998125
79.1698958333
79.3087083333
76.7159583333
79.6769583333
75.2409375
81.7350833333
81.7170833333
80.0666875
82.8340625
79.8349791667
81.4754166667
82.1944791667
83.5295208333
81.6846041667
91.571125
84.3348125
81.1882083333
77.2672916667
80.2361041667
81.1638125
84.0704583333
83.0872291667
78.028875
89.6342291667
81.0253541667
85.1965416667
88.8113958333
87.6039583333
87.777875
84.0464791667
78.4067291667
80.0341875
86.2116458333
85.2355416667
87.0216875
82.4144166667
81.8643333333
89.2751041667
77.5308333333
74.9287916667
72.179375
75.2552083333
69.2741041667
72.7860625
68.0689375
76.0972916667
76.7949791667
82.40175
86.2298125
79.3825416667
87.4757916667
71.0478333333
72.5527916667
64.9850833333
86.4738125
80.4421458333
79.5344166667
78.6941041667
75.5614375
74.3684583333
75.7266458333
86.1226666667
81.6645
81.0559166667
76.0086875
70.5064791667
76.6688125
75.6694166667
61.4068125
81.5864583333
72.2271875
69.9342916667
82.4086458333
74.5917708333
82.2416666667
75.5472291667
79.9188125
87.9818333333
80.9352083333
72.2083958333
76.7361666667
70.6908125
85.9183958333
73.3223958333
81.2272291667
76.6243125
69.3602708333
72.059875
64.5068958333
74.4109791667
83.8049166667
81.1074583333
74.6275
68.1681875
57.8793541667
55.9765
56.2011041667
54.106125
51.0391041667
66.3974375
74.4124166667
73.308125
75.2095
79.70575
58.8609583333
76.653625
89.4403958333
76.2051666667
78.6035208333
78.5418125
79.7563958333
61.7023958333
60.5513125
76.6771875
58.5748958333
51.2513958333
57.7443541667
55.2990208333
77.3388333333
85.7938333333
60.5065625
48.9126458333
49.2284375
42.1056875
41.9004375
42.70525
47.1048125
58.019
58.8759166667
60.6375
66.4431041667
60.8645208333
54.5310208333
54.3218541667
49.6167916667
70.1076875
72.2380625
62.96875
70.9318125
84.8390833333
77.6916875
84.1125416667
71.0567291667
83.3524166667
60.9526458333
67.3608958333
68.5311666667
68.7553958333
75.5593333333
74.1933333333
73.8222291667
88.403875
88.130125
81.6290833333
69.9295416667
73.6396666667
72.3394791667
76.4800416667
71.3300208333
79.6563958333
77.0940833333
79.4374791667
67.5128958333
77.6402291667
79.7565833333
80.2515625
71.3635625
80.394125
78.4581666667
75.0351041667
84.7618333333
77.5647708333
82.1857083333
85.373875
85.8744583333
85.82075
71.9648541667
84.2922916667
68.470625
81.9061458333
78.5886875
73.787
81.6929583333
87.3277708333
81.5931458333
86.45625
88.0895
87.8940208333
70.7354791667
67.7949166667
74.4165625
88.9090833333
87.8972916667
81.1335833333
69.53575
74.6725833333
70.9970833333
69.3868541667
64.7115625
84.3467708333
81.7470416667
79.25475
80.4276041667
74.9995208333
74.5882708333
70.8589791667
74.2452708333
73.0625208333
74.1094166667
70.9275625
72.0358125
80.0658333333
76.449875
78.0124375
74.685125
77.4316666667
77.4722708333
73.684625
69.738875
73.9414166667
75.656
80.4251458333
92.0838125
68.8169375
64.7326041667
80.5627083333
76.4563125
78.311625
73.8881041667
68.4065833333
67.1859166667
76.193875
70.6247083333
79.2145625
82.5225208333
81.4378333333
74.4606875
74.0058125
72.2902083333
79.3025625
82.9546875
76.5663541667
75.09275
82.411375
80.2403333333
81.8133333333
79.8429583333
77.1958958333
77.4675416667
88.4234166667
80.504625
83.1982916667
80.081875
80.7917083333
79.8833125
80.6525833333
81.0089375
91.5931458333
84.7510208333
89.4070416667
80.6272291667
83.6500625
83.1636875
83.2025
73.724
73.3442083333
72.6237916667
79.0751666667
78.02425
76.0364791667
80.5663958333
87.1032083333
73.0944791667
77.809
82.356875
77.5408125
81.4697916667
83.4400625
78.12975
85.0099375
90.7525625
86.747
81.7255625
71.4849583333
80.7588541667
77.5933958333
79.4775
80.98875
86.2771875
77.7928125
75.5678333333
83.6636458333
76.6039375
70.7921666667
69.6715208333
76.6270208333
62.3676458333
63.1244166667
73.8029166667
71.4593541667
74.2612916667
84.4074166667
91.9824583333
88.2596666667
85.4157083333
88.76025
83.8328541667
79.8782916667
82.08625
75.0214375
86.8338125
86.1068333333
79.8154583333
66.94675
77.2835416667
80.3644166667
76.2475208333
76.9660625
75.9562708333
79.321875
89.00875
87.1993125
79.658375
88.1882708333
89.5554791667
77.0226458333
75.0859791667
78.7608125
81.1935416667
87.1018541667
86.7715833333
84.9381666667
83.1643333333
83.4796041667
74.9702916667
57.3885625
79.6936041667
89.9776666667
75.6045625
83.2035
81.6493958333
76.2571458333
80.6372291667
87.8585625
80.6490208333
85.7833541667
81.4391458333
78.1486875
89.2604375
80.2767708333
77.2767708333
80.8319583333
88.6368541667
81.5398958333
85.751125
92.536625
75.1426666667
77.2516458333
88.3075625
83.227
82.0100833333
75.7441875
84.5242916667
81.1841666667
80.2102291667
84.29875
87.36225
80.8706041667
85.104125
80.0790208333
87.1162291667
75.3553541667
76.3399583333
85.1516458333
85.5989375
87.511375
85.7748541667
81.8776875
79.7365
75.2423958333
65.4898958333
84.5616875
76.7290416667
86.5588541667
87.8585208333
80.3536666667
72.3098541667
75.7819166667
74.669
71.6396458333
78.8037083333
91.3480416667
86.7446875
91.5829583333
87.7679375
83.9406458333
82.7277916667
73.96275
81.7548958333
88.6758541667
85.2852291667
80.0566041667
77.162875
80.8965208333
83.2165625
77.3827291667
81.8954791667
84.446125
77.1925625
80.3272708333
79.8688333333
89.7395208333
89.7264166667
79.6637916667
68.7939791667
60.9621458333
87.538375
87.094
92.4345625
77.9257916667
80.878375
84.4060416667
83.1331458333
85.1795
84.6334166667
95.3719375
73.2175416667
80.2307916667
72.6686458333
80.9957916667
76.6035833333
85.5675
81.8271666667
71.6223541667
71.22625
64.4925
59.2819166667
62.3447291667
81.9768958333
66.6123541667
75.7809791667
85.973
66.7202708333
65.613875
74.7135625
75.2566875
76.6322916667
78.1269375
86.0783958333
74.884
79.7304791667
86.8509166667
81.9299166667
76.888625
88.4042916667
66.5238541667
66.5449375
65.2589583333
63.425125
79.5552291667
48.6006458333
60.25675
58.6588333333
63.4607916667
63.5307291667
86.3209583333
57.26325
67.7648125
71.7660208333
84.6459583333
54.6246666667
51.6027916667
49.4370416667
80.9522291667
73.7187291667
87.60075
87.8140833333
66.7939791667
63.6758125
63.9782708333
77.1175
74.679375
88.7427916667
70.7183541667
68.5295833333
66.5976666667
48.5393333333
61.4486458333
66.6185833333
78.9075416667
88.196875
81.1560625
82.1517083333
80.899375
68.5388958333
67.6688125
66.6005625
69.029125
79.8759791667
73.0124166667
71.1495416667
80.1851041667
76.3153125
90.5230416667
82.5445208333
87.4705625
77.9130833333
73.758125
78.4154583333
77.4177291667
88.6012708333
91.3984166667
74.7808333333
72.4037916667
74.4269375
76.1251458333
77.8921875
69.0113541667
62.4280833333
77.2884791667
64.4294791667
63.9042916667
63.8845833333
59.3753333333
78.5588125
85.81025
74.1316666667
79.6925833333
76.4582708333
74.6008541667
78.9964375
77.9555416667
73.4640416667
87.0251666667
75.5296666667
77.7174791667
85.2050833333
73.0893541667
74.38725
74.3283958333
81.4872291667
75.7073541667
76.4828958333
75.3773125
72.8841041667
72.2979583333
70.6201458333
68.1004583333
80.17425
69.4393333333
80.133375
76.6915208333
72.7324791667
74.5020625
74.6269583333
92.2379583333
87.7954375
88.8433333333
91.8649583333
86.2726875
86.3714791667
75.4332708333
81.9042916667
79.1001666667
72.1438958333
81.4354791667
79.1837291667
72.140125
76.5564375
81.743625
82.5939791667
82.4999791667
77.44325
73.3433958333
68.3085208333
75.5925833333
85.4764375
78.7586666667
93.7352083333
93.0405
79.5370625
77.5422083333
76.6244791667
72.1346875
73.5136666667
73.5087916667
73.3907708333
82.4203333333
90.2728541667
78.7094375
82.43575
86.0532916667
77.2497916667
80.7006041667
87.0682708333
80.13075
74.2250208333
81.5136041667
78.4071041667
77.0721458333
81.4471041667
82.9694791667
80.0369166667
75.7892708333
77.6739791667
75.9906666667
74.2603333333
85.4380208333
84.3177291667
80.3270416667
83.7879375
90.4405625
72.5114166667
83.1392916667
77.2728333333
87.8835208333
86.6154583333
80.4278541667
88.1901458333
76.0847708333
81.0510833333
82.5799166667
82.4615833333
83.1283333333
80.2872083333
84.0453541667
86.2477291667
94.1336666667
87.0903333333
80.5253125
86.855875
89.0693541667
80.7670625
70.9839791667
88.6362916667
75.3985416667
72.1194166667
77.15025
79.380625
78.8698541667
79.0001458333
85.5804583333
85.286375
83.1214583333
91.2670833333
85.158375
91.6021875
92.1800208333
82.0140625
84.285375
84.1370416667
83.7584166667
89.4962291667
90.4085833333
84.9666875
82.0751666667
90.3260625
83.773875
83.5168541667
86.1696041667
72.6298333333
88.1852291667
78.7991458333
89.1053541667
80.7714791667
71.8522291667
74.7800416667
81.89625
77.6055833333
81.7050208333
80.4391041667
90.6202708333
94.5875208333
87.6967291667
74.0198125
76.3329166667
87.9186458333
70.5369583333
86.800375
89.08275
79.8076458333
89.2959583333
78.8990625
76.102875
71.6106666667
88.9326458333
94.6139166667
89.8844583333
88.7491875
87.184875
92.9595416667
88.48425
89.3240833333
90.29025
85.627375
81.49
92.0082291667
89.7452916667
96.1154375
79.5396458333
86.4994375
95.8678333333
82.7157083333
82.6419791667
85.7918958333
85.1194375
85.94075
84.4506666667
85.4995833333
83.2969791667
86.032625
84.9934166667
82.8416041667
88.7922708333
89.429875
89.0288125
83.5931875
87.5420208333
87.8156458333
83.5318541667
78.7633541667
84.8773125
91.8591458333
84.2392708333
85.3099583333
82.7079375
82.2103125
69.5156458333
80.4590833333
69.075
83.1293125
81.5957291667
85.1354583333
86.2928333333
86.363375
82.2748958333
77.3061666667
81.0642708333
79.73575
88.7790416667
89.4302291667
92.5365833333
91.6739375
91.8142083333
92.5278333333
89.0605833333
81.1844791667
89.2995625
89.0326041667
80.089875
86.9092708333
86.6980625
75.5787708333
88.5314375
80.64025
80.0288958333
80.2172083333
79.1841666667
91.3351666667
87.4020208333
84.7629166667
85.8194583333
80.289125
80.7654791667
81.752
80.8292916667
84.9917083333
93.0531041667
81.7672708333
85.0254375
82.4929583333
72.2587916667
68.2550208333
68.462625
64.8107083333
72.6548333333
79.9633125
75.6964166667
83.64325
74.8951458333
87.9411458333
81.5555
79.1097291667
85.0127083333
71.5581041667
75.2623333333
66.4353125
71.1268541667
73.3205208333
80.4921666667
78.824125
72.9869166667
81.5313541667
77.140625
75.3348333333
57.7247916667
67.8198125
88.3933125
80.8868333333
82.994625
82.60075
80.5523125
76.9898958333
77.1650208333
69.1833541667
67.8255833333
68.5508958333
62.1533541667
74.9397708333
69.2729166667
74.6918958333
75.7585416667
65.30525
68.9291458333
72.7090416667
62.4566041667
57.8445
61.1873125
82.3355208333
83.0031041667
66.081125
80.6088541667
78.1931041667
71.5234166667
78.988375
69.9676041667
61.0542708333
58.8336666667
57.3455208333
51.7082291667
53.7056875
43.0956458333
57.9284583333
55.2695416667
66.7243125
78.6314375
68.0831458333
68.058125
59.7959583333
78.4970208333
82.7244166667
69.608875
82.9064583333
70.4688958333
57.2021875
65.295125
83.7144583333
70.7852291667
84.0411666667
63.5148333333
69.3949791667
84.5417083333
82.3489375
66.1898541667
57.4240208333
61.7027708333
60.9486666667
63.0868125
77.3870208333
77.760875
74.820625
69.76475
84.2091041667
80.2274166667
86.2969375
78.0165208333
72.354625
68.8956458333
62.3873541667
80.3387916667
65.2774791667
52.8012083333
61.045125
62.2010208333
57.25275
58.3692083333
61.5160833333
63.4664375
67.0485
71.6000208333
77.2342083333
66.5940208333
66.0154583333
85.0670625
79.6265416667
81.7274375
76.3823333333
71.3933541667
89.7936041667
71.9220625
79.5137708333
81.3083333333
82.1502708333
78.4501875
81.513
71.6535625
80.6258958333
72.9018333333
76.3193541667
77.0214791667
79.105625
76.4453541667
71.2545
70.5825
74.1728333333
79.4895625
69.0506458333
68.749125
65.6730625
70.9967291667
68.0110416667
61.8860208333
74.2818333333
69.4711666667
63.2014583333
66.9447291667
60.0260833333
63.3581875
64.9454583333
69.262625
59.9829166667
63.2421041667
68.3223958333
67.249375
68.2225833333
72.9719583333
75.7596666667
67.6471666667
80.4513541667
69.940375
68.5978541667
54.4432708333
48.6833125
51.29975
58.1380833333
46.4346041667
50.3204375
79.0816875
82.1180416667
77.6894791667
85.1082708333
77.6521041667
70.9540208333
77.7107083333
67.9036666667
63.4320208333
61.519
62.1729375
71.3176041667
64.2148333333
74.0374166667
61.2241666667
67.8990625
70.459125
70.1971666667
65.7942083333
69.7655
73.8202708333
77.0542916667
73.5507916667
71.9381875
74.2115
72.1306458333
67.9262708333
69.1362916667
68.6263333333
76.5586666667
67.242
56.974625
60.1139791667
77.2499583333
75.6683958333
70.3630833333
69.4533333333
68.439625
70.9634166667
74.3944375
78.4701041667
74.3310625
71.9935625
71.8908958333
69.4361041667
65.2312291667
68.9643958333
75.9820208333
67.2819583333
72.6528541667
74.193125
72.1278333333
71.1877916667
64.7772083333
73.4791666667
76.3802083333
73.7009791667
87.3261041667
88.6580833333
83.3181875
86.3797291667
79.1309791667
76.6798541667
85.6701041667
89.4486666667
85.529125
84.7415416667
87.3107708333
83.9126875
82.0882916667
88.6446041667
79.6933125
74.4680625
75.213
86.528625
85.5360625
87.5152083333
80.1269375
79.556375
80.30875
87.8034583333
90.90825
89.0645208333
85.4211041667
90.0662916667
87.7666041667
84.4131875
79.6249375
81.4215208333
84.1934791667
85.494375
90.941625
92.3100833333
75.9043958333
67.2781875
56.9363541667
50.8257916667
76.1349375
73.2793125
78.2133333333
87.9812708333
82.7609791667
85.6225
88.4874791667
84.7866875
86.9027083333
86.499
65.6627083333
72.9608125
78.7343541667
83.5635625
72.337
72.9709375
73.5675833333
80.7082916667
89.62075
87.6033958333
92.17525
82.20575
78.3810625
91.0820625
92.1945
92.8699583333
86.9785
94.0365833333
94.43175
78.87425
81.6217916667
81.6752083333
84.039
85.1095
82.0031666667
83.5889166667
87.7816041667
75.6586041667
82.0279583333
82.3163125
70.8429375
85.2970625
68.4220416667
88.3458541667
93.2077916667
83.4715
93.051875
91.6019166667
85.0333125
81.7149791667
76.5528958333
80.27425
80.0258958333
78.8930625
88.7450208333
90.9122083333
76.4561666667
90.735375
71.7344583333
75.7148125
83.573
82.8957291667
78.1654166667
82.1439166667
79.0827083333
81.0017291667
82.3969375
86.0065208333
76.3751875
77.9000208333
61.2878125
85.5144583333
81.0313333333
84.7376875
77.2730625
77.2351041667
88.6448125
83.6707291667
90.2655208333
72.4266041667
81.7454375
70.2079791667
80.1235
79.6514583333
76.2709166667
86.018125
87.9270208333
81.6119166667
77.9253958333
83.1705416667
86.2659791667
84.1871666667
86.9160833333
88.8618958333
84.4047708333
80.2193333333
81.8534166667
81.4549166667
82.0470833333
70.766375
72.5945208333
83.3493958333
81.3102291667
86.4357708333
66.8784583333
71.9101041667
66.491
66.4033541667
56.0803958333
92.1025625
88.23275
79.1381875
85.4553541667
86.1711666667
82.6716666667
77.6408958333
67.0611041667
78.39275
78.7168125
80.774
76.751125
80.2520416667
60.995125
58.0365416667
51.7356875
72.5088958333
82.0147291667
75.0424375
72.8763541667
86.3624166667
85.6069166667
76.9232708333
66.7365416667
69.1349166667
70.4989375
78.337375
64.6664583333
91.5440625
71.8130625
91.5530416667
72.8797708333
78.598
77.9990208333
76.611125
90.0106041667
72.2832083333
78.3852083333
79.9314375
78.8830833333
76.1724166667
91.2569166667
75.6034791667
89.4204791667
83.7177291667
85.5439375
82.0579166667
89.9890416667
83.46075
67.4047916667
50.9270833333
54.2159375
76.6207708333
68.0015
68.1910416667
78.7745208333
70.9176666667
81.1046875
67.6543958333
72.6020833333
72.9185833333
65.8447291667
76.3980208333
64.1775208333
77.8469166667
68.6345625
83.1175
77.1674791667
73.3551458333
62.3765416667
75.2545416667
81.1795833333
78.3711875
77.4592708333
73.4757916667
70.8093958333
84.7999791667
72.7920625
82.8957916667
76.8271666667
77.6657916667
67.1955833333
84.5794375
62.3296458333
67.8055208333
74.4443541667
93.9426458333
92.5931458333
92.3217291667
83.5053541667
89.58175
73.3874166667
80.5913333333
77.991125
67.7919166667
64.6045833333
71.9215208333
66.5637708333
67.6612708333
81.780125
58.8246458333
59.7311458333
56.9200625
75.3703125
71.363875
70.674375
64.8292291667
76.6882083333
70.691375
69.4982708333
73.2433958333
61.533875
77.714125
56.0890416667
56.9645208333
62.5921041667
59.7401875
59.0584375
61.629125
74.7538541667
78.4617708333
85.685875
65.6983958333
78.0801041667
77.0081041667
85.4534375
74.4226458333
68.7275208333
66.3059583333
61.1746458333
70.9863541667
72.8799583333
71.6713958333
59.1839791667
57.0289791667
57.0239791667
59.1123125
60.7756041667
74.2469583333
66.922
81.1058541667
65.4114166667
69.1765
92.4769583333
59.7035
63.4340625
62.857375
59.3239583333
82.5869166667
74.3651041667
57.5056666667
63.8684791667
65.3251666667
71.0825833333
61.5166875
47.9423541667
57.7453541667
61.6003125
69.4494791667
82.0602708333
86.8289375
89.5551458333
76.6278958333
70.1855
73.4543958333
72.3250625
76.5270833333
63.5408125
68.5185625
71.1141041667
68.1670416667
68.5249375
75.30375
73.2132916667
66.3862083333
60.0402916667
66.4790833333
79.3745416667
76.3998333333
69.598125
62.0708958333
72.2336458333
69.3460833333
68.8004166667
65.72775
63.5329791667
60.9885416667
71.2608541667
67.483875
70.4318541667
62.4136458333
54.0858958333
55.5983958333
60.5669791667
57.2464791667
74.3409583333
81.7143541667
63.1135208333
72.5085833333
74.9356875
86.9678541667
83.5990625
74.2820833333
76.2294375
68.8162708333
78.2897708333
78.6139583333
84.4057291667
72.1271041667
76.9364166667
75.5706875
74.7786458333
79.7132708333
74.3231458333
80.5954791667
81.9828958333
83.2767291667
60.7779583333
85.2796041667
83.58175
76.9217708333
67.487375
68.7559166667
69.6171666667
69.9756458333
72.6429583333
79.3318541667
74.9521875
73.0738125
70.3284791667
75.4571458333
72.4801458333
80.1165416667
78.0828125
86.1619375
85.0724583333
72.5590208333
82.495625
83.9380208333
77.7683541667
79.5555
73.0098541667
79.3888541667
66.9311666667
85.2933958333
80.19875
75.1962916667
79.9227708333
73.0553541667
86.860875
76.0633958333
83.3616041667
80.2614791667
89.9570416667
87.7577916667
83.0387083333
87.7848125
88.34025
91.9299166667
65.21875
72.89775
72.1214791667
82.4625833333
91.6539375
93.3521875
81.42275
88.1531458333
83.0858541667
75.182
77.2438125
81.3195208333
81.4386041667
91.1095416667
83.9782916667
72.6623958333
87.7206041667
78.3098958333
78.4969375
85.9955
85.4232708333
78.8872291667
76.27175
76.8297291667
90.1763333333
86.8923125
88.0748541667
86.3981458333
81.1243333333
79.7284166667
85.6168958333
87.1520625
83.6940416667
72.8724791667
83.7150416667
85.0389375
87.2752708333
90.1047291667
80.1301458333
87.4126041667
80.2262916667
77.9312291667
90.0147916667
70.0197083333
78.5644375
80.3688125
83.8158958333
88.3019583333
79.6834791667
74.9072916667
77.79475
86.0531458333
73.5489166667
81.9579791667
82.7570833333
86.84875
82.7664375
79.9732916667
79.1814375
85.9006875
83.834375
83.1128333333
77.161
76.5401041667
70.1608541667
77.297
70.9491458333
78.9019791667
78.5552708333
85.3088958333
86.2250416667
76.3008541667
85.4206458333
82.8788125
80.2345208333
74.5577083333
77.2309166667
79.9054375
81.9213541667
86.7623125
87.5472083333
91.05025
84.1152708333
86.0802916667
77.075875
81.8247083333
87.2162083333
68.148375
82.3175416667
77.33875
85.1695833333
82.0999583333
59.2419583333
76.1145625
67.1754166667
78.3053958333
70.9476875
72.0172083333
71.6847083333
64.3815416667
73.487375
76.9114166667
88.8113125
86.2110625
75.4558541667
80.8625625
87.7719791667
85.5285833333
76.8529791667
82.43625
90.5352708333
87.7225
76.1585416667
81.8953541667
77.3899166667
77.2757083333
71.9344166667
65.9093333333
75.5081666667
71.1925625
65.0831458333
71.2295416667
76.5378333333
73.8218958333
63.5080416667
81.731875
67.6203125
61.7633541667
50.4443125
55.8700208333
54.1183333333
60.0940625
55.9330833333
56.6926041667
86.4957083333
69.5332708333
74.9631875
73.6372916667
79.0252291667
73.3814583333
76.8240208333
89.6859166667
87.9857916667
83.8849166667
85.1491875
75.1839375
81.0967083333
80.1528333333
69.5160208333
83.5588333333
85.8107916667
79.5248958333
92.2493333333
68.8807916667
65.4680625
58.1779375
83.4549166667
73.53425
64.7980833333
56.6690416667
57.8116041667
56.7550833333
53.5633333333
58.8661458333
53.6459375
56.8705833333
55.73325
51.5390208333
59.2891666667
52.8238333333
74.8319166667
82.8155
73.8880208333
78.672625
71.4471458333
70.1971458333
90.8939166667
70.3196875
76.4770208333
63.7168333333
77.3103958333
80.3571666667
82.6586875
92.5839166667
83.9976041667
81.5675833333
76.9278541667
78.1920625
72.2833333333
71.0243541667
70.3514583333
93.3457708333
82.9365416667
79.7499166667
88.877875
85.7244583333
80.6241041667
86.050625
93.8251875
80.48525
82.548
81.0848958333
68.9449583333
72.7783958333
62.004125
87.415625
73.9050208333
91.8547083333
77.226875
81.6714166667
78.8236666667
70.4719166667
70.6217916667
68.751
71.81025
86.0601875
79.8660833333
77.4684166667
76.6595833333
70.6030208333
71.60975
62.7384583333
77.3789583333
60.4929583333
59.8782708333
67.7990625
81.8785208333
77.0126666667
67.1232291667
73.8407291667
70.0221666667
72.51975
65.9846041667
78.6683333333
87.5278333333
80.1580625
78.5835
76.7961666667
73.3028125
67.1983541667
68.7527916667
62.6845416667
65.7630625
71.1888958333
81.7462708333
86.6083541667
86.9822083333
82.9462291667
80.2076458333
89.815125
78.1419791667
79.9900416667
77.2563541667
75.2302291667
71.7580208333
70.7335416667
72.9581875
77.6472083333
78.7392291667
81.7319166667
78.1559166667
67.8085833333
67.8665208333
93.7555208333
73.0765625
71.0152708333
84.8189166667
81.1874791667
84.3073125
76.1994791667
74.0318958333
83.5776666667
90.2034791667
93.1025625
78.9402916667
83.3260416667
76.2793958333
75.9350208333
77.6788541667
76.2413541667
72.54925
69.4875
70.2685833333
72.3311666667
61.4981666667
62.4927916667
69.3570416667
82.7442708333
80.3177291667
73.144375
72.8738541667
66.857125
70.55075
64.7724583333
62.6275208333
72.4644166667
68.0405625
77.8453125
75.6607083333
87.2169583333
82.2853541667
89.4689791667
89.026375
85.6333333333
81.1772291667
79.0209166667
80.99625
79.2277083333
83.4790625
83.4807291667
84.3695208333
77.4343541667
81.4299375
77.7985416667
76.380375
77.4161458333
86.9220833333
85.5820833333
85.3268333333
88.4273958333
83.0539583333
81.0825
86.3074583333
86.8010416667
77.924875
84.8422291667
83.6710208333
82.4002083333
83.0784583333
83.3623125
71.9014583333
75.45
83.3539583333
88.4323958333
82.1007291667
84.1859583333
83.5789166667
78.53675
83.7137708333
83.5159583333
78.1091458333
79.1638958333
77.71925
85.8557708333
72.9272083333
88.309625
88.9177291667
87.0163958333
84.7248541667
82.7787083333
82.6072083333
91.0470833333
82.3605
78.6001666667
84.9456875
90.1831041667
86.0548125
86.3356875
85.0933958333
83.2397083333
82.2482083333
86.191
89.249625
88.4255625
86.7950416667
86.377
79.0275625
75.5396041667
76.069875
83.5134791667
83.4108541667
91.5113541667
89.3035208333
88.801
90.051875
88.4925625
88.24025
74.2876041667
79.0477291667
80.4547083333
81.0202083333
82.4594375
76.03175
82.5755625
84.8691041667
84.126625
89.4541875
92.1045
86.944625
89.4350833333
83.818
89.8264583333
88.4892083333
83.2232291667
76.5097708333
88.7425416667
88.5115416667
87.95925
92.5098541667
91.5090833333
89.8217708333
92.9236875
90.9372916667
83.4385416667
87.28575
77.5262083333
85.6328333333
78.4841875
64.1438333333
84.6410625
82.9166875
87.6768958333
77.9972083333
87.0394583333
79.3242083333
80.3262083333
92.0541666667
85.99025
85.3767291667
84.6024791667
81.634
79.36925
82.1126458333
83.780625
81.0715208333
83.8824791667
88.1882291667
87.9229166667
82.9027708333
80.4057083333
83.5153333333
86.9961041667
88.6132083333
85.2696875
86.8951458333
85.5964166667
87.9940208333
88.1596666667
82.9024375
75.5803333333
78.7854791667
87.1338958333
73.3766458333
73.5207708333
82.3791666667
83.5752291667
82.081375
84.5552708333
69.4552083333
64.0476041667
72.9226875
69.9503541667
85.9407708333
75.5538333333
74.7103541667
81.2429583333
79.4241875
74.4675208333
68.9441875
74.2304166667
73.0058125
61.7551458333
70.0081875
73.5045833333
77.8179166667
63.6995833333
54.7827708333
75.7233333333
78.3832916667
79.2071875
75.8999166667
82.2154791667
78.6957291667
83.7528125
91.8337083333
84.9381666667
88.4965416667
78.2582291667
70.7663958333
80.2197916667
79.8110833333
88.4596875
75.2949166667
80.1007083333
75.9631458333
73.3923333333
78.6577291667
80.8069583333
89.645
83.1163333333
88.8337916667
88.0726666667
81.5723958333
83.735375
84.2550625
77.3262708333
81.2798333333
76.0595625
80.5791458333
75.9202291667
84.0121041667
82.478625
65.5759166667
77.267875
66.1765208333
81.27825
88.2772291667
64.911125
76.218
58.4771041667
59.2961041667
76.0212083333
66.8962708333
66.1574583333
72.8081458333
81.6118333333
78.1449166667
78.0960208333
75.0634583333
81.1275
81.7201666667
88.3911666667
71.1173541667
63.63775
63.8708541667
58.708875
63.6629166667
67.8695208333
80.1566458333
59.2987291667
73.645375
76.6764791667
84.7047916667
81.352875
72.8655625
66.796125
70.2566458333
74.567375
82.7214791667
77.411
69.9050416667
65.2654375
64.0813333333
70.8623125
80.2950416667
78.5884791667
80.4069375
75.8891875
77.13525
74.6572916667
76.4217291667
62.2555208333
58.2048541667
61.1233125
59.4265
73.170875
72.8658541667
85.2341666667
81.46075
73.2995625
69.4227708333
60.5843333333
62.5588541667
84.741
83.3331458333
63.4883541667
70.1310833333
64.7235208333
57.3988958333
51.9183125
63.9111875
81.578375
78.7238125
72.6908333333
83.0716875
77.8845625
79.9859375
76.446125
82.390125
83.9604375
79.2473541667
68.1135625
65.44325
80.9207083333
74.985625
64.108375
91.0228125
79.2998125
81.9824375
78.57075
79.7475
85.8558333333
90.8835416667
68.0863333333
85.3628958333
77.8299791667
73.7877916667
86.2340208333
74.3511458333
71.1846458333
55.048125
60.7528333333
74.9688333333
67.2728541667
80.9839791667
87.2446458333
80.8814791667
76.5592916667
73.8757083333
66.6428125
62.9620625
68.7152708333
69.4506666667
70.6489583333
66.0206458333
75.1573541667
72.0150625
80.6220833333
83.2564375
79.7416875
74.8050833333
70.5066875
79.2590833333
73.4359375
77.8435208333
80.4455
65.6699166667
80.66625
84.6326041667
67.9125
75.6856666667
67.4593333333
62.6037291667
83.1844166667
79.9908958333
81.7302916667
77.1805625
75.2788125
69.0160625
81.8376041667
82.1531458333
71.0810833333
75.445
86.1358958333
81.8027708333
82.5038541667
83.8075416667
79.0796666667
78.5079791667
79.5797916667
78.0883333333
72.7279583333
71.5556458333
72.0086875
70.2679166667
74.2423333333
73.09425
72.6409583333
74.1506875
66.7059166667
68.7647708333
85.7458958333
81.1071666667
83.7736458333
74.3358541667
71.43375
87.3546458333
73.946625
74.2523541667
80.7266458333
80.1270208333
78.3383333333
80.5639166667
80.4719166667
79.4002291667
87.2015833333
80.4937708333
73.1255416667
80.7927083333
73.6773541667
73.059625
82.3628541667
79.4740625
81.5027291667
78.9786041667
74.7272916667
86.2145833333
73.5716041667
73.8060833333
76.6936666667
87.6121666667
71.0527916667
71.5015
85.74575
88.7980416667
91.0408333333
81.2798541667
72.5458125
77.3105
80.946625
80.5369166667
75.0298125
78.4531041667
84.8426041667
90.4140625
91.0251666667
83.8531666667
79.0111458333
82.6395833333
82.4548333333
80.7258125
73.0218125
76.2167708333
76.7051458333
83.532
93.5000625
83.3138541667
80.4237083333
85.4774583333
82.1843333333
87.5898125
84.1891666667
82.1768541667
76.910125
80.7910416667
80.7311041667
82.3575208333
84.8618958333
79.6641041667
76.7070208333
71.2621041667
76.5109375
75.505625
91.4478125
89.5212083333
86.2771458333
85.1915208333
74.439375
80.5373125
88.9044791667
87.8896041667
86.4957916667
82.308625
86.5802291667
87.1461666667
81.5719791667
82.3944166667
80.6761041667
83.6610625
93.007125
95.8191458333
91.6824375
81.8878958333
79.6011041667
61.5976875
68.97975
87.842125
91.7957291667
87.2704166667
83.5842291667
79.7106041667
86.6153541667
86.7271666667
93.5620208333
89.6313125
81.5313125
91.515875
89.9529166667
82.9650208333
88.5799166667
74.1781458333
65.1460208333
84.0891041667
81.1354791667
91.2502708333
79.5108541667
88.1352916667
86.1138958333
81.2555833333
83.5902291667
86.4435
84.4716041667
83.9773333333
86.7912916667
85.7882916667
75.7774166667
82.4660208333
81.4686458333
78.8686875
79.599125
87.6644166667
87.1236875
83.1004791667
89.4286875
74.490125
83.7737083333
84.1455625
82.0296458333
90.0285208333
85.9840208333
77.3229791667
72.9605208333
67.9877708333
85.7173958333
79.4000416667
80.3494583333
71.9468333333
76.469375
85.6266458333
80.16025
76.8566666667
80.7984375
79.8410625
91.7965625
82.9902291667
79.775625
79.7738958333
72.9031666667
66.9963958333
78.0396458333
77.0947291667
82.9092708333
77.5011041667
70.7614166667
63.5039166667
87.2603958333
81.424875
83.1457291667
77.5665833333
82.4666041667
87.8612708333
79.4454791667
75.0956875
74.50975
78.1599583333
66.422
70.21725
78.4775208333
66.4672291667
59.046125
60.7371875
69.7594166667
74.2526041667
82.4641458333
91.5917291667
96.1419791667
83.6840625
86.1330625
90.4052708333
88.5780833333
90.9203333333
88.8097916667
89.3125208333
87.3172708333
85.3998958333
77.1625
69.8240625
61.5265208333
63.0522916667
77.3756458333
75.4742916667
74.2653958333
83.5508333333
89.2708125
58.8366458333
77.4427083333
81.2271666667
69.1975208333
78.5874166667
81.0508125
79.7854583333
66.13075
66.99325
86.8588125
91.3379791667
85.7031041667
69.87325
88.12825
86.8994166667
88.8816666667
86.4519166667
68.9582291667
73.6235416667
64.3809583333
75.4343333333
61.8031458333
71.0654375
72.3395833333
79.77075
77.3068958333
70.2332708333
74.677125
71.7578333333
73.0768541667
78.529375
81.7970208333
86.1292291667
68.7818541667
64.0101666667
58.0695208333
78.5459791667
65.3433541667
49.8182708333
52.1831458333
77.025875
78.5323541667
78.5497083333
77.4351875
71.5029375
69.89325
86.4446041667
69.2290416667
66.6412291667
79.9235
86.2618958333
84.3245416667
68.4923125
63.7561458333
80.6860208333
78.7928333333
72.8591458333
80.4912291667
67.9714166667
67.2748333333
85.2876458333
70.91175
63.9215416667
69.0394375
71.954625
78.1986458333
81.8401458333
64.7903125
76.160875
86.3920833333
76.5503958333
77.7668541667
75.40225
85.4217708333
90.1557291667
89.1201666667
73.7277916667
72.2829375
73.7124583333
70.421875
72.5208333333
51.9028958333
58.063875
71.3891875
77.941
83.8923125
78.2945416667
71.2467916667
75.3255208333
70.6907083333
50.3679166667
66.7509791667
73.9049583333
68.5549791667
64.1494166667
66.2727916667
62.8624791667
65.3624583333
62.6735
62.0105
64.722125
66.0002708333
57.445125
80.8865416667
79.6858541667
73.9221458333
73.3864166667
85.5602083333
66.3053541667
69.2202083333
62.7684166667
65.7215
77.7140208333
72.1777708333
65.0040208333
73.7616041667
65.835875
65.900125
73.8287916667
73.717625
85.1862916667
76.3014375
85.9345208333
80.6071458333
81.7057916667
69.8442291667
64.89125
68.8576041667
66.5451041667
62.6633125
65.0747083333
59.3496041667
68.5694791667
59.9324375
59.4878333333
58.0832708333
64.1612708333
63.1299583333
57.1283541667
71.1517083333
84.309
75.2823541667
72.3098333333
75.1550625
71.4885208333
66.5345
91.5840208333
93.2945416667
85.6391458333
75.7806666667
90.575125
88.566125
90.0878958333
76.8308958333
74.3225625
78.6021041667
80.74725
79.3428333333
81.1201458333
74.2217291667
76.2773541667
75.4715
86.4037291667
75.1391875
78.8849583333
69.5792083333
71.6835208333
71.3446666667
79.3631666667
74.0065625
73.486
86.102875
87.6624791667
76.716875
94.2282708333
91.7619375
92.5951041667
83.6314375
81.2052916667
81.323125
72.367875
70.7515833333
81.7990625
79.6840208333
79.6416458333
77.5476458333
81.4563958333
81.5980416667
79.6028125
80.1297708333
73.9685416667
79.3330208333
81.8691666667
80.7600416667
75.5830625
87.335875
74.2315416667
81.2050208333
83.259625
82.0716458333
84.4857083333
77.8759166667
81.9422916667
74.1103958333
78.4526041667
87.3606666667
84.3060833333
73.7998541667
86.9759583333
81.2382291667
80.5495416667
94.6552291667
82.0715
79.748875
84.4610416667
80.1516875
75.3185625
74.1367916667
87.9276041667
90.6172916667
86.259625
88.3407916667
75.3970208333
79.3586458333
81.3324375
82.707125
76.9179375
86.6116041667
83.97975
80.2551041667
83.9850833333
77.2476666667
82.5728125
88.214875
85.8099791667
78.1429791667
88.7909166667
91.5840833333
73.1497916667
84.263625
86.1914583333
84.7109166667
85.3628125
79.578125
76.1079166667
85.8767708333
83.44225
80.78525
94.9803541667
93.3377291667
90.7593333333
85.2678958333
91.8810833333
86.5242916667
74.6593333333
78.07075
90.2484375
90.1585833333
88.324625
87.7233958333
86.2091041667
89.6709166667
84.7970833333
78.1355416667
85.2495833333
88.0248125
69.1819166667
84.8676458333
84.324625
78.7863958333
85.6159791667
87.0152291667
69.068625
78.5488541667
80.620625
81.4474791667
86.6405833333
82.4594583333
89.4515625
85.1720833333
91.2626458333
85.9278333333
86.1894791667
80.6476458333
81.374125
90.3791666667
84.2493541667
87.2663541667
78.0545416667
80.1788541667
86.77575
79.0286666667
74.2247916667
78.5477916667
65.4008125
72.1559166667
75.6315833333
79.9995416667
84.5084583333
79.403125
86.393625
86.6144791667
87.266625
92.1295
93.0195625
88.1419375
88.0919375
86.82525
80.7679375
83.2402083333
65.4092916667
70.0139166667
72.4408125
71.4350416667
70.7959583333
69.4272083333
91.3407916667
84.7040625
85.0369791667
72.495125
90.9087291667
92.8028333333
89.8277291667
84.4417708333
91.4851041667
92.7576458333
93.5092708333
91.4618958333
86.0277083333
84.3749791667
85.0663333333
85.4160416667
83.3793125
84.6764375
80.3855416667
69.0191458333
63.9620416667
64.71075
74.5748958333
95.2523958333
93.0195416667
92.5681458333
83.2449791667
62.5718333333
73.6200625
70.4318125
71.3310416667
71.894375
74.4908333333
71.987625
64.7875
67.709875
66.2124166667
61.0346041667
67.9434166667
75.5198541667
75.4740833333
89.2660625
85.9208333333
85.4380625
74.07675
69.2025
77.4178333333
91.212625
94.2160416667
92.4860416667
68.304625
70.978375
74.9636041667
69.8786041667
79.7113541667
74.2074375
89.7184375
81.470875
63.6011041667
78.3854166667
68.5102083333
80.6994166667
64.628375
67.7207916667
77.4755416667
75.3801041667
75.8125625
79.8156041667
74.8327083333
68.6632708333
79.742
81.6863125
71.1844375
71.5000625
71.3993541667
60.7195416667
67.4655208333
66.330375
63.42925
64.4061875
60.3381875
56.6704583333
50.0347708333
49.1852708333
46.9052708333
61.5352916667
76.3166666667
66.3820625
79.3919791667
86.4443125
87.2292916667
69.4730833333
70.0388333333
69.4834166667
59.9332708333
76.1874166667
57.1309583333
86.9932291667
66.7545833333
71.5575625
75.4845208333
73.0609583333
64.5212916667
79.1828958333
66.37175
67.6418125
85.8732708333
87.5025625
86.0455625
75.1356458333
66.8562916667
64.0216458333
79.3721458333
66.01925
90.8294375
84.2532708333
89.1891875
71.1809583333
86.3756666667
91.1858958333
85.2672083333
84.3697708333
83.9839166667
71.3425
66.5623541667
70.3630625
71.7992708333
79.1572916667
92.1460625
92.2107708333
74.1849166667
90.7136666667
80.4481875
82.8849583333
79.5907708333
86.4109791667
83.6036666667
75.99625
78.6685833333
76.4022708333
88.3169166667
78.637625
85.074625
70.4758333333
81.657375
76.4964583333
76.7930833333
76.0454166667
76.2747916667
66.214125
62.9816041667
65.1784583333
64.8205
70.1765416667
80.1137916667
63.3477916667
64.5389791667
64.2030208333
66.025
71.0099791667
71.2578125
71.0194583333
80.77025
72.7442291667
77.179
70.6733958333
79.4742708333
79.8725625
83.3364791667
81.3163541667
76.6817291667
76.8583125
72.1270416667
84.79525
78.7585625
87.5634791667
87.4945416667
84.4189166667
71.6727291667
91.3424375
82.0181041667
73.9176041667
72.3592916667
72.679
63.189625
66.7553541667
89.3484791667
77.0630416667
75.46775
74.8374166667
79.95975
82.0499791667
68.4004583333
83.6524791667
74.3124791667
91.8872916667
83.6200208333
78.0707708333
79.652375
76.262375
89.4688333333
78.6914166667
74.5344166667
75.0764791667
77.5718333333
78.9653541667
91.0486666667
80.4867708333
72.6913958333
75.8670208333
80.3256875
80.7253958333
79.6793958333
86.1890416667
72.0429166667
79.5981875
79.4232291667
80.1769166667
80.155875
80.9992083333
72.0506875
80.4230416667
85.7575208333
80.401125
79.0288958333
86.131
90.9911041667
84.1915625
77.7807291667
82.9891458333
82.2412083333
89.3755208333
80.9129166667
78.4765208333
79.7661041667
71.8085625
78.226625
86.1445416667
84.0099166667
78.589375
75.1148958333
80.3463333333
79.5992083333
75.2773125
73.8395
69.4916875
74.5864375
72.4678541667
71.8248333333
75.0477083333
91.9350625
81.9625625
80.8393958333
83.5258333333
65.3390625
86.6465833333
87.787875
77.0087916667
82.5675416667
86.6061041667
93.4923541667
88.0390833333
88.8487916667
87.1129583333
79.3535625
76.7475625
67.9630416667
82.5003958333
78.3562916667
80.2116875
94.6185416667
90.0810625
80.2785625
82.2965625
92.4855833333
78.7994166667
79.1165625
87.8815625
84.8825416667
89.6322083333
75.7277291667
74.9339791667
73.5718541667
87.358375
75.1976666667
88.1280833333
84.4330625
81.6819791667
85.9993958333
86.3088333333
81.0833958333
89.9871458333
82.3963333333
88.2985625
93.5019583333
88.2612083333
86.4930833333
83.5977083333
90.8409583333
93.5210833333
80.1484791667
71.8125208333
79.1184166667
89.9386458333
91.6028333333
90.4646458333
77.4880416667
90.367
88.9825208333
81.3779791667
88.9276875
94.6173333333
83.0275833333
80.5505416667
89.4342083333
94.01575
94.6318125
86.5781458333
81.9168333333
89.85375
91.2311875
79.7408333333
89.89225
90.6062708333
90.8180416667
91.2466458333
79.3095833333
82.9514166667
82.3007916667
83.9020416667
86.723625
78.3947083333
83.078
81.8430416667
83.1514375
77.4247083333
75.8434166667
81.8726458333
83.4681041667
79.457375
81.9182708333
80.7757291667
86.9145
82.909875
77.4868125
86.5852708333
91.3787083333
86.2428958333
83.6773125
88.4076666667
88.7654791667
88.5322708333
80.5089375
82.2711666667
93.2366875
81.127
79.5846666667
77.446625
94.1985208333
78.4205416667
82.3485
76.2519166667
84.5240416667
74.29675
73.0111041667
64.6033541667
85.4622083333
77.3079583333
72.8360625
82.4876458333
83.6423333333
74.6529166667
79.5255833333
92.4469791667
86.3920625
77.8475208333
76.7744375
75.7114375
84.6106041667
85.1969791667
80.8087291667
76.2600833333
83.8512916667
70.97575
77.1278541667
85.2160416667
83.0569166667
90.0866666667
83.5618333333
85.1332916667
80.9136666667
82.2242291667
85.9165625
73.7565416667
89.5303125
73.843375
83.684625
84.3639583333
73.4781041667
75.5753333333
86.7336875
82.6552291667
79.3587083333
88.5742291667
82.2040625
89.2457291667
79.3739375
71.3748958333
81.953875
70.0913125
86.2034166667
92.9562291667
79.8811875
84.7228541667
80.3160833333
92.0413541667
83.1926458333
83.7464375
73.7413541667
84.5774375
65.3862291667
86.0429791667
87.4733541667
75.5199583333
63.973875
71.1938333333
77.5321041667
67.7077916667
70.6114791667
84.9130208333
85.1426041667
62.4287708333
60.11375
61.3540208333
58.4327291667
50.2204791667
57.2262708333
51.7972708333
80.1030833333
74.5998125
66.0474583333
83.7417708333
66.03975
64.072625
53.56425
56.0532916667
52.0465833333
50.712875
41.7754791667
92.5284375
75.02275
74.8205833333
72.5094583333
80.307
77.3921666667
71.6048541667
68.5159583333
64.4665208333
57.5398958333
56.4060833333
50.501875
43.9161458333
44.1037083333
49.7014375
47.8575625
45.3272916667
43.9523541667
49.9785208333
78.7193541667
78.6886458333
79.2392708333
73.2094583333
71.1338125
70.8745416667
62.3170208333
72.3868541667
63.9808958333
55.3231666667
77.8975625
87.764
68.252375
66.7513958333
76.0203125
76.2237083333
75.1435416667
71.9108333333
66.5844583333
63.3277916667
88.9948333333
84.0278333333
82.2322708333
84.6172083333
77.7964375
78.0937708333
73.6118333333
59.8055833333
55.9685416667
69.9054791667
74.6262916667
60.4986458333
57.8364583333
66.0716041667
75.5337291667
66.2245833333
83.9155625
74.923125
74.9679791667
80.8359375
74.9028958333
79.4352916667
74.2240416667
73.6104375
75.3291875
86.6948125
67.3407291667
63.780375
60.4897708333
67.3404583333
67.1011875
61.1981041667
70.6922916667
65.6768333333
62.1867708333
62.2675625
68.9079166667
74.5247083333
85.9922916667
83.3190416667
91.0952291667
83.0688125
84.5841041667
80.9340416667
74.5498333333
89.1158958333
74.5476041667
68.2797916667
83.7373125
69.5514583333
66.1414375
64.3595
68.2211458333
73.8248125
67.0364791667
69.1962916667
65.3811875
83.1626875
78.5443958333
74.6356041667
66.8561458333
73.9117291667
69.0888333333
64.6464375
68.8108541667
74.1137708333
73.9922291667
57.3371041667
52.9232916667
58.4031666667
58.7815208333
62.6048333333
64.704
59.8549375
72.828625
67.6307291667
73.7638125
87.3640833333
69.8408125
68.1255416667
80.1744791667
69.989875
83.9724791667
69.6995625
72.518625
73.3988125
67.4631875
74.6146666667
76.3499375
82.2452708333
70.5138958333
85.1882291667
76.343375
78.1830625
69.6158541667
72.7182708333
73.8673541667
77.6469166667
62.8746875
78.2291875
88.5559583333
84.2478541667
86.0165625
80.8110625
77.8657708333
80.6455208333
80.8901666667
85.9272083333
80.8568958333
80.8600416667
77.9515
88.8485
75.9764791667
77.18875
67.1066041667
73.8942083333
76.2605833333
76.9154166667
79.5043958333
87.1440416667
88.4926875
84.7722708333
87.8785208333
78.2614166667
68.4463958333
68.6056458333
75.5188125
91.69475
92.9690416667
85.6293541667
89.2291666667
90.0581458333
90.0971458333
90.0709583333
89.9630833333
89.3128125
88.2690625
83.5476875
84.4690625
89.5161041667
87.5439166667
88.9976875
80.5982083333
71.6941458333
82.449
75.1146666667
83.8297083333
86.7247291667
78.1337708333
83.4491041667
73.4276875
71.2078541667
72.686125
79.3008541667
86.6535833333
87.1212708333
68.291625
76.5818333333
88.23625
86.6859166667
77.8356666667
85.7331875
90.3719375
87.2964166667
90.8320625
86.503625
79.6471041667
88.24775
69.9314375
81.890875
87.3519166667
92.8413541667
85.6305416667
88.7872083333
87.2549583333
85.2615625
78.9843958333
94.6562916667
95.3803333333
89.7237083333
92.165125
89.7525833333
73.1759166667
88.6315208333
83.628
91.2227083333
85.4003541667
92.5700208333
83.7055833333
82.9365208333
84.8139791667
83.3556666667
79.5902708333
81.5184166667
87.7550833333
92.3315416667
89.5307083333
76.0122291667
89.7901458333
85.7262291667
88.4810833333
76.6409583333
93.0102708333
88.7544791667
90.267
91.924125
85.2209791667
93.0157708333
93.3727083333
94.5598125
89.9919375
84.5295833333
87.5179166667
86.7024583333
94.6903958333
88.1642916667
91.8762916667
94.7799375
86.6650208333
88.0880833333
81.1788333333
72.6487708333
85.1459791667
81.4385416667
86.9952916667
85.8473125
88.21425
90.8632083333
89.7005833333
86.55875
85.1976666667
87.0773333333
81.8591666667
82.475875
82.6155208333
81.1046458333
81.0796666667
92.463375
91.3242291667
94.2466458333
91.7501875
88.367625
90.3682291667
83.4445416667
89.1385416667
89.1559583333
86.3306458333
96.5318333333
95.5889166667
83.9318958333
88.3052083333
80.9230833333
70.0205833333
68.9112708333
86.3070208333
78.920625
68.0498333333
92.83075
87.9420833333
75.9651041667
78.4956458333
89.4035208333
86.89125
91.0373125
67.1336458333
76.3565208333
77.86275
86.5625833333
79.0555208333
75.8273125
87.371625
83.5549791667
84.4870625
74.5773958333
73.4589375
83.9665833333
67.1393125
68.4421041667
74.0431875
76.4641875
74.4405625
66.4044791667
80.9449583333
93.659875
85.3039375
74.05625
67.025875
79.7238541667
61.3809375
74.14475
53.1584791667
79.3414166667
52.9142291667
73.508875
67.4324791667
61.4113333333
87.0789583333
77.5424583333
76.0148333333
73.4899166667
51.9488125
51.9018958333
73.5602916667
92.3308125
67.2108333333
80.8601458333
82.721375
71.4958125
74.5687708333
62.06575
71.0059375
84.822875
84.6786041667
90.9769166667
87.5628541667
82.9809791667
74.4932291667
88.3534166667
77.8440833333
90.3603333333
70.6626041667
79.9067708333
69.2791666667
65.574375
91.3148541667
79.5762708333
85.5283958333
67.7673125
71.3777291667
64.7381666667
67.9594583333
72.4852916667
76.3002916667
68.6547291667
51.0961041667
60.2573333333
71.3515
60.0235208333
90.4545416667
91.7995833333
77.901375
70.6811458333
77.6371875
72.9128541667
66.292375
62.5264791667
61.24675
64.0510208333
68.2926666667
57.118
42.8581458333
38.7860416667
43.1952708333
44.3501875
56.939875
63.2725208333
60.9986875
65.7592708333
61.1019375
61.4684166667
59.6124583333
86.6167083333
82.4346875
84.6361666667
75.8695833333
71.9053958333
84.0479791667
74.9603541667
72.7755833333
64.4638958333
85.7693125
66.9035833333
62.6264166667
55.6010625
67.2885
54.5751875
56.8609791667
59.5507708333
58.1402083333
58.8478333333
67.1227916667
91.06825
77.4517916667
77.9155416667
66.0851458333
76.214
64.6756666667
75.7269791667
65.618625
70.8693541667
77.5324583333
80.8022083333
78.83025
76.7539791667
67.6886458333
60.0218125
63.7676041667
77.29
84.4113125
76.0797083333
69.2475208333
65.0259166667
66.0192291667
60.9005
65.5574791667
60.1659166667
64.6518541667
61.4095
67.6827916667
66.6472708333
61.8586875
56.5326875
83.4517916667
75.004
82.36425
78.36325
76.3751041667
69.7849583333
68.4219791667
72.8415
76.548
73.876
76.565375
71.98275
66.03725
71.1618541667
67.9333333333
81.7555416667
84.7735
78.4718541667
71.4625208333
62.4689791667
70.8374166667
63.201875
63.2970625
65.2326458333
59.458875
69.5395625
68.0600416667
62.884875
65.5001041667
61.058625
61.7532083333
68.4581041667
65.2151458333
77.6974375
81.5746458333
81.9752708333
78.3735833333
72.6350625
75.5513125
73.23
90.2668541667
78.75725
82.6524791667
70.9121458333
75.7771041667
73.369
65.320375
65.433
71.8372708333
65.15475
73.1587291667
73.6926875
93.753625
79.5529375
88.3044375
84.7848333333
81.6566875
79.1406458333
77.3400208333
80.0093958333
84.9098541667
82.5775416667
89.6767708333
96.6401666667
85.0893333333
83.0240208333
81.2620416667
81.4908541667
82.6928958333
83.4314166667
84.0092708333
71.6956666667
70.8355208333
76.8875625
76.3773958333
90.4477083333
89.1535
88.8716875
94.6437708333
82.3091458333
77.71625
85.6858333333
80.6910833333
80.0072083333
82.8812083333
82.474625
83.5880625
82.4152916667
86.8037916667
88.9795833333
68.7559583333
75.8876041667
75.7559791667
83.5748541667
86.9602083333
85.1513333333
87.3880833333
77.1145625
74.9021666667
77.7472916667
87.5582708333
94.3435833333
85.4342916667
94.246
77.9349791667
79.224125
84.4957083333
86.2001458333
77.1342916667
74.629
76.0249791667
78.378375
79.0029791667
80.7215208333
80.226
76.8357916667
85.0471041667
72.0615208333
73.2782291667
79.9678958333
82.1014166667
92.0708958333
82.7994166667
84.3335416667
85.9505416667
75.157
81.4921666667
88.4227916667
84.6071875
89.0640416667
88.8289375
83.3875416667
84.5443333333
82.6432083333
93.6609166667
88.3981666667
90.7073958333
83.8771041667
96.4849583333
89.7947083333
87.8133541667
84.3874791667
88.0623958333
88.1502083333
80.01175
80.7599583333
81.9892916667
77.9357708333
75.1026875
74.3867291667
89.3833125
72.8747916667
87.5890833333
77.0141458333
88.4781875
83.1047708333
89.2485625
87.0165208333
83.8959583333
83.0295625
89.0037916667
85.1227708333
