80.2703924051
80.9694303797
82.5482151899
80.9206202532
76.4880253165
76.0503037975
76.4348227848
92.2837721519
81.1460886076
92.0486582278
88.1850253165
86.742556962
81.9897088608
76.4696075949
81.3508607595
84.9357468354
76.6509240506
79.1472658228
81.4306962025
80.7147468354
78.6277848101
90.828
75.9936962025
75.0499746835
78.4249620253
79.3572405063
86.6429873418
80.641164557
88.2056202532
80.6943670886
77.0915822785
86.0880506329
66.8586075949
72.387278481
76.8453797468
77.2485822785
86.8348987342
67.896835443
76.3613417722
74.712
62.2323164557
92.8294683544
96.2551139241
90.4986582278
85.0423417722
81.2149746835
81.661
84.0101012658
87.4095696203
80.6233417722
74.485164557
80.0900632911
86.7241139241
78.9116835443
76.3533037975
71.891443038
68.3751898734
64.9560126582
66.6939240506
79.3180506329
88.6126455696
88.3738481013
81.4772531646
83.1468860759
69.5542025316
80.7747848101
79.3013417722
78.8068987342
86.6975822785
69.2893417722
77.2980886076
90.012835443
91.1401139241
91.7318860759
68.1221772152
82.8408607595
83.4094936709
83.4991139241
74.8650759494
53.0806962025
79.3729367089
63.3665696203
81.8617721519
78.509443038
72.441164557
76.2651772152
89.407
88.8256329114
88.6088481013
89.4533164557
83.1762405063
81.9273544304
72.4780886076
85.5588607595
83.4196202532
85.458443038
77.9436455696
74.624164557
59.9667468354
54.5013544304
77.2167341772
63.6283797468
60.7116582278
57.8803037975
87.2217848101
86.863835443
57.6361772152
63.1460886076
72.5466455696
82.4619746835
85.9605189873
76.5809240506
71.0207974684
85.0540632911
76.7552278481
79.301443038
66.7069873418
73.0225316456
78.2669113924
75.5250126582
60.2724683544
73.8054556962
80.539556962
77.6822405063
78.4537721519
62.2412658228
51.5641012658
52.116164557
64.0075822785
86.2226075949
76.0886962025
69.1937594937
64.1355949367
58.9372278481
51.3072405063
67.0663164557
76.5478860759
70.9192151899
75.7676202532
62.3522151899
78.2576582278
61.1062278481
87.1936962025
69.6868734177
56.4304810127
86.297721519
67.0956329114
63.2262405063
54.824443038
57.3310886076
69.8556582278
60.6858607595
52.6200253165
60.2309367089
70.1252405063
88.9066455696
75.8483037975
73.1212658228
72.3293924051
71.4495189873
67.754721519
70.2883670886
67.9459240506
75.3289873418
85.2563417722
75.7211139241
71.3451139241
84.6452278481
72.0849493671
69.7247974684
61.2963797468
86.0573797468
91.0857468354
73.3583924051
67.7802025316
66.0465189873
70.1329493671
70.9524177215
73.6683164557
64.7768481013
63.2438607595
64.4524177215
72.8348227848
75.8930253165
69.7072025316
72.6396835443
63.8308607595
69.4755189873
83.5900632911
71.6167468354
67.2667721519
66.2129113924
79.1852025316
71.7200759494
71.7062278481
78.0445316456
80.0537088608
73.5868607595
70.6715443038
73.4465316456
72.5366835443
65.4178101266
73.8104556962
72.9734556962
80.3413291139
75.6037341772
73.1166075949
73.4542911392
75.318
71.4029873418
74.2747468354
69.9815063291
77.9569746835
83.5212025316
79.9916582278
75.3136962025
69.9093544304
71.3838860759
76.1893670886
75.3245696203
85.5971012658
75.0414177215
79.820164557
82.544556962
74.6354303797
79.9786329114
86.5262911392
72.8622911392
82.1454683544
77.707556962
84.9024050633
79.2221265823
82.6085949367
80.9921392405
78.4203797468
80.9222531646
84.690556962
76.9067341772
77.1634556962
74.0972278481
77.4269873418
73.1119367089
72.9011772152
77.5080886076
78.2069746835
78.9327721519
78.002556962
71.9324177215
74.9095822785
83.5597974684
89.6787974684
81.0914303797
81.2995189873
80.0548734177
81.8773670886
65.6130506329
69.5550126582
73.3532658228
67.9245822785
65.2054177215
74.0260506329
87.9305822785
76.8802911392
82.3801392405
77.6676329114
74.8966708861
76.7897468354
81.2176455696
78.3624177215
86.7026962025
73.3264683544
72.7410379747
73.1912025316
70.4870379747
68.6580886076
76.2427088608
82.8606455696
82.2256455696
85.3752405063
82.4997721519
78.4056075949
74.9413924051
79.093164557
75.9720126582
77.9175949367
83.482835443
83.2619746835
93.0412151899
78.9267594937
76.1594177215
77.6841392405
79.1123291139
84.8778481013
79.7002911392
72.3156329114
66.7093291139
70.0357468354
42.2776962025
58.776556962
68.4115189873
86.281
84.5556329114
83.1405822785
86.7758860759
81.8305822785
88.8789113924
70.1711772152
83.6137594937
83.5640632911
81.1497848101
78.3125696203
84.8663924051
86.934835443
82.7342025316
80.3014050633
86.232164557
92.6560886076
92.6998481013
87.2425822785
96.3821012658
87.3668607595
89.2916835443
84.213443038
81.8421265823
92.1991392405
87.2290759494
86.0149113924
79.9064936709
80.7795949367
84.7146202532
85.9941265823
85.7357848101
85.0921772152
84.2621518987
78.8873291139
77.4333164557
82.039835443
70.3964556962
92.8887594937
80.3311139241
88.0668860759
89.6372025316
82.2510632911
81.8244556962
80.7047848101
87.4668607595
82.0529367089
77.4190632911
79.4161265823
82.241278481
79.5436202532
90.4527974684
82.962164557
75.9062911392
92.8129620253
80.8543417722
85.6062405063
87.3705189873
87.0323924051
85.4399746835
76.3249493671
83.5289113924
88.4046202532
85.2274303797
85.1885063291
78.348721519
80.8636708861
87.066
92.4210759494
92.6012911392
91.3335696203
88.8264683544
84.2905063291
77.7092278481
78.3532025316
79.9619873418
78.9075443038
78.4383417722
83.7024303797
83.4223037975
81.1225822785
82.7454050633
83.5415443038
85.2481898734
84.9129746835
88.9756582278
84.9883924051
92.1394050633
88.210164557
82.905164557
80.0454683544
84.4458227848
84.4627848101
87.3772658228
85.8626202532
81.9037088608
89.6951518987
84.3707088608
86.9097468354
87.8540126582
86.1114936709
88.4071265823
86.8032025316
76.1118860759
84.4481518987
88.5015443038
86.4090886076
88.1351012658
82.4227721519
84.6081518987
88.8717088608
78.7705822785
72.8873924051
72.739721519
71.9880253165
69.1159240506
69.9222911392
66.8731518987
75.9385822785
77.1910506329
76.265556962
87.6393417722
80.5882278481
89.7397721519
78.1931012658
71.0588860759
65.6473797468
89.7960759494
79.4306962025
81.7086708861
78.8126075949
73.9628481013
74.9643670886
79.0328101266
86.7462405063
79.1467341772
83.2906202532
79.3054683544
72.7662278481
76.1345696203
78.3368481013
67.9180759494
87.5248227848
77.1556202532
74.3790253165
79.7628227848
75.1222025316
81.8193797468
76.6156329114
81.1149620253
91.3003797468
82.1304177215
77.7335063291
76.8939113924
70.2574936709
87.6874177215
75.1352405063
78.2401518987
77.3488860759
66.9618860759
72.1941392405
66.2364810127
76.7269240506
79.6687974684
82.3715063291
77.426556962
68.7287341772
59.9592405063
57.997556962
57.1574050633
53.9825443038
52.5905063291
68.1494177215
75.1367721519
76.6698860759
77.4676708861
79.3542531646
60.2225189873
76.8100886076
89.0156835443
76.3297468354
77.1836708861
75.0047721519
78.2012658228
62.2927088608
63.3796708861
79.9746708861
59.2498734177
53.0457848101
54.0148227848
54.7995443038
75.403835443
85.2852531646
54.7719493671
48.4820886076
44.4291012658
41.0953164557
41.4228481013
41.6884556962
43.9336329114
49.4261012658
53.5257974684
58.0565443038
61.1066202532
57.2113291139
52.4357594937
54.5334810127
46.4657848101
69.7470253165
70.2633924051
62.4526455696
68.8125063291
77.9378101266
73.4085189873
80.5765189873
70.1218101266
81.3647974684
63.2816455696
68.6493924051
64.9315316456
65.5927974684
68.5450759494
74.7555696203
70.6837468354
85.2295189873
86.0680253165
78.4861898734
63.4999367089
69.2513797468
67.4678101266
74.5377848101
74.1970379747
81.9168227848
75.1053417722
79.5634177215
67.702278481
78.7459873418
76.6214683544
79.7227974684
71.9937594937
82.1156962025
81.7569113924
75.8048734177
87.0571392405
77.2882025316
78.0867341772
84.9551012658
85.985
86.4739113924
71.6003291139
88.0939493671
68.5215949367
79.3718860759
79.3090253165
71.835278481
85.5406455696
88.5207848101
87.1198987342
86.5833291139
86.5637468354
89.5849113924
72.0096962025
69.6270379747
75.0363164557
89.0087721519
88.0013670886
85.5593670886
68.0998481013
70.3557088608
66.1527341772
65.117556962
63.059443038
75.7477341772
80.7022911392
76.6169113924
83.8141392405
73.4381772152
72.8945189873
70.2851139241
77.974164557
72.6349746835
73.1920253165
67.8334303797
69.3660506329
82.7859240506
78.1645443038
77.527278481
71.9886202532
79.2653797468
76.0007088608
71.5653037975
66.5043291139
71.221721519
73.4992531646
87.9009240506
93.1293037975
67.9276329114
68.1400126582
82.3410632911
78.7710253165
77.959556962
73.977443038
67.3003670886
69.3217594937
78.929443038
72.8654936709
82.0323037975
84.2733924051
79.4063037975
72.2590253165
71.7914683544
75.0498987342
80.5006962025
84.1507088608
75.4789493671
75.0743924051
83.6063544304
82.5157468354
85.7311898734
81.0392278481
81.6489113924
77.1367721519
83.7417088608
78.9437721519
84.8984303797
78.453443038
79.6707848101
77.6521139241
81.6693417722
79.8718734177
91.0693924051
82.5331139241
88.953164557
80.6285949367
82.0997088608
81.0299240506
80.5056455696
78.6571518987
76.606278481
75.944278481
78.5846708861
79.721556962
77.1694936709
82.8579113924
89.3696835443
74.821443038
84.311278481
85.0857974684
79.7220759494
82.0948860759
80.9399620253
80.415556962
87.2440126582
91.2288734177
87.8917721519
84.0256075949
75.8887974684
78.7682911392
79.2700379747
79.951835443
85.9153037975
88.0229367089
81.7329746835
72.433556962
84.8725316456
78.3182405063
71.553278481
71.4451518987
78.8443797468
65.6320632911
65.9827974684
78.7554177215
75.9235063291
77.6496455696
88.2719367089
93.6372278481
89.3659240506
87.1053924051
87.7416708861
84.5275189873
82.6868607595
85.4711772152
76.254
89.6288987342
88.8879367089
82.083443038
71.4163291139
78.5395189873
82.5254683544
79.1119620253
80.8363924051
77.6740886076
82.6937594937
89.6466075949
87.3339746835
82.797556962
89.3591772152
89.1163670886
78.8043037975
81.0867088608
86.8361772152
82.994278481
89.9033291139
89.5748987342
86.151443038
84.2973417722
84.1284050633
78.353278481
60.2376962025
80.3829493671
92.1938987342
77.9301139241
86.0280506329
85.0666708861
77.5264556962
80.7409746835
89.5461392405
83.9954936709
88.0174810127
85.8924683544
81.5398227848
91.5309240506
83.6816329114
81.2044936709
84.7835063291
88.7239367089
84.2493037975
87.9948481013
93.6996202532
79.0626455696
82.7696962025
90.5508101266
83.4177848101
81.6249367089
80.8370632911
84.103278481
86.1092911392
81.3411265823
84.9846455696
88.5428227848
80.4623670886
86.8543164557
84.0146582278
86.173443038
84.1283670886
79.174835443
87.9579746835
86.7918607595
88.1880886076
85.4284177215
82.5552405063
85.1506835443
78.3764303797
70.9187341772
88.9839620253
81.2163417722
90.3392278481
88.9623670886
81.6570632911
73.2133164557
76.7364303797
74.0474556962
75.7805696203
82.0836962025
89.8602405063
86.9168734177
92.7459367089
90.5648734177
84.086443038
82.8621898734
77.9147974684
85.092556962
86.5811772152
84.8350886076
84.3122278481
80.9802658228
79.3529493671
85.9838481013
80.1499746835
80.4274936709
82.4221392405
78.9345822785
82.5924810127
81.0625316456
84.4797341772
89.2371139241
79.4994050633
69.6539240506
57.8218734177
86.5771392405
87.7360506329
90.9557721519
75.9276835443
77.8469367089
81.8323037975
83.7999113924
85.8285696203
83.7217848101
93.8571392405
76.6287088608
75.5786075949
71.2714810127
82.1870253165
79.3882911392
86.127556962
85.1791518987
71.7992658228
69.8122025316
66.1603417722
61.5562405063
67.1968227848
84.7636582278
68.9309113924
73.2478227848
85.5653797468
67.8393924051
62.8875443038
75.1969240506
75.2927088608
75.586443038
74.3019620253
84.98
73.7032405063
77.2206455696
83.1844556962
77.6625063291
73.6166582278
82.5646962025
66.4996455696
63.8089873418
56.594164557
62.8218607595
76.996443038
43.829278481
48.8498734177
55.4675949367
64.1397088608
60.4595443038
85.9579873418
62.7256708861
61.917164557
63.3450379747
81.5236708861
52.4443417722
51.6550506329
48.9153797468
85.3917974684
73.3078734177
87.1781139241
88.9949620253
71.2818481013
63.3514683544
63.0297721519
75.6668987342
73.7991518987
89.323278481
70.7215822785
65.2739113924
61.7068734177
48.0168607595
62.0186455696
72.9291139241
76.828835443
83.4870506329
81.1769873418
73.0983417722
78.3119493671
64.276278481
60.058721519
59.5511392405
57.1157974684
76.2594683544
66.5891012658
70.2064556962
79.2044936709
72.7258987342
90.6220632911
81.1056835443
89.2344936709
75.7836708861
72.6619620253
74.6371012658
70.3553544304
89.1853291139
92.0420886076
70.5944177215
76.2449493671
71.8682658228
76.2403417722
75.9450759494
64.9139113924
60.3372405063
75.8024556962
60.2287468354
63.5072278481
59.7400379747
60.0766835443
80.3212025316
87.0031772152
69.9892405063
78.7096835443
74.5120632911
75.2682531646
77.9596835443
69.952721519
68.6012658228
87.5247848101
75.5097341772
74.4279367089
85.3516455696
71.1073544304
72.3816835443
72.7864810127
83.2106329114
72.6711772152
76.5514810127
70.5416075949
68.6092658228
67.4566202532
68.8711012658
65.8806075949
80.2092531646
65.8535696203
76.4861392405
75.2095822785
70.7310886076
73.1079493671
72.6367468354
89.6837594937
85.8266582278
85.7906708861
90.8967468354
80.5333670886
88.0683164557
78.7545063291
84.2175443038
81.4682531646
73.9169746835
79.989164557
77.6690632911
71.6805189873
75.9608860759
82.9013797468
81.5196202532
79.8155063291
73.6534303797
69.5745316456
64.4902405063
77.2985316456
82.8667594937
78.3486455696
93.2918860759
90.4627088608
81.1887848101
75.898278481
74.9624683544
73.1713417722
76.3441012658
74.7522278481
72.870164557
80.8263797468
90.3654177215
75.6211392405
84.7173544304
87.2644556962
75.7531898734
79.6513417722
89.3313417722
78.5784556962
75.9394936709
81.578278481
74.6541518987
75.8984683544
78.7099240506
76.4785822785
77.3673417722
74.7068734177
73.8141898734
72.6582405063
73.5964810127
83.2895316456
80.5720379747
80.3207974684
81.6618734177
86.716443038
71.5371012658
80.4865063291
80.0205696203
89.0423797468
86.1114050633
80.4508987342
90.3619493671
77.6986962025
82.6539873418
83.1413670886
83.1185189873
80.4602025316
81.4000506329
83.9620632911
89.0025063291
94.167
84.5128101266
78.8985189873
82.6202025316
88.6184683544
82.4735189873
69.4857468354
88.7411518987
79.2336455696
69.5268987342
82.0482405063
79.4312658228
83.2676329114
79.7136835443
89.418556962
87.0154810127
86.394164557
93.4636075949
84.704443038
92.6867594937
94.3747088608
82.1433417722
87.073835443
83.1495063291
83.8096835443
84.7278101266
92.0750886076
88.7774050633
79.9208481013
89.3043670886
81.7607088608
84.6569746835
90.5168987342
73.8456582278
88.8122025316
83.760278481
90.7835189873
81.9728987342
75.6894556962
72.2797468354
77.1982405063
80.9323291139
85.0088860759
83.1737721519
92.3052911392
95.1548227848
86.1720126582
79.535278481
72.1318227848
84.1431898734
72.7076202532
88.456443038
91.3201518987
82.0499746835
88.3149873418
80.6679367089
77.7812025316
75.9663544304
85.8261898734
93.6147088608
90.4889620253
87.7837848101
88.3653924051
92.4987341772
87.4685696203
89.922278481
91.3733417722
88.4165696203
83.2375189873
91.0041392405
90.907443038
94.022835443
77.5799240506
86.0301012658
95.3396075949
84.3783797468
84.1713797468
85.3769113924
84.6444683544
81.6262911392
83.2934810127
84.4883291139
80.1969746835
83.9687721519
84.5409493671
85.0978101266
89.4295822785
89.504835443
86.5283291139
89.106
90.7812151899
86.2581265823
85.7038101266
79.9160506329
90.3090126582
90.8673291139
87.5551265823
89.6636708861
82.8522658228
82.8878860759
69.0800632911
75.1710886076
65.9466835443
84.2467088608
81.512278481
81.4800506329
84.5897594937
84.7555189873
81.1969367089
77.5916708861
79.0604050633
80.9653544304
89.7158101266
86.0344303797
92.3147341772
90.5542025316
92.4083670886
92.0506962025
88.0205316456
82.8627974684
90.9630506329
89.6316835443
81.8061265823
89.6653544304
88.4663037975
77.8140886076
89.4676962025
81.6043164557
77.8231139241
78.4005949367
79.6876708861
90.8419240506
88.5650506329
88.658721519
86.3719367089
85.9932531646
82.2846075949
84.9825822785
85.033443038
86.6371392405
92.5770886076
83.9792278481
84.5708860759
82.0452278481
70.2401898734
68.2413037975
69.4200379747
66.8552278481
74.8979746835
82.0169873418
76.8149367089
81.4981265823
74.9117468354
88.5320886076
84.3436835443
82.4915443038
85.6432658228
72.7629240506
79.7227468354
62.7871139241
73.8259367089
75.0062658228
78.321443038
84.7887468354
73.1758987342
81.1139746835
86.3418227848
79.2218481013
59.9482911392
65.2803417722
90.0640886076
79.3447848101
83.6300886076
84.2660253165
80.6354683544
75.9868734177
75.1492658228
64.7944683544
62.8042151899
66.7868101266
60.9379493671
73.3619746835
68.8208101266
75.3807974684
75.8099367089
65.8169746835
69.5039873418
71.7531139241
63.4621518987
59.3343797468
62.7396835443
84.6214936709
86.820721519
72.7691518987
83.3816708861
82.6759113924
79.7103544304
79.1302911392
68.9093924051
57.7921518987
57.1696835443
59.581
54.9837974684
55.8375443038
47.4533417722
60.5640886076
54.6769240506
65.5775822785
75.5684683544
64.9082658228
66.5896455696
62.0693164557
74.9166455696
84.9626455696
67.0809240506
85.1442531646
67.320721519
56.6897088608
66.4992911392
83.3402025316
67.1035949367
84.6832278481
62.9859620253
66.7116962025
89.4030886076
81.3510886076
67.165164557
56.7901898734
55.7186835443
56.567556962
57.6320506329
74.662278481
77.1171139241
74.8869113924
67.6302025316
80.532556962
79.2489493671
86.956556962
79.2041392405
69.2141772152
62.9184177215
58.6067721519
77.2418607595
62.1102025316
51.2254050633
56.7848227848
61.0329620253
52.324835443
58.2648734177
57.141
60.1415189873
69.2306835443
74.7622025316
79.8907974684
64.5110506329
64.9653544304
85.0937088608
85.0889367089
77.6575443038
75.9986329114
69.9098607595
87.7051898734
70.8348101266
76.8735822785
77.1281012658
74.2157468354
73.092443038
78.3095443038
69.1184810127
76.4534556962
69.6637848101
73.2308987342
76.093278481
77.7070126582
81.9140126582
68.1640886076
69.0512911392
68.7676455696
76.3539493671
63.8304050633
61.3260886076
64.1455063291
65.1988607595
62.6416075949
57.5480506329
72.1176835443
60.3278227848
62.1706835443
62.7048734177
58.4295189873
61.2173291139
61.2744683544
68.3327088608
57.9194303797
61.7667974684
65.1736329114
69.4740379747
69.3739746835
73.0698607595
73.1061392405
67.7376962025
76.8309240506
70.0645189873
66.9561139241
55.5810632911
48.2036075949
53.5277468354
64.0117341772
46.9101898734
49.3524177215
77.5782025316
77.9613797468
72.8682025316
77.1579873418
76.7091265823
72.7038987342
73.5707341772
66.281278481
63.509835443
55.765556962
60.1756835443
69.8329873418
61.0942531646
74.0540379747
65.6950506329
66.9125822785
67.0026582278
70.4063797468
62.2199240506
70.9145443038
70.2471265823
77.7702278481
71.0030632911
69.3480253165
66.8451265823
67.8260126582
65.2799746835
67.6230506329
67.2082405063
80.4428227848
67.2250759494
55.3284556962
60.1333291139
77.8494810127
70.4260632911
68.2762025316
68.9543797468
67.3760632911
69.951278481
72.7955822785
73.6305443038
72.6779746835
71.3880253165
70.2460379747
67.1589367089
64.0569493671
70.0502278481
72.8287721519
67.9923544304
71.6554050633
77.4410253165
71.1225316456
73.8208860759
71.2744177215
75.6736202532
74.8288227848
73.7031139241
89.4879746835
88.7443544304
82.3094556962
84.8247594937
81.287164557
75.1772911392
87.3507974684
92.7537468354
89.8987848101
86.4623924051
87.4394050633
86.1659620253
85.4560886076
91.9557594937
83.0275063291
75.2030506329
79.0202151899
89.7926075949
87.744278481
86.022278481
82.351835443
82.2247848101
81.3611139241
87.7466329114
89.8985063291
87.5287848101
84.9398227848
87.9764050633
88.8923291139
86.1214556962
81.3681772152
82.9556835443
85.3036582278
85.5380126582
93.0502405063
94.4398860759
79.1820759494
64.5254810127
52.8698607595
65.6408227848
75.6953797468
78.2286075949
80.4712531646
89.0705316456
84.5070632911
88.4102531646
88.586835443
85.9537341772
88.6448734177
88.7434556962
69.0861518987
73.1553291139
79.3139493671
86.3411518987
78.8513544304
77.3203797468
74.1593797468
83.435164557
88.0452531646
89.2942405063
89.5514050633
83.8638607595
80.5333797468
88.3926075949
94.7986962025
93.9510506329
89.0175822785
93.5401265823
95.0037848101
83.291278481
86.0266962025
84.4778734177
83.1089367089
87.2935443038
86.914164557
83.1179746835
90.5530886076
77.9854556962
84.7651139241
86.7277468354
76.8613797468
89.6862405063
70.7223417722
90.0094303797
90.5789873418
82.4932531646
94.7156582278
94.3321518987
89.4545443038
82.9311772152
82.0402278481
79.8237974684
82.013443038
82.9039873418
90.9329873418
92.046835443
80.3520632911
91.3583417722
75.6355316456
78.5472911392
86.3910759494
85.154164557
81.5742911392
85.4948734177
81.8766455696
83.7739493671
81.4617974684
90.3957974684
80.8580253165
78.6217468354
65.8224683544
88.8313417722
82.2471518987
86.4809493671
81.183835443
78.9148987342
87.7067088608
84.7100886076
91.4168860759
76.3468101266
85.1054683544
75.7410759494
82.4123924051
85.1615822785
77.5484050633
86.1428607595
87.521721519
81.7252658228
81.7961898734
87.5733291139
87.9430379747
85.3345949367
86.9925063291
86.8133037975
85.0706329114
81.4162025316
81.3906075949
80.4614177215
80.5325949367
70.3175063291
73.2019873418
77.1633544304
82.407
88.1655949367
66.4910379747
68.1821392405
61.5881898734
66.8928481013
60.2118607595
94.3252531646
91.0285443038
77.7287468354
91.4134177215
86.6948734177
80.4326708861
80.0413544304
69.3819367089
80.1603291139
77.2576708861
83.5516708861
79.5187594937
80.942556962
68.6735822785
57.5364683544
60.2338607595
75.8800506329
85.2992531646
75.6727721519
76.6540886076
88.6443291139
88.9535189873
79.1894810127
69.6016455696
74.1782151899
74.9245696203
80.1173670886
66.9538607595
92.131721519
72.988164557
91.0620253165
78.8459620253
79.778443038
81.8769367089
77.7868101266
91.6797341772
74.5777088608
77.940278481
83.2224050633
81.6534936709
79.034835443
92.4029620253
78.9529367089
89.477443038
86.9864177215
87.7987088608
79.5389113924
90.6562911392
88.4109367089
72.2875316456
60.547
60.6516075949
76.6566075949
67.5043797468
68.6147468354
78.3054810127
68.7566708861
83.3002911392
68.095
71.5025316456
72.9830886076
63.2048987342
73.786556962
62.543164557
80.0874683544
72.6249493671
77.9533924051
82.6970126582
71.2302278481
59.7154303797
75.8660886076
79.0730379747
82.6125443038
78.6213544304
74.6833797468
74.6573291139
86.5339113924
75.5501518987
81.8342658228
76.8812658228
77.1263924051
66.711835443
86.1396582278
61.7410126582
67.233721519
73.4404050633
91.2117088608
93.0886962025
93.3890253165
84.043278481
90.1292531646
73.9519240506
81.743
76.4360379747
63.8947721519
64.9931518987
73.4994810127
65.4133544304
63.7915443038
76.3604303797
61.5535822785
53.7596835443
55.7231518987
74.3126708861
72.4634556962
66.8475189873
67.493835443
72.4313164557
68.6369367089
69.5253924051
71.7120632911
67.508
75.0586708861
53.9295949367
51.0379113924
59.9127468354
53.2692025316
55.8393544304
59.4908860759
74.2506835443
72.5973417722
85.2544810127
63.578721519
77.0964303797
73.2998227848
85.5316202532
71.1415443038
65.9716075949
63.0517974684
59.5349240506
68.7698101266
77.0935949367
73.2882025316
56.3445949367
53.7361012658
52.1076329114
55.3217088608
58.6690379747
71.6172531646
66.8839746835
73.5019367089
64.165278481
70.2418987342
91.3315443038
63.025278481
63.4559493671
61.1769367089
59.2778101266
79.9128481013
72.7218860759
60.1513670886
65.9759240506
67.0317468354
70.1168860759
63.1361392405
51.6406202532
61.5954810127
64.3971518987
69.5358607595
83.2801265823
88.5333164557
89.6277088608
75.0711265823
69.1963291139
71.2853291139
70.1249873418
74.3629873418
62.9730759494
69.1776455696
71.7490253165
68.1318227848
68.0112151899
73.1500253165
70.5087721519
63.1127594937
59.9658987342
67.0155189873
76.0898227848
74.2384936709
70.7110759494
62.6021772152
69.5221265823
68.7890379747
71.5331518987
64.1562025316
62.3909873418
60.8795696203
69.1917341772
67.0339620253
75.3752151899
61.5076835443
56.8810886076
56.7705063291
59.5923924051
62.0673417722
80.3448101266
85.5536835443
66.4937468354
73.7724683544
74.6001012658
86.0138734177
86.3115063291
75.5348481013
77.4451139241
70.5268734177
78.9275949367
78.1487341772
84.4754683544
74.3783924051
79.0415063291
76.0683037975
75.3913417722
77.4644810127
73.6250253165
79.9780379747
82.9393544304
83.8659620253
65.0139493671
88.6139367089
84.2426835443
77.9613417722
74.0662531646
72.1105822785
72.909556962
72.8427721519
71.7270632911
81.0855189873
81.5637848101
75.9284177215
72.4454556962
77.156278481
74.149164557
76.5248481013
80.3608860759
87.3700632911
86.3026329114
77.5184177215
82.0479746835
83.9972405063
81.9363164557
81.0475316456
74.7001012658
82.1634050633
70.1589240506
85.3558734177
79.2530253165
79.0472911392
82.2397721519
76.954443038
87.4833417722
82.4931392405
85.8872405063
81.2767088608
94.1166708861
88.0552405063
85.3345189873
88.9741265823
90.4794303797
91.8542405063
72.6705316456
72.8446582278
71.5126962025
86.2028860759
92.2576329114
93.4004556962
84.7503924051
89.8696075949
83.2277594937
81.193443038
79.5196075949
85.641556962
83.0661012658
92.7634177215
86.7695316456
80.2896582278
86.7956708861
83.2962151899
81.8226582278
85.5351265823
86.4526075949
78.9328987342
78.0602405063
79.2235063291
93.4348734177
89.1500759494
93.0053797468
86.4758227848
82.9269367089
84.1189620253
86.524
85.115721519
85.3562405063
81.8288860759
84.0964177215
85.4864050633
89.410278481
92.3200632911
83.9615822785
90.1358101266
86.2287341772
82.4101772152
92.2371012658
74.3529746835
83.5694303797
82.6090379747
86.6457594937
89.4558227848
86.1664936709
77.8140632911
81.6873924051
88.8183924051
79.0766835443
83.1735189873
86.1458987342
89.6415822785
86.1170253165
80.190278481
80.9399367089
89.7652658228
86.106
85.3770759494
82.1162658228
81.4781265823
76.8256962025
80.6791518987
73.804556962
82.8239113924
79.7083291139
84.7969873418
85.6653291139
81.1884936709
87.6713544304
84.6038227848
83.0446835443
77.8950506329
83.8223417722
84.8277341772
84.1754303797
90.0873924051
89.7308734177
92.1938227848
84.7466582278
87.2241772152
79.9071392405
84.6512405063
88.3938481013
70.5231012658
86.2294177215
81.2513164557
86.8988734177
84.8915063291
63.1241265823
75.121835443
67.1697468354
71.3916582278
72.0279240506
71.9402658228
73.7827088608
70.3585063291
76.7732151899
78.6042025316
91.568835443
88.3589620253
78.3175316456
83.0961139241
88.9203544304
86.1400379747
78.5500126582
77.6764556962
84.112721519
91.0176329114
76.8202278481
83.5523797468
79.1066075949
79.0228607595
74.796835443
67.1789240506
79.9279113924
72.8377721519
67.757443038
75.6003544304
79.889
72.8580126582
67.3229620253
80.6976708861
72.5664177215
69.3830379747
59.1037594937
57.4380379747
58.9866962025
60.0466075949
59.6862911392
67.4647341772
86.0451139241
76.6895063291
86.3704683544
77.5549367089
82.9103291139
79.9467974684
79.6994177215
92.4099493671
90.7369113924
86.6930759494
90.0719240506
77.4376835443
83.3624177215
85.1059873418
74.5175949367
81.9979493671
78.8737974684
75.9395189873
91.2529746835
69.4395822785
65.9851518987
58.6414683544
81.3988734177
71.9819240506
61.5488607595
56.6179620253
55.5722278481
53.4263544304
55.1279873418
56.1819113924
52.6116075949
54.7070379747
56.7980759494
48.2862658228
61.5716202532
52.3314177215
72.1785822785
83.2780126582
74.8895189873
79.8434177215
69.8540379747
68.6697088608
87.163
68.814721519
75.5523544304
61.7429240506
76.3419113924
76.2303544304
86.0252658228
93.193278481
88.3335949367
78.9230253165
74.7713797468
78.313278481
69.6323037975
71.5350506329
65.0440759494
92.3638607595
80.3396075949
82.3849746835
92.1771518987
89.0571392405
83.3273037975
87.7552658228
93.3511898734
78.5093924051
77.8403164557
78.9850253165
72.199835443
71.7929240506
61.9839367089
86.4630379747
69.1633037975
88.2049620253
75.24
79.1714936709
77.9456329114
70.0138101266
70.1917594937
63.8900253165
69.7478101266
84.5723291139
73.6314683544
74.9035949367
72.3528987342
67.4090632911
64.6912658228
55.7899746835
83.3451772152
60.6917594937
55.204721519
66.8816582278
83.6401392405
75.493
67.1883417722
78.2516835443
72.8514936709
77.5349873418
64.4672151899
78.2391265823
87.1349493671
80.3211392405
78.2182531646
73.1325822785
70.6355443038
60.7167594937
65.5085316456
62.1284303797
63.5834810127
66.0068607595
74.838556962
84.564556962
89.7765822785
82.0215949367
81.4521772152
89.3850506329
78.2467468354
76.8655443038
75.2429873418
73.1854683544
70.7347468354
69.6884177215
69.2097721519
78.3240253165
78.385835443
82.9290886076
75.5698860759
64.5488607595
66.2406582278
93.2677848101
72.9934810127
71.5013417722
85.4158227848
80.0929113924
81.1336329114
76.2160253165
71.4669873418
83.7027341772
90.2785949367
93.1524556962
84.3574556962
83.3345696203
76.7862531646
76.5029113924
77.1547468354
75.6792151899
73.069278481
70.0144683544
70.7905443038
73.3436708861
66.2111265823
62.3792658228
70.9907341772
84.4707341772
84.713556962
75.8189493671
76.6100506329
72.768835443
73.8674683544
74.0109620253
70.2721392405
74.684443038
71.9464683544
79.6035316456
77.9225063291
91.0451518987
83.9879367089
92.2445443038
92.835721519
88.4217468354
87.2140886076
84.5278481013
84.2956455696
80.3205822785
90.5332278481
84.6582025316
84.9732151899
79.121
85.2402531646
78.9432025316
78.6994303797
78.0601898734
88.08
88.858556962
85.4434556962
89.1051139241
82.0853544304
82.702
86.2778481013
88.4953924051
77.4389746835
85.4746582278
84.2138734177
81.8996582278
84.721835443
87.7593037975
77.4249367089
84.6950759494
88.2845189873
92.8050886076
87.588278481
85.3502025316
87.3955696203
84.5865822785
83.2823670886
85.1311012658
77.6011518987
76.0621898734
78.2718101266
82.7459746835
72.4782911392
86.2468860759
90.5955189873
87.0182531646
84.7753417722
83.9364936709
83.7216329114
88.7313291139
82.9187341772
79.4034683544
86.8671265823
89.8812531646
90.6167974684
87.4499493671
88.8836075949
82.2439493671
81.5112911392
87.6647721519
88.9488101266
86.6124050633
88.1135443038
85.6171898734
78.3154556962
74.6596582278
72.5255443038
81.2359240506
86.1628987342
94.2204303797
87.2018101266
90.3947468354
90.6576708861
89.1482658228
89.929443038
73.9163544304
82.8754303797
81.6923670886
84.3086962025
86.2843164557
74.8708607595
77.6220379747
86.7053924051
89.1681898734
92.0613924051
91.5457594937
87.0411518987
90.0208227848
85.4121518987
89.2830379747
88.0108987342
86.5584177215
78.3616329114
86.6825443038
88.416443038
86.6628987342
92.5250759494
89.3875822785
88.263835443
92.4538607595
92.6215063291
85.1395316456
88.4623544304
81.4146075949
86.3006455696
76.2840506329
64.7230886076
86.316164557
83.0035696203
86.1297468354
80.824278481
84.4187088608
76.2593670886
79.9163670886
92.1205063291
87.148721519
83.3250632911
83.555721519
81.1840379747
77.2832658228
81.5881265823
81.6528481013
79.5567721519
83.3012278481
86.0041392405
86.9006835443
82.8945316456
80.435721519
84.6438227848
86.9946202532
86.9888481013
84.5988481013
82.5255822785
87.2653670886
88.5866202532
91.9941139241
84.6646835443
74.1764683544
81.0799620253
88.2956455696
71.8754556962
71.9970632911
83.5763797468
83.1922405063
86.003278481
87.3593670886
68.5980253165
64.0545696203
69.4116075949
69.1884177215
85.4356075949
73.4972151899
73.6424050633
83.9893670886
75.7819493671
77.1864177215
68.8644810127
71.8646582278
74.6773291139
64.3955949367
72.6906835443
72.9993670886
74.6790632911
62.4676708861
57.6958227848
72.502443038
73.723278481
76.6094303797
74.3347468354
78.0642025316
79.1275949367
81.015278481
85.8830506329
86.0376455696
89.1181012658
80.5056708861
71.3869620253
81.4303924051
79.3849240506
85.3187341772
72.0955443038
78.5813797468
74.9995949367
72.4156075949
74.9264177215
76.4897341772
92.3667088608
83.7914683544
90.4875443038
89.212721519
82.2363417722
82.7725696203
81.0788987342
75.7371898734
78.6095316456
78.8137088608
82.3008987342
73.8859493671
84.081278481
87.9637974684
66.8635063291
74.7371392405
63.5689746835
82.4365189873
87.3166582278
62.3985443038
75.7540506329
62.7183797468
59.2408227848
78.8648607595
72.8092278481
68.3983797468
75.6005822785
75.2141518987
83.6506455696
78.7694683544
76.2644303797
83.9668481013
82.393
89.062721519
71.6136455696
59.2683797468
64.3334177215
56.5204936709
61.4689240506
65.1782531646
75.3814050633
56.6810253165
71.6327468354
75.6415822785
84.8189367089
76.1819367089
71.9191898734
62.670278481
73.0884556962
76.3269620253
81.7748101266
74.2236455696
70.9719240506
63.1308607595
65.2127974684
70.3771898734
77.7059113924
78.1370253165
77.2433417722
74.3088734177
77.1554177215
69.8015696203
79.5847974684
64.3705316456
56.1012025316
57.8891518987
58.3373544304
73.2937341772
80.9833164557
91.2144303797
83.2105189873
73.3330379747
68.276443038
61.0383291139
64.1172278481
80.4734936709
84.5192405063
60.3528860759
67.0095063291
59.9360506329
53.5964556962
48.184
61.8594683544
75.7321392405
78.234443038
76.0972531646
85.3766582278
81.2809620253
81.2191012658
80.3378860759
83.5510886076
85.1219493671
76.1616835443
66.1542025316
66.5439493671
78.9268860759
73.4114810127
62.4505316456
92.7037974684
84.8218481013
79.9424810127
76.092721519
80.9800886076
87.0583291139
90.4067974684
71.4397848101
80.1903924051
80.1303291139
73.2973417722
83.0727721519
72.2797594937
67.9317721519
53.464
59.1566329114
74.9768101266
66.2393924051
78.8573924051
87.9036582278
81.5421012658
77.0971139241
70.1147974684
64.4374936709
62.3411265823
63.9643164557
67.8803291139
65.8532405063
64.9811265823
73.1330632911
71.6267974684
82.3775822785
84.4463670886
78.7932405063
73.1764177215
66.206443038
76.993164557
74.1168607595
75.1541139241
80.5376708861
65.8016075949
80.7715189873
82.5916075949
71.2602658228
71.0216962025
65.5210632911
67.5669367089
85.4335063291
81.7422151899
81.901
75.6135443038
74.3169873418
68.9891012658
83.5132151899
80.5000632911
73.1144936709
73.9130253165
84.5340126582
79.2479873418
80.9737341772
87.0969240506
78.6608860759
79.1219873418
81.2402025316
78.6425316456
76.0513670886
74.904443038
73.1689240506
70.3295443038
74.7350379747
73.5217594937
71.9856455696
74.7007848101
67.9415063291
69.3282658228
87.9975822785
80.7072911392
86.5965443038
74.4851139241
69.4609493671
91.7479367089
75.6660126582
74.2136455696
80.6848987342
82.2406962025
79.3673291139
78.0122531646
81.7238481013
79.5012405063
87.3340126582
81.0766075949
75.7689493671
80.8213924051
75.9082025316
73.7659240506
80.8592151899
80.0538227848
80.5067594937
78.9650506329
73.1039873418
84.0971518987
74.5899746835
74.2190759494
76.011164557
87.0881518987
72.5783924051
71.4857341772
85.219556962
88.3292278481
90.5619113924
81.4916329114
75.3764303797
77.5210379747
81.0576835443
79.5594936709
77.787278481
76.9684050633
84.9557594937
90.4609113924
90.5400506329
84.9919746835
79.6551139241
82.0570253165
81.3571139241
85.0563544304
75.6071772152
76.0217594937
78.7177468354
81.7980886076
93.7670506329
82.2474177215
79.9437088608
85.543164557
82.8625443038
89.345835443
89.6983797468
83.9097721519
83.3193037975
83.5967594937
83.0630126582
85.6916455696
84.9881139241
81.9649620253
78.5059873418
73.6183797468
76.7003291139
72.9475949367
84.5564556962
86.3050506329
86.7578607595
85.2463544304
74.6018481013
82.8094303797
90.050721519
89.6062151899
88.7253670886
85.6151898734
89.348
86.7021012658
87.4596202532
84.1493797468
85.1971898734
86.4500126582
94.6636455696
94.7597341772
93.8414050633
87.7496202532
85.0978734177
67.5785189873
73.9965443038
87.9542278481
92.3823164557
88.9568607595
81.6690506329
77.1954936709
85.0758860759
88.4162151899
94.6891265823
91.365835443
84.3783544304
88.4550253165
91.1288734177
85.8257088608
89.2339493671
76.9013037975
68.2062658228
84.7400506329
82.7934303797
91.3387848101
83.3963164557
89.3065822785
87.2720506329
82.4577594937
86.3501012658
84.7886582278
84.0355696203
89.46
89.0743544304
89.6951139241
82.3490506329
84.7718481013
83.2031012658
78.9463544304
82.3827848101
90.4087721519
88.8834303797
84.9111518987
91.1801392405
80.6447088608
85.5600379747
85.3793037975
86.4425443038
92.8340126582
91.484721519
75.9509746835
74.7178607595
69.81
89.6212151899
81.1633924051
82.211
75.831278481
77.1802911392
87.3557341772
73.8028227848
76.8985189873
82.5252405063
83.1683544304
90.2644936709
85.2363670886
79.9237468354
79.3449113924
76.7663037975
70.3690632911
77.1374050633
76.1856329114
83.5710506329
73.4020886076
66.7728734177
64.0632658228
80.9593037975
79.9249367089
81.1577594937
78.2549493671
77.3077848101
85.3453670886
77.4875443038
74.1273037975
74.0933164557
75.5397341772
76.7088860759
71.972721519
78.5838734177
65.4236329114
55.7744810127
61.3631772152
72.0819367089
73.8913544304
80.4881139241
92.2133417722
95.1534050633
83.8063924051
86.2520886076
93.147
89.7048860759
90.4628860759
87.8399240506
85.6836075949
88.4818987342
84.9914303797
76.1543037975
69.8796835443
63.6807848101
59.8273670886
80.1259620253
77.8074303797
72.8167594937
81.0262278481
88.3023544304
61.1750506329
78.1096582278
84.0252911392
67.2388860759
81.9726962025
76.8991012658
84.7821265823
65.7042405063
66.0107468354
89.1081772152
90.8983924051
88.0194556962
73.789278481
85.9999746835
84.1925696203
88.3735443038
85.5441518987
67.5175696203
72.1578481013
65.0338227848
76.668443038
61.296278481
74.2372278481
76.2509493671
76.7000126582
82.8219493671
71.5231518987
76.9831772152
70.3279620253
72.6222025316
79.6828734177
78.1731518987
85.6448607595
68.9160632911
64.7148734177
58.0299240506
79.2178607595
63.3096075949
51.4255822785
50.0362025316
74.9511392405
70.6020506329
75.372556962
76.9764683544
69.0205949367
67.3421772152
88.179721519
66.1196202532
65.0208481013
76.7812911392
83.1675696203
83.8547594937
63.1050379747
62.2164177215
83.4809240506
78.3873924051
72.9622531646
79.0155822785
67.0100886076
66.7922911392
83.7921265823
67.2263037975
59.649278481
68.0714810127
73.7201898734
76.1134936709
80.349278481
63.8106075949
77.1644810127
80.543556962
74.4583924051
84.8420253165
71.8521518987
83.9135316456
89.7434050633
89.7663797468
70.580278481
65.2179620253
73.7739113924
64.6820379747
66.7584556962
52.5755822785
57.0816075949
68.7936962025
75.8856835443
83.4897088608
76.7550506329
70.7923797468
71.6546455696
65.879443038
48.8248734177
66.3847721519
69.6582531646
59.9320506329
59.308
59.2843291139
57.6225063291
60.0220886076
58.3761012658
59.2722911392
57.7601772152
60.2580886076
57.4901898734
81.0210759494
79.8374936709
69.6991772152
71.8714683544
82.5231265823
67.444
64.4849746835
61.2564177215
65.2400253165
75.6153291139
65.7456835443
63.3905949367
68.5106075949
62.6620759494
62.7241772152
68.5050759494
69.4144683544
79.8845822785
72.1833291139
86.0941392405
79.6129367089
80.652278481
69.2967088608
62.7731392405
63.5641518987
59.0982911392
59.5092025316
60.358721519
54.4770759494
66.5278734177
51.4500126582
54.0956075949
52.8399620253
58.8737848101
62.031278481
55.0754683544
68.9889240506
84.4421392405
71.649721519
69.7087594937
73.5556708861
69.9749240506
62.2076962025
90.0222025316
91.184721519
84.7377848101
73.6556075949
87.4379620253
87.1372658228
90.6664177215
77.9308101266
73.8835822785
80.8614303797
77.5819873418
80.5212658228
85.0467974684
79.7523670886
76.4050886076
77.2320886076
88.6693164557
75.8075443038
76.7329493671
67.5144050633
69.1347974684
70.929556962
76.1032911392
73.3512531646
73.409278481
86.1333417722
87.2133037975
74.6975822785
93.1867088608
92.8813797468
93.1510253165
83.6731265823
80.0223544304
80.0415443038
73.416835443
70.1897341772
81.9072911392
78.0787974684
76.9283417722
76.4224683544
79.8034556962
78.3084810127
77.4834303797
80.6410379747
72.0719620253
80.4764936709
81.9095443038
79.1352531646
73.8279746835
82.0613797468
75.3965189873
80.7593417722
81.6300759494
79.9302658228
84.4903037975
81.1348481013
82.4272405063
74.9442658228
76.6798987342
85.2247468354
85.4779367089
76.4846582278
87.598
82.4325822785
79.6366962025
93.6542658228
83.8089746835
80.3428607595
86.6765949367
82.9707468354
78.5593797468
76.8170632911
89.6003670886
91.0487721519
90.1279240506
89.5139746835
78.7132151899
81.6232025316
82.0378101266
84.4766835443
81.3668987342
87.174556962
83.5229113924
81.3463291139
85.6584936709
81.5873544304
86.4233417722
85.4358227848
84.5414303797
80.6780126582
86.6693291139
93.8204177215
76.4850886076
82.7675316456
85.8046582278
86.9601518987
89.7546202532
82.9351012658
77.8561392405
86.0044050633
84.117443038
81.4589240506
96.386835443
94.6302025316
91.0306582278
86.7096075949
91.9295822785
88.0612658228
78.448721519
79.7557721519
90.3323544304
91.8230253165
90.8954683544
87.2453164557
84.5999746835
88.1137721519
87.5435316456
80.3674810127
88.0112531646
87.5654303797
74.1855822785
83.9254303797
86.6014810127
81.0909493671
88.4201392405
86.0760506329
70.8066582278
80.7864303797
77.4883544304
80.9056835443
89.3937088608
87.3828860759
92.2031518987
86.9315696203
91.3510506329
87.6496329114
90.0230126582
82.9317341772
79.8141012658
90.9971518987
89.2166582278
87.9340506329
73.894556962
81.4182405063
88.0098734177
82.3619873418
75.9625443038
78.1520253165
75.1468987342
68.8238860759
77.8658607595
75.7887594937
82.4167468354
80.5298607595
82.6878227848
84.3709240506
90.7618227848
90.5610759494
94.6808987342
89.8520506329
87.1613797468
88.0306329114
82.4304556962
87.6710379747
67.2217341772
73.2247848101
70.5933291139
69.6112911392
69.4894050633
73.7681518987
93.0053797468
84.784164557
87.2827468354
78.0392405063
92.0309873418
93.3952278481
91.5422405063
86.6441898734
92.5636708861
92.8288607595
95.1391772152
91.4936962025
86.1292278481
83.9346962025
88.3560253165
84.9674303797
84.5442025316
86.9
83.7365949367
70.2302278481
61.8196329114
65.2053797468
76.2917974684
95.2847848101
92.5662531646
94.2543670886
88.1416708861
64.7858607595
76.7992025316
75.189443038
71.8063924051
72.9433924051
74.0426708861
74.7603924051
64.8223544304
64.9834810127
61.9627088608
64.7436329114
65.2617468354
75.5433037975
78.3121392405
90.4213670886
86.5818607595
88.7516329114
75.2901139241
74.6473037975
79.1384683544
93.4386708861
94.8120253165
92.5472658228
68.9086075949
74.7812025316
71.9345822785
70.5695063291
82.4782911392
72.146278481
86.5788227848
78.8537468354
61.0211012658
78.4681392405
65.3785696203
76.4707974684
67.8611392405
67.8696075949
79.1146455696
82.002164557
77.4741518987
88.4842658228
76.565835443
68.6557721519
76.5547594937
82.865556962
70.6286962025
73.607721519
75.107
61.9383797468
69.1922658228
69.0540253165
64.4189746835
63.7431898734
57.5891012658
58.4134810127
48.4234810127
48.0162658228
51.5359746835
61.0362278481
76.361721519
75.4600886076
82.6349240506
89.7576582278
89.4396455696
72.8400379747
69.0457594937
70.5405822785
62.580164557
80.5680506329
59.8687341772
87.0461898734
72.3689746835
73.8021265823
79.925835443
73.1728101266
65.1066075949
76.9507341772
68.55
68.8496202532
88.1396835443
87.0589746835
87.715556962
74.4648607595
67.9139240506
59.1810759494
80.9919746835
67.7472025316
89.8352658228
87.5820632911
85.5272405063
71.8387721519
90.2736582278
90.7244936709
81.1516075949
79.6312405063
81.928721519
74.7163797468
64.5549367089
68.9583037975
68.6690126582
76.4214683544
90.5824936709
91.6699367089
73.2663797468
91.8350632911
83.2702278481
82.4993544304
81.3956202532
84.3536962025
84.1557088608
73.3677974684
77.1110886076
79.117556962
87.8790126582
75.5455443038
86.2123924051
68.4447468354
79.6394303797
72.699835443
74.062556962
73.9850379747
72.5834303797
68.9970126582
63.1084936709
59.824278481
59.997164557
63.248443038
82.8899620253
64.4884683544
63.5568734177
62.048
66.6099746835
69.4476329114
66.4453291139
67.3189873418
75.9892151899
74.4572405063
77.7705063291
70.2323164557
84.8767594937
79.883721519
79.6003417722
80.2380759494
78.9334936709
79.0907848101
74.9968734177
88.1070379747
84.2522658228
87.7071772152
89.1317341772
84.5676075949
74.5282151899
91.9557088608
85.3285696203
75.0823797468
74.1466329114
78.1084936709
64.7946835443
64.7171265823
89.3929493671
79.3065443038
75.395721519
72.6704303797
79.4164936709
80.463835443
70.1315949367
82.0702531646
74.2887594937
92.4676835443
81.5527468354
76.4920126582
77.9802531646
74.5613164557
88.3829493671
81.3987341772
75.7089113924
76.7351518987
79.2599113924
79.6779240506
87.9390379747
83.7365822785
77.5558481013
74.7843164557
78.729721519
78.5355316456
78.0158227848
84.6185822785
76.4439240506
84.5459620253
81.1048734177
78.0129240506
78.6096962025
79.5395949367
76.9618101266
81.0564683544
84.213835443
80.4730632911
79.518164557
86.1089873418
86.210835443
83.1736075949
78.9030886076
83.4896962025
83.2870759494
88.3919493671
84.3269367089
77.4922658228
82.4266708861
77.7776708861
80.9142658228
88.3173291139
83.4679746835
79.6308987342
76.2052025316
79.7879746835
81.7166329114
77.9113164557
79.7588987342
70.0879367089
76.2766708861
76.8086708861
72.7297341772
78.3910886076
94.1535189873
88.4893417722
83.6018227848
85.1909873418
72.3113924051
90.4385189873
90.9249620253
79.6633797468
82.5957088608
88.2312658228
95.1410379747
89.7124936709
89.4779620253
88.7229746835
84.7804556962
81.5348860759
78.6624556962
85.2141265823
81.0695316456
82.2885822785
95.7170759494
90.1799873418
80.9427594937
80.7769873418
94.936721519
83.2358227848
80.1523924051
89.8133291139
88.0401012658
92.3284050633
80.7359240506
82.9487341772
79.0481139241
89.0551392405
79.1040253165
89.3787341772
85.6697974684
85.0668227848
87.7712911392
89.6539367089
83.8891518987
93.8217594937
86.2462151899
89.4444177215
94.6325189873
91.4997594937
88.253278481
85.8357594937
91.4772025316
93.4908734177
82.3610759494
72.4866202532
77.5686329114
89.4024177215
89.4626708861
90.674164557
77.6089620253
89.6396202532
85.6330126582
82.9867721519
90.623
94.0602658228
81.4946582278
81.600556962
90.5245949367
95.643721519
93.6316835443
90.398443038
85.2666075949
91.5402911392
93.4387721519
80.3964050633
94.4156708861
90.0488860759
93.5269746835
93.4437974684
82.0546075949
85.2021265823
85.0429113924
86.1399873418
86.8069240506
81.1497974684
86.8937974684
81.9450126582
84.8699493671
77.4810126582
75.8799746835
84.6948607595
85.7242151899
80.0417088608
84.6782531646
84.6369873418
88.5439746835
84.9940759494
82.8305189873
85.4656075949
91.4490632911
92.2280126582
91.2488481013
89.9500506329
90.2999873418
89.1470506329
79.5475189873
86.6948607595
93.806556962
86.0365949367
81.3376835443
81.8779493671
95.3221012658
80.1914303797
84.0887341772
79.6243417722
86.7448481013
78.7302658228
78.0443670886
66.7685316456
88.8097974684
79.5532911392
75.655
87.4284810127
86.9760759494
79.1186455696
81.8206202532
93.6004303797
87.5309493671
76.7798860759
77.2818860759
80.0161265823
87.4222911392
86.3730379747
84.6698607595
81.7622405063
86.550443038
72.6921139241
75.6861012658
88.4966329114
87.9749620253
91.7413544304
85.2974177215
86.8835696203
86.9152025316
80.7923544304
79.077721519
74.4603544304
93.3560253165
76.7290506329
87.0242025316
90.419556962
79.485556962
73.4720632911
86.2642405063
87.0774936709
82.6874810127
93.5139746835
87.6377341772
91.4315696203
85.8793544304
75.2053544304
82.4439746835
68.4741139241
87.3747721519
90.9343544304
81.1454683544
88.0471139241
86.9028734177
89.9674303797
84.9390253165
87.1084177215
73.8730759494
87.8891265823
69.1650759494
86.1472025316
88.1239873418
74.4232025316
66.6032151899
72.3744810127
79.2830126582
70.3893544304
67.9266835443
88.2084683544
86.3133417722
66.1678734177
61.6583797468
67.2282405063
57.9575063291
52.8280886076
54.9271518987
56.5193797468
84.4831012658
75.0573670886
64.3477468354
85.9363924051
67.1727088608
64.6198227848
52.5248860759
52.2945949367
47.7473544304
51.8127594937
44.5451265823
93.0500632911
73.4011898734
75.3853164557
71.2843164557
83.0106708861
80.1179113924
78.668164557
70.5861392405
64.4658987342
59.0583544304
55.8165189873
49.9409367089
45.005721519
43.0935063291
45.3508987342
47.3075949367
45.9242278481
43.4016455696
54.8140506329
71.1283544304
79.344443038
79.8742405063
77.5932531646
68.4309113924
65.4908734177
59.0366582278
70.1916075949
60.1292151899
53.0782025316
75.1092911392
79.1709367089
66.7265949367
68.4464683544
75.5215949367
83.3383291139
79.0952405063
70.4426835443
64.1152405063
66.1978734177
88.5681772152
82.5454810127
84.9491518987
81.9819113924
73.999556962
78.7788101266
77.998556962
56.0322025316
53.7606075949
65.1073544304
70.287164557
55.6827974684
55.7004303797
65.1409113924
73.5457594937
64.7680759494
85.0797848101
74.0463544304
73.5175189873
78.8692278481
72.2704936709
80.5223544304
78.9307848101
72.5108227848
68.4074810127
84.5809620253
69.6256329114
62.9039240506
61.760556962
65.2667974684
65.5643417722
63.4565822785
68.1030886076
61.5254303797
60.6168101266
63.4087974684
66.2042658228
71.8606455696
84.0024050633
87.2609873418
91.1977088608
83.1681265823
83.1709873418
78.9257848101
73.4893670886
85.8684303797
74.152278481
66.1896835443
82.7629113924
68.5368227848
66.1914936709
62.9240759494
64.4314303797
70.1881392405
62.8845822785
65.441556962
63.1785696203
81.6441139241
77.5654050633
69.8412405063
64.7308101266
70.6770253165
63.1289367089
60.3321139241
68.2927468354
69.2265949367
68.1393924051
56.8306075949
52.4972025316
58.9532911392
61.0058607595
60.0226075949
61.9703037975
56.5124556962
76.0434177215
70.914556962
75.9891772152
84.281443038
69.2947088608
70.4036708861
73.9436329114
69.653556962
84.0537974684
69.8446329114
67.7716329114
72.9456202532
65.2898481013
73.5436455696
70.554164557
85.0236835443
73.3283797468
87.9479240506
77.473835443
77.0799493671
70.6733291139
73.1548860759
71.6264556962
77.7214936709
64.6255316456
77.8639240506
90.7756075949
85.9355822785
87.2073291139
80.4371898734
78.5622531646
82.876
77.8010632911
81.1918860759
80.3161265823
81.444835443
77.0410253165
90.0258607595
77.2211265823
76.6744556962
68.2900632911
75.0386962025
73.1023544304
75.3015949367
78.415
86.6481012658
88.5788734177
90.7030126582
88.5098734177
80.5730126582
65.9085822785
67.5774810127
76.1735822785
93.2396075949
94.6027341772
84.5526329114
88.6275189873
90.6116582278
90.7031265823
90.6581012658
90.843556962
89.3128227848
90.4872278481
82.5446582278
83.9334177215
87.9402911392
89.7656582278
92.7807594937
83.902556962
76.9808101266
86.3094050633
76.7034177215
83.377164557
86.278443038
81.0001265823
83.6014936709
77.7606582278
69.523164557
75.2647341772
79.2878734177
85.5276708861
87.0508987342
73.0387721519
78.372
88.3563037975
88.294556962
79.5895443038
90.1519367089
88.8795443038
86.3151898734
93.4848481013
89.8453797468
84.5772405063
92.5737848101
70.6224303797
81.8864177215
89.6059240506
94.5120126582
91.0923164557
91.0427088608
88.957443038
86.4381392405
83.4010379747
95.7316835443
95.9276202532
90.8393797468
92.2244050633
87.7052911392
72.8330506329
88.787835443
83.1839240506
90.2873670886
86.5616329114
94.7924050633
84.9190632911
83.6336582278
86.0293417722
81.8809620253
76.3967468354
80.3406202532
86.7065949367
92.9398987342
90.7248481013
80.4187341772
91.495721519
89.596278481
89.1325949367
85.8555063291
95.7241772152
92.0474810127
90.9014050633
91.4973037975
86.9314177215
94.0677088608
91.8341898734
93.0050506329
92.1560126582
91.8569367089
88.110835443
86.3174177215
96.3205949367
90.9413544304
92.5156835443
93.7356075949
90.008443038
92.3081265823
85.5478227848
78.1558987342
87.9574177215
83.7523544304
87.1240759494
84.932443038
88.3019746835
91.5453670886
91.6106202532
86.1025063291
85.8113797468
89.2658860759
82.1445189873
83.3811012658
81.7593417722
80.7326835443
81.8876075949
93.0432911392
92.4246075949
94.7046075949
92.254556962
88.6641139241
90.1664683544
84.3164683544
91.3429873418
88.7375822785
86.9347974684
97.3753670886
96.3707721519
85.3596962025
89.6838607595
85.9093797468
76.6086582278
78.278278481
86.4251772152
79.086443038
71.808164557
92.8960506329
87.0128481013
81.9958227848
79.4993797468
90.5349493671
88.5476835443
91.5726708861
69.3805189873
80.2280886076
80.6966202532
87.1982911392
82.9877721519
82.9653544304
88.0099113924
84.1955063291
86.2241392405
73.3549113924
72.2567594937
84.6545316456
71.4281772152
71.5328987342
74.5346582278
80.2825949367
73.4665696203
67.0983924051
83.7404556962
93.7282911392
84.9224177215
76.1583544304
70.2327341772
81.2754810127
66.3163544304
77.5409620253
53.7936329114
78.9455189873
60.065164557
75.0511898734
65.0515949367
59.6764177215
84.4333417722
72.5709873418
74.7692405063
75.1784177215
54.6946455696
58.5603924051
75.3365949367
92.9088987342
70.4825822785
86.2778987342
81.1870759494
68.2373924051
74.5341265823
62.6769746835
73.1310632911
86.4563291139
87.9913164557
88.3686708861
84.9628607595
81.9735316456
71.7986962025
90.6276329114
76.7562025316
88.696278481
75.1291898734
77.8790253165
69.2001518987
66.5482151899
89.2136962025
80.1201139241
90.4307088608
66.2212531646
70.2461265823
65.695
66.2265822785
69.7873417722
73.5841772152
65.9859240506
53.8593291139
61.3516582278
67.5636835443
56.7170632911
87.8611392405
92.3932405063
79.6411265823
70.2091518987
74.3647721519
67.4119746835
59.6978860759
56.5235316456
57.9700886076
56.968835443
60.1216582278
54.4558987342
44.5043164557
41.9719367089
45.2641012658
44.8216582278
54.1572025316
61.0391012658
56.6910126582
62.4872531646
66.4831265823
57.2293291139
52.5018481013
79.684556962
88.8613670886
84.1682531646
76.0074050633
76.1652151899
82.586164557
80.3722025316
68.4557848101
59.5290632911
83.6647341772
65.3234556962
58.7461012658
53.924835443
63.3562278481
50.2970759494
52.5029746835
56.8045949367
54.9157974684
57.7521265823
66.0138481013
88.2927088608
75.4470126582
68.3118481013
62.7753924051
71.3649493671
60.9815949367
76.9156962025
65.6824303797
69.3986202532
76.5176329114
82.5314177215
80.0607721519
79.4772151899
63.345
55.0958607595
62.118278481
78.8864050633
85.0328987342
76.7166075949
67.7097341772
62.8477341772
69.8247974684
61.0371392405
64.6354556962
59.7913164557
61.5690886076
62.0323037975
62.8909746835
65.032556962
54.8092911392
52.6770379747
80.1600632911
78.1607468354
81.7375316456
75.7621139241
74.7882405063
69.7235949367
65.0811392405
70.676164557
80.9698987342
77.1908987342
73.9643164557
69.9966455696
69.2812531646
66.2423037975
67.2795949367
84.4491265823
86.4239240506
77.9491012658
71.916556962
65.2320379747
69.3566582278
62.0929367089
64.4546582278
64.6516582278
59.9883544304
72.319164557
66.3490253165
59.5874303797
64.3595316456
58.8155822785
60.1579113924
65.8098481013
63.0471139241
81.0233797468
84.322278481
83.1934683544
83.3510253165
71.640721519
73.9291265823
74.7025316456
89.1241772152
79.8436075949
86.9953164557
76.7970253165
77.3189493671
73.8056582278
68.9830126582
65.9359240506
64.8407594937
69.9092911392
72.0693797468
75.2978101266
92.6922025316
81.3035443038
91.6196075949
85.4703544304
81.6233924051
76.8277341772
76.704835443
79.9280759494
83.7586202532
82.4907974684
86.4862911392
96.0996962025
85.6625443038
84.1430253165
81.8431392405
81.4961265823
82.2062405063
86.2446075949
86.2394936709
72.9232405063
72.4232911392
76.7008227848
75.5886075949
91.5781265823
89.2165949367
88.9587848101
94.1523417722
81.9475443038
81.5827721519
85.7897974684
79.2151265823
80.6918734177
84.5172658228
83.5532531646
82.3582911392
80.0274050633
86.7482405063
90.6246962025
70.9785443038
76.3347974684
75.0849240506
83.631164557
88.6137974684
85.6865189873
86.1145443038
78.1127848101
81.4773797468
79.5033924051
90.3193164557
94.3467468354
88.7014303797
95.3403544304
80.208443038
83.6327721519
84.064721519
83.6236835443
78.2665443038
76.3428481013
77.638556962
79.7069620253
78.0091772152
81.3675696203
82.5942911392
84.4193164557
84.4867468354
73.4304936709
69.283
78.6349240506
81.4197848101
87.5637721519
87.1642911392
84.4539493671
88.1882025316
76.8615696203
76.2997341772
89.6135189873
83.0865949367
83.9729493671
81.5342911392
81.3264303797
81.9610379747
83.2649493671
89.0623924051
89.0040126582
93.3878860759
85.5782025316
96.4041772152
88.774278481
90.4660759494
88.1668481013
89.1564683544
90.3603037975
82.7539873418
84.0907974684
77.1572405063
82.8259240506
75.694835443
76.1033544304
92.6630632911
70.2641772152
89.7994177215
78.7609746835
89.6137341772
82.2354810127
90.5204303797
87.5597088608
81.8432658228
81.4892911392
87.4241772152
85.7183544304
