80.8717867647
82.7420955882
82.2670808824
82.7492941176
78.6419044118
76.2454705882
75.0303088235
90.2670661765
81.4830073529
91.8837647059
89.9326176471
84.0312867647
80.5046397059
78.2212205882
83.4986323529
87.2524558824
80.008375
80.1761029412
83.5179705882
83.765
81.0586985294
89.4982647059
76.2220808824
76.7679264706
77.5203676471
80.0797794118
86.5274264706
81.9602352941
87.6239485294
80.5900294118
78.8626323529
85.5658455882
69.2063308824
73.8261029412
80.4441544118
82.1148455882
84.2894705882
70.8451985294
76.9309338235
75.3345
60.9416617647
92.2699485294
95.1589044118
88.8773455882
82.5591617647
82.3842941176
79.9984485294
84.8758970588
89.7129926471
80.0278823529
77.0846102941
80.8981029412
88.4741397059
80.6841617647
77.1997573529
73.1514117647
68.5411544118
61.4864485294
66.1914264706
80.2106176471
88.4955294118
89.6422720588
83.3901176471
83.5753161765
70.8381691176
79.3516397059
78.0367573529
79.1638235294
88.2096397059
68.6065588235
77.7494779412
87.3690661765
91.4440147059
92.5547794118
69.6688235294
82.2781691176
81.5136764706
85.0226323529
74.7781397059
54.7596911765
76.7219632353
63.64775
79.1038602941
77.9303897059
71.5501691176
76.8566691176
89.4997794118
91.0403529412
87.3721029412
87.8806911765
83.1935661765
80.2999852941
73.8578823529
85.8080661765
81.7060882353
85.059
80.2339338235
74.9070735294
59.9130661765
53.8186691176
76.4844558824
65.4523676471
60.3984485294
58.3543088235
85.9657205882
87.2421985294
59.6608897059
64.627125
72.8993308824
80.5439779412
85.1499411765
77.9179558824
72.4126544118
83.14675
77.2120147059
76.6737720588
65.3533014706
73.6151764706
77.2058676471
73.9174485294
62.3418235294
77.0332647059
83.3043014706
76.8179852941
80.4175882353
64.7761029412
51.7862132353
51.4951911765
63.7077058824
84.6150220588
78.6559264706
73.8948970588
65.0819485294
59.3656323529
52.3194926471
67.9260735294
79.5699926471
71.9251764706
75.3823455882
64.6539779412
76.0790441176
62.0332941176
86.3495441176
74.5675
57.0257573529
83.9629117647
67.9184632353
63.8882794118
55.5184926471
59.5468235294
68.2303308824
62.6465735294
56.7241911765
60.0572794118
72.7831617647
88.0257647059
78.0744632353
75.6806691176
76.2018235294
74.2370661765
69.5565735294
71.201875
70.0534779412
74.5796397059
83.5052279412
78.1563088235
71.9569926471
86.4538823529
75.7980367647
73.8490367647
64.8540147059
85.2353455882
90.8638308824
73.0849411765
68.0161323529
68.6544044118
70.9041544118
72.4725220588
72.7666544118
67.5035147059
65.6098823529
67.7916617647
72.4028308824
75.1862720588
70.7513897059
73.6408897059
68.8466691176
68.9314044118
81.8968602941
71.8977573529
68.8332573529
69.8281764706
76.1387352941
73.8159632353
73.0846102941
80.3433970588
81.4950073529
73.5873161765
73.2363382353
74.8202058824
71.9805882353
67.2471323529
73.4809485294
74.268125
84.0457867647
77.5158235294
74.7215073529
75.7836323529
77.0404191176
70.9685808824
75.3604264706
72.0985514706
79.6808823529
78.5502720588
81.2607867647
74.558875
69.9513529412
70.6989411765
76.7690220588
74.9173529412
85.9473455882
74.3964926471
82.4987058824
83.4462573529
74.3251691176
77.2612794118
85.1657058824
73.3270955882
81.4281102941
75.9199264706
84.5505073529
77.1547132353
81.1218897059
82.6361323529
79.3470588235
78.9922352941
81.4706397059
75.4247794118
76.2294852941
72.4437941176
77.4622720588
73.6345735294
72.7811764706
77.2280073529
78.0301911765
78.6022647059
77.9205441176
72.0847132353
76.5194117647
83.43675
91.1705661765
81.4248382353
80.3884044118
81.8244632353
78.3387941176
63.9565
71.5295588235
74.2970514706
64.5569117647
63.4745808824
73.2508455882
83.78875
78.4565735294
81.3151911765
76.4196102941
74.1645514706
81.2239044118
81.4748602941
80.4209485294
85.5764852941
77.4205955882
75.0169264706
73.4045808824
68.9292279412
66.3954705882
76.7625808824
82.27525
80.4777058824
85.2448308824
81.2392573529
77.8996985294
73.0061102941
78.3700808824
75.1922132353
79.7835441176
81.1472867647
82.7884485294
91.4698014706
77.8298382353
75.3457205882
75.5078897059
78.8585661765
82.9165073529
77.8940955882
70.5005367647
66.04
65.4442352941
40.9115735294
56.609125
68.6517941176
87.2853161765
86.6294558824
83.9135294118
87.4057720588
82.3493602941
90.2746544118
68.7808823529
83.3264779412
79.9554264706
80.2348382353
79.5683235294
85.3809191176
83.0705441176
81.143125
80.4197573529
86.1700661765
91.6295147059
92.1722058824
86.99425
94.3242279412
88.3430588235
88.7282941176
84.7442867647
80.7064632353
89.4573823529
83.4389558824
86.2475882353
81.0612647059
82.1918455882
84.4937279412
84.8411911765
84.3091102941
84.0642941176
85.3084264706
78.536375
74.4740661765
81.3437720588
70.7953014706
91.8232279412
80.4362426471
87.0590073529
88.0941838235
81.7792058824
80.4650955882
79.3980294118
87.0439705882
81.204625
80.8085808824
79.1068823529
81.440875
80.3808529412
92.2479117647
83.5339779412
76.2878970588
92.7114705882
81.0085735294
83.5025073529
87.0344705882
88.2705147059
85.6392426471
77.0318897059
82.8556176471
88.4299338235
83.1319852941
84.3900588235
75.6986838235
80.8681470588
85.9414117647
89.0456029412
91.3265
92.8747352941
89.5854264706
84.1229705882
78.4769411765
79.5020147059
77.8531029412
78.8952426471
76.0954852941
82.3679485294
82.09025
80.0576764706
82.7735808824
81.1175294118
83.1972426471
83.7411176471
85.14425
83.5472426471
91.9737205882
85.8923235294
81.9295955882
78.7778970588
81.8414264706
82.62975
85.4594852941
84.5283897059
80.0528897059
90.1142941176
82.3009926471
85.97825
88.6622205882
87.3478382353
88.3135514706
85.4422941176
77.4481985294
81.2528161765
86.9173529412
86.0529044118
87.7620220588
82.7607058824
83.1050367647
89.438625
78.5311176471
74.0938970588
72.2008455882
74.0609926471
68.7605735294
71.3136176471
67.4159485294
75.4965147059
76.7183308824
79.3908970588
86.5295514706
80.2816764706
88.4091764706
73.6193602941
72.9788014706
65.6307205882
87.3666764706
80.7395220588
80.5450294118
79.1450367647
75.2271691176
75.3965661765
77.5674411765
86.8763161765
81.3980588235
82.4356617647
77.3347205882
72.2137205882
76.4231617647
76.8653529412
63.5630661765
83.216125
73.5220294118
71.0379191176
82.0927794118
74.2062132353
82.3075955882
75.14075
80.4544705882
89.2911838235
81.5242132353
74.25525
77.1894338235
71.1503161765
86.4463970588
74.8508970588
80.6322132353
76.8935073529
68.7376323529
71.1082205882
65.4557720588
76.0680441176
83.0038970588
81.7260588235
75.5867352941
68.2061838235
58.4286397059
55.8841323529
55.5710735294
53.4676176471
51.8197720588
67.2457352941
74.6242352941
75.5012794118
75.8566323529
79.3505220588
59.9918970588
77.0538602941
89.7578235294
76.9830588235
78.9815
77.4286323529
79.6034852941
62.1771911765
61.4653676471
77.6812720588
58.8418308824
53.4772352941
56.9355588235
55.4133308824
76.7244558824
86.4001544118
59.5244852941
49.5955735294
48.0409117647
42.1405
41.7712867647
42.4235073529
46.44925
55.3306102941
57.5347426471
59.5786397059
63.9040808824
60.0800955882
54.3063602941
55.1334485294
49.4319632353
70.8569485294
72.3815441176
62.9273529412
70.2116617647
82.725875
77.6280220588
83.4563088235
70.9770220588
82.8500661765
62.1480955882
68.1791764706
67.4380294118
67.9211691176
72.4425441176
75.0119705882
72.9625
88.0834705882
87.518
81.4916470588
68.6492352941
72.8680588235
70.5403382353
76.0053602941
72.8623161765
80.7177058824
77.1820441176
80.4981397059
69.3081911765
78.0340955882
79.6763161765
80.4860073529
73.0171029412
81.2513897059
80.0824705882
74.8357279412
85.9328529412
77.8605661765
80.8146985294
85.6051470588
86.4333308824
86.3409264706
72.5680294118
84.9661764706
68.7587426471
81.8968235294
79.652375
75.1728529412
83.4696544118
88.1978823529
83.1552867647
86.7084117647
88.1865367647
88.3752720588
71.8222058824
68.8907941176
75.4625367647
89.5580882353
88.5435294118
83.1734044118
69.0595294118
73.0930955882
69.7045661765
68.3074264706
64.5817720588
81.9561691176
81.5700882353
78.7694338235
81.99175
74.2045
73.6051838235
70.7620294118
75.0078014706
73.0281029412
74.0917647059
70.939875
72.1233970588
81.4500735294
77.3280588235
77.9706544118
73.8161102941
78.2650588235
77.7960367647
73.5155367647
68.8907647059
73.245875
76.3235147059
81.9207941176
92.1184926471
69.3419705882
66.4321470588
80.7798161765
77.2877941176
78.4257279412
73.6994411765
67.9876397059
68.6993676471
77.6987426471
72.4240441176
79.9022720588
83.4910514706
81.7256544118
73.3908823529
73.3962867647
72.9839485294
80.1305882353
83.4905
76.3195294118
75.1385147059
83.3142794118
81.7854632353
82.88325
81.1049411765
78.5240220588
78.4834779412
87.3348308824
80.1747205882
83.9967058824
79.4696323529
80.7563014706
79.2117132353
81.1858382353
80.3667647059
91.3209044118
83.9181911765
89.6542720588
81.1314632353
83.4397058824
82.6063382353
82.7590147059
76.2283970588
74.9518676471
74.3887647059
79.1331838235
78.7029926471
76.7319264706
81.5626397059
87.7253602941
74.5324117647
81.1350955882
84.0157794118
78.5653602941
82.5016838235
82.9982132353
79.5253455882
85.6090220588
90.5649558824
87.2072132353
82.8220882353
73.0695735294
80.5484705882
78.7192573529
79.9175367647
82.9805294118
87.0502647059
79.6020073529
75.3480441176
84.7949264706
77.7094705882
71.1727058824
70.6934632353
77.6704411765
63.1494926471
64.4519558824
75.6351544118
72.9497279412
75.6610735294
86.0094191176
92.6346617647
89.1546911765
86.3817867647
88.6156911765
84.3851029412
81.8909485294
83.4065588235
76.4209411765
88.0616911765
87.5395147059
81.0529264706
68.8644117647
78.0239044118
81.3330588235
76.8955882353
78.9832573529
77.3262720588
80.8562941176
89.6870735294
87.2388382353
81.6156029412
89.0098088235
89.9539191176
78.3672352941
77.09475
81.2389779412
81.0488455882
87.7116176471
87.9268308824
85.4943161765
83.9475073529
84.5141911765
76.9825
58.9819264706
80.9058897059
91.3702058824
76.6563529412
84.6860735294
82.6010808824
76.9963382353
81.8549338235
89.1891102941
82.4328161765
86.9789411765
82.9600367647
79.4919485294
90.0378529412
81.7068823529
78.6811838235
81.9326029412
89.0564485294
83.3519338235
86.9609338235
92.8670735294
77.2408088235
78.4879779412
89.1486323529
83.2504705882
81.8904779412
76.6264044118
84.8518455882
82.4904338235
81.0446397059
85.20175
88.2975073529
81.4992867647
85.7909485294
81.325875
87.2136544118
78.0634264706
77.8353823529
86.6113823529
86.6970441176
87.7835073529
85.5267426471
82.4182941176
81.5075882353
76.0680882353
67.0581544118
86.2215735294
78.3942352941
87.6189338235
88.4988602941
80.9449485294
72.6688529412
76.4765220588
75.3659117647
73.6732720588
79.9969926471
90.825
86.3907352941
91.9348823529
88.9391029412
84.5563014706
83.2116764706
75.9089338235
82.8066323529
88.4658529412
85.4754926471
82.1810220588
78.5636985294
80.8847132353
84.7013382353
78.9718529412
81.8068823529
84.0649926471
77.8751764706
81.1524926471
80.3589338235
88.2084338235
89.516
78.7920735294
67.9128088235
60.232875
87.9401102941
87.8158014706
92.0019558824
78.6506617647
80.8218161765
83.9845588235
83.8680441176
85.9841691176
85.0641691176
94.9309485294
74.533375
79.0266102941
73.0856691176
81.5943161765
77.5978088235
85.9550367647
83.7493897059
72.7107352941
71.3004338235
65.5216838235
59.3420220588
63.8632720588
83.2479705882
67.5720882353
75.6514705882
85.8857426471
67.1618382353
64.6860441176
74.4773970588
75.4180147059
76.3644779412
76.97675
85.5223088235
74.9894411765
79.5279779412
86.0791176471
80.5229926471
75.4715588235
86.6870514706
66.1193088235
65.5573676471
62.0220882353
63.0715588235
79.2909779412
47.7288823529
56.4794926471
57.7486029412
63.6474485294
62.3638897059
86.4885220588
59.2955514706
66.3204632353
70.4295073529
84.43925
54.4616838235
51.9664852941
49.7685588235
81.9682941176
74.1304191176
88.0126102941
88.2524779412
68.4863382353
64.7924779412
63.9152279412
77.9094632353
75.0786691176
89.24075
71.2126617647
67.5574779412
64.997875
49.6776470588
62.5081397059
69.0768529412
78.8920882353
87.7499779412
81.2629558824
79.6397279412
80.1088382353
66.8217426471
66.3908014706
64.3797941176
65.1088161765
79.092875
71.7956985294
71.998125
80.2792941176
75.8357426471
90.8633897059
82.1768014706
87.6079926471
77.9504485294
72.8230367647
77.3811397059
75.0854632353
89.0089926471
91.612125
73.9934044118
74.0557647059
73.2162794118
76.9282426471
77.7677573529
67.4761029412
62.0546102941
76.7600514706
62.5782205882
64.5467205882
63.1507647059
59.5228161765
78.7577647059
86.2741176471
73.5384191176
80.1598602941
76.0403161765
74.9156470588
78.1819411765
75.1450294118
71.7963823529
87.0216838235
75.9609558824
76.9837132353
86.0546397059
73.1440882353
73.8943088235
73.8722205882
82.4088823529
74.6710808824
76.7935220588
74.3759338235
71.4569264706
70.4312941176
69.6711323529
67.5071397059
80.3209264706
69.0245882353
79.5929044118
75.6098897059
72.5128382353
74.0824044118
74.2673161765
90.9412941176
86.802
88.0098529412
91.7450808824
85.1465588235
86.5069926471
76.2997352941
83.1642426471
79.6727426471
72.8388823529
80.9572794118
78.5489632353
72.1547867647
76.2566176471
82.1552426471
82.3674632353
81.4608382353
75.6808602941
72.2463382353
66.3766470588
75.86625
85.1697573529
79.27075
93.5088970588
92.3518014706
79.7756838235
76.4907352941
75.6905588235
72.2096102941
73.6139632353
73.6612941176
72.9123382353
82.1000367647
90.4088897059
78.5771102941
83.3449411765
85.9025073529
76.5995514706
80.4972132353
87.6471397059
80.2457426471
75.7008897059
81.8145661765
77.3381397059
76.4811691176
80.4085808824
80.9940955882
78.6108897059
74.8691029412
76.0936691176
74.6706838235
73.7644044118
85.1166985294
83.2349264706
80.5916176471
82.9481691176
89.4410220588
72.8761617647
82.584125
78.8351397059
88.3763235294
86.3235955882
80.7343088235
88.9676470588
77.5496617647
82.5588455882
82.9985
82.6769338235
82.59725
81.2001102941
84.1165
86.9902647059
94.2214117647
85.6321397059
80.2729411765
86.1487941176
89.0757867647
81.9206029412
70.9280073529
89.0476691176
77.013375
72.2383455882
79.2586323529
79.6200514706
79.9435441176
79.5745588235
87.3071617647
86.0845514706
84.5473455882
92.1093823529
85.2051397059
91.9779264706
92.9311323529
82.6877794118
85.8295661765
84.1890294118
84.2804191176
88.5400514706
91.3897647059
87.0293676471
82.2599338235
90.5979558824
83.6085220588
84.5797867647
87.5229485294
73.6564632353
88.9967573529
80.5344632353
89.8396691176
81.9931838235
73.7289338235
74.6491764706
80.3216764706
79.2935514706
83.5152720588
82.1036764706
91.0203308824
95.0036397059
87.4115808824
75.8792867647
75.8972720588
86.4800441176
71.5633602941
88.0825294118
89.7135220588
81.0353382353
89.5091102941
80.1401911765
77.6143014706
73.2708161765
88.1815441176
94.3466911765
90.4955955882
88.5440294118
87.9763897059
92.9158235294
88.8579264706
89.4476764706
91.2535955882
86.6562279412
82.3898455882
92.0492352941
90.1992941176
95.5385808824
79.1752426471
86.8044632353
95.7947279412
83.8626617647
83.8946617647
85.5618602941
85.9378235294
85.3443014706
84.9187647059
85.8818676471
82.8233161765
86.1251102941
84.9332941176
84.0941102941
89.3142279412
89.6902279412
88.3140661765
85.2098970588
88.5297794118
87.7009558824
84.5725514706
79.2003308824
86.7616470588
91.7585367647
85.7418382353
86.8651029412
83.1545808824
83.0041764706
70.5879779412
79.4379852941
68.4385808824
83.9170955882
82.1207941176
83.6618970588
85.8947794118
85.6704926471
81.4524852941
76.9146470588
79.9845
79.7393088235
89.4936323529
89.3496397059
92.4264926471
91.5788897059
92.3946323529
92.9566838235
89.1516544118
82.7548382353
90.198625
89.7428088235
81.5320661765
88.1449117647
87.0184117647
76.5491911765
88.2961470588
80.3201764706
78.6430073529
79.0693602941
79.3031176471
91.5927794118
88.3702279412
85.7793970588
86.4223161765
80.3480441176
81.3258970588
82.900375
81.2563235294
86.4308014706
93.1035588235
82.9263382353
85.00925
82.789375
72.4052573529
68.4214705882
68.7950147059
65.3473014706
73.6773602941
80.6534191176
76.1041323529
82.6489117647
74.7641691176
87.8057426471
83.3033382353
80.4031985294
85.7162058824
73.3042794118
76.6064705882
65.2334852941
71.8073161765
74.1391691176
80.244875
81.4280882353
74.3392647059
81.8613308824
80.6030735294
76.8359926471
58.9032279412
67.6481176471
89.3182205882
80.7825661765
83.6085955882
83.6129338235
81.6583308824
76.9195808824
77.2815220588
67.2322132353
65.7973455882
67.6259338235
61.6241617647
74.2507941176
70.2126176471
75.8020588235
76.2408382353
66.2407058824
68.755125
72.41225
62.7643970588
57.6066544118
62.0085514706
83.1631911765
84.2442647059
68.6365955882
82.3882794118
79.4785147059
74.4641470588
79.5551617647
69.18675
60.5092132353
58.8070735294
58.9381617647
53.5462352941
54.8947867647
45.1502720588
59.2976544118
55.4916470588
66.6243676471
79.1539191176
67.4515955882
68.0465514706
60.9277352941
78.1630514706
83.8613823529
70.1023235294
84.1325441176
70.1419705882
58.1915955882
66.8911176471
84.1676397059
69.9753014706
83.9714191176
63.9388529412
69.0415073529
85.3906029412
81.7517426471
66.3447573529
57.035625
59.5075220588
59.59475
61.1303602941
77.0760220588
77.6794117647
74.5856985294
69.6993676471
83.7083970588
80.3513602941
87.1945588235
78.5789411765
71.9344926471
66.8125955882
61.3070073529
79.8355661765
64.8221764706
52.6793602941
59.673375
61.6483235294
55.4161397059
57.9079411765
59.8664852941
63.2685735294
67.6656102941
71.8815588235
77.2630808824
66.3086029412
65.3112647059
85.0723014706
80.5038088235
80.7726838235
75.8098676471
70.8398970588
88.966125
71.9230294118
78.4130147059
80.8900735294
80.2734264706
77.5336764706
80.5336029412
72.1625294118
79.6897867647
72.2011691176
75.855125
76.9501691176
79.0998161765
77.9072647059
70.7110735294
70.1891176471
73.0468382353
78.4642647059
68.4629779412
67.3186176471
65.4323676471
69.6408970588
65.9308088235
60.4568308824
73.8325367647
66.4692573529
62.5378088235
65.5290882353
59.2904191176
62.926875
64.2475955882
69.3651544118
59.9890441176
63.3567573529
67.8859926471
67.9956911765
68.9987867647
74.3023235294
76.3747058824
68.7976470588
80.0407720588
69.7464779412
69.8391029412
55.364875
49.1351176471
51.9777867647
60.1233235294
47.4248235294
50.4170808824
79.0728676471
81.5250735294
76.8412647059
83.1581176471
78.0904705882
72.2010441176
76.7475220588
67.0774558824
63.6653161765
59.7817867647
62.2597205882
70.773375
63.6407941176
75.5838897059
61.7909338235
67.7405220588
69.9426176471
70.9147867647
65.6628014706
70.2332941176
72.9133161765
76.8940808824
73.1834044118
71.9365
72.3627279412
70.1125220588
67.1754632353
69.2146029412
68.2142941176
77.3988602941
67.4328602941
56.2399338235
60.1775955882
78.1438823529
74.8504044118
70.6622941176
69.8015073529
68.0031691176
70.9387941176
73.9851911765
77.5935735294
73.9372058824
71.3041911765
71.1625147059
68.5054705882
64.7689338235
69.6278235294
75.3321102941
68.0921617647
72.3240808824
75.6701617647
72.2089264706
71.8648823529
67.2653676471
74.4790661765
75.9118235294
73.4318088235
88.1980441176
89.0822058824
83.5402205882
85.9372941176
80.6543529412
77.1746985294
86.8115808824
90.2998823529
87.2098161765
85.9121029412
87.4460367647
85.1961029412
83.4197279412
89.6643897059
81.4949779412
75.4176691176
77.4754632353
87.5098823529
86.5084485294
87.1123161765
81.5826544118
81.4230367647
81.2704632353
87.7121985294
90.8020441176
88.4469411765
85.7720882353
90.1966397059
88.2266029412
85.294125
80.6598088235
82.5574338235
85.0649338235
85.8869705882
91.5957352941
93.2693970588
77.8989117647
66.8518897059
55.6708602941
56.1547794118
76.9561617647
75.4317279412
79.6916691176
88.6424411765
83.9398382353
86.6474411765
88.8054852941
86.0662867647
87.4193897059
87.4541764706
67.2916029412
73.5327647059
79.2184558824
84.5630514706
73.7755073529
74.9391691176
73.9140661765
81.8143161765
89.3634852941
87.8488970588
91.6434117647
82.9833602941
79.2951838235
90.4968602941
93.0804632353
93.4976470588
87.7771764706
94.0735955882
94.7223161765
80.7912279412
83.3732352941
82.7525735294
84.0515882353
86.5759705882
83.9902426471
83.9861029412
88.9788970588
76.6226911765
83.3582794118
83.7750367647
73.3947058824
86.7677205882
70.0208897059
89.2664411765
92.7169558824
83.8624632353
93.7627058824
92.687875
86.2535441176
82.0756544118
78.0597573529
80.4300514706
80.8820367647
80.4542867647
89.9386029412
91.5410294118
78.0179411765
91.2287058824
72.746875
76.7049485294
84.5239779412
84.1672867647
79.4888529412
83.4748529412
80.4227352941
82.3222647059
82.6580955882
87.1937426471
77.8194705882
78.3949485294
63.2905073529
86.3947279412
81.627875
85.0927647059
78.6455147059
78.0370735294
88.0487352941
84.2501470588
91.1453529412
73.9594558824
82.73775
72.1796470588
81.5707058824
81.2877132353
76.9691102941
85.95725
87.7985441176
81.964125
79.9187352941
85.3498088235
87.1046323529
85.0070294118
86.7811397059
88.0723308824
84.5922794118
81.0025441176
81.6964485294
80.9753014706
81.3188602941
69.720125
72.9338014706
81.1725294118
81.4854705882
86.5783088235
67.4323308824
70.3950367647
64.8086323529
65.8956911765
57.5303602941
92.8210147059
88.9452794118
79.1945073529
86.9175294118
86.2506985294
82.5991397059
78.9722279412
68.3345
79.1934558824
79.2140514706
81.8713308824
77.8650882353
81.0207941176
64.2433529412
57.9977352941
54.1566764706
73.3320661765
83.3291029412
75.69975
74.1350588235
87.2065955882
86.5841544118
78.1831544118
67.7626323529
71.1037647059
72.8480294118
78.3328897059
65.7102573529
91.8693235294
72.2377720588
91.1311470588
74.6784264706
79.6797794118
79.2314558824
76.8986029412
90.6497647059
72.9853014706
78.5869264706
81.1518235294
79.2945661765
77.5687573529
91.3201544118
76.4992205882
89.6966323529
84.8753529412
86.52875
81.3073676471
89.8517794118
84.9527573529
68.9103382353
53.4255735294
56.3055
77.0771985294
67.9844485294
67.5460147059
78.5815735294
69.3981397059
81.7920808824
68.248625
72.3408014706
72.7589926471
65.0493014706
75.1898308824
63.6100147059
79.0620514706
70.2458823529
81.0375073529
78.3878529412
72.1829411765
61.2077132353
76.1492279412
81.3900661765
79.9650955882
78.4563235294
74.4250588235
72.7128014706
85.2580294118
73.9714852941
82.8485
77.4526470588
77.4452352941
67.3103308824
84.9842573529
61.8433382353
68.4629264706
73.9617352941
93.2904264706
93.0559852941
92.5139044118
84.6368970588
89.9695808824
74.3682573529
81.6808235294
77.2551397059
66.3315735294
64.3549117647
72.5210808824
66.3368161765
66.1007058824
79.6324705882
59.9995588235
58.3005808824
56.1524264706
74.88
71.5630441176
69.1510073529
65.3739117647
75.0105514706
70.5299338235
69.0609191176
72.6382205882
63.8572352941
76.7898308824
55.4826323529
54.9287794118
62.2797867647
58.3078014706
57.6571691176
60.6635735294
74.555375
77.5232941176
85.4204852941
65.5595588235
78.1995661765
76.4321544118
84.8981911765
73.3860294118
67.9530735294
65.1733308824
60.6101397059
70.3466838235
74.1915735294
72.1341617647
58.0728455882
54.9101397059
54.9793823529
57.8642573529
60.6938014706
73.7596029412
66.8891323529
77.8016470588
64.3197720588
70.0629264706
92.2270661765
61.5317058824
63.7475294118
62.1047941176
58.8016323529
81.7050367647
73.2530661765
57.7170882353
64.4472205882
66.198625
71.1685514706
61.7663455882
49.2763161765
58.7819117647
62.5066691176
70.4198088235
82.6991029412
87.2521029412
89.8758014706
76.3312647059
70.2937352941
72.3315220588
71.1372352941
75.4724485294
63.2617279412
68.760625
71.8138455882
67.5136764706
68.0948676471
74.8191838235
71.9627279412
65.3100735294
60.0765514706
66.7974779412
78.3343602941
75.2661176471
69.9322941176
62.0694779412
70.9637352941
68.8735147059
69.9803823529
65.5261029412
62.4531470588
60.2158529412
70.7316397059
67.7800220588
71.1700514706
62.6489705882
55.4811985294
56.6579852941
60.9814632353
58.7279264706
76.4428602941
83.5235
65.1548602941
74.2365808824
75.5232647059
86.9501838235
83.8973308824
75.0817205882
77.0242647059
70.0692573529
79.1772352941
78.2424338235
84.650125
72.7792205882
76.8035441176
75.2679779412
74.5381985294
78.2531985294
73.1996544118
79.6569264706
81.2216470588
83.4218823529
61.9364779412
85.9986911765
83.8924705882
76.8183088235
68.88075
70.5529044118
71.3742867647
71.1701029412
73.0486911765
80.146
76.7377867647
74.3630514706
69.7000955882
76.3772058824
73.4659485294
79.5160147059
79.4674338235
86.9178823529
85.6934485294
74.1621102941
82.0460735294
83.8871102941
78.3193823529
79.3341838235
73.6441397059
80.2305514706
68.2863602941
85.4851764706
80.3443970588
76.6145735294
81.156125
75.0779485294
87.4345073529
78.0749705882
84.4397647059
80.4737794118
91.4001838235
88.567375
84.1089411765
87.9570588235
88.1731691176
91.9440955882
67.2986102941
72.8735073529
71.4880367647
84.1770220588
92.0820955882
93.5996985294
82.9914191176
88.9113970588
83.8386838235
78.0122352941
78.6797205882
83.6535147059
82.5001397059
91.8596470588
85.2919044118
75.7856838235
87.5070220588
79.6928823529
80.1483235294
85.9656102941
85.6814779412
78.4204926471
75.8637647059
76.7804705882
90.8921617647
87.3536102941
89.3999338235
86.7175808824
81.7501102941
81.50075
86.2005294118
86.4952132353
84.8797279412
75.4571470588
83.5441029412
85.0571617647
88.1373382353
90.7988014706
81.5021985294
88.3283014706
82.3361323529
79.8381397059
90.6605
71.3775661765
80.1490808824
82.01475
84.9575367647
89.2218897059
81.4149632353
76.0225882353
79.6464779412
87.4523382353
75.8870588235
82.51575
83.8597794118
88.0808897059
83.8827132353
80.5867352941
80.6412573529
87.1237647059
85.0769338235
84.5618308824
79.2499411765
78.2097867647
72.0814558824
78.7835955882
71.3456764706
80.0518676471
79.6433088235
85.6041911765
86.4129117647
78.5247279412
86.336625
84.2043014706
81.711375
76.3212426471
79.2860955882
81.8029852941
83.2263970588
87.8831764706
88.5913455882
91.7796691176
84.8549779412
86.8088897059
78.3865514706
82.9474705882
88.0207205882
69.4791617647
83.7979191176
78.8275514706
85.91525
83.5075294118
60.5971323529
76.1566985294
67.396625
75.7777941176
71.6143529412
71.3375882353
72.1361176471
66.5663235294
74.3952132353
77.4375955882
90.0284779412
87.0200220588
77.0626691176
82.1113529412
88.2852132353
86.5985
78.0411029412
81.4078088235
88.1857205882
88.8462205882
76.8780661765
82.4728014706
79.0678014706
78.0698455882
73.1279705882
67.1823161765
76.3211470588
71.2245955882
65.7643676471
72.6376397059
77.401
73.5984117647
64.3655073529
81.5322058824
69.2700294118
64.13175
53.3291911765
56.4299705882
56.2095661765
60.1564338235
57.1942941176
60.4392720588
86.0165955882
71.7063897059
77.3328382353
75.3078970588
80.2274264706
75.5588823529
78.6923308824
90.8349705882
89.3613455882
85.1160588235
86.4835588235
76.6762647059
81.734375
82.2486764706
71.8427647059
83.2155882353
82.8849338235
78.4516911765
91.6785294118
68.67675
64.989
57.5734926471
83.0616397059
72.3824852941
63.2644044118
56.4314779412
56.2743529412
55.2449632353
53.1519117647
58.0542058824
52.5577573529
55.2855147059
56.2209558824
49.7589044118
60.0251985294
52.6356911765
74.0677352941
82.7638014706
73.8401691176
79.8631691176
71.0646397059
70.360625
89.5044191176
70.4723161765
75.9728602941
63.4633529412
76.7583455882
79.2232647059
83.6363308824
92.0916544118
85.1606911765
80.5980441176
76.1785661765
78.2370661765
71.0215588235
71.0379779412
69.2817205882
92.8211102941
82.1866985294
80.2400735294
90.1068235294
85.9786102941
80.8666470588
86.6841617647
93.6846544118
80.1223161765
82.29275
80.4335367647
70.2550441176
72.5915514706
62.7366397059
87.7111911765
73.2704926471
90.3525955882
76.5483823529
81.3898161765
78.5462279412
69.9839779412
70.2289264706
67.2646176471
70.9343897059
85.2544632353
78.3521102941
77.086
75.8475955882
69.7158014706
68.5567720588
60.5471985294
78.8501176471
60.7152426471
59.1279338235
67.5628529412
82.3050367647
76.2733382353
67.9384852941
75.5781838235
70.5635441176
73.2460882353
65.181375
78.3310220588
87.0559705882
80.9039338235
78.9345073529
75.9668161765
72.8738602941
64.5606102941
67.1716544118
62.4997720588
64.9346176471
69.9015147059
79.6148382353
86.3923676471
87.4936176471
82.8100955882
80.9629926471
89.6232279412
78.8972573529
79.2933897059
76.6775367647
74.6095514706
71.582
70.5944485294
71.6314705882
78.0297647059
78.3923382353
82.1306397059
76.7562573529
66.3009852941
66.2943308824
93.5528897059
73.2351176471
71.0832132353
85.3822426471
81.4091176471
83.9525220588
76.3451176471
73.2661470588
83.8901691176
90.2788529412
93.1261544118
80.7777352941
82.7865735294
76.5469485294
75.78725
77.4376838235
75.7414926471
72.1653602941
69.0781470588
70.4336397059
72.5553161765
62.4826764706
62.1442132353
69.5073308824
83.8843382353
81.7419191176
73.8554411765
74.0760441176
68.7162867647
72.2224191176
67.8764411765
65.6781838235
73.3991617647
68.5316029412
79.0452205882
76.6432205882
88.6679852941
83.8882573529
90.3962573529
90.3571470588
86.6645514706
83.2256176471
80.9416323529
83.0632794118
80.1331029412
85.7088602941
84.4379117647
85.3150514706
78.3584558824
82.2706102941
79.0900514706
77.1574338235
78.4094705882
87.5137352941
86.5340294118
85.4826985294
88.6512720588
83.0663308824
81.8193014706
86.5989705882
87.2556911765
78.5760514706
85.3807794118
84.121375
82.6814558824
83.8163161765
84.8623529412
73.7041029412
79.0867573529
85.6209044118
90.0457647059
84.0768308824
84.9750514706
85.3805
80.8129705882
83.4442867647
83.8582205882
78.2216911765
78.6208088235
78.2591470588
84.2966544118
72.8215441176
87.8727352941
89.5004117647
86.9907426471
84.4802058824
83.2478455882
82.9821985294
90.5394779412
82.6025514706
77.7220808824
85.8472352941
89.8972205882
86.9493308824
87.3202352941
86.4830808824
83.4131544118
81.8578235294
86.3646544118
88.1276911765
87.4391911765
86.8492647059
86.1241397059
78.4104558824
73.8414558824
74.1354705882
82.5687794118
84.2533529412
92.5255955882
89.5918455882
89.3829338235
90.7945514706
88.7902132353
89.0800073529
74.4054632353
80.3037426471
81.4038676471
82.3016617647
84.0932205882
76.2087058824
81.0581397059
84.1372205882
85.8031029412
90.4875588235
92.2682205882
87.6034632353
89.7266029412
85.1919411765
90.5413970588
88.864375
84.6424044118
77.4197426471
88.5825441176
88.9378308824
87.3663676471
92.8952058824
91.2376544118
89.7299485294
92.8541764706
91.5394338235
84.4081176471
88.1727720588
79.1173161765
86.0046691176
77.4849926471
64.1834632353
85.7733823529
83.5268455882
87.4437941176
79.2785882353
86.4155735294
78.8398676471
80.5296176471
92.0784779412
86.6377279412
84.8907058824
84.2869852941
82.0609044118
79.7179411765
82.1980735294
83.6877279412
81.1305
83.8525514706
87.7366397059
87.8457205882
82.7644705882
80.696375
83.8022867647
86.9661544118
88.4238602941
85.6532279412
86.3658897059
86.6818382353
88.6803676471
89.6025882353
83.4444117647
75.1588897059
79.9655955882
87.8971838235
72.8501176471
73.13125
83.2893235294
83.9527058824
83.3495441176
85.4931397059
69.6905367647
64.004125
70.2339411765
69.3079705882
85.8625220588
74.4216323529
73.0112867647
81.9420735294
78.2565294118
74.618
68.9216544118
73.0921691176
73.5513970588
62.948125
71.3761397059
73.8033382353
76.9213088235
62.8677279412
56.2042720588
74.9024632353
77.2429485294
78.6499411765
75.828125
79.8462132353
78.4731544118
82.9553161765
90.6115220588
85.6330882353
88.7900735294
78.9907279412
71.9931985294
80.9551985294
81.1586102941
88.1603308824
74.8931470588
80.17275
75.8754338235
74.5009852941
76.9995808824
79.3058161765
90.7776911765
83.8532867647
89.3293161765
88.8062867647
81.8538970588
83.4941397059
83.7439411765
76.8438308824
80.0574411765
77.4129852941
81.6285073529
75.1258014706
84.7447867647
84.0236470588
66.5179705882
77.4844191176
65.6410073529
82.1821102941
87.6976323529
64.8350955882
76.3363529412
58.6149705882
58.7514338235
76.5200147059
68.7888823529
67.6671617647
73.9630808824
80.0966397059
79.408
78.7834926471
75.6534852941
81.7086617647
82.0998308824
88.5941323529
71.1637426471
62.0511176471
63.7576985294
58.6141838235
63.5470220588
67.1468014706
78.9492058824
58.8266397059
73.3494264706
76.4793676471
84.3826029412
80.2680661765
73.4180808824
65.9347867647
71.7042132353
75.5361985294
82.4271838235
77.1415073529
70.5262205882
64.7750808824
64.7904117647
70.5931691176
78.9664264706
78.9889117647
79.3201617647
75.1117720588
76.4740808824
73.054625
78.1236544118
63.1699191176
57.6319264706
60.6359411765
60.5005735294
73.1935
76.0304117647
87.3553088235
82.3670514706
73.4620294118
68.2910661765
60.2593382353
62.9132573529
83.8758088235
84.1686985294
62.3899926471
68.7410808824
63.1368676471
56.3015441176
50.4209338235
63.0868897059
79.9486323529
79.3189044118
74.4698088235
82.8236176471
78.9939779412
80.5383235294
78.0333676471
83.3666470588
84.5572794118
78.7874411765
67.3707720588
65.6450367647
79.3290441176
74.2537352941
64.2839411765
91.6677720588
79.8519485294
81.2929632353
77.4826617647
80.1313235294
86.3175
90.7674117647
70.1488823529
84.2375147059
79.0221029412
74.3584044118
85.7501544118
73.8659338235
69.9331985294
55.1001029412
59.8046176471
76.4788897059
66.7137720588
80.3401176471
87.3070294118
81.4441985294
76.9541764706
72.4195073529
65.7554264706
63.0057352941
67.9166544118
69.0869558824
69.0235588235
65.2328602941
74.5016323529
71.9191911765
79.3615882353
83.3546764706
79.4615955882
73.9764705882
68.7990294118
78.8925661765
73.5902794118
77.0970441176
80.683
66.0430073529
81.0933088235
84.401625
69.093375
74.8306176471
67.7773602941
65.0111544118
83.1384485294
80.5489044118
82.1675735294
76.5853161765
75.4794558824
68.9964705882
82.3245588235
81.6179852941
71.0919191176
75.0620735294
85.5012205882
81.6975808824
82.1189264706
84.2473235294
79.0685441176
78.7336544118
79.9036176471
78.0540073529
72.9708970588
73.2091323529
72.6626176471
70.3739485294
73.6251544118
72.4580661765
71.6927279412
73.4493161765
67.0185147059
69.3169852941
86.1393529412
81.8839191176
84.8982720588
74.4820588235
70.9666911765
88.8795588235
74.4334264706
74.4744044118
80.5400220588
80.1675
78.6130955882
80.1965220588
81.4338161765
79.6498161765
87.2566911765
80.811
73.8688529412
80.5698529412
74.0616911765
73.7225
81.8377867647
79.7575220588
81.1293014706
78.93775
74.6227647059
85.7570367647
73.1976764706
73.7367352941
75.8444338235
87.2946323529
71.0440441176
71.0851323529
86.3457205882
88.6213382353
91.0505735294
81.3097352941
74.2993161765
78.1566323529
81.5818602941
80.1278529412
76.4029779412
78.8079632353
85.3795514706
90.7183308824
91.0312352941
84.3814044118
79.7189779412
82.4248602941
81.3638382353
81.7667794118
72.9622647059
75.8044779412
76.4836764706
82.6221102941
93.3760220588
83.6305073529
80.779125
85.8145147059
82.9704191176
87.8545441176
85.5046029412
82.9482573529
78.9391985294
81.9446323529
81.0816544118
83.9146985294
85.4607132353
80.7503235294
76.9769852941
72.7656470588
77.5529117647
75.9497941176
89.8589852941
89.3735588235
86.5139852941
85.2786838235
74.6070441176
80.72875
89.5060294118
88.4469852941
87.5021985294
83.8724852941
87.608
87.2458970588
84.0495367647
83.3228970588
81.5836911765
84.7275294118
93.6923014706
95.7672279412
92.0944264706
83.0673014706
80.5580367647
62.5358823529
70.8382720588
88.4281985294
92.3608308824
88.1536397059
83.2499926471
79.4661911765
86.3284338235
87.1773308824
93.9466985294
89.9622794118
82.4110735294
90.4682720588
90.5823455882
83.4055294118
88.9281397059
74.2333161765
64.4449558824
84.0550147059
81.8457573529
91.397375
81.1688602941
88.9042647059
86.8448455882
82.026125
84.6233676471
86.1476176471
84.7943897059
85.9442941176
87.2559117647
86.8921911765
78.2915955882
83.3801985294
82.4037205882
79.4290514706
80.5821617647
88.7779411765
87.8453088235
83.7428088235
89.5905882353
75.9201029412
84.1571029412
84.8499411765
83.2235441176
90.6221544118
87.1432205882
76.7072867647
74.2968382353
69.2699044118
86.7537205882
80.2465441176
81.1293308824
73.8475294118
77.4371176471
85.9458161765
78.2169411765
76.6819926471
81.2049926471
80.9988235294
91.6800220588
83.52325
79.4420808824
79.5308455882
74.0365955882
68.2390147059
77.991625
77.0921764706
83.4861691176
76.4589191176
69.4647426471
63.0111764706
84.5914558824
80.9743897059
82.4595294118
77.1185588235
80.6771764706
87.0397794118
78.9963529412
75.1371397059
74.8822205882
76.8314338235
70.0169852941
70.8465367647
77.977375
65.3269485294
56.9511470588
60.4158602941
70.8104338235
73.5216617647
82.0573161765
91.9879264706
95.4926764706
84.1161470588
85.3390735294
91.3229779412
88.8913308824
90.7977573529
87.8163161765
88.0992573529
87.3810147059
84.8556470588
77.3030661765
70.3925588235
61.7339558824
61.6335514706
78.2221470588
76.3478602941
74.4497352941
83.2360955882
88.6970514706
59.9551397059
78.5039705882
82.7351691176
69.2727132353
79.5075514706
80.4294044118
81.5794411765
66.1863823529
66.9492132353
87.2497647059
91.5762573529
86.8506691176
71.7383676471
86.8261397059
86.2827867647
88.8467132353
85.9541544118
69.6196323529
73.3057279412
64.5270955882
77.1520367647
61.6495367647
73.251625
73.7928676471
79.6530808824
79.4302647059
70.9504264706
76.5206838235
72.2784191176
73.0799191176
78.7634852941
80.2098897059
85.4985882353
68.4830882353
64.620375
58.8868308824
79.6152941176
64.8265073529
51.1139264706
51.6037426471
77.1474191176
76.1541102941
77.5579926471
77.7088382353
71.0771102941
69.8499264706
87.4192058824
68.7143602941
65.6338161765
79.2163823529
85.7692794118
84.4951397059
66.8275367647
62.7867867647
81.7504485294
77.6771764706
73.3740588235
80.1027794118
67.8412647059
67.4534632353
84.7275441176
69.4570882353
62.4834191176
69.0576617647
72.4090661765
79.1467132353
80.8220882353
65.3657132353
76.266
85.4302941176
76.3058235294
79.4488529412
75.0475808824
85.7310367647
90.2097941176
89.1392352941
72.8456691176
69.8039117647
74.2314558824
69.3631691176
70.7458014706
53.16275
58.0495073529
69.4219044118
76.3666029412
83.7164485294
77.7378088235
71.3700073529
74.9509338235
69.1081617647
50.5887720588
68.0023823529
72.4929044118
65.5910882353
62.1808161765
63.6971764706
61.4193529412
63.5660882353
61.0880220588
60.6084044118
62.5653970588
64.5341397059
58.4949632353
81.4113897059
80.0357058824
73.9429705882
73.5704338235
84.4764705882
67.1428088235
68.0254338235
62.5639926471
66.2686176471
76.8203529412
70.3498014706
65.1387205882
72.1801617647
65.7805661765
65.1165735294
72.3898014706
72.9297867647
84.8409338235
75.8683897059
85.8439779412
81.0583088235
81.4910073529
69.7588382353
64.88125
67.4077426471
64.9937720588
62.4782132353
63.7049117647
58.3298161765
68.2620661765
57.9507058824
57.7984632353
56.7906323529
62.9594411765
62.5221323529
57.1956691176
70.6367279412
84.4658382353
74.0843823529
71.8136544118
74.5444044118
71.0228676471
65.72525
90.4261838235
92.7951176471
85.2657794118
74.9052426471
89.6015
87.3839779412
89.983125
77.3075441176
74.5261029412
78.8113676471
79.8893382353
80.2415220588
82.3983676471
76.2508308824
77.1482720588
76.3772058824
87.2667279412
75.8567941176
78.1108308824
70.0925294118
71.4087279412
71.5328235294
78.3218161765
73.3575
73.0995514706
86.0719558824
87.2931911765
77.3084117647
93.6909779412
92.2682132353
93.0103088235
84.0602867647
80.7466764706
80.3130955882
72.6154485294
70.5555220588
82.2951838235
79.4569632353
78.7226985294
77.2886911765
81.1694338235
80.7479705882
79.4118161765
80.2015735294
72.7303455882
80.2499117647
81.6838088235
79.8652132353
74.6966985294
86.2189926471
74.9958235294
81.2858161765
82.7815367647
81.4648088235
84.8456102941
79.0569191176
81.8909558824
73.5658602941
77.5097132353
87.0325441176
85.1300367647
75.0535367647
86.8251838235
82.0369411765
80.8392867647
94.407
82.6406544118
80.2202352941
85.4046691176
81.5467794118
76.0751911765
75.6683602941
88.4557867647
90.3234632353
87.7363602941
89.2645882353
76.9332647059
80.2099558824
82.2023014706
83.7963088235
78.7506838235
87.069125
84.7083970588
81.1302941176
84.5906029412
77.9460661765
83.4816838235
86.22425
85.0859558824
78.1219411765
87.96525
91.8577573529
74.540375
84.4718088235
86.2443088235
85.8215220588
86.8901838235
80.5166323529
77.5361470588
86.4605514706
84.4383308824
81.2110073529
95.0866397059
93.0240441176
90.8389705882
86.3480882353
92.5357794118
87.7344485294
76.4991470588
78.7653088235
90.4015441176
90.9183161765
88.5408970588
87.4639264706
86.431125
89.4693235294
85.9782426471
79.6031838235
85.9645
88.0038529412
71.2139117647
85.5105073529
85.1049264706
79.1405882353
86.6200294118
86.9724852941
70.4498602941
79.4570955882
80.4034485294
81.8097867647
87.7054117647
84.0260220588
90.3717867647
85.875
91.3951176471
86.4289411765
87.5981985294
81.6834044118
80.9382573529
90.6014044118
85.5920441176
87.3146985294
77.3708529412
80.8745367647
87.2330882353
80.3310588235
75.7578235294
78.850875
69.7079852941
71.7490661765
76.6461617647
80.1171985294
84.9213529412
80.3421911765
86.0506838235
86.5795
88.3228014706
92.2737941176
93.6887426471
88.8520147059
88.1378602941
87.2537279412
81.9998970588
84.5965955882
66.93925
71.3786838235
71.5385147059
71.2331617647
70.8704338235
70.9381691176
91.4331617647
85.1866102941
86.4300882353
74.6969338235
91.5196838235
93.3543897059
90.2858676471
85.3698088235
91.8096323529
92.5231470588
93.7780441176
91.8079558824
86.7356985294
84.5816691176
86.4399411765
85.7146911765
84.3120294118
85.791875
81.9450147059
70.4036544118
64.0252205882
64.4339485294
75.5931470588
95.4270147059
92.9818308824
92.8712647059
85.4027573529
65.1160808824
75.5080514706
72.8876397059
72.2999558824
72.4887132353
74.7727941176
73.2129926471
65.2511764706
66.8273897059
65.7226691176
62.3868455882
67.2038014706
75.8796323529
77.0728455882
90.1512132353
86.4855294118
87.0735661765
75.5146691176
72.0346544118
78.2762794118
91.9856985294
94.3329852941
92.8271544118
68.3431102941
73.0136544118
74.9211764706
70.4471323529
79.9910073529
73.6108235294
87.2366838235
81.1036323529
63.3035294118
77.8283014706
67.3741176471
79.7573529412
64.8801176471
68.1341323529
77.6733529412
77.4948382353
77.0931617647
82.9873235294
76.0540661765
69.1839485294
78.8983602941
82.7748970588
71.3454926471
71.7969191176
72.3042058824
61.8992941176
68.3741397059
67.1065661765
63.7217941176
63.2727867647
59.2487720588
57.7904779412
49.3275882353
48.6275735294
48.1857352941
61.9749264706
76.4950073529
69.3330514706
80.3453308824
88.1062352941
87.9553014706
71.0724926471
69.9994779412
69.8452279412
60.5252647059
76.7669926471
58.5969044118
87.7215367647
68.3815220588
72.5688308824
77.0256544118
73.7601838235
64.8373014706
77.8911323529
67.2745661765
68.7878676471
86.3379558824
87.1154191176
86.64725
74.6074411765
66.65725
62.6786617647
80.2862205882
67.3223823529
90.6665441176
85.7537867647
88.7379558824
71.1416323529
87.1088455882
91.3009485294
84.0130955882
83.3051029412
83.2741764706
72.7921838235
66.9969117647
70.6208308824
70.9639264706
79.4896911765
91.5177352941
92.4066176471
74.2209485294
91.1771029412
81.2203382353
82.6576102941
79.7932941176
86.0374117647
84.0014558824
75.2746911765
78.4226617647
77.2747720588
88.4690661765
77.6249485294
85.7614117647
70.1064411765
81.3462058824
75.4945294118
76.05
75.3133308824
75.0745220588
66.9023161765
63.6003823529
63.2315294118
62.5498088235
68.3318676471
81.5035955882
64.2228455882
64.9228529412
63.6719338235
65.9245
70.2454558824
69.3269044118
70.3751911765
79.2378897059
73.8878308824
77.9492205882
71.1037058824
81.0681691176
81.2782573529
82.2123088235
81.663375
77.0315073529
77.276125
72.699125
85.9671176471
80.4444264706
87.9300882353
87.73425
84.6367279412
72.6789117647
91.5251764706
83.3141397059
74.4303602941
73.1191176471
73.5982205882
64.0188455882
66.5592647059
89.6271838235
77.6560073529
75.0815
74.0521911765
79.9617279412
81.3470367647
69.2594117647
83.4434705882
73.7603235294
91.7464264706
84.1326470588
78.1618602941
78.7257867647
75.0489411765
89.0980441176
79.7985661765
75.5704926471
76.5473897059
78.5786544118
79.4770073529
90.3819044118
81.4042279412
74.4384338235
75.7660073529
79.8323897059
79.8763161765
78.8230588235
86.4098308824
74.009125
81.2440294118
79.5599191176
79.6274117647
80.288625
80.9069338235
74.0366176471
80.6195073529
85.6315147059
80.5986397059
79.0231838235
86.2489485294
89.6958970588
84.3231470588
78.2252794118
82.9700588235
82.3730588235
89.6824852941
82.0501323529
78.8473676471
80.1662867647
73.5529191176
78.9820514706
86.8896029412
83.2771470588
78.2009485294
75.1178088235
79.8195294118
79.8951838235
76.1391764706
75.6974852941
70.5751470588
76.3890073529
74.0709411765
71.6655588235
76.2909558824
92.4725661765
84.5954779412
82.0206911765
84.508625
68.3385294118
87.6434338235
88.3027647059
77.6380588235
82.9645367647
86.9489632353
93.7570661765
88.6931323529
89.4024411765
87.9010441176
80.7966102941
77.8021176471
71.2679117647
83.4972132353
79.2614558824
81.1005441176
95.0288088235
90.0803088235
81.1452058824
81.7456544118
92.9489485294
80.5970220588
79.9733455882
88.7054044118
86.2380955882
90.7302279412
77.4451470588
77.5349485294
75.9403529412
88.2625294118
77.3531397059
88.0690882353
84.572125
82.6511838235
86.5936029412
87.0192573529
82.4100808824
91.2816544118
83.9373455882
88.4142279412
93.814875
89.0117941176
86.638125
84.6257058824
90.6341911765
93.1903823529
80.8303602941
72.2640588235
79.1688382353
89.8467647059
90.2976764706
90.3796397059
78.4790514706
89.3691397059
87.7574117647
82.3682352941
89.4287794118
94.3784044118
83.0387573529
81.6835367647
90.4399338235
94.7037132353
94.36875
88.3039558824
83.0906691176
90.3627941176
92.031625
80.9154558824
90.6012205882
90.0276764706
92.0599411765
92.0760735294
80.9075220588
84.2523455882
83.8704558824
85.1710882353
87.2194779412
80.0342794118
84.4050073529
82.3772867647
83.8648676471
77.7290735294
76.4678602941
83.0210735294
84.3874191176
79.6833235294
83.9637205882
81.8323308824
88.2860955882
82.7455955882
79.0855955882
86.339875
91.6201323529
88.3471985294
86.0304044118
89.4851764706
89.3785808824
88.851375
80.8445
83.6634852941
93.3871764706
82.4458676471
80.5991029412
78.1878823529
94.2638897059
79.3104485294
83.2238014706
77.6578088235
85.5165514706
76.5064117647
74.8919852941
65.6961985294
86.2936176471
78.8743676471
73.9820441176
84.0096323529
84.6827058824
76.400625
80.4565882353
92.663
86.5748014706
76.9499338235
76.5457941176
76.7718455882
84.7976985294
85.9733970588
82.6470514706
78.3723014706
85.1346176471
72.2489044118
77.1761397059
86.68875
85.0889411765
90.7877058824
84.5767279412
84.9737352941
82.703
82.3050661765
83.7661323529
74.1333088235
90.4783529412
74.9405955882
84.6934117647
85.7305955882
75.6760735294
75.2664338235
87.2861911765
83.5670955882
80.8632573529
89.4340808824
83.4671691176
90.0774191176
81.5295147059
72.9161176471
81.1823602941
70.2089117647
87.0061544118
92.2122794118
80.3815735294
85.7985367647
82.4374558824
91.3816985294
83.9212941176
84.8159117647
74.1825955882
85.5652426471
66.9647941176
85.9458970588
87.6712647059
75.2523382353
65.39325
71.9180661765
78.442875
68.8451544118
69.5843529412
86.1143897059
85.8982794118
64.0301323529
60.908625
63.5757132353
59.4433235294
51.0508676471
55.9808529412
52.9015588235
81.4156544118
75.0363970588
65.4356838235
84.0773235294
66.7327279412
64.01525
53.9813014706
54.6899191176
50.8120955882
51.1342352941
42.8465073529
92.9141911765
74.3048602941
74.5723161765
72.2909852941
81.1530514706
77.4933676471
72.37
68.000375
64.0561764706
57.9076323529
56.7153455882
51.5920220588
44.4772426471
43.4109338235
48.9362794118
47.7567573529
46.2260073529
44.6207132353
51.8752205882
76.5372352941
78.9286102941
79.2105147059
74.5624191176
69.8240882353
68.6962647059
61.1549044118
71.9467573529
63.4391911765
54.9092647059
74.8260367647
85.7418602941
68.4526764706
67.1359705882
76.801125
77.424625
77.2022867647
72.613625
66.1807941176
64.8441544118
88.9181617647
84.0562205882
83.7408823529
83.6759044118
77.0819117647
78.7927941176
75.2080735294
58.2508382353
55.3420514706
68.5392794118
73.8919338235
59.5363676471
57.8692720588
66.0527132353
75.1175955882
66.2978161765
83.7091323529
74.0294779412
74.8915220588
79.9116470588
74.1195220588
79.6633602941
76.4786397059
74.2112867647
73.6035073529
85.7651911765
68.9638088235
64.3025367647
60.6316691176
66.8962720588
67.1552573529
62.6669852941
68.9222794118
64.7118897059
61.5784338235
62.4051838235
67.4383676471
73.5058455882
85.1725955882
83.9964705882
91.0978823529
83.0364852941
84.1882352941
80.1305588235
73.5739191176
87.8844705882
74.8708161765
67.7845073529
84.2360588235
68.4414411765
66.2191176471
63.7753455882
67.0428088235
72.9798161765
65.6699044118
67.9810735294
64.2191470588
82.5218602941
78.1401838235
73.0384044118
66.8139191176
73.2133602941
67.2089632353
63.0404632353
68.644
72.9359191176
72.6641397059
57.5553602941
53.5117867647
58.6077794118
59.9553014706
61.5608602941
63.8435808824
58.4160220588
74.036875
69.3265147059
74.8950073529
86.1177279412
70.4878970588
68.7629558824
78.15125
69.7897794118
84.6442132353
70.0963161765
70.7828897059
72.8529558824
66.3355661765
74.3653970588
75.2911470588
83.7210294118
72.1439117647
86.6589044118
76.4547720588
77.5945588235
69.9705882353
72.450875
73.1837352941
78.0540514706
64.1292426471
78.3188014706
88.7812647059
84.9979705882
86.639875
80.5799411765
78.3903602941
81.6461323529
80.0706176471
84.4653823529
80.7508088235
81.4018897059
77.8517941176
89.3777205882
76.4975220588
77.2980367647
67.8185588235
73.5847647059
75.0595073529
76.1460955882
79.1186544118
87.2558602941
88.7865661765
86.5637426471
88.4652426471
79.7652720588
68.8305147059
68.3397794118
74.9252573529
92.1424632353
93.6068235294
85.3831691176
89.4712426471
90.0672058824
90.0535882353
90.0386911765
90.0492867647
88.7820147059
89.0632573529
83.1939264706
84.052625
89.181125
88.5454705882
90.3115955882
81.5685147059
72.7923676471
83.1765
75.0878970588
83.6475661765
86.4881176471
78.67675
83.7191985294
74.984125
70.65075
73.1495661765
78.8136176471
86.5254852941
86.4875147059
69.0644191176
76.7848014706
88.3400147059
87.9229558824
78.2951176471
86.7303014706
89.8784338235
86.6973455882
90.5727647059
87.3803602941
81.3208455882
89.7168308824
71.2432941176
82.5829926471
88.2222720588
93.3751838235
87.2328161765
89.1295147059
88.0155955882
86.0871985294
80.1042867647
95.0847867647
95.6468382353
90.1593970588
92.2490147059
89.5863382353
73.1620220588
88.2183823529
84.0315294118
90.5689926471
85.5388088235
92.8314705882
84.0680955882
83.4565147059
85.2502573529
82.8249338235
78.6120808824
80.5394411765
87.6298014706
92.5264852941
89.7876617647
77.1983897059
90.273125
86.7373970588
88.7501838235
79.5964705882
93.6106176471
89.8987132353
90.3828308824
91.8633455882
86.0114117647
93.0354558824
92.9254485294
94.2773897059
90.6231911765
85.4892867647
87.8726544118
86.3798382353
95.1200220588
88.816875
91.6791176471
94.6546397059
87.6972279412
89.4735147059
82.5881691176
74.2278602941
85.7714852941
82.3214779412
86.9204852941
85.6880882353
88.2928308824
91.1213897059
90.3786102941
86.9726176471
86.0144779412
88.5649852941
81.9899632353
82.2373970588
81.9010147059
80.0305882353
81.4325147059
92.7684117647
91.5207794118
94.5164705882
91.6152132353
88.1365661765
90.1552720588
83.99225
89.8876764706
89.2487279412
86.4934044118
96.3569044118
95.5134852941
84.7919044118
88.7410514706
82.8105514706
71.8672794118
71.2459632353
86.4867941176
78.7158455882
69.4093823529
92.6704117647
87.8878382353
77.0028970588
78.1133455882
89.5809117647
87.4367352941
91.0031470588
68.5282132353
77.8666911765
79.0490588235
86.8846764706
80.3062426471
78.2769117647
87.536
83.8380220588
85.4621911765
73.6117794118
72.3390441176
84.6043676471
68.5566323529
68.6864485294
74.1193897059
78.0433014706
74.0144926471
66.5533382353
82.1908602941
93.3500294118
85.4792647059
73.9802279412
67.6168897059
80.2127794118
62.9662352941
75.5315441176
53.1854411765
79.526625
55.3751102941
73.8446985294
65.6910147059
60.3139117647
85.6919558824
76.0786323529
74.7098088235
74.3769191176
53.1676323529
54.9940441176
73.7337352941
92.5220294118
68.7446544118
82.6713602941
82.4845
70.4942279412
74.1969779412
62.8095808824
71.645125
86.1280735294
85.7133897059
90.2422132353
87.3120294118
82.8766029412
73.5236470588
88.4050073529
77.8315514706
89.2
72.2359411765
79.8644558824
69.5327867647
66.0136470588
90.8859632353
80.7094338235
86.2575367647
67.5610147059
70.9593382353
64.5706470588
67.3499926471
72.2810735294
75.1622647059
67.7983014706
52.5190882353
61.1715955882
69.5174558824
58.6919117647
90.1354044118
91.6115661765
78.4078823529
71.1093014706
76.7151029412
70.8554044118
63.8770735294
60.2095882353
60.0269779412
61.3893382353
65.1504779412
56.4968235294
43.3333970588
39.9561617647
43.9605367647
44.5733088235
55.502625
62.8611617647
59.6505367647
64.8988382353
63.8297058824
59.6699852941
57.4130147059
83.5451838235
83.9342058824
84.2954705882
75.581625
73.1131102941
84.0280882353
76.9409632353
71.3231985294
62.7898088235
85.6814191176
66.8337867647
60.9935514706
54.6045514706
65.482125
52.8690514706
55.4644117647
58.6124264706
56.8451691176
57.9830661765
66.5025073529
89.8290294118
77.0096397059
75.2026397059
64.8272058824
73.4800735294
63.7516470588
75.3181470588
66.0714852941
70.6291911765
77.169625
81.2149191176
79.2025441176
77.1034338235
66.1323602941
58.7518014706
62.8325735294
77.3993308824
84.6230441176
76.056375
68.6267352941
64.3934485294
66.5173529412
62.2755514706
65.9508970588
60.9827279412
63.7194411765
61.5961029412
66.1277132353
65.7525882353
59.0845514706
54.8805735294
81.7069338235
75.5998308824
81.9416397059
77.1276323529
75.1032720588
68.8869926471
66.6187205882
71.994625
76.6831985294
75.0680735294
76.3783014706
71.2186323529
66.5926617647
69.3174852941
67.9234705882
81.4749191176
85.3057205882
78.0567132353
70.9969852941
62.5767058824
69.904875
62.6433235294
62.6006764706
64.6173897059
59.8136397059
70.4601323529
66.7149705882
61.4047352941
64.3902720588
59.7265
62.3770441176
67.3425661765
64.7562647059
78.6829558824
82.5809926471
82.5403455882
78.9879117647
72.2909485294
75.2853455882
73.4772794118
89.8483455882
79.2551323529
83.5510147059
72.8712132353
75.5575808824
72.9397205882
66.9880220588
65.7395294118
69.7617794118
66.6075220588
73.3032205882
74.0907279412
93.59175
80.62625
89.0785294118
85.2575220588
81.3776691176
77.8924191176
76.8782794118
80.0452794118
84.1826911765
82.3411544118
88.7298308824
96.4006323529
85.1435294118
83.7375882353
81.3380661765
81.8950441176
83.2230955882
84.2667279412
84.5976029412
72.80475
71.3814044118
76.1854191176
74.5868529412
89.8491544118
89.2217279412
88.7087794118
94.3632794118
81.675875
79.4689558824
86.1402867647
80.4409632353
80.6683455882
83.3834411765
82.8163235294
82.7048235294
80.7785514706
86.7006617647
89.6474779412
69.2153455882
75.0263602941
74.9141838235
83.1931029412
87.5661838235
85.2805441176
86.3502058824
77.190875
75.8761102941
78.1552647059
88.5693161765
94.6028161765
86.3434117647
94.3482132353
79.2208014706
80.6583382353
84.8231397059
85.6516323529
77.8827279412
75.6796911765
76.7539117647
78.0267647059
77.8817573529
80.0961176471
80.5852132353
79.3163970588
84.3492573529
71.4251102941
70.6974852941
78.7079411765
81.5262647059
90.2030073529
83.8532647059
84.5253602941
86.5132941176
75.8673455882
79.7395073529
88.6189705882
83.5115441176
86.5522867647
85.4620441176
81.8444926471
83.1495367647
81.9746029412
91.6222279412
88.5797132353
91.8376985294
84.3629117647
96.1723382353
90.4167205882
88.3079044118
86.0079926471
88.8085
88.8782426471
80.6834044118
81.7950588235
80.0091323529
79.1281985294
75.0979411765
75.2693970588
90.2613235294
72.9174411765
88.6607573529
77.5906985294
88.7723382353
81.0789411765
88.0548088235
87.0303455882
83.8862426471
83.0363823529
88.3214926471
85.8875220588
