80.4547692308
81.173
82.6795384615
81.2267692308
76.8773076923
76.2607692308
76.6973846154
92.2732307692
81.2366153846
92.0493076923
88.1793846154
86.5179230769
81.9141538462
76.7408461538
81.5876153846
85.1000769231
76.7765384615
79.2941538462
81.6649230769
80.977
78.8648461538
90.8676923077
75.9287692308
75.2690769231
78.4150769231
79.4604615385
86.7505384615
80.7792307692
88.2343076923
80.6826923077
77.3616153846
86.0106153846
66.99
72.6759230769
76.9818461538
77.5841538462
86.6579230769
68.0536153846
76.4539230769
74.6362307692
61.9543846154
92.754
96.1824615385
90.4857692308
84.9064615385
81.1975384615
81.5751538462
84.0296923077
87.4525384615
80.468
74.5305384615
80.3194615385
86.9153846154
79.0434615385
76.5166153846
72.1266923077
68.3878461538
64.719
66.8451538462
79.5424615385
88.7505384615
88.5264615385
81.5607692308
83.3045384615
69.6455384615
80.7436153846
79.4048461538
78.6889230769
86.8593846154
69.2522307692
77.4131538462
89.9442307692
91.1739230769
91.8305384615
68.2141538462
82.7787692308
83.2840769231
83.5196923077
74.9548461538
53.2576153846
79.004
63.3485384615
81.7341538462
78.4311538462
72.4779230769
76.2685384615
89.4156923077
88.9920769231
88.5206153846
89.3574615385
83.0046153846
82.0553846154
72.5389230769
85.6332307692
83.2513846154
85.456
78.035
74.6221538462
59.9213076923
54.351
77.1236923077
63.6020769231
60.6592307692
57.8338461538
87.1241538462
86.9243846154
57.8513846154
63.2730769231
72.681
82.3062307692
85.8815384615
76.5646153846
71.2217692308
84.9729230769
76.8753846154
79.2597692308
66.5753076923
73.1789230769
78.1150769231
75.4900769231
60.3463076923
74.0967692308
80.7243076923
77.676
78.4736153846
62.3244615385
51.3833846154
52.0393076923
63.8276923077
86.2401538462
76.2424615385
69.4473846154
64.0358461538
58.9727692308
51.5566153846
67.5122307692
76.7441538462
70.6725384615
75.6833846154
62.5213846154
78.2023846154
61.3810769231
87.2702307692
69.9638461538
56.7339230769
86.3033076923
67.1523076923
63.1720769231
54.9333076923
57.3958461538
70.0813846154
60.6274615385
52.8534615385
60.0394615385
70.3939230769
88.855
76.0525384615
73.253
72.4850769231
71.5631538462
67.9083076923
70.5230769231
68.1719230769
75.3807692308
85.1058461538
76.0790769231
71.3947692308
84.6976923077
72.3401538462
69.9436923077
61.475
86.1537692308
91.0976153846
73.4576153846
67.888
66.1382307692
70.323
70.6542307692
73.5644615385
64.948
63.3845384615
64.5778461538
72.8053846154
75.8937692308
69.7638461538
72.6291538462
64.2161538462
69.5055384615
83.5356153846
71.4738461538
67.3576923077
66.4949230769
79.0349230769
71.7646153846
71.8381538462
78.1936153846
80.249
73.5388461538
70.9162307692
73.5016923077
72.5881538462
65.53
73.809
73.2199230769
80.4729230769
75.7784615385
73.1927692308
73.4972307692
75.4316923077
71.2843076923
74.2908461538
70.1343076923
78.0124615385
83.4429230769
80.0583076923
75.1846923077
69.739
71.3833846154
76.2382307692
75.3521538462
85.5778461538
74.962
79.9107692308
82.536
74.4925384615
80.0036923077
86.4907692308
72.8103076923
81.8663846154
77.5621538462
84.7529230769
79.1894615385
82.4539230769
80.8831538462
78.5334615385
80.9027692308
84.5430769231
76.9296153846
77.0584615385
73.9283846154
77.2605384615
73.0360769231
72.9238461538
77.4623846154
78.1292307692
78.8468461538
77.968
71.8279230769
74.9919230769
83.4755384615
89.6873076923
81.0046153846
81.1053076923
80.1038461538
81.6374615385
65.4012307692
69.5682307692
73.3423076923
67.7473076923
65.1956153846
74.049
87.6924615385
76.8243076923
82.1766153846
77.5087692308
74.7814615385
76.9178461538
81.2461538462
78.5256923077
86.5560769231
73.3493846154
72.7880769231
73.2229230769
70.369
68.4856153846
76.1999230769
82.8603076923
82.0570769231
85.3743076923
82.4871538462
78.3871538462
74.6955384615
79.0252307692
76.1002307692
77.9896923077
83.2213076923
83.2632307692
92.9878461538
78.7778461538
76.0426153846
77.6230769231
79.266
84.7109230769
79.4028461538
72.0994615385
66.4701538462
69.7023846154
42.2081538462
58.6263076923
68.4646153846
86.4352307692
84.5403846154
83.3259230769
86.7345384615
81.8288461538
89.0923846154
70.4388461538
83.6835384615
83.3316923077
81.1130769231
78.3825384615
84.8149230769
86.654
82.7569230769
80.5810769231
86.221
92.6582307692
92.6448461538
87.2418461538
96.3493076923
87.5916153846
89.399
84.4194615385
81.7079230769
91.9283076923
87.103
86.2254615385
80.1484615385
80.9710769231
84.8477692308
86.0316153846
85.9011538462
85.2590769231
84.2993076923
78.9820769231
77.3965384615
82.0773076923
70.5186153846
92.9458461538
80.4423846154
88.1323076923
89.6449230769
82.1373846154
81.7246923077
80.6467692308
87.5438461538
82.0545384615
77.8030769231
79.4013846154
82.1428461538
79.7494615385
90.5853076923
83.1213846154
75.9318461538
92.8225384615
80.9010769231
85.6934615385
87.4536923077
87.1152307692
85.4401538462
76.3984615385
83.6548461538
88.4917692308
85.0583846154
85.2523846154
78.2
80.9622307692
87.1594615385
92.3651538462
92.6070769231
91.4855384615
88.9097692308
84.2596923077
77.6347692308
78.4498461538
79.905
78.9353846154
78.3961538462
83.7621538462
83.2998461538
81.0094615385
82.7646153846
83.5047692308
85.2865384615
85.0098461538
88.7938461538
85.0816153846
92.1836153846
88.2024615385
82.8599230769
80.0447692308
84.4903076923
84.4883846154
87.3746153846
85.9383846154
81.9055384615
89.8266153846
84.2587692308
86.9236153846
87.9216923077
86.2444615385
88.4872307692
86.8340769231
76.2285384615
84.2141538462
88.385
86.4376923077
88.2493076923
82.5479230769
84.5968461538
88.9374615385
78.8371538462
72.8455384615
72.6166923077
71.998
68.9853076923
69.8916923077
66.7809230769
75.8513846154
77.1883076923
76.3466153846
87.7021538462
80.6268461538
89.6896923077
77.9313846154
71.2696153846
65.7220769231
89.6615384615
79.5090769231
81.6637692308
78.8843846154
73.9506153846
75.1893076923
79.0570769231
86.7993846154
79.2413076923
83.3234615385
79.2729230769
72.8540769231
76.1169230769
78.4086923077
67.6386153846
87.2884615385
76.8275384615
74.1041538462
79.9793846154
74.9458461538
81.7632307692
76.4426153846
81.053
91.273
82.125
77.5566153846
76.9270769231
70.329
87.6213846154
75.1892307692
78.3363076923
77.2272307692
66.9026923077
71.7736923077
66.1876923077
76.8666923077
79.8613846154
82.2766923077
77.2354615385
68.6110769231
59.8033076923
57.7424615385
56.9008461538
53.8304615385
52.65
68.0663846154
75.1526153846
76.6510769231
77.2393076923
79.2470769231
60.2089230769
76.858
89.1383846154
76.357
77.2915384615
75.0013846154
78.2913846154
62.3195384615
63.2173846154
79.7747692308
59.1359230769
53.2045384615
54.1570769231
54.6851538462
75.3115384615
85.4373076923
55.039
48.6782307692
44.5394615385
41.087
41.3607692308
41.6042307692
43.9438461538
49.545
53.7716923077
57.9421538462
60.9686153846
57.2952307692
52.6474615385
54.5494615385
46.679
69.8822307692
70.3841538462
62.4341538462
68.863
78.1289230769
73.7177692308
80.6995384615
70.0364615385
81.4015384615
63.1765384615
68.6131538462
64.9406153846
65.6960769231
68.4265384615
74.7817692308
70.7010769231
85.453
86.1135384615
78.7921538462
63.8046153846
69.4952307692
67.5044615385
74.5250769231
74.214
81.8756923077
75.2981538462
79.8067692308
68.0186153846
78.6954615385
76.8787692308
79.847
72.1595384615
82.0352307692
81.7191538462
75.5926153846
87.0975384615
77.3446153846
78.0462307692
85.0149230769
86.0200769231
86.4961538462
71.6557692308
87.7372307692
68.5108461538
79.6183846154
79.4153846154
72.3146923077
85.4804615385
88.5471538462
86.835
86.5816923077
86.7096153846
89.4141538462
71.9843846154
69.5727692308
75.2359230769
89.1407692308
88.1486923077
85.4673846154
67.9751538462
70.3943076923
66.3265384615
65.2156923077
63.1637692308
75.9926923077
80.7425384615
76.7314615385
83.7650769231
73.3050769231
72.8176923077
70.27
77.7788461538
72.5952307692
73.1734615385
68.0831538462
69.5307692308
82.7505384615
78.0524615385
77.4934615385
72.0593846154
79.1816923077
76.1453846154
71.6935384615
66.5548461538
71.271
73.9029230769
87.5278461538
93.0622307692
68.0448461538
67.9888461538
82.1776153846
78.621
77.9476153846
73.8559230769
67.2641538462
69.347
78.9671538462
72.9498461538
81.8738461538
84.2546923077
79.5144615385
72.2066923077
71.8855384615
74.7687692308
80.4999230769
84.0433076923
75.5643846154
75.0370769231
83.5981538462
82.6298461538
85.5443076923
81.147
81.4423846154
77.3303076923
83.8893076923
79.018
84.9263076923
78.4834615385
79.827
77.7651538462
81.763
79.8804615385
91.0983076923
82.542
88.9805384615
80.7734615385
82.2136923077
81.0908461538
80.7003076923
78.6454615385
76.6316153846
75.9559230769
78.6438461538
79.7364615385
77.1886153846
82.8307692308
89.2204615385
74.9218461538
84.4003846154
85.1918461538
79.6958461538
82.2257692308
81.0114615385
80.4124615385
87.1396153846
91.1471538462
87.8525384615
83.9873846154
75.7435384615
78.8311538462
79.3693846154
80.0825384615
85.8584615385
87.9401538462
81.67
72.6629230769
84.9658461538
78.3975384615
71.4451538462
71.3575384615
78.7715384615
65.3938461538
65.8966153846
78.6857692308
75.7114615385
77.515
88.2585384615
93.6329230769
89.4460769231
87.1643076923
87.8239230769
84.6166923077
82.8537692308
85.3993846154
76.4086923077
89.6463076923
88.9301538462
82.1560769231
71.3573076923
78.4386923077
82.575
78.8767692308
80.8901538462
77.8066923077
82.6986153846
89.7053846154
87.2793076923
82.9776923077
89.4405384615
89.2364615385
78.8756153846
80.946
86.6334615385
82.651
89.7296153846
89.5505384615
86.1063846154
84.3241538462
84.2646923077
78.4274615385
60.2792307692
80.6
92.3056153846
77.9793846154
86.0725384615
84.8784615385
77.4719230769
81.0037692308
89.7077692308
84.0319230769
88.0348461538
85.7222307692
81.4325384615
91.4629230769
83.5770769231
81.0413846154
84.6349230769
88.7744615385
84.3909230769
88.0775384615
93.6891538462
79.0684615385
82.3215384615
90.5153846154
83.335
81.5365384615
80.4547692308
84.1559230769
85.8230769231
81.4075384615
85.1279230769
88.631
80.6391538462
86.8269230769
83.8206923077
86.3084615385
83.7338461538
79.0975384615
88.0097692308
86.8893076923
88.1607692308
85.4140769231
82.5649230769
84.983
78.2288461538
70.6900769231
88.8920769231
80.9787692308
90.3143846154
89.0615384615
81.9839230769
73.324
76.9083076923
74.3983846154
76.0058461538
82.0303076923
89.8362307692
86.7425384615
92.7204615385
90.5602307692
84.1610769231
82.9456923077
77.9086153846
84.9149230769
86.6723076923
84.9064615385
84.3299230769
80.8681538462
79.5323846154
85.9856923077
80.1435384615
80.5307692308
82.5358461538
78.8091538462
82.5268461538
80.9678461538
84.6314615385
89.2388461538
79.4173846154
69.3974615385
57.9063076923
86.7320769231
87.78
90.9857692308
76.2296923077
78.0793076923
81.92
83.8323846154
85.9086923077
83.8582307692
93.9189230769
76.4054615385
75.7691538462
71.3909230769
82.1348461538
79.2727692308
86.1453846154
85.2441538462
71.9160769231
69.8554615385
66.2200769231
61.3899230769
67.0266153846
84.6881538462
68.802
73.43
85.557
67.7759230769
62.9175384615
75.0736923077
75.2957692308
75.5843846154
74.4955384615
85.0788461538
73.9493076923
77.3671538462
83.3193846154
77.7414615385
73.6461538462
82.7648461538
66.3408461538
63.8051538462
56.609
62.8337692308
77.1943076923
44.0892307692
49.0907692308
55.5413076923
64.0314615385
60.323
86.0073846154
62.4286923077
62.1619230769
63.8753076923
81.6978461538
52.6124615385
51.6132307692
48.9981538462
84.9316923077
73.2916923077
87.2732307692
88.8686153846
71.0267692308
63.4840769231
63.0534615385
75.8589230769
73.8500769231
89.3417692308
70.7465384615
65.3180769231
61.7708461538
48.2066923077
62.1747692308
72.7588461538
76.9850769231
83.8061538462
81.1960769231
73.4433076923
78.3401538462
64.2625384615
60.5970769231
59.7286923077
57.3961538462
76.3858461538
66.9124615385
70.4415384615
79.2343076923
72.8894615385
90.6766153846
81.1587692308
89.0180769231
75.9997692308
72.5054615385
74.7493846154
70.5460769231
89.2266153846
92.0230769231
70.797
76.2986153846
71.7472307692
76.3956923077
76.0283846154
64.7895384615
60.4310769231
75.8420769231
60.1631538462
63.6642307692
59.9452307692
60.0061538462
80.109
86.9392307692
70.1549230769
78.7928461538
74.6053076923
75.2135384615
77.7869230769
69.9889230769
68.7269230769
87.4653076923
75.6246153846
74.6495384615
85.5168461538
71.2581538462
72.39
72.8603846154
83.1325384615
72.5783846154
76.5802307692
70.7666923077
68.692
67.4556923077
68.7722307692
65.8935384615
80.2787692308
65.9814615385
76.6986923077
74.9922307692
70.8140769231
73.1499230769
72.5987692308
89.6514615385
85.6920769231
85.878
90.9406923077
80.8063846154
87.9153846154
78.6018461538
84.256
81.3016153846
73.8832307692
79.9813846154
77.6270769231
71.6203846154
75.9342307692
82.8009230769
81.6204615385
79.8138461538
73.6350769231
69.6606923077
64.3178461538
77.1380769231
83.0493076923
78.4453076923
93.2887692308
90.5149230769
80.9980769231
75.7933846154
74.9453076923
73.0942307692
75.9944615385
74.5398461538
72.777
80.9853076923
90.3521538462
75.8683846154
84.6873076923
87.0359230769
75.6335384615
79.6903076923
89.1458461538
78.7027692308
75.9496153846
81.5574615385
74.7331538462
75.9077692308
78.7340769231
76.6772307692
77.2600769231
74.5463846154
73.7934615385
72.6917692308
73.5322307692
83.4293846154
80.7318461538
80.3986153846
81.6770769231
86.8900769231
71.6602307692
80.5974615385
80.0731538462
88.9131538462
86.0941538462
80.501
90.3153846154
77.781
82.8330769231
83.1954615385
83.0415384615
80.6154615385
81.482
83.9741538462
88.8434615385
94.1906153846
84.3551538462
79.0262307692
82.8488461538
88.6224615385
82.4571538462
69.5203076923
88.7811538462
79.2181538462
69.7041538462
81.9931538462
79.4463846154
82.9651538462
79.6607692308
89.3934615385
86.9575384615
86.3810769231
93.4476923077
84.6778461538
92.6286923077
94.3020769231
82.2287692308
87.1060769231
83.1639230769
83.8680769231
84.9599230769
92.1456923077
88.8622307692
80.1782307692
89.4553846154
81.8673076923
84.7513846154
90.3083076923
73.8048461538
88.8874615385
83.5091538462
90.7921538462
82.0901538462
75.6092307692
72.4805384615
77.122
80.8513846154
84.9999230769
83.206
92.2980769231
95.2026153846
86.134
79.2626923077
72.2996153846
84.1447692308
72.6879230769
88.5722307692
91.1837692308
82.0980769231
88.4279230769
80.6813846154
77.9604615385
75.7803846154
85.9103076923
93.6759230769
90.5544615385
87.8173846154
88.4051538462
92.5367692308
87.6111538462
89.8133076923
91.5221538462
88.3349230769
83.1316923077
91.1273846154
90.8738461538
94.1315384615
77.6639230769
86.0336153846
95.3861538462
84.3791538462
84.327
85.3245384615
84.8174615385
81.8850769231
83.5238461538
84.6300769231
80.3366923077
84.1768461538
84.5204615385
85.1613846154
89.4731538462
89.5105384615
86.5947692308
88.9013076923
90.6581538462
86.3323076923
85.7001538462
79.8341538462
90.1763846154
90.9390769231
87.5609230769
89.6260769231
82.8946923077
82.9363076923
69.2532307692
75.3446923077
66.0633846154
84.3129230769
81.6750769231
81.2590769231
84.6727692308
85.0820769231
81.421
77.5143076923
79.1831538462
80.9521538462
89.899
86.4619230769
92.4768461538
90.7386153846
92.4938461538
92.2230769231
88.1481538462
83.0308461538
91.0101538462
89.6928461538
81.9146153846
89.5840769231
88.2983846154
77.6920769231
89.4788461538
81.3873076923
77.7252307692
78.3529230769
79.6535384615
90.938
88.6445384615
88.4113076923
86.4605384615
85.511
82.2810769231
84.8963846154
84.6893076923
86.7946923077
92.663
83.9505384615
84.5897692308
82.053
70.3275384615
68.2266923077
69.367
66.7449230769
74.7883846154
81.9864615385
76.7313846154
81.4045384615
74.8230769231
88.4053076923
84.4108461538
82.3323846154
85.7396153846
72.8738461538
79.4821538462
62.6883846154
73.6682307692
74.9205384615
78.5109230769
84.783
73.3331538462
81.1641538462
86.239
79.1331538462
59.9963846154
65.3416923077
90.0610769231
79.3778461538
83.5973846154
84.1688461538
80.7987692308
75.9483846154
75.2888461538
64.7129230769
62.9376923077
66.7856923077
60.9229230769
73.4522307692
69.0278461538
75.4375384615
75.808
65.8873076923
69.3122307692
71.6905384615
63.4025384615
59.0050769231
62.7146923077
84.5631538462
86.6245384615
72.5183076923
83.4426923077
82.4217692308
79.481
79.0691538462
68.8008461538
57.9825384615
57.3033076923
59.6337692308
54.9927692308
55.8697692308
47.3733076923
60.6013846154
54.7157692308
65.6868461538
75.8842307692
64.9685384615
66.6334615385
61.9961538462
75.1171538462
84.9533076923
67.3828461538
85.0772307692
67.4759230769
57.0084615385
66.6490769231
83.419
67.2392307692
84.5857692308
63.1331538462
66.8555384615
89.0302307692
81.1637692308
67.124
56.7257692308
55.8053076923
56.6216923077
57.6673076923
74.8473076923
77.1831538462
74.7499230769
67.8364615385
80.7120769231
79.2846153846
87.076
79.0683846154
69.3458461538
62.9766153846
58.6640769231
77.2931538462
62.2663076923
51.2909230769
56.7843846154
60.9607692308
52.368
58.1216153846
57.1883076923
60.3808461538
69.0570769231
74.4757692308
79.6271538462
64.5923846154
64.9433076923
85.047
84.7216153846
77.7256153846
75.8669230769
69.7947692308
87.7718461538
70.9419230769
76.7822307692
77.3573846154
74.509
73.4105384615
78.4178461538
69.389
76.6010769231
69.7767692308
73.3660769231
76.0716153846
77.7550769231
81.5952307692
68.2436923077
68.9554615385
69.0212307692
76.4646153846
64.1189230769
61.6633076923
64.1985384615
65.3771538462
62.628
57.5770769231
72.204
60.5513076923
62.0258461538
62.7738461538
58.3346923077
61.2630769231
61.4204615385
68.3443846154
58.0554615385
61.8276923077
65.322
69.3405384615
69.3236153846
73.1446923077
73.3455384615
67.8683846154
76.9256153846
69.9061538462
67.2255384615
55.5203846154
48.229
53.2143846154
63.6589230769
46.8991538462
49.2477692308
77.57
78.1359230769
73.0163076923
77.3669230769
76.8250769231
72.6600769231
73.6035384615
66.1546153846
63.4613846154
55.8567692308
60.2675384615
69.8033076923
61.1467692308
74.3726923077
65.3289230769
66.8429230769
67.0169230769
70.4104615385
62.4242307692
70.8723076923
70.2594615385
77.5627692308
71.0366153846
69.5353076923
67.124
67.7510769231
65.3059230769
67.6977692308
67.1100769231
80.1176153846
67.2652307692
55.2573076923
60.1316923077
77.9777692308
70.7396153846
68.4453076923
69.0640769231
67.299
70.0079230769
72.8309230769
73.9685384615
72.7723846154
71.3341538462
70.2750769231
67.3066923077
64.0968461538
70.072
72.9939230769
68.0121538462
71.5733076923
77.3937692308
71.1842307692
73.5556153846
71.1170769231
75.6756153846
74.8180769231
73.5935384615
89.4395384615
88.7769230769
82.3859230769
84.8526923077
81.3998461538
75.3515384615
87.4142307692
92.5563846154
89.8446153846
86.5092307692
87.4103076923
86.1986923077
85.3736153846
91.821
83.0366153846
75.2722307692
79.1604615385
89.6906153846
87.6514615385
86.0069230769
82.4110769231
82.3932307692
81.4553846154
87.7683846154
89.893
87.632
85.1053846154
88.1976153846
88.8234615385
86.0456153846
81.3394615385
83.1430769231
85.4180769231
85.6708461538
93.0228461538
94.5163846154
79.2329230769
64.6241538462
52.9293846154
65.3336923077
75.8686923077
78.1391538462
80.5012307692
89.0703846154
84.5597692308
88.3275384615
88.6384615385
86.1259230769
88.5563076923
88.683
68.9007692308
73.1679230769
79.3260769231
86.2785384615
78.5723076923
77.235
74.1343846154
83.3513076923
88.0974615385
89.0686153846
89.6856923077
83.8177692308
80.476
88.4850769231
94.8238461538
94.002
89.1111538462
93.6003076923
95.0208461538
83.2686153846
86.0121538462
84.4421538462
83.2118461538
87.3556153846
86.8261538462
83.1791538462
90.5603076923
77.822
84.6960769231
86.569
76.773
89.5543846154
70.7426153846
90.0413076923
90.7370769231
82.7026923077
94.7306923077
94.3313076923
89.22
82.8121538462
81.6813846154
79.8559230769
82.1358461538
83.0652307692
90.9528461538
92.0910769231
80.2324615385
91.406
75.4133076923
78.3379230769
86.2554615385
85.1832307692
81.4229230769
85.336
81.8016923077
83.7392307692
81.5734615385
90.1236923077
80.666
78.5548461538
65.5709230769
88.614
82.1686923077
86.3080769231
80.9578461538
78.8828461538
87.9243846154
84.8705384615
91.4948461538
76.2333076923
84.8449230769
75.4526153846
82.513
84.9233076923
77.4199230769
86.1131538462
87.4946923077
81.706
81.8474615385
87.654
87.9453846154
85.4082307692
86.9273076923
86.8989230769
85.0196923077
81.4285384615
81.3637692308
80.3613076923
80.4969230769
70.04
73.1536153846
77.5283846154
82.3491538462
87.9807692308
66.5493076923
68.1039230769
61.6447692308
66.6895384615
60.1115384615
94.3048461538
90.8649230769
77.8361538462
91.037
86.6128461538
80.6378461538
80.1780769231
69.2787692308
80.0174615385
77.4084615385
83.4136923077
79.4362307692
80.9170769231
68.4702307692
57.4727692308
59.8844615385
75.6126923077
85.2318461538
75.66
76.5975384615
88.5752307692
88.8151538462
79.1791538462
69.4469230769
74.0144615385
74.9377692308
79.8291538462
66.898
92.0959230769
72.8407692308
90.9093846154
78.5650769231
79.841
81.7003846154
77.6453846154
91.6333076923
74.385
77.9217692308
83.0930769231
81.3842307692
79.0033846154
92.2556923077
78.6868461538
89.5076923077
86.969
87.7540769231
79.5226923077
90.5263076923
88.1465384615
72.0683846154
60.1286923077
60.4194615385
76.7500769231
67.5060769231
68.3622307692
78.2966923077
68.5893846154
83.2038461538
68.2692307692
71.5083846154
72.8557692308
63.2409230769
73.6703846154
62.5298461538
80.0660769231
72.4532307692
77.9592307692
82.3247692308
71.1812307692
59.658
75.9904615385
79.2926153846
82.5067692308
78.6873846154
74.6866153846
74.674
86.4567692308
75.5118461538
81.8910769231
77.0303846154
77.1626923077
66.7537692308
86.1360769231
61.6755384615
67.4333076923
73.3456923077
91.3613846154
93.1853076923
93.3535384615
84.2649230769
90.147
74.0669230769
81.8363076923
76.4404615385
63.9294615385
64.9236923077
73.4334615385
65.5104615385
63.8257692308
76.4909230769
61.4913846154
54.0032307692
55.6222307692
74.2731538462
72.4171538462
66.9523076923
67.4398461538
72.3601538462
68.8486923077
69.4182307692
71.6762307692
67.3895384615
75.0694615385
54.0001538462
51.1621538462
59.9076153846
53.5232307692
55.7628461538
59.4817692308
74.2419230769
72.9090769231
85.2757692308
63.7721538462
77.3193076923
73.5838461538
85.3086923077
71.2232307692
66.1270769231
63.1169230769
59.5560769231
68.8462307692
77.0587692308
73.3041538462
56.4772307692
53.5646153846
52.0909230769
55.4222307692
58.8621538462
71.7742307692
66.9141538462
73.5846923077
64.0424615385
70.3772307692
91.4596923077
63.0572307692
63.5086923077
61.1828461538
59.1361538462
80.0916923077
72.7111538462
59.8628461538
65.8977692308
67.043
70.2617692308
62.9748461538
51.5604615385
61.3722307692
64.1463076923
69.5818461538
83.2385384615
88.3500769231
89.5898461538
75.0630769231
69.2523076923
71.1784615385
70.0269230769
74.2952307692
63.0052307692
69.0846153846
71.7247692308
67.9543076923
67.8553846154
73.1622307692
70.4642307692
63.1424615385
59.9192307692
66.9888461538
76.1907692308
74.1600769231
70.6070769231
62.5141538462
69.4124615385
68.7309230769
71.4574615385
64.1800769231
62.2064615385
60.6553846154
69.2284615385
67.0585384615
75.0086923077
61.5680769231
56.8947692308
56.7860769231
59.736
61.9423846154
80.0531538462
85.5159230769
66.4490769231
73.9406923077
74.6741538462
86.1268461538
86.1127692308
75.5426923077
77.4701538462
70.6184615385
79.0211538462
78.0215384615
84.4795384615
74.237
78.827
76.0006923077
75.2783846154
77.5500769231
73.523
79.9389230769
82.7047692308
83.8292307692
64.8381538462
88.4071538462
84.1853846154
77.8317692308
73.5883076923
72.0553846154
72.8981538462
72.7037692308
71.8105384615
81.0154615385
81.2372307692
75.8210769231
72.0964615385
77.086
74.1496923077
76.6887692308
80.3889230769
87.3939230769
86.2227692308
77.3239230769
81.9397692308
84.0308461538
81.8108461538
81.0571538462
74.6444615385
82.0235384615
70.1947692308
85.393
79.3928461538
78.9400769231
82.2053846154
76.9251538462
87.5200769231
82.2894615385
85.9943846154
81.2721538462
94.1540769231
88.3779230769
85.6180769231
89.1866923077
90.5
91.9071538462
72.348
72.8836923077
71.4122307692
86.2210769231
92.2748461538
93.4511538462
84.6589230769
89.8808461538
83.3493846154
81.1885384615
79.4380769231
85.7380769231
83.1947692308
92.7656923077
86.7604615385
80.2113076923
86.8772307692
83.0354615385
81.7877692308
85.5558461538
86.3724615385
79.0492307692
77.9046923077
79.0654615385
93.2796923077
88.9543846154
92.8686153846
86.619
82.8047692308
83.9963846154
86.6613076923
85.0904615385
85.4295384615
81.5079230769
84.0070769231
85.4016923077
89.3720769231
92.2503076923
83.8515384615
90.0554615385
86.0918461538
82.3462307692
92.1915384615
74.3035384615
83.37
82.7136153846
86.5560769231
89.5532307692
85.9349230769
77.6361538462
81.664
88.8465384615
79.0089230769
83.108
86.0680769231
89.6432307692
86.0200769231
80.2677692308
80.9967692308
89.6816923077
86.1603076923
85.4532307692
82.0502307692
81.4005384615
76.5232307692
80.6375384615
73.4805384615
82.6568461538
79.8167692308
84.9713846154
85.7142307692
81.1463076923
87.6373846154
84.7441538462
83.0449230769
77.9994615385
83.6173076923
84.7117692308
84.2252307692
89.9882307692
89.7208461538
92.262
84.7763846154
87.2538461538
79.812
84.5270769231
88.4187692308
70.4555384615
86.1335384615
81.1539230769
86.8863846154
84.91
62.9045384615
75.1391538462
67.331
71.4821538462
72.0503076923
71.848
73.6922307692
70.1564615385
76.6034615385
78.497
91.5690769231
88.3115384615
78.3213076923
83.1139230769
88.9470769231
86.2443076923
78.4882307692
77.8576923077
84.2073846154
90.9480769231
76.802
83.521
79.2666923077
78.9879230769
74.692
67.2861538462
79.6184615385
72.6763846154
67.6270769231
75.4346923077
79.6505384615
72.7858461538
67.0299230769
80.7100769231
72.3643846154
69.0564615385
58.8228461538
57.3445384615
58.9103076923
60.0053846154
59.5426923077
67.1610769231
85.8837692308
76.3516923077
85.7843846154
77.4183076923
82.663
79.7639230769
79.7253076923
92.4166923077
90.8037692308
86.6716153846
89.8706153846
77.5222307692
83.2457692308
85.0622307692
74.489
81.9829230769
78.8497692308
75.9943846154
91.2176153846
69.234
65.7709230769
58.4898461538
81.4549230769
71.7766923077
61.4926153846
56.5529230769
55.4430769231
53.3928461538
54.8695384615
56.1502307692
52.3773076923
54.4864615385
56.7740769231
48.1253846154
61.4226923077
52.2685384615
72.2923846154
83.3366923077
74.8513846154
79.9957692308
69.8745384615
68.8101538462
87.3023846154
68.8184615385
75.4381538462
61.8085384615
76.2901538462
76.3896153846
85.8436923077
92.8876923077
87.9930769231
78.9956923077
74.7584615385
78.26
69.5302307692
71.5038461538
65.2410769231
92.3087692308
80.3909230769
82.2732307692
92.1166153846
88.6937692308
83.0116923077
87.6752307692
93.3677692308
78.6366923077
78.0903076923
79.0163846154
72.1676923077
71.8063846154
62.0594615385
86.5881538462
69.4804615385
88.2494615385
75.121
79.2418461538
77.8284615385
69.857
70.0456923077
63.9950769231
69.7150769231
84.3984615385
73.7540769231
75.0080769231
72.57
67.5715384615
64.6883846154
55.9426153846
83.0746923077
60.6530769231
55.4101538462
66.8378461538
83.4480769231
75.4763846154
67.3309230769
77.9688461538
72.6728461538
77.0840769231
64.3626923077
78.1345384615
87.0023846154
80.3823846154
78.2778461538
73.2409230769
70.7630769231
60.6638461538
65.4425384615
62.1639230769
63.594
66.1116923077
75.1134615385
84.7496923077
89.5590769231
81.9754615385
81.458
89.3604615385
78.3001538462
76.9633076923
75.2479230769
73.1327692308
70.7648461538
69.7972307692
69.3665384615
78.3362307692
78.2453076923
82.8410769231
75.4236153846
64.5298461538
66.0329230769
93.25
73.1129230769
71.5564615385
85.4675384615
80.2560769231
81.4004615385
76.253
71.4208461538
83.6731538462
90.2332307692
93.1133076923
84.0602307692
83.2151538462
76.8838461538
76.3482307692
77.1422307692
75.6877692308
72.9166923077
69.8913846154
70.7391538462
73.2906153846
66.0074615385
62.2836153846
70.8342307692
84.4606153846
84.4876153846
75.674
76.4321538462
72.5687692308
73.8021538462
73.7544615385
70.1343846154
74.6145384615
71.6449230769
79.6045384615
77.7526153846
90.9652307692
84.1316923077
92.1602307692
92.7535384615
88.3396153846
87.0587692308
84.3517692308
84.3769230769
80.4426923077
90.285
84.6459230769
85.0522307692
79.0786923077
85.0120769231
79.1123076923
78.5227692308
78.1917692308
88.0777692308
88.6616153846
85.4185384615
89.0872307692
82.138
82.7003846154
86.3990769231
88.3852307692
77.5286153846
85.4855384615
84.2073076923
81.9633846154
84.7433846154
87.6092307692
77.1934615385
84.5700769231
88.2833846154
92.7458461538
87.3916153846
85.379
87.4867692308
84.415
83.2344615385
85.0986923077
77.6883076923
76.2293076923
78.3661538462
82.6863846154
72.4483076923
86.3871538462
90.5542307692
86.9608461538
84.7083076923
83.8885384615
83.6811538462
88.8763846154
82.9254615385
79.2958461538
87.0893076923
90.0958461538
90.6186153846
87.5888461538
88.802
82.3395384615
81.5587692308
87.6134615385
88.8292307692
86.6039230769
88.165
85.7373846154
78.2628461538
74.3510769231
72.4139230769
81.2589230769
85.9945384615
94.1884615385
87.408
90.4145384615
90.7518461538
89.1618461538
89.9574615385
73.9262307692
82.657
81.7362307692
84.1683076923
86.2214615385
75.0733076923
77.8047692308
86.4686923077
89.2324615385
92.0470769231
91.6815384615
87.141
90.0337692308
85.6055384615
89.5443076923
88.127
86.4480769231
78.3093846154
86.7946153846
88.4771538462
86.6913076923
92.5999230769
89.5355384615
88.3714615385
92.4754615385
92.5988461538
85.1762307692
88.5449230769
81.2514615385
86.2849230769
76.3171538462
64.6587692308
86.3765384615
83.0493076923
86.1709230769
80.7795384615
84.5585384615
76.3813076923
79.9851538462
92.1415384615
87.1662307692
83.3181538462
83.512
81.2579230769
77.5372307692
81.6273846154
81.8001538462
79.6743076923
83.3572307692
86.1797692308
86.9192307692
82.7777692308
80.4950769231
84.5737692308
86.9565384615
87.1206923077
84.8369230769
82.8837692308
87.2911538462
88.6465384615
91.9605384615
84.6213846154
74.1179230769
81.1193076923
88.3393076923
71.8012307692
71.9760769231
83.6033076923
83.2833846154
85.833
87.2110769231
68.6528461538
63.926
69.3498461538
69.1508461538
85.3854615385
73.3491538462
73.4302307692
83.7573846154
75.7624615385
76.8996923077
68.8403076923
71.8385384615
74.4809230769
64.3394615385
72.6666923077
72.9801538462
74.6258461538
62.4317692308
57.7886153846
72.6410769231
73.852
76.6739230769
74.3976923077
78.13
79.0126923077
81.0933846154
86.3440769231
86.1394615385
89.0953846154
80.3533846154
71.498
81.3667692308
79.683
85.542
72.3033846154
78.6858461538
74.9888461538
72.7976923077
74.875
76.5001538462
92.3915384615
83.8566923077
90.3834615385
89.2635384615
82.1419230769
82.7659230769
81.1601538462
75.7379230769
78.5658461538
78.758
82.3375384615
73.897
84.2136923077
87.744
66.7934615385
74.9457692308
63.7099230769
82.5439230769
87.264
62.5392307692
75.7700769231
62.3151538462
59.0826923077
78.6193076923
72.6100769231
68.5277692308
75.5249230769
75.5124615385
83.3617692308
78.775
76.1189230769
83.7346153846
82.3037692308
89.045
71.5210769231
59.2927692308
64.2290769231
56.7006923077
61.6518461538
65.2822307692
75.559
56.7699230769
71.6633846154
75.7224615385
84.6849230769
76.4491538462
71.9766153846
62.7831538462
73.0216153846
76.2493076923
81.7066153846
74.5223846154
70.9627692308
63.1806153846
65.2130769231
70.1290769231
77.5103076923
78.2086923077
77.3202307692
74.304
77.0387692308
69.8142307692
79.595
64.4339230769
56.1184615385
58.1213076923
58.5194615385
73.226
80.6943076923
91.0748461538
83.1517692308
73.2947692308
68.1239230769
60.8876153846
64.0104615385
80.5513846154
84.4750769231
60.3467692308
66.9226153846
59.9676153846
53.5978461538
48.1024615385
61.8099230769
75.8787692308
78.4450769231
76.1067692308
84.9639230769
81.0809230769
81.1301538462
80.2741538462
83.6463076923
85.0810769231
76.3853076923
66.0730769231
66.3813846154
78.7653076923
73.3887692308
62.6140769231
92.6537692308
84.3081538462
80.0488461538
76.0776923077
80.8748461538
86.9412307692
90.3925384615
71.4471538462
80.3735384615
80.1322307692
73.4026153846
83.222
72.2882307692
67.917
53.5341538462
59.0076153846
75.2832307692
66.1724615385
78.9752307692
87.8131538462
81.5613846154
77.1201538462
70.1283076923
64.4698461538
62.4079230769
64.2066153846
67.9386153846
65.8863076923
64.8103076923
73.1032307692
71.5591538462
81.8887692308
84.3857692308
78.7289230769
73.1511538462
66.2266153846
77.1666153846
73.9747692308
75.2493076923
80.4978461538
65.7575384615
80.8119230769
82.7237692308
71.1238461538
71.2701538462
65.7277692308
67.5300769231
85.1972307692
81.6343846154
81.9298461538
75.5979230769
74.4210769231
68.9166923077
83.4043846154
80.548
72.9296923077
73.9719230769
84.4836153846
79.423
80.977
86.9193076923
78.6485384615
78.9785384615
81.135
78.4859230769
75.6536153846
74.8246153846
73.1704615385
70.2449230769
74.5197692308
73.3883846154
71.8596923077
74.4883846154
67.7616923077
69.4064615385
87.8500769231
80.8563846154
86.5254615385
74.4636153846
69.4754615385
91.6376923077
75.4677692308
74.2701538462
80.6523846154
82.1074615385
79.3949230769
78.0288461538
81.7805384615
79.5443076923
87.2954615385
81.0737692308
75.6728461538
80.7046923077
75.8033076923
73.7936153846
80.8047692308
80.016
80.5220769231
78.9148461538
73.2590769231
84.2766923077
74.3941538462
74.226
75.9732307692
87.0126923077
72.4210769231
71.3521538462
85.395
88.3233846154
90.5773846154
81.3832307692
75.4944615385
77.6041538462
81.1311538462
79.494
77.8165384615
77.1704615385
84.9859230769
90.5351538462
90.5742307692
84.9420769231
79.7646153846
82.0811538462
81.2686153846
84.8114615385
75.3680769231
76.0600769231
78.541
81.8522307692
93.9197692308
82.4298461538
80.1106923077
85.5986923077
82.9286153846
89.1946923077
89.4477692308
83.9310769231
83.3154615385
83.5501538462
82.9274615385
85.6605384615
85.1031538462
81.9739230769
78.2666923077
73.6903846154
76.862
73.2599230769
84.9573076923
86.6594615385
86.7813846154
85.2101538462
74.5078461538
82.5821538462
90.0700769231
89.5822307692
88.7440769231
85.6326923077
89.2928461538
86.7803846154
87.4759230769
84.1938461538
84.9073846154
86.3876923077
94.6783076923
94.9003846154
93.7384615385
87.4734615385
84.8897692308
67.3009230769
73.7986153846
88.0571538462
92.4516153846
89.0248461538
81.773
77.2741538462
85.1073076923
88.377
94.7143076923
91.2628461538
84.1890769231
88.5423846154
91.1560769231
85.5584615385
89.2386923077
76.7648461538
67.8364615385
84.6616923077
82.7056153846
91.3613076923
83.3569230769
89.3647692308
87.2818461538
82.3997692308
86.2976923077
84.909
84.1264615385
89.3818461538
89.0180769231
89.5677692308
82.2781538462
84.7137692308
83.171
78.9574615385
82.2472307692
90.3875384615
88.8896153846
84.8542307692
91.0379230769
80.3156923077
85.4235384615
85.3553076923
86.1598461538
92.7068461538
91.1895384615
75.8783846154
74.8091538462
69.8332307692
89.4535384615
81.0755384615
82.1474615385
75.7155384615
77.246
87.2340769231
73.9217692308
76.8083846154
82.3632307692
83.0531538462
90.3787692308
85.052
79.7232307692
79.2796923077
76.5206923077
70.2586923077
77.1598461538
76.2136153846
83.5906153846
73.5577692308
67.0080769231
63.7961538462
80.9217692308
79.924
81.1085384615
78.086
77.4040769231
85.4232307692
77.5334615385
74.1850769231
74.2324615385
75.4815384615
76.5118461538
71.7317692308
78.42
65.271
55.6268461538
61.1812307692
71.9413846154
73.6303076923
80.5592307692
92.2525384615
95.1073846154
83.8392307692
85.989
93.0927692308
89.5892307692
90.4064615385
87.6156153846
85.7084615385
88.2746923077
84.8574615385
76.2711538462
69.9372307692
63.4087692308
59.7130769231
79.9916923077
77.6993076923
72.9677692308
81.1561538462
88.2494615385
61.0691538462
78.3164615385
84.0640769231
67.3114615385
81.7796153846
77.095
84.674
65.7330769231
66.0155384615
88.8256153846
90.9867692308
88.0997692308
73.7214615385
85.9777692308
84.4130769231
88.4693076923
85.4573846154
67.6886923077
72.2032307692
64.9463076923
76.8836153846
61.2928461538
74.3377692308
76.081
76.911
82.6574615385
71.4556923077
77.1081538462
70.486
72.5943846154
79.5107692308
78.1607692308
85.6058461538
68.7459230769
64.7184615385
58.1719230769
79.3487692308
63.2963846154
51.5016923077
50.0179230769
75.2175384615
70.7474615385
75.4324615385
77.0052307692
69.0475384615
67.5190769231
88.2353846154
66.2573076923
64.8910769231
76.9184615385
83.3182307692
83.8295384615
63.217
62.0717692308
83.4010769231
77.982
72.9268461538
79.0606153846
66.9273076923
66.8259230769
83.7652307692
67.2569230769
59.6628461538
68.1463076923
73.4913076923
76.4369230769
80.07
63.9573846154
77.1000769231
80.8761538462
74.6296153846
84.4980769231
72.1463846154
84.0543846154
89.7527692308
89.7263076923
70.6363076923
65.3106923077
73.8760769231
64.9077692308
66.7926923077
52.6349230769
57.0689230769
68.5519230769
75.6759230769
83.4217692308
76.6990769231
70.7932307692
71.9096923077
65.9233076923
48.8384615385
66.6317692308
69.7646153846
60.1038461538
59.2968461538
59.2851538462
57.8062307692
60.1009230769
58.4044615385
59.1644615385
57.9703846154
60.2648461538
57.6484615385
80.9876153846
79.7457692308
69.9366923077
71.8344615385
82.51
67.388
64.6309230769
61.2695384615
65.3770769231
75.6332307692
65.9665384615
63.6332307692
68.5647692308
62.8505384615
62.7315384615
68.662
69.5986153846
80.3448461538
72.4374615385
86.1320769231
79.7511538462
80.6545384615
69.3199230769
62.9273076923
63.6895384615
59.438
59.6649230769
60.3931538462
54.681
66.6043076923
51.8027692308
54.1732307692
53.0055384615
59.0707692308
61.9901538462
55.1425384615
69.1019230769
84.4464615385
71.7295384615
69.7522307692
73.5193076923
69.8645384615
62.5563846154
89.7508461538
91.2052307692
84.6616153846
73.6146923077
87.5319230769
86.9231538462
90.4097692308
77.7886153846
73.934
80.5712307692
77.6451538462
80.5720769231
84.8401538462
79.5373076923
76.5090769231
77.1656153846
88.5751538462
75.8056153846
76.73
67.813
69.1552307692
70.9493076923
76.2283076923
73.3036923077
73.2879230769
85.9811538462
87.0470769231
74.9943846154
93.206
92.8867692308
93.1850769231
83.7225384615
80.0955384615
80.1123076923
73.3846923077
70.1434615385
81.9205384615
78.0960769231
76.9522307692
76.4894615385
79.9389230769
78.4807692308
77.6726923077
80.5996923077
72.1174615385
80.5449230769
81.7887692308
79.0676923077
73.873
82.2390769231
75.3394615385
80.7520769231
81.6878461538
80.0054615385
84.5534615385
80.9867692308
82.368
74.8548461538
76.7506923077
85.4451538462
85.4394615385
76.5185384615
87.4348461538
82.4496923077
79.6418461538
93.7006923077
83.6240769231
80.3319230769
86.63
82.9444615385
78.313
76.9343076923
89.461
90.9209230769
90.0677692308
89.6036923077
78.6063076923
81.565
82.1021538462
84.4633846154
81.1933846154
87.2490769231
83.6997692308
81.4003846154
85.5910769231
81.3263846154
86.1808461538
85.2379230769
84.5496153846
80.3488461538
86.7196153846
93.6543076923
76.4233076923
82.9267692308
85.8023846154
86.9286923077
89.6439230769
82.7716153846
77.9483076923
86.0842307692
84.2556923077
81.3787692308
96.4146923077
94.6025384615
91.2078461538
86.9161538462
92.0677692308
88.2684615385
78.5053846154
79.7278461538
90.3750769231
91.8066923077
90.7730769231
87.1864615385
84.7611538462
88.2151538462
87.4943846154
80.4444615385
87.8113076923
87.5686923077
74.0433076923
84.129
86.4784615385
80.8853846154
88.3152307692
86.099
70.8495384615
80.5920769231
77.6676153846
81.0177692308
89.3335384615
87.2223846154
92.1127692308
86.8699230769
91.3399230769
87.5002307692
89.9028461538
82.8780769231
79.8642307692
90.9893076923
88.9491538462
87.8047692308
73.9913076923
81.3557692308
87.9974615385
82.2758461538
76.0861538462
78.1610769231
75.0418461538
69.0467692308
77.7613846154
76.1295384615
82.6119230769
80.5382307692
82.8953846154
84.6901538462
90.8244615385
90.7154615385
94.6595384615
89.797
87.2551538462
87.895
82.5103846154
87.4467692308
67.1946153846
73.1823076923
70.6860769231
69.7850769231
69.6883076923
73.5297692308
92.7957692308
84.8630769231
87.3469230769
77.8226153846
92.0480769231
93.4456923077
91.428
86.5832307692
92.5412307692
92.76
95.01
91.576
86.2326153846
83.9503846154
88.329
85.0788461538
84.6013846154
86.897
83.701
70.3626153846
62.0120769231
65.0409230769
76.2769230769
95.319
92.5522307692
94.1542307692
88.0602307692
65.0381538462
76.9367692308
75.3036923077
71.8931538462
72.9054615385
74.0496923077
74.6016153846
64.7490769231
64.9704615385
62.135
64.6378461538
65.2723076923
75.5836923077
78.2768461538
90.5155384615
86.5702307692
88.7577692308
75.444
74.6292307692
79.0364615385
93.3885384615
94.8034615385
92.6178461538
68.6878461538
74.8125384615
72.0995384615
70.6416153846
82.1676153846
72.1566923077
86.247
78.9463846154
61.12
78.3128461538
65.2845384615
76.4964615385
67.5412307692
67.8583076923
78.9066153846
81.7579230769
77.5916153846
88.2774615385
76.6127692308
68.7735384615
76.6498461538
82.849
70.6948461538
73.4836153846
74.9510769231
62.0625384615
69.126
68.8564615385
64.3486923077
63.5710769231
57.6469230769
58.4801538462
48.3694615385
47.9601538462
51.3290769231
61.2056153846
76.3393846154
75.2853846154
82.6286923077
89.7989230769
89.2890769231
72.7970769231
69.0221538462
70.5832307692
62.4565384615
80.2128461538
59.9293076923
87.1863846154
72.0699230769
73.7796153846
79.7430769231
73.2366923077
65.0727692308
76.8345384615
68.5163846154
69.0086923077
87.9929230769
87.0707692308
87.5643076923
74.4853076923
67.7195384615
59.2431538462
80.9613846154
67.7173846154
89.8360769231
87.5859230769
85.825
71.6563846154
89.9989230769
90.7763846154
81.212
79.8413076923
81.9926923077
74.555
64.8006153846
69.1552307692
68.7554615385
76.8171538462
90.5636153846
91.7659230769
73.2503846154
91.836
82.999
82.3694615385
81.1990769231
84.501
84.1566923077
73.3853846154
77.1436153846
78.9886923077
87.8567692308
75.5480769231
86.1921538462
68.5446153846
79.6376923077
72.7700769231
74.2088461538
73.9610769231
72.6545384615
68.8356923077
63.1570769231
59.8796153846
59.8826923077
63.5092307692
82.8623846154
64.4848461538
63.6863076923
62.1054615385
66.4520769231
69.3653846154
66.4087692308
67.4619230769
76.0735384615
74.4396923077
77.7683846154
70.2863846154
84.6985384615
80.1400769231
79.6841538462
80.4907692308
78.8005384615
78.8652307692
74.7863076923
88.0688461538
83.9739230769
87.7951538462
88.9805384615
84.572
74.4133076923
91.9296923077
85.2346923077
74.9534615385
73.9896923077
77.7249230769
64.8284615385
64.7823076923
89.501
79.1440769231
75.3076923077
72.7093076923
79.4786153846
80.4143076923
70.0613076923
82.1658461538
74.133
92.3922307692
81.8185384615
76.6277692308
77.9471538462
74.4668461538
88.3728461538
81.327
75.7724615385
76.8675384615
79.2045384615
79.5693076923
88.0328461538
83.5704615385
77.402
74.7810769231
78.706
78.5616923077
78.0584615385
84.8303076923
76.3208461538
84.3763846154
80.8918461538
78.0558461538
78.7352307692
79.5214615385
76.8233076923
80.9726923077
84.3667692308
80.4073846154
79.4449230769
86.1483076923
86.4365384615
83.2437692308
78.787
83.446
83.2098461538
88.5671538462
84.1586153846
77.6540769231
82.1762307692
77.4916923077
80.7681538462
88.2730769231
83.3779230769
79.421
76.0956923077
79.6546153846
81.4883846154
77.8526923077
79.5904615385
70.2523076923
76.4119230769
76.6778461538
72.537
78.2105384615
94.0181538462
88.3838461538
83.5282307692
85.1278461538
72.3253076923
90.2164615385
90.7877692308
79.5240769231
82.6496153846
88.1123076923
95.0373846154
89.6656923077
89.5121538462
88.7683076923
84.5113846154
81.2338461538
78.4051538462
85.1816923077
81.0459230769
82.3187692308
95.7068461538
90.1683846154
81.0553076923
80.7607692308
94.9584615385
83.116
80.2689230769
89.9773076923
88.0775384615
92.2936923077
80.5813846154
82.715
78.9717692308
89.0706153846
79.1539230769
89.2436153846
85.5245384615
84.8611538462
87.7275384615
89.4088461538
83.8096153846
93.7433846154
86.1326153846
89.3386153846
94.6177692308
91.2897692308
88.0219230769
85.7846923077
91.3738461538
93.4586923077
82.2362307692
72.4344615385
77.5993846154
89.3336923077
89.6161538462
90.8663076923
77.6976153846
89.6955384615
85.8309230769
83.0816153846
90.4533846154
94.0911538462
81.5666923077
81.7130769231
90.5893846154
95.6378461538
93.6756923077
90.3648461538
85.1103846154
91.4571538462
93.3979230769
80.4724615385
94.2788461538
90.2373076923
93.5337692308
93.426
82.1254615385
85.2204615385
85.0785384615
86.1430769231
86.8783846154
81.203
86.7563846154
81.9629230769
84.8260769231
77.5630769231
75.9993846154
84.5586923077
85.6553846154
79.9444615385
84.8179230769
84.4196153846
88.6668461538
84.7406923077
82.5983846154
85.4993846154
91.4746153846
92.0529230769
90.9608461538
90.0891538462
90.3674615385
89.1316923077
79.6431538462
86.4926923077
93.8129230769
85.8371538462
81.3203076923
81.5265384615
95.2366923077
80.1717692308
84.098
79.493
86.7140769231
78.7465384615
77.8603076923
66.7702307692
88.5906923077
79.5975384615
75.5499230769
87.1698461538
86.8973846154
79.1101538462
81.7370769231
93.5009230769
87.4323076923
76.625
77.1310769231
79.8025384615
87.1019230769
86.3806923077
84.5940769231
81.6385384615
86.597
72.646
75.7730769231
88.4664615385
87.9250769231
91.7068461538
85.3074615385
86.5435384615
86.6008461538
80.8318461538
79.183
74.3566153846
93.2152307692
76.5948461538
86.8406153846
90.0631538462
79.2405384615
73.5216153846
86.4261538462
86.7622307692
82.5685384615
93.1796923077
87.2312307692
91.419
85.6179230769
75.1098461538
82.3019230769
68.5962307692
87.4187692308
90.997
81.1038461538
87.9255384615
86.7068461538
90.0427692308
84.8830769231
86.972
73.8706923077
87.7839230769
69.0843846154
86.0086923077
87.9996923077
74.5276923077
66.6809230769
72.3073846154
79.1553076923
70.3321538462
67.8283846154
88.0790769231
86.3541538462
66.0427692308
61.6706923077
67.0454615385
58.1093846154
52.7464615385
54.7823076923
56.2032307692
84.3109230769
75.0542307692
64.3736923077
85.6726923077
67.1893846154
64.4493846154
52.6486153846
52.2825384615
47.9634615385
51.7386923077
44.3573076923
93.0826923077
73.3327692308
75.1913076923
71.3950769231
82.9192307692
79.8434615385
78.094
70.1843076923
64.3923076923
58.985
55.8733846154
50.0606923077
44.9011538462
43.0187692308
45.5910769231
47.3121538462
45.9686153846
43.4563846154
54.5376153846
71.2352307692
79.0498461538
79.6158461538
77.3685384615
68.3812307692
65.4558461538
59.0088461538
70.1532307692
60.3706153846
53.1184615385
74.5626923077
79.5833076923
66.8652307692
68.2803076923
75.7153846154
82.8343076923
79.0673846154
70.7197692308
64.1066923077
66.2127692308
88.5365384615
82.6842307692
84.9403076923
82.0546153846
74.1964615385
78.8173846154
77.7279230769
55.9616923077
53.8685384615
65.2997692308
70.6523846154
55.8677692308
55.9893076923
65.1586153846
73.5371538462
64.7812307692
84.8804615385
73.9273846154
73.5799230769
78.8068461538
72.2873846154
80.4042307692
78.8932307692
72.8281538462
68.678
84.5522307692
69.7620769231
63.0475384615
61.5817692308
65.3611538462
65.6270769231
63.4710769231
67.86
61.577
60.5856153846
63.3769230769
66.1408461538
71.8866153846
83.9284615385
86.9781538462
91.1685384615
83.1199230769
83.1596153846
78.9264615385
73.5178461538
85.9710769231
74.1946153846
66.2548461538
82.8499230769
68.376
66.2095384615
62.8230769231
64.5190769231
70.2487692308
62.986
65.5103846154
63.0653846154
81.6208461538
77.501
69.9448461538
64.8863076923
70.7873846154
63.333
60.3697692308
68.2476153846
69.4257692308
68.323
56.8549230769
52.5386153846
58.855
60.9921538462
59.9782307692
62.0099230769
56.5034615385
75.9545384615
70.7783846154
75.933
84.2080769231
69.4473846154
70.2679230769
74.0007692308
69.4999230769
84.1436153846
69.8306923077
67.8194615385
72.782
65.1637692308
73.587
70.8187692308
84.9871538462
73.2718461538
87.952
77.3061538462
77.0217692308
70.5569230769
72.9610769231
71.7260769231
77.7221538462
64.6956153846
77.8872307692
90.5433076923
85.8225384615
87.1796923077
80.4020769231
78.5826153846
82.725
77.8362307692
81.2433846154
80.3142307692
81.4106153846
77.0755384615
90.0092307692
77.1052307692
76.6811538462
68.2906923077
74.6906923077
73.1668461538
75.275
78.3499230769
86.7141538462
88.5826153846
90.5038461538
88.5612307692
80.6165384615
66.2031538462
67.6288461538
75.8056923077
93.1453846154
94.5715384615
84.5810769231
88.7356923077
90.5626153846
90.5733846154
90.5556923077
90.8585384615
89.1987692308
90.4070769231
82.5323076923
83.8520769231
87.9843076923
89.7199230769
92.6908461538
83.7468461538
76.7573846154
85.9136153846
76.4978461538
83.3463076923
86.2732307692
80.7208461538
83.655
77.6083846154
69.4941538462
75.1447692308
79.2496923077
85.6922307692
86.9523076923
72.7302307692
78.1603846154
88.3623846154
88.4324615385
79.5044615385
89.8800769231
88.8743846154
86.2013846154
93.1897692308
89.6503076923
84.3873846154
92.454
70.7646923077
82.0454615385
89.5861538462
94.4738461538
90.7906153846
90.7725384615
88.8586153846
86.4483076923
83.0577692308
95.6996923077
95.9532307692
90.7723846154
92.2221538462
87.8147692308
72.7673076923
88.6306153846
83.2370769231
90.1847692308
86.3984615385
94.6127692308
84.8198461538
83.5505384615
85.9196923077
81.8453076923
76.4285384615
80.3057692308
86.8054615385
92.9327692308
90.6270769231
80.1523846154
91.453
89.3568461538
89.1124615385
85.4775384615
95.5701538462
91.9817692308
90.8582307692
91.5683076923
86.9153846154
94.0457692308
91.8706153846
93.0971538462
92.0836153846
91.4613846154
88.156
86.2267692308
96.2554615385
90.7460769231
92.3916923077
93.8103846154
89.8941538462
92.1607692308
85.4350769231
77.8274615385
87.7627692308
83.6886153846
87.0913076923
84.9631538462
88.2514615385
91.8058461538
91.7321538462
86.2290769231
85.8761538462
89.4140769231
82.291
83.3973076923
81.8879230769
80.7947692308
82.1383076923
93.0573846154
92.3806153846
94.8068461538
92.2690769231
88.7712307692
90.3475384615
84.534
91.3138461538
88.8003846154
86.874
97.4290769231
96.4792307692
85.5666153846
89.8450769231
85.7986153846
76.299
77.8130769231
86.4707692308
78.9579230769
71.7165384615
92.8658461538
87.1118461538
81.532
79.3623076923
90.4023846154
88.4629230769
91.4726923077
69.351
80.1146923077
80.6396923077
87.1541538462
82.8253846154
82.7487692308
87.9344615385
84.1151538462
86.2461538462
73.2651538462
72.0603076923
84.7363846154
71.3208461538
71.3066153846
74.5707692308
80.1304615385
73.4833076923
66.9934615385
83.6563076923
93.651
84.9940769231
75.9147692308
70.0065384615
81.2172307692
66.2786923077
77.5158461538
53.721
78.9732307692
59.7748461538
74.9677692308
64.913
59.5746153846
84.351
72.8651538462
74.7149230769
75.0247692308
54.5441538462
58.2456153846
75.0974615385
92.8803076923
70.544
86.024
81.1873076923
68.2822307692
74.3636153846
62.766
73.0145384615
86.5730769231
87.8407692308
88.3921538462
85.1433846154
81.8967692308
71.9083846154
90.3702307692
76.9294615385
88.6085384615
74.8051538462
78.0394615385
69.2579230769
66.5647692308
89.3406153846
80.2403846154
89.9138461538
66.2296923077
70.2340769231
65.6138461538
66.3195384615
70.071
73.6209230769
66.1298461538
53.8900769231
61.4556923077
67.5216923077
56.7186153846
88.0526153846
92.3396923077
79.5468461538
70.2035384615
74.369
67.4516153846
59.8355384615
56.5873076923
57.9209230769
57.0051538462
60.222
54.4650769231
44.3334615385
41.8378461538
45.1113846154
44.7459230769
54.0487692308
61.1449230769
56.7618461538
62.4495384615
66.3514615385
57.1813846154
52.6577692308
79.6576153846
88.5093846154
84.0753846154
75.7664615385
75.9456153846
82.6262307692
80.2936923077
68.592
59.6012307692
83.855
65.3767692308
58.6789230769
53.8239230769
63.329
50.2543846154
52.608
56.8747692308
54.9011538462
57.6188461538
65.9706923077
88.3867692308
75.473
68.5777692308
62.8178461538
71.1307692308
61.0143846154
76.6225384615
65.7945384615
69.2826153846
76.5076923077
82.3854615385
79.8533076923
79.2101538462
63.3938461538
55.213
61.9386923077
78.7085384615
84.9866153846
76.6591538462
67.6060769231
62.9038461538
69.4917692308
61.2991538462
64.8037692308
59.9684615385
61.6775384615
61.9494615385
63.0265384615
65.0966923077
54.9042307692
52.6966153846
80.1364615385
77.9371538462
81.6973076923
75.6497692308
74.5466923077
69.5493076923
64.9523076923
70.6040769231
80.6178461538
77.0826923077
74.2547692308
70.0208461538
69.0104615385
66.3763076923
67.2542307692
84.2237692308
86.4473846154
77.8773846154
71.6813846154
64.9061538462
69.235
62.0556923077
64.1328461538
64.4696923077
60.0493846154
72.1429230769
66.2453076923
59.5015384615
64.1658461538
58.7365384615
60.3788461538
65.7489230769
63.1839230769
80.7897692308
84.241
83.1263076923
82.8742307692
71.5544615385
74.0045384615
74.7279230769
89.2207692308
79.8126153846
86.6104615385
76.6990769231
77.1336153846
73.7192307692
69.032
65.9327692308
65.0412307692
69.7790769231
72.1356153846
75.1565384615
92.7363846154
81.4331538462
91.4585384615
85.4718461538
81.5247692308
76.7677692308
76.6286923077
79.9281538462
83.7416923077
82.5086153846
86.4672307692
96.1172307692
85.6751538462
84.2026153846
81.7137692308
81.6406923077
82.3716153846
86.0827692308
86.1153846154
72.9659230769
72.3689230769
76.6523076923
75.3942307692
91.2286153846
89.2062307692
88.9006923077
94.1296153846
81.8013846154
81.4589230769
85.8484615385
79.256
80.7625384615
84.35
83.5797692308
82.3820769231
80.0602307692
86.7616153846
90.6406923077
70.912
76.0998461538
74.9940769231
83.5181538462
88.5525384615
85.7229230769
86.0746153846
78.0325384615
80.9575384615
79.4126153846
90.2628461538
94.399
88.5904615385
95.2353846154
80.2293076923
83.5376923077
84.1354615385
83.7329230769
78.2664615385
76.3097692308
77.6730769231
79.5772307692
78.0728461538
81.4241538462
82.6636923077
84.1709230769
84.3907692308
73.2601538462
69.0594615385
78.6415384615
81.3895384615
87.6585384615
86.8876153846
84.4836153846
88.0929230769
76.8033846154
76.4146153846
89.5263076923
82.9192307692
84.0921538462
81.6171538462
81.3963846154
82.1294615385
83.3391538462
89.2826153846
88.9122307692
93.3118461538
85.4331538462
96.4077692308
88.9747692308
90.3103076923
88.1387692308
89.2104615385
90.292
82.7409230769
83.8598461538
77.3197692308
82.606
75.6045384615
76.0690769231
92.5584615385
70.5740769231
89.8142307692
78.6517692308
89.5929230769
81.8781538462
90.2363076923
87.551
82.0485384615
81.5464615385
87.4564615385
85.7646153846
