81.126368932
82.6981067961
82.6813883495
82.7645728155
78.4968640777
76.4359126214
75.9070485437
91.0405242718
81.7194951456
92.0144174757
89.474038835
84.7396893204
81.0908640777
78.3491650485
83.3767281553
86.8758640777
79.2638252427
80.1561650485
83.1954466019
83.3667087379
80.8952815534
90.1225339806
76.278592233
76.7507087379
78.0208058252
80.2011067961
86.8808737864
81.9466990291
88.0210679612
80.8081262136
78.9080485437
85.7613009709
68.9937864078
74.1094951456
79.6756116505
81.1279708738
84.9291262136
70.3946990291
76.880961165
74.866184466
60.9166504854
92.4092330097
95.4239029126
89.5029223301
83.296592233
82.1259514563
80.579223301
84.7645825243
89.0854563107
79.9862912621
76.2834466019
81.0902815534
88.3423883495
80.496223301
77.3359805825
73.1010097087
68.568184466
62.2525728155
66.7804757282
80.4097184466
88.8898834951
89.6003786408
83.000961165
83.8635145631
70.738407767
79.9622815534
78.8177475728
79.0384466019
88.1218252427
68.9860485437
77.9971553398
88.2630582524
91.4005339806
92.5176213592
69.573184466
82.4457864078
82.1083786408
84.4771941748
75.1525242718
54.7082815534
77.0760097087
63.5414951456
79.923776699
78.2415533981
72.1264271845
76.8644271845
89.5829223301
90.7020194175
87.7620194175
88.3778834951
83.0663786408
81.190038835
73.6146116505
85.944631068
82.0990970874
85.3581650485
79.7486796117
74.9081067961
59.8557961165
53.8032912621
76.7172524272
64.7193786408
60.3672621359
58.030776699
86.2264466019
87.3678446602
59.6158446602
64.3811359223
73.0665436893
81.117223301
85.4379029126
77.6659417476
72.5203203883
83.707038835
77.349368932
77.6350970874
65.720815534
73.8101650485
77.5194174757
74.5666893204
62.0256407767
76.5886990291
82.9142718447
77.1727572816
79.8741747573
64.0012718447
51.300592233
51.4404271845
63.6057475728
85.191368932
78.1994660194
72.8045048544
64.5475048544
59.1695145631
52.4155048544
68.5954174757
79.023
71.3513495146
75.4259805825
64.368368932
76.8155048544
62.2302815534
86.8827475728
73.5567669903
57.4849514563
84.8646407767
67.867961165
63.5335631068
55.4965048544
58.8700097087
69.206776699
61.7847475728
55.7007572816
59.720961165
72.4100776699
88.3290679612
77.7365145631
75.2019126214
75.1705825243
73.470815534
69.3327087379
71.3960873786
69.8663980583
75.0466893204
83.9647087379
78.1654271845
72.0585436893
86.0780582524
75.1717087379
72.881776699
63.9459126214
85.7429029126
91.0063786408
73.4389805825
68.2346019417
68.050368932
71.0711747573
71.5883592233
72.9754660194
67.1296990291
65.2568349515
66.9928543689
72.5347184466
75.5179320388
70.5434563107
73.3232330097
67.9749126214
69.3283203883
82.5297184466
71.7210873786
68.5063495146
69.2341747573
77.1019514563
73.3157184466
73.0413106796
79.9880970874
81.5691165049
73.6958543689
73.0037669903
74.6224951456
72.4432427184
67.0876601942
73.7837087379
74.5070582524
83.0938446602
77.2666504854
74.3549126214
75.0945533981
76.7232815534
71.1363009709
75.1795242718
71.7935048544
79.4107378641
80.1170679612
81.0103106796
74.5710582524
69.6616407767
70.8487184466
76.8450194175
75.231038835
85.9285145631
74.5948446602
81.8292427184
83.1704757282
74.1732621359
78.2987475728
85.6452038835
73.2583980583
81.1627669903
76.2359223301
84.5038737864
77.9037281553
81.5071262136
82.0024563107
79.4306504854
79.8367961165
82.4601650485
76.1493592233
76.5627281553
72.7549029126
77.0841553398
73.3006601942
72.8095533981
77.1811456311
78.0867281553
78.6600776699
77.9175436893
71.8372815534
76.0926019417
83.2928640777
90.6839514563
81.1967087379
80.3932330097
81.3371941748
79.1827961165
64.3619708738
71.0027864078
73.9238932039
65.3464563107
64.0831941748
73.648407767
84.8866213592
77.8642427184
81.3699514563
76.7123009709
74.3128834951
80.0288834951
81.4773883495
80.0326213592
85.8205145631
76.1300970874
74.1970970874
73.3751941748
69.3257961165
66.8541067961
76.531368932
82.5086990291
80.8307087379
85.3929126214
81.6762038835
77.9602815534
73.0613883495
78.3939805825
75.6950291262
79.2264466019
81.5036407767
83.0800873786
91.9032427184
78.1217281553
75.6342524272
76.1096116505
78.9503009709
83.3074951456
78.0170485437
70.6420582524
65.6660582524
66.3896019417
41.1878932039
57.0773300971
68.6500097087
87.3362135922
86.0486796117
84.0712621359
87.2762135922
82.3218834951
90.1496893204
69.829631068
83.7230873786
80.9642815534
80.6681941748
79.432631068
85.2831456311
84.0285533981
81.8222718447
80.9998932039
86.2676116505
92.044368932
92.2817669903
87.1810873786
94.848368932
88.5019029126
89.213038835
85.0668932039
81.0232912621
89.9262330097
84.5823980583
86.6576019417
81.3037378641
82.2517669903
84.9279417476
85.4536893204
84.8633300971
84.524368932
85.1852621359
79.0474563107
75.4511262136
81.7146893204
70.9225242718
92.3768640777
80.6627184466
87.6437087379
88.7473300971
81.9301359223
80.9284368932
79.8577961165
87.4367669903
81.6238640777
80.5529514563
79.3695728155
81.7172524272
80.6616407767
91.9576990291
83.727592233
76.3628349515
92.735038835
81.1988446602
84.4837475728
87.4075145631
88.0795048544
85.6436893204
77.1024563107
83.4638252427
88.6957281553
83.7302621359
84.9294174757
76.5709029126
81.1950291262
86.5935242718
90.1494757282
91.8410194175
92.6913786408
89.5347961165
84.2174368932
78.2318640777
79.438368932
78.5069417476
78.6570194175
76.7661553398
82.7270291262
82.4233203883
80.1870291262
82.7050679612
81.8232330097
84.0040485437
84.3810873786
86.1984951456
84.3287281553
92.1460097087
86.7908737864
82.3068446602
79.3593398058
82.7151456311
83.3934951456
86.2044854369
85.2260291262
80.873
90.2766601942
82.9625533981
86.4306116505
88.6216990291
87.2693106796
88.5861747573
86.061961165
77.009038835
82.056368932
87.4043398058
86.3593786408
88.1364174757
82.8789902913
83.6865631068
89.5079417476
78.9409417476
73.7219902913
72.2106601942
73.3343106796
68.4890873786
70.5779223301
66.960223301
75.302407767
76.7139805825
78.1351747573
86.7776699029
80.6297864078
88.9134271845
74.9361650485
72.8711067961
65.9191456311
88.0508932039
80.5577475728
80.926184466
79.304815534
74.8302135922
75.7383300971
78.2625533981
87.0599029126
81.0145145631
82.9315339806
78.0448932039
72.7530873786
76.2966796117
77.4807864078
64.6700776699
84.2967572816
74.3080291262
71.8496116505
81.7401165049
74.186
82.2016116505
75.2830485437
80.7159708738
90.0348446602
81.8510582524
75.3226407767
77.3320485437
71.1301456311
86.9038543689
75.3268058252
80.2481456311
77.0495825243
68.3571650485
70.8677572816
65.8010679612
76.7559708738
82.3951650485
82.0095339806
76.0358834951
68.2140873786
58.6320291262
56.0043495146
55.499592233
53.2295631068
52.1396601942
67.5896601942
74.9930776699
76.1261067961
76.1563398058
79.3459029126
60.4033300971
77.2317864078
89.8511165049
77.0114563107
78.8237864078
76.8356116505
79.3686019417
62.3376699029
61.9966893204
78.2155436893
58.9479029126
53.9370582524
56.2515242718
55.1170097087
76.364184466
86.3739320388
58.6121941748
49.7144271845
47.0859126214
41.885223301
41.6243786408
42.1191941748
45.7351941748
53.5627961165
56.6314951456
58.9844271845
62.7121262136
59.4013786408
54.0955339806
55.251368932
48.931184466
70.9591941748
72.1126893204
62.7796213592
69.8506213592
81.5083883495
76.8512524272
82.9541747573
70.7297475728
82.5808058252
62.6001456311
68.5342135922
66.7854563107
67.381631068
70.8513398058
75.0700679612
72.3352427184
87.596776699
87.1927669903
81.1238834951
67.5007475728
72.018
69.5156504854
75.721631068
73.5741067961
81.201631068
77.016368932
80.7844660194
69.6307669903
78.2299514563
79.2344660194
80.4684368932
73.186223301
81.5648834951
80.7284757282
75.017407767
86.5534368932
78.0477669903
80.035631068
85.6328446602
86.5067864078
86.5669126214
72.5824854369
85.4587378641
68.7494757282
81.6621941748
79.9659902913
75.1965631068
84.215038835
88.5157378641
84.1747864078
86.8091747573
88.0110194175
88.5967087379
72.1165436893
69.3317572816
75.788961165
89.736592233
88.7508446602
84.0303592233
68.7298446602
72.2049029126
68.8110291262
67.4598252427
64.2433980583
80.2971165049
81.3932815534
78.3170194175
82.7395242718
73.7757669903
73.1310582524
70.5627864078
75.6294757282
72.9603980583
73.9532330097
70.5211165049
71.5856019417
81.9347669903
77.5822621359
77.8414271845
73.3058834951
78.7155728155
77.6444174757
73.1502427184
68.1913398058
72.6413300971
76.1322912621
83.2068834951
92.2943786408
69.3212135922
67.0289902913
81.178776699
77.7359029126
78.459961165
73.6774854369
67.6744660194
69.0342912621
78.2850873786
72.911
80.4773203883
83.9044368932
81.3420097087
72.8507961165
72.9544174757
73.3113786408
80.424776699
83.6888834951
76.165592233
75.0547669903
83.5769805825
82.4090291262
83.6839029126
81.4614466019
79.3930970874
78.6476116505
86.5570291262
79.9449126214
84.4540970874
79.1526699029
80.6201650485
78.7882135922
81.4523009709
80.1233980583
91.2810873786
83.397592233
89.5906504854
81.2381456311
83.2541359223
82.2039708738
82.3376504854
77.2235242718
75.641592233
75.0961650485
79.1083106796
79.1579320388
77.0002718447
82.1178058252
88.1525533981
74.9885339806
82.5223106796
84.6603883495
78.9817087379
82.7445533981
82.6413495146
80.026592233
86.0653495146
90.5699126214
87.4557572816
83.3503980583
73.9108640777
80.2514368932
79.1766796117
80.0921553398
84.0036213592
87.4041165049
80.4487087379
74.8953106796
85.1732135922
78.1876893204
71.3697961165
71.0259320388
78.0590970874
63.6368058252
65.0485728155
76.7092135922
73.7958834951
76.3203592233
86.8812912621
93.0165533981
89.4342524272
86.8329417476
88.5211067961
84.749184466
82.6461747573
84.1690582524
76.8589223301
88.7453592233
88.1993203883
81.6705145631
69.8430097087
78.2596699029
81.8429902913
77.4232330097
79.8721650485
77.8301067961
81.6673203883
89.911038835
87.3213398058
82.3084466019
89.3865631068
90.009961165
78.872631068
78.3095145631
82.7994854369
81.2891262136
88.2616699029
88.5784563107
85.7990291262
84.2098834951
84.7909320388
77.8042427184
59.690184466
81.309223301
91.9501359223
77.3543495146
85.3917087379
83.3069223301
77.3186407767
82.1056116505
89.709038835
83.2052912621
87.4860970874
83.8399902913
80.2034757282
90.5548932039
82.4196796117
79.4520582524
82.8183592233
89.1515631068
83.9889223301
87.5708446602
93.2034174757
78.1003592233
79.3288446602
89.663631068
83.3608834951
81.8202524272
77.6186213592
84.8469514563
83.3276893204
81.3530097087
85.561223301
88.6749126214
81.6277378641
86.2457378641
82.0990097087
87.2337572816
79.653368932
78.3774368932
87.3106601942
87.0678737864
88.0183203883
85.6364951456
82.649368932
82.5151067961
76.5155533981
68.0328640777
87.1497087379
79.1899320388
88.4821553398
88.8582524272
81.3823009709
72.8566893204
76.7466213592
75.4673495146
74.6315242718
80.6791262136
90.5846213592
86.4286019417
92.2453495146
89.6045825243
84.7158834951
83.3954174757
76.8258737864
83.4145825243
88.0830582524
85.4909805825
82.9635242718
79.2765825243
80.762368932
85.2771165049
79.5150582524
81.6817378641
83.8380291262
78.1847572816
81.6536699029
80.5793980583
87.3193398058
89.4649126214
78.6532427184
67.7806504854
59.6778834951
87.9044757282
88.0167961165
91.8293203883
78.4934174757
80.468407767
83.5541165049
84.0768834951
86.2238543689
85.0592427184
94.7611553398
75.1049514563
78.3689708738
72.9660679612
81.8506019417
78.1292038835
86.0864368932
84.5404757282
72.8689902913
71.1228446602
65.9348737864
59.8702718447
64.7290679612
83.7802135922
68.0187864078
75.3474368932
85.8950776699
67.3463106796
64.0941165049
74.4384271845
75.4358058252
76.1383592233
76.3218834951
85.436
74.8792330097
79.2190097087
85.4566796117
79.7167475728
74.810592233
85.7017669903
65.9462330097
64.9163883495
60.1307281553
62.9265145631
79.0063398058
46.9628834951
54.1766116505
57.1483106796
63.7842135922
61.660631068
86.5840291262
60.1240097087
65.332815534
69.1799417476
83.9198834951
54.0750776699
51.8937087379
49.6832330097
82.526038835
74.0199805825
88.0466504854
88.424
69.2522524272
64.8568737864
63.8051941748
77.7466116505
74.994407767
89.3751747573
71.1514368932
66.8394660194
63.948592233
49.5793300971
62.7106019417
70.0344466019
78.5819514563
87.048223301
81.2956796117
78.1024174757
79.6515339806
65.9506796117
65.1331650485
62.9822912621
62.7639805825
78.5216019417
70.6682815534
72.0085631068
80.102038835
75.293776699
90.9947961165
82.0767572816
87.9251067961
77.656
72.4559126214
76.6458349515
73.7149514563
89.2014271845
91.8299514563
73.3348932039
74.985223301
72.6694660194
77.1263495146
77.5329029126
66.6104660194
61.7134368932
76.6134368932
61.7412330097
64.6549126214
62.5363203883
59.747223301
79.0653009709
86.5451650485
72.8413106796
79.9814660194
75.8871067961
75.092592233
77.8417087379
73.5069029126
70.8818058252
87.0501359223
76.0134660194
76.4377961165
86.2979223301
72.9321650485
73.5600970874
73.6930291262
82.7129902913
74.044368932
76.8547669903
73.4994854369
70.6501456311
69.4053592233
69.0903009709
66.9394563107
80.435
68.4165145631
79.0549320388
75.2096699029
72.2365436893
74.0278349515
73.8544757282
90.5472330097
86.4137572816
87.582815534
91.6519126214
84.2624854369
86.8335728155
76.9570097087
83.7839029126
80.2062912621
73.3157572816
80.7826213592
78.2715436893
72.0067864078
76.0544271845
82.3438932039
82.2500582524
80.8945242718
74.8915436893
71.4960679612
65.3666699029
76.1666990291
84.810368932
79.3013592233
93.5106796117
91.923223301
79.9740776699
76.0518640777
75.3307378641
72.3475825243
74.051407767
73.8473592233
72.741184466
81.9491650485
90.4752038835
78.1855436893
83.9025242718
86.0860485437
76.2388834951
80.3164466019
88.0272524272
80.0062621359
76.006038835
81.8037864078
76.5910873786
76.1846893204
79.8166990291
79.7638058252
77.9956407767
74.509592233
75.179184466
73.9224854369
73.4663495146
84.7623300971
82.6154660194
80.6441067961
82.5471456311
88.8493883495
72.7886699029
82.1179417476
79.4438543689
88.5050291262
86.2440485437
80.7714757282
89.3933592233
77.834592233
82.961038835
83.1767961165
82.827038835
82.1723883495
81.4876990291
84.0198737864
87.4731553398
94.2771650485
85.0593883495
80.0212135922
85.4522815534
89.0300776699
82.244368932
70.6591553398
89.1473106796
77.8405631068
71.8017864078
80.2241067961
79.6564271845
80.6628834951
79.7517961165
88.102223301
86.4483300971
85.2341747573
92.5949805825
85.1041359223
92.1409029126
93.3525533981
82.8316116505
86.4612621359
83.9929029126
84.3213300971
87.7517087379
91.8241359223
87.8795825243
81.9620873786
90.5125242718
83.3346504854
84.8842330097
88.2536601942
73.8695825243
89.2035242718
81.3703883495
90.2502912621
82.3749708738
74.4122135922
74.4107087379
79.3035242718
79.8961262136
84.1667475728
82.6468640777
91.4834757282
95.1785631068
87.0582815534
76.8409514563
75.0979029126
85.6697475728
71.9781359223
88.5024368932
90.120223301
81.5881359223
89.4321941748
80.5612524272
78.1079514563
73.9796893204
87.6654368932
94.2709902913
90.701368932
88.4556504854
88.3104660194
92.9185048544
88.7468058252
89.5014368932
91.5909514563
87.2333980583
82.6880873786
91.9901553398
90.4771067961
95.2585533981
78.9791165049
86.6724271845
95.7315242718
84.1578252427
84.2240291262
85.5269708738
85.9420776699
84.5713786408
84.7379126214
85.7731941748
82.337223301
85.8842330097
84.863631068
84.6833009709
89.5480291262
89.7365825243
88.0035533981
86.3170194175
89.1050679612
87.4264563107
85.0036407767
79.4024660194
87.8139514563
91.672592233
86.489
87.8062718447
83.2974466019
83.2348252427
70.5835242718
78.4389417476
67.9207184466
84.2152815534
82.1436699029
82.6881262136
85.5139514563
85.3130097087
81.1296601942
76.7304660194
79.4345728155
79.7201165049
89.7516116505
88.830592233
92.4072038835
91.4947475728
92.6233300971
93.0330097087
89.0462718447
83.2160485437
90.610631068
89.9165242718
81.9886116505
88.6389223301
87.3717475728
76.9058058252
88.5033495146
80.2529417476
78.0959320388
78.516592233
79.3458349515
91.5756601942
88.702961165
86.4754854369
86.599592233
81.1069902913
81.5619708738
83.4899417476
81.8102330097
86.8700679612
93.1374466019
83.3498252427
84.9860194175
82.6889126214
72.0364660194
68.3491262136
68.8224951456
65.5770097087
74.0483786408
80.9763009709
76.2687961165
82.0988543689
74.6829805825
87.876592233
83.9423980583
81.0369805825
85.9802038835
73.5723495146
77.4360873786
64.3877378641
72.2380970874
74.4091262136
79.9195825243
82.6665339806
74.5202621359
81.8564757282
82.4767864078
77.6431359223
59.4405242718
67.1701456311
89.6647961165
80.4682524272
83.7111456311
83.7977281553
81.7680873786
76.6542038835
77.0000097087
66.1597475728
64.7768349515
67.1619805825
61.228407767
74.0997184466
70.2652135922
75.9991553398
76.2010194175
66.2748834951
68.7197961165
72.2185631068
62.8452815534
57.5044854369
62.202223301
83.6986407767
84.8690776699
69.921368932
82.9973203883
80.3268058252
76.0213883495
79.5278252427
68.9029514563
59.9157378641
58.4745242718
59.4173106796
54.1836504854
55.3049902913
45.9333300971
59.7886504854
55.2799223301
66.4020679612
78.7583592233
66.7929708738
67.8195631068
61.3680582524
77.6488446602
84.3459902913
69.8490970874
84.5168737864
69.5865825243
58.3140970874
67.2438640777
84.2325436893
69.3416796117
84.1293883495
63.9200582524
68.5456796117
86.1141747573
81.3912621359
66.4461456311
56.7495825243
58.2792427184
58.6020582524
59.9246601942
76.5782718447
77.5040485437
74.5197475728
69.4030970874
83.0818640777
80.1822815534
87.4886699029
78.7212330097
71.3771359223
65.5270291262
60.496407767
79.2347378641
64.2776699029
52.3720291262
58.7546116505
61.2342718447
54.3440776699
57.6693495146
58.935184466
62.595184466
67.9546407767
72.2770679612
77.6273300971
65.9474854369
65.1469514563
85.036184466
81.4733106796
80.1003592233
75.7723786408
70.4818834951
88.6853980583
71.7515825243
77.7861456311
80.1991747573
78.8937184466
76.6391553398
79.9817184466
71.8504368932
79.0020485437
71.5553300971
75.3735436893
76.8013883495
78.9636116505
78.8293980583
70.1663495146
69.7665242718
72.0471650485
78.011631068
67.6287864078
66.0352427184
65.1958349515
68.6028349515
64.789223301
59.4972135922
73.4083203883
64.7474757282
62.214368932
64.7467669903
58.8592427184
62.470815534
63.6213009709
69.2308834951
59.6703106796
63.1265533981
67.3475825243
68.3714757282
69.1703203883
74.2567087379
75.8550776699
68.8597378641
79.3419708738
69.7140097087
69.4627572816
55.4793592233
48.992184466
52.108815534
60.8783009709
47.2859029126
50.0677475728
78.7260194175
80.8258252427
75.8436407767
81.6539805825
78.018
72.5189417476
75.9440291262
66.5867961165
63.6408543689
58.7472330097
61.9354563107
70.5298058252
63.0238252427
75.7486407767
62.6123300971
67.4703495146
69.3498349515
71.0306407767
65.121776699
70.4809514563
72.2577087379
77.0037669903
72.6985145631
71.5473106796
71.1534174757
69.1655825243
66.637038835
68.959961165
67.9301650485
78.0040194175
67.4310776699
55.7828446602
60.1887961165
78.3777475728
74.0726213592
70.2962135922
69.7807669903
67.6831359223
70.7897378641
73.6701553398
76.8506116505
73.6368543689
71.1322330097
70.8463495146
68.1304660194
64.488776699
69.851776699
74.8545048544
68.3201747573
72.057223301
76.2615145631
72.0555048544
72.0638932039
68.461184466
74.9563106796
75.5998446602
73.3333883495
88.5910679612
89.1484271845
83.3745825243
85.6706601942
81.1313980583
76.9922815534
87.2242815534
90.8793592233
88.1208058252
86.3399029126
87.5349417476
85.7302038835
84.1370873786
90.3053203883
82.2094660194
75.7187864078
78.3618446602
88.1462524272
86.8723300971
86.8500097087
82.0835436893
82.0347378641
81.4892621359
87.6938543689
90.5845339806
88.3464854369
85.8502038835
89.935223301
88.4085631068
85.5897087379
81.0340097087
82.9629417476
85.4047087379
86.0498834951
91.9956893204
93.7803009709
78.562631068
66.2177184466
54.5469902913
58.7020776699
76.9994757282
76.4036504854
80.1886699029
88.8369417476
84.4034660194
87.2217184466
88.935631068
86.4731941748
87.8137475728
87.9106990291
67.8686796117
73.6700291262
79.3443106796
85.1605631068
75.031631068
75.7227475728
74.0266893204
82.295407767
89.0673203883
88.0432524272
91.2426116505
83.2822524272
79.651961165
89.9642135922
93.6120970874
93.7583786408
88.2327378641
94.0463398058
94.8847572816
81.7526990291
84.368815534
83.4028737864
84.0616504854
87.0271456311
84.9486213592
83.9160582524
89.6241747573
77.0321359223
83.8244466019
84.6337864078
74.5854271845
87.634776699
70.5282427184
89.6524757282
92.3353495146
83.8867572816
94.1699126214
93.2956116505
87.063961165
82.3143786408
78.9351553398
80.3958252427
81.3116601942
81.2553398058
90.3910097087
91.8578252427
78.7799805825
91.456
73.4806407767
77.1595242718
85.0737572816
84.7026116505
80.1614854369
84.0630679612
80.9490097087
82.8812427184
82.6240097087
87.9223106796
78.7230291262
78.5765533981
64.0551747573
86.9528737864
81.8784466019
85.3991262136
79.3117087379
78.3783106796
87.8357572816
84.6324174757
91.4808252427
74.7692135922
83.2634174757
73.1147669903
82.2154368932
82.3374951456
77.2060776699
86.0795436893
87.7941650485
82.0033786408
80.8067864078
86.3950194175
87.4846601942
85.3462427184
86.8112815534
87.8608349515
84.7959126214
81.3210485437
81.6247281553
80.7187184466
81.0703883495
69.4929902913
73.036776699
80.0900873786
81.708631068
86.8991067961
67.4315048544
69.5451262136
63.7523786408
65.8096213592
58.1332718447
93.3582815534
89.4777378641
79.1157475728
87.8519320388
86.2534174757
82.1712621359
79.3245728155
68.7564174757
79.4833203883
79.0429320388
82.3405339806
78.3995825243
81.1700291262
65.6598932039
57.8055728155
55.5384757282
73.8947184466
83.972776699
75.8146990291
74.9073009709
87.7190097087
87.2712912621
78.6748640777
68.3254368932
72.1234271845
73.7863592233
78.5965825243
66.2111067961
91.9707961165
72.3721747573
90.9016116505
75.6927961165
79.985184466
79.953961165
77.0739223301
90.9911941748
73.3670776699
78.4748349515
81.7327961165
79.7088737864
78.231223301
91.495038835
77.023815534
89.7516990291
85.6047864078
87.0173592233
80.8678640777
90.0101553398
85.8149223301
69.7514563107
55.0597961165
57.4022718447
77.1629708738
67.8791359223
67.3346699029
78.5348058252
68.8307281553
82.1923398058
68.4131359223
72.0596699029
72.6896019417
64.5390970874
74.5844660194
63.2131747573
79.5134854369
71.0408252427
80.1686990291
79.3534174757
71.7605436893
60.6184660194
76.3907669903
81.0909126214
80.6645048544
78.764038835
74.7065631068
73.5399805825
85.6671165049
74.5415048544
82.6404563107
77.6022912621
77.3868737864
67.2606990291
85.3078737864
61.6342330097
68.4208737864
73.7033398058
92.8103398058
93.2084660194
92.7310097087
84.8836213592
90.0883980583
74.5264466019
82.0022524272
77.0257475728
65.425776699
64.2824174757
72.7295145631
66.1227961165
65.2515436893
78.6534660194
60.5099029126
57.1583398058
55.7118349515
74.641631068
71.8055533981
68.4470582524
65.9445339806
74.061961165
70.3668834951
69.038592233
72.3502038835
65.0110291262
76.2635728155
55.082
53.7983786408
61.5682135922
57.0694271845
56.9122330097
60.242038835
74.4722330097
76.5098737864
85.4869126214
65.2852718447
78.3022330097
75.9358252427
84.7966990291
72.7144466019
67.4757184466
64.5323883495
60.2625436893
69.8874368932
75.0187475728
72.5437961165
57.5291165049
54.0883300971
53.883184466
57.1458058252
60.4184271845
73.3840582524
66.8988640777
76.3262621359
63.8501359223
70.3768737864
92.0604271845
62.2568834951
63.7864563107
61.7162330097
58.6522815534
81.3815145631
72.9602815534
57.9930970874
64.7909805825
66.6207669903
71.1796407767
61.9665242718
49.8979320388
59.4547281553
62.8741456311
70.3889223301
82.9983980583
87.4836213592
89.844631068
75.982038835
70.1462718447
71.7646796117
70.5566213592
74.9556699029
63.1712912621
68.8846213592
71.9105048544
67.3513495146
67.8357864078
74.3105728155
71.355
64.5767961165
59.9092135922
66.8486116505
77.6803883495
74.7450097087
70.0753398058
62.0961067961
70.2571747573
68.7078252427
70.463592233
65.1835533981
62.0160291262
59.9210970874
70.3675145631
67.7029514563
72.0308543689
62.5779223301
56.124223301
56.8904757282
60.9122330097
59.6341165049
77.4151359223
84.282961165
65.7930970874
74.6609708738
75.5997669903
86.9527087379
84.3621747573
75.4602912621
77.3816893204
70.5305339806
79.4081359223
78.0671359223
84.6896116505
73.1909320388
77.0924854369
75.3388543689
74.6740291262
77.9279029126
72.9313300971
79.5386407767
81.2076990291
83.5597864078
62.6171359223
86.6267378641
84.0507961165
76.9217961165
69.9424466019
71.1984563107
72.0158349515
71.7253980583
72.9673398058
80.5160970874
77.9714854369
74.9271456311
69.9126213592
76.6588932039
73.8015533981
78.9860679612
80.002368932
87.2696601942
85.9545825243
75.1069514563
81.936815534
84.0180097087
79.1114466019
79.7126213592
73.994776699
80.745776699
68.9989320388
85.5743592233
80.3635533981
77.369961165
81.6775631068
75.8763883495
87.6271941748
79.2182427184
84.9513009709
80.6616796117
92.2328058252
88.724815534
84.5952621359
88.1778834951
88.3436504854
91.9259029126
68.507
72.8703009709
71.234038835
84.9169320388
92.2560097087
93.679961165
83.5998349515
89.3654368932
84.0275242718
79.2617378641
79.0433106796
84.5848252427
82.9494951456
92.2238058252
85.9125631068
77.339
87.538368932
80.6210194175
80.8176213592
85.9396019417
85.7704563107
78.2340776699
75.9105048544
76.9885145631
91.5014951456
87.7330873786
90.4502524272
86.9511165049
82.1455631068
82.3171456311
86.3765339806
86.109
85.2667378641
76.8999805825
83.4145242718
84.9780485437
88.5100291262
91.2615631068
82.2377184466
88.8475825243
83.5316893204
80.8204854369
91.1743495146
72.3163203883
81.1461747573
82.5577961165
85.5459223301
89.5778058252
82.6366893204
76.5851747573
80.4823883495
88.0765048544
77.054961165
82.7907378641
84.6570097087
88.7367669903
84.599368932
80.8369805825
81.0693398058
87.9694854369
85.6694466019
85.1329805825
80.2715048544
79.2816601942
73.387815534
79.5468640777
71.7855825243
80.8625339806
79.9807087379
85.6680097087
86.2572524272
79.4701650485
86.8456504854
84.7330873786
82.3409029126
77.1842815534
80.6161165049
82.7562718447
83.7777378641
88.5673300971
89.0254951456
92.124038835
85.0117961165
87.094184466
78.9333300971
83.4892524272
88.3269320388
70.0094854369
84.6312815534
79.6585533981
86.3556990291
84.1526699029
61.2433300971
75.960592233
67.5762038835
74.4854174757
71.8243495146
71.2493786408
72.4728058252
67.6236407767
74.9744563107
77.7395048544
90.6450776699
87.4066407767
77.7319029126
82.6047475728
88.619
86.7722427184
78.2802038835
80.5654563107
86.9584563107
89.5356116505
77.012631068
82.8313106796
79.5464271845
78.4892718447
73.7229708738
67.6249029126
77.1074951456
71.4932038835
66.2022330097
73.4467475728
77.9742621359
73.3647378641
64.9266893204
81.3260776699
70.1751553398
65.4789514563
54.9032427184
56.5954563107
57.1105242718
60.0242815534
57.8109029126
62.385407767
85.8323203883
73.0090873786
79.4323786408
76.0470970874
80.866961165
76.8648737864
79.3568349515
91.4328932039
90.0330873786
85.7610194175
87.4313495146
77.2442135922
82.2022524272
83.3020097087
72.9303786408
82.8563106796
81.481223301
77.8759805825
91.529407767
68.6048543689
64.912592233
57.5416213592
82.7108058252
71.9307475728
62.5315145631
56.3240485437
55.6732330097
54.441038835
53.2771747573
57.3992427184
52.1871262136
54.655184466
56.3862135922
48.9278737864
60.4495728155
52.486368932
73.6525533981
82.9254563107
74.0143106796
80.2685048544
70.7295728155
70.1672718447
88.9358640777
70.1081165049
75.7880097087
63.2023398058
76.6124563107
78.6503592233
84.2861553398
92.0007087379
85.7265242718
80.1756893204
75.6821262136
78.2985436893
70.4006893204
71.1126796117
68.3033786408
92.6521165049
81.7426990291
80.6933106796
90.7944757282
86.4769902913
81.1691747573
87.0210485437
93.6580291262
79.9676796117
81.4561747573
80.0496893204
70.9130679612
72.4469320388
62.6692524272
87.6665825243
72.5677378641
89.770038835
76.0891650485
80.9970291262
78.3591650485
69.7994466019
70.0730582524
66.283631068
70.5485436893
84.8524951456
77.2253300971
76.687038835
75.0664563107
69.2323203883
67.2355728155
59.2347281553
79.9492427184
60.8566699029
58.371223301
67.4264174757
82.5935242718
76.0498543689
68.0526213592
76.2033495146
71.1526990291
74.0713786408
64.8459805825
78.2268640777
86.9879902913
81.0394271845
78.999038835
75.3211941748
72.3868932039
63.1108737864
66.4427864078
62.4088543689
64.4577184466
68.9898834951
78.5155339806
86.204592233
87.9869514563
82.6423980583
81.3345631068
89.6026601942
78.9469223301
78.764038835
76.3471941748
74.1673786408
71.4123495146
70.503407767
71.0557184466
78.2976019417
78.3328252427
82.3842815534
76.1770679612
65.6040776699
65.8369708738
93.4727961165
73.271815534
71.2429320388
85.5711262136
81.2607669903
83.5301553398
76.3884368932
72.7313398058
83.9386504854
90.2905242718
93.1256601942
81.5868543689
82.7425339806
76.7496699029
75.7907961165
77.3374174757
75.6693203883
72.1622621359
69.1308446602
70.4638932039
72.6714563107
63.2428058252
61.9410485437
69.7491941748
84.2409514563
82.4904271845
74.2673106796
74.6355436893
69.7651553398
72.8317281553
69.6485242718
67.1898058252
73.8158543689
69.2696213592
79.4473009709
76.9606019417
89.4294271845
84.3426893204
90.9736893204
91.1160776699
87.2399029126
84.4531165049
82.0208446602
83.7815339806
80.4539417476
87.008
84.6607087379
85.4710970874
78.6691067961
82.9223980583
79.4657378641
77.5746116505
78.6784951456
87.8038252427
87.0557281553
85.5552621359
88.9069029126
82.9552038835
82.1411067961
86.6748446602
87.570407767
78.4730970874
85.5556796117
84.1807184466
82.6036019417
84.2004174757
85.7064271845
74.7448349515
80.9467669903
86.6726116505
90.9672718447
85.0883592233
85.2745728155
86.3005242718
81.9875631068
83.4022912621
84.2115048544
78.1992815534
78.1837087379
78.4532135922
83.7323495146
72.7462135922
87.6432427184
89.8661456311
86.914631068
84.4914854369
83.4962912621
83.2053106796
90.0227572816
82.7471456311
77.7266407767
86.3221553398
89.8918349515
87.8339708738
87.6742038835
87.2076213592
83.2973980583
81.6024757282
86.5517087379
87.8160776699
86.9088932039
87.0152330097
85.9168640777
78.0913009709
73.1723009709
73.0450097087
82.0089805825
84.6999126214
93.0779417476
89.2603398058
89.7353009709
91.015407767
89.0466601942
89.5053883495
74.4442038835
80.9033980583
81.7815533981
82.8474271845
84.8332330097
76.0373009709
80.0843592233
84.1874854369
86.699223301
90.9366699029
92.2434757282
87.7274660194
89.8976893204
85.6297961165
90.6032912621
88.8660485437
85.2626990291
77.9149902913
88.2572038835
88.8155048544
86.9406504854
92.9375631068
90.9129902913
89.4973786408
92.8238640777
91.9384271845
84.8373495146
88.5425825243
79.7997378641
86.2201553398
77.0491067961
64.288223301
86.1688737864
83.5695339806
87.1592621359
79.9032135922
86.0454466019
78.3742621359
80.5841941748
92.1815048544
86.9454368932
84.4735825243
84.0088252427
82.0301650485
79.4639029126
82.0942135922
83.3189126214
80.935815534
83.7252038835
87.4141359223
87.640815534
82.6136407767
80.7578252427
84.0212621359
86.9169029126
88.1663980583
85.5920194175
85.6473786408
87.0296213592
88.8481553398
90.4362912621
83.9201650485
74.9461165049
80.5832912621
88.2202621359
72.5176893204
72.8174466019
83.6002524272
84.0358349515
84.1342815534
86.0090679612
69.6729708738
63.8329029126
69.4070679612
68.952223301
85.6828252427
73.932223301
72.7557572816
82.3152427184
77.5217087379
74.9939029126
68.7906601942
72.3959805825
73.696184466
63.3426019417
71.8319126214
73.5983106796
76.1956990291
62.4793398058
56.5959417476
74.3378543689
76.4737184466
78.1801359223
75.5232135922
78.8581941748
78.3814466019
82.3876407767
89.7588640777
85.9774466019
88.9527281553
79.3646893204
72.1545825243
81.1913203883
81.287592233
87.7079708738
74.3723495146
79.9513300971
75.6988737864
74.6350485437
76.2117669903
78.3568932039
91.4032038835
84.1221941748
89.5966213592
89.1197087379
81.9695048544
83.3580970874
83.0878737864
76.5018252427
79.4859029126
77.9154757282
82.0713106796
74.822592233
84.8652427184
85.085
66.7900291262
77.1457572816
65.2694854369
82.5606796117
87.5702621359
64.4837281553
76.2665728155
59.190038835
58.5693203883
77.0334466019
69.8289805825
68.281184466
74.5233883495
79.0244854369
80.4564368932
78.9714563107
75.7841456311
82.2210970874
82.2137669903
88.8453883495
71.1233300971
61.0753786408
63.6952815534
58.222038835
63.1551941748
66.6624563107
78.1211553398
58.3548737864
72.9959708738
76.3711456311
84.3917572816
79.5591359223
73.2306407767
65.236184466
72.2643980583
75.8680970874
82.2344271845
76.7364757282
70.6860291262
64.3390097087
65.0270291262
70.1967961165
78.2910776699
78.9561553398
78.7916116505
74.8360291262
76.4691165049
71.9728252427
78.6462912621
63.6568737864
57.2127475728
60.124815534
60.2029029126
73.244223301
77.3765825243
88.5205339806
82.7323009709
73.4131941748
67.9053203883
60.1630582524
63.0869708738
82.9592718447
84.3811456311
61.7803398058
68.0929417476
62.1660097087
55.3901165049
49.5557378641
62.6808446602
78.8625145631
79.3986504854
75.2744660194
83.1010485437
79.6252135922
80.8048349515
78.8672038835
83.7126213592
84.790961165
78.4380291262
67.0158446602
65.7143883495
78.9951067961
73.951407767
63.9575339806
92.0161165049
80.7438446602
81.0953883495
77.1601553398
80.4067087379
86.5243495146
90.6867572816
70.8285825243
83.4157475728
79.5860291262
74.2918543689
85.2042427184
73.4504368932
69.1978252427
54.7547669903
59.3372427184
76.6194854369
66.4730970874
80.0440291262
87.4713495146
81.660592233
77.0603495146
71.6451067961
65.2903398058
62.834368932
67.129368932
68.8253300971
68.049961165
64.8812135922
74.1213106796
71.8667184466
79.5629708738
83.7005825243
79.272038835
73.6212524272
67.9302912621
78.4506213592
73.6876699029
76.6032912621
80.6880291262
66.0614466019
81.1921456311
84.1440291262
69.7453495146
74.1712524272
67.6469223301
66.0187669903
83.5583495146
80.9178543689
82.3274271845
76.2704271845
75.410368932
68.8642524272
82.6169902913
81.2768349515
71.3079320388
74.8543106796
85.1064757282
81.347631068
81.8350970874
84.9185048544
79.0428252427
78.7316504854
80.211184466
78.0109126214
73.4067184466
73.8417378641
72.9464466019
70.3062135922
73.5443495146
72.4191747573
71.4071262136
73.4616893204
67.2047961165
69.5038737864
86.5949902913
81.9460679612
85.5101941748
74.6046893204
70.6753495146
89.7702524272
74.6507184466
74.4628543689
80.4804757282
80.5492912621
78.8517864078
79.6810679612
81.8456019417
79.7840485437
87.3525436893
80.9513106796
74.3033300971
80.4851747573
74.5540485437
73.9911747573
81.5327378641
79.851815534
81.0136796117
78.8573883495
74.384631068
85.5225728155
73.237184466
73.7644466019
75.6305825243
87.113184466
71.1831941748
70.9620776699
86.3296796117
88.5777475728
90.9839320388
81.4108446602
75.0639805825
78.3586893204
81.6913980583
79.9267281553
77.0313009709
78.7124660194
85.4506504854
90.8192135922
90.9869805825
84.5914854369
80.0174368932
82.2905825243
81.1183980583
82.4896116505
73.2879223301
75.7036213592
76.7318058252
82.2673883495
93.4440097087
83.5236601942
80.8603398058
85.9038640777
83.2306407767
88.2264660194
86.6022912621
83.4346504854
80.3456116505
82.5649417476
81.6654466019
84.6180097087
85.6554660194
81.3457864078
77.2746213592
73.4334368932
77.7996893204
75.6851650485
88.8486699029
88.9857572816
86.5839417476
85.2725631068
74.6373495146
81.1378349515
89.8078737864
88.8927087379
88.0433009709
84.6124951456
88.1945825243
87.2973980583
85.2516990291
83.8355728155
82.5007669903
85.3226504854
94.0937475728
95.6845339806
92.4992912621
84.083961165
81.7724660194
63.7478640777
71.7964660194
88.5900679612
92.557776699
88.624815534
83.1306116505
79.0579029126
86.0506213592
87.5891359223
94.2769805825
90.3623300971
82.933038835
90.0727087379
90.9256893204
83.9267184466
89.1632330097
74.849776699
64.8039029126
84.248184466
82.0947184466
91.5053398058
82.0097475728
89.2593398058
87.1222815534
82.2499320388
85.205368932
85.858815534
84.8248252427
87.1198834951
87.8643106796
87.753223301
79.693776699
83.9202815534
82.7819805825
79.4214368932
81.0824271845
89.3663883495
88.3511456311
84.2393106796
89.9911067961
77.1723980583
84.5638640777
85.1767281553
83.9602621359
91.2430582524
88.1959805825
76.5533398058
74.7917281553
69.7603883495
87.5645048544
80.596368932
81.6559320388
74.5324854369
77.6962427184
86.3123009709
77.0222330097
76.6396504854
81.4966407767
81.6566990291
91.4966601942
83.8925145631
79.402592233
79.4616213592
74.6622135922
68.9443398058
77.9370776699
77.0254757282
83.7027475728
75.8926116505
68.694776699
62.9090776699
83.3924174757
80.7324951456
82.1003106796
77.3062815534
79.8822912621
86.7503106796
78.7681262136
75.030631068
74.9958834951
76.3203203883
72.0575631068
71.013223301
77.9759417476
65.0632330097
56.1790776699
60.4851747573
71.2251165049
73.3488543689
81.8276019417
92.2194757282
95.3524466019
84.2213106796
85.2697378641
91.9031747573
89.033592233
90.6815436893
87.5140291262
87.4525436893
87.4905145631
84.7760194175
77.2101067961
70.4231456311
61.9328932039
60.8241262136
78.7110291262
76.860184466
74.3575242718
82.9048640777
88.5517184466
60.4257961165
78.884038835
83.392184466
68.9703980583
80.1743398058
79.7641553398
82.6540291262
66.1927864078
66.7623106796
87.5083786408
91.6164854369
87.5593300971
72.5369805825
86.4643980583
85.9182912621
88.87
85.8218446602
69.4658058252
73.1510582524
64.6716990291
77.6102330097
61.5568446602
73.8146407767
74.5211262136
79.230038835
80.4894757282
71.2779902913
77.1296116505
72.1477087379
72.9809902913
78.8721650485
79.5928543689
85.4769902913
68.4631359223
64.8636990291
58.8760970874
79.9050679612
64.4300776699
51.4155728155
51.073961165
76.974038835
74.6690970874
76.968776699
77.6314466019
70.6681941748
69.4923980583
87.9145145631
68.2191747573
65.1769708738
78.7214466019
85.3087475728
84.3484660194
65.7512621359
62.3987669903
82.3322912621
77.3301456311
73.3422524272
79.9440097087
67.5754757282
67.3752427184
84.4783495146
68.7998252427
61.5802621359
68.9807669903
72.6408640777
78.8694368932
80.3081359223
65.2607669903
76.3761456311
84.4597572816
76.0460970874
80.7480776699
74.7143980583
85.5273592233
90.2097961165
89.3649320388
72.2627087379
68.3176893204
74.343631068
68.3973203883
69.6257281553
53.3126601942
57.8329126214
68.8115339806
75.8868446602
83.6639126214
77.3945728155
71.2942718447
74.4102621359
68.1211747573
50.1737864078
68.1520194175
71.7528834951
63.9199029126
61.1583883495
62.1954368932
60.5843883495
62.5285048544
60.2052718447
59.8978446602
61.3078543689
63.3338446602
58.5612912621
81.4159223301
80.0118543689
73.1201262136
73.1280097087
83.9703592233
67.2761067961
67.1975728155
62.2782135922
66.2638834951
76.4672524272
69.1855825243
64.9893106796
71.1708252427
65.1866116505
64.4067184466
71.4117669903
72.0984174757
84.093038835
75.2940679612
86.1130291262
80.9471067961
81.2496504854
69.6388640777
64.5153980583
66.4233398058
63.7093398058
61.8844174757
62.7761067961
57.3814174757
67.9410776699
56.5093009709
56.6734271845
55.8897864078
62.0332038835
62.2467378641
56.7731747573
70.2625242718
84.6010679612
73.5086407767
71.2998058252
74.1631941748
70.6126990291
65.1105436893
89.8704271845
92.3497572816
85.1353592233
74.4294951456
89.1074271845
87.0734854369
89.8424271845
77.3442330097
74.5200194175
79.1058543689
79.2876407767
80.5701262136
83.1300873786
77.2747669903
77.2730873786
76.7420097087
87.7196990291
76.0235631068
77.6372718447
69.8959029126
70.8758252427
71.5148737864
77.7328737864
73.1199708738
72.9092330097
85.8954660194
87.0826893204
77.1424174757
93.5580097087
92.5377281553
93.1516407767
84.0952038835
80.5010485437
80.0570582524
72.8017475728
70.3480776699
82.3473883495
79.0705048544
78.1351359223
77.0665728155
80.9050679612
80.154815534
79.1362718447
80.2546796117
72.2362135922
80.5578252427
81.6010970874
79.4718349515
74.3022135922
85.2682330097
75.1809902913
81.2202330097
82.4758252427
81.082407767
84.8687961165
79.5852718447
81.9092330097
73.5712718447
77.1425631068
86.8110291262
85.3370679612
75.6231359223
86.8839708738
82.3581359223
80.6765145631
94.3042330097
82.8816407767
80.3351553398
85.852368932
82.1701165049
76.5263883495
76.2990097087
88.6927475728
90.227961165
88.5698543689
89.6374563107
77.5169514563
80.7189029126
82.4800873786
84.2175048544
79.5616213592
87.2684174757
84.7563398058
81.3633203883
84.9160970874
78.7319029126
84.1479902913
85.4594757282
84.6985436893
78.2555145631
87.6222912621
92.2968446602
75.2401456311
84.3293980583
86.2624563107
86.2945825243
87.7783786408
81.1884660194
78.0122815534
86.6121650485
84.76
81.3342524272
95.3223009709
93.1265825243
90.903592233
86.6797378641
92.6587475728
88.1572330097
77.3319029126
79.1388834951
90.5354174757
91.2721747573
88.9619902913
87.3529223301
86.1499805825
89.2558737864
86.5182621359
80.1386893204
86.4028640777
87.951407767
72.2008058252
85.5207572816
85.5508543689
79.5926407767
87.1883300971
86.8698349515
70.8511747573
79.7261067961
79.8825048544
81.7367087379
88.2640485437
84.988631068
90.914184466
86.2933398058
91.4602524272
86.7154854369
88.3158058252
82.185038835
80.700038835
90.7991067961
86.501184466
87.4380097087
76.5733106796
81.1566796117
87.6300679612
81.0083203883
76.2433106796
78.8246019417
71.5736601942
71.0816893204
77.0161262136
79.4419708738
84.5616699029
80.5357087379
85.394223301
86.3039126214
88.9602524272
92.0513106796
94.0491553398
89.2171941748
88.1290097087
87.446184466
82.3923300971
85.4102912621
67.3046116505
71.9581941748
71.1019514563
70.7985728155
70.5435048544
71.5895339806
91.6493300971
85.3038446602
86.9766407767
75.7059320388
91.7905436893
93.5377378641
90.6243883495
85.7825339806
92.0272427184
92.5607669903
94.029407767
91.8926601942
86.8651262136
84.5278543689
87.1371650485
85.7665436893
84.624631068
86.2723495146
82.6676796117
70.7930873786
63.6762427184
64.3638640777
75.9618737864
95.4802038835
92.9184368932
93.2259708738
86.3202330097
65.6633883495
76.2024951456
73.859038835
72.3087281553
72.5954271845
74.6803592233
73.6223106796
65.0989320388
66.1634271845
64.8820582524
62.9881359223
66.6017184466
75.8959126214
77.6635242718
90.5154271845
86.6625436893
87.7952621359
75.9261359223
73.0772912621
78.5550776699
92.4743398058
94.5256990291
92.9343980583
68.2625631068
73.7836019417
74.4718252427
70.7794174757
80.3669902913
73.238631068
86.4383980583
80.6191650485
62.8620291262
77.8284466019
66.6516699029
78.8343786408
65.3208932039
68.2175728155
77.8358058252
78.7989223301
77.5297378641
84.6224368932
76.4898446602
69.2365631068
78.3203106796
82.9703786408
71.2318543689
72.1333883495
72.9241165049
62.3234757282
68.7017572816
67.4917669903
63.7700097087
62.9510291262
58.7013592233
58.2872718447
48.9333009709
48.2378737864
48.7858058252
62.0212718447
76.4821553398
71.064815534
81.1026990291
88.871407767
88.2913592233
71.7967961165
69.7643786408
70.1283300971
60.961
77.4965728155
59.2260679612
87.8369029126
69.4757669903
73.0701650485
77.870776699
73.8486407767
64.9400582524
77.2675728155
67.7051650485
69.2585728155
86.8027281553
87.1746990291
86.8464757282
74.4297184466
66.7143106796
61.6364854369
80.5350194175
67.6236893204
90.4901165049
86.5199320388
88.290776699
71.1968834951
87.8283980583
91.2904466019
83.3360873786
82.5436407767
83.0045631068
73.38
66.814184466
70.6398737864
70.4422330097
79.1482621359
91.2137572816
92.3439708738
74.0712524272
91.4548932039
81.6235145631
82.5497864078
80.1796504854
85.8177572816
84.097223301
74.7405145631
78.1224660194
77.7306699029
88.3726601942
77.0663398058
85.9832330097
69.8486601942
80.9462135922
74.6701553398
75.5822330097
74.9199708738
74.4226116505
67.4355242718
63.7066893204
62.1843300971
61.4684854369
67.1314368932
82.0697087379
64.4358737864
64.8344563107
63.2378446602
65.9369223301
69.8834951456
68.3004854369
69.6976893204
78.3421456311
74.2177475728
78.0094271845
71.0592524272
82.0818252427
81.3724174757
81.5060291262
81.6416504854
77.5230097087
77.5944757282
73.2879417476
86.7185242718
81.4082718447
88.160223301
87.970776699
84.7833106796
73.2961262136
91.7020097087
83.9549223301
74.5638737864
73.421038835
74.4939126214
64.3610097087
66.204223301
89.7811650485
78.0414466019
74.9486504854
73.6286019417
79.8893203883
80.9869320388
69.599631068
83.194038835
73.6255339806
91.8786019417
83.8903883495
77.9129514563
78.3297378641
74.5894854369
88.8353592233
80.276184466
75.8842524272
76.9587087379
78.8539029126
79.5896407767
89.8595533981
81.9483106796
75.3015242718
75.4630970874
79.4541165049
79.4153009709
78.5305728155
86.2501067961
74.8070485437
82.2020873786
79.7842427184
79.1635339806
80.0551553398
80.6181262136
74.9244854369
80.7351359223
85.497223301
80.5533106796
79.0193300971
86.2566407767
88.954776699
84.1557475728
78.339368932
83.0259417476
82.5147669903
89.6729805825
82.7464854369
78.8010097087
80.4739708738
74.5764951456
79.4019223301
87.332038835
83.1403786408
78.2538834951
75.2967281553
79.5576116505
80.0962524272
76.6000291262
76.8046893204
70.8169126214
76.7783300971
74.8553300971
71.5290291262
76.862631068
92.8783106796
85.8725339806
82.5481359223
84.7488446602
69.7584368932
88.2507961165
88.8292815534
78.0542718447
82.9951747573
87.1945339806
94.069184466
89.0374854369
89.6090679612
88.2716504854
81.744815534
78.5016990291
73.2881456311
84.0641359223
79.859368932
81.4968058252
95.2697378641
90.1876699029
81.4455339806
81.4860582524
93.3788737864
81.4736213592
80.2288834951
89.1261067961
86.8686796117
91.2467378641
78.4853300971
78.9507572816
77.0274757282
88.6693009709
78.2522427184
88.4157281553
84.8497669903
83.2925145631
87.0733786408
87.6088058252
82.9514466019
92.0864174757
84.6605436893
88.6400970874
94.1111165049
89.5097087379
86.9272330097
85.0733203883
90.8076990291
93.1763980583
81.2148446602
72.4219029126
78.8098640777
89.613631068
89.6712718447
90.4258252427
78.5592524272
89.2692135922
87.2036893204
82.7681359223
89.6545533981
94.2934951456
82.7665048544
81.893368932
90.6580194175
95.0415048544
94.2646601942
89.0663300971
83.7153980583
90.6971067961
92.5030970874
81.0821553398
91.2803009709
89.7324951456
92.6228737864
92.560815534
81.5307378641
84.7597475728
84.4464757282
85.6441456311
87.3190970874
80.6359805825
85.0937572816
82.4178058252
84.2567961165
77.8532038835
76.5524271845
83.5361359223
84.8555631068
79.713223301
84.6113883495
82.5170194175
88.6693786408
82.9627572816
79.9499514563
86.0698640777
91.6943009709
89.4722038835
87.3785048544
89.8474271845
89.7206796117
89.0154757282
80.7406990291
84.4920485437
93.5629029126
83.3850873786
81.004038835
78.9456699029
94.5021553398
79.761776699
83.6802427184
78.2967864078
85.9809126214
77.4900970874
75.8871359223
66.1152330097
86.8962815534
79.3538737864
74.5341165049
84.8591262136
85.4257184466
77.4811456311
80.9514563107
92.8868737864
86.7882427184
76.613368932
76.4983203883
77.5043980583
85.235184466
86.2620679612
83.3758349515
79.482407767
85.7363883495
72.5158349515
77.0310970874
87.3521067961
86.1092524272
91.1169514563
85.0053980583
85.1572135922
83.7130485437
82.1008349515
82.5129902913
74.2673980583
91.2553106796
75.5504951456
85.2988737864
86.8383009709
76.7145631068
74.8366893204
87.3333786408
84.327592233
81.4458543689
90.3114563107
84.260776699
90.5582427184
82.6500970874
73.6380194175
81.2380873786
69.8864368932
87.3354951456
91.9892718447
80.762
86.4605825243
83.7613495146
91.0956699029
84.3233495146
85.5045533981
74.2505825243
86.2568058252
67.641184466
85.8956116505
87.7505048544
75.1207961165
65.9269805825
72.1178349515
78.7095339806
69.3065631068
68.8816893204
86.7097087379
86.2351650485
64.5904271845
61.1550291262
64.5296407767
59.3771359223
51.4500679612
55.2250485437
53.4915242718
82.2518058252
75.0009708738
65.0254951456
84.3121165049
66.9979029126
63.9535145631
53.8101165049
53.8681165049
50.1327961165
51.2920097087
43.24
93.018815534
73.8779320388
74.5385436893
71.997815534
81.6492135922
77.9088543689
73.5125145631
68.058
64.0351650485
58.0803786408
56.518368932
51.3556893204
44.5440970874
43.2156601942
48.1303592233
47.6157669903
46.334184466
44.3906504854
52.4903786408
74.8668543689
78.7591941748
79.1208834951
75.3162718447
69.2248543689
67.5246796117
60.3505631068
71.3010970874
62.6966116505
54.3116601942
73.7652330097
84.2605436893
68.2468252427
67.3883300971
76.8078932039
78.6442815534
78.0643398058
72.5740970874
65.7367864078
65.5658737864
88.8690194175
83.9414466019
84.2342524272
83.2604757282
76.3746504854
79.0435145631
75.8497864078
57.3662135922
54.9312427184
67.7426019417
73.2738640777
58.6229805825
57.6732038835
65.948815534
74.7677184466
66.0266699029
83.8851359223
73.9737864078
74.7291359223
79.6145339806
73.5948543689
79.7760097087
77.2044563107
74.1986504854
72.395815534
85.3351650485
69.6164854369
64.3292038835
60.9015728155
66.5919029126
66.858961165
63.1411456311
68.2794174757
63.9175825243
61.2460291262
62.7302135922
66.851038835
73.0026019417
84.8124563107
84.7663592233
91.1811941748
83.0986796117
84.035631068
79.8484466019
73.5230582524
87.3202427184
74.8867281553
67.4303106796
84.0695631068
68.2011941748
66.2935533981
63.5036116505
66.2890970874
72.2991456311
65.0292330097
67.2480679612
63.6097281553
82.2698932039
77.9384757282
72.1649223301
66.4547669903
72.5669417476
66.1155631068
62.1646796117
68.4832912621
71.9980485437
71.5550097087
57.4245728155
53.4310291262
58.5997475728
60.4135339806
61.0650970874
63.2431359223
57.6198446602
74.5903495146
69.7871941748
75.301407767
85.5104174757
70.4096504854
69.2225533981
77.0403883495
69.7045145631
84.7345533981
70.1740776699
69.9150970874
72.678038835
65.734368932
74.1728058252
74.3094368932
84.2586213592
72.6645048544
87.2316213592
76.5750679612
77.2866990291
70.0231941748
72.2626116505
72.7302038835
78.0598737864
64.6097864078
78.3887281553
89.1122135922
85.244
86.9311456311
80.6256116505
78.6689805825
81.9490873786
79.5211067961
83.5611165049
80.6099029126
81.4549126214
77.8136407767
89.6819902913
76.7462718447
77.159815534
68.1197864078
73.5512135922
74.5463495146
75.7990776699
78.7761262136
87.2218834951
88.8383009709
87.6515533981
88.6893786408
80.3396407767
68.575368932
68.209592233
74.8227378641
92.3024174757
93.925368932
85.160815534
89.3396893204
90.170407767
90.1187669903
90.1164368932
90.1257378641
88.7285631068
89.4943106796
83.0253203883
83.868631068
88.8889417476
88.9863786408
91.0320873786
82.1835145631
73.6963786408
83.6749417476
75.2400582524
83.591184466
86.4853398058
79.1664174757
83.9245436893
75.739776699
70.1739126214
73.5305631068
78.8425048544
86.4151941748
86.3922524272
69.7555436893
77.1234951456
88.478631068
88.3298058252
78.7224854369
87.5292718447
89.6510776699
86.4622524272
90.9408446602
88.0010194175
82.2249320388
90.525368932
71.5293592233
82.6605825243
88.769815534
93.7512718447
88.142223301
89.4282621359
88.298592233
86.367223301
80.7755728155
95.2645728155
95.798592233
90.3361165049
92.3013786408
89.2789902913
73.1535728155
88.2722815534
83.9858834951
90.4155242718
85.6970485437
93.2360097087
84.3348543689
83.5827184466
85.4858446602
82.581776699
77.959961165
80.2536601942
87.5189223301
92.718184466
90.0546601942
77.9547475728
90.6943398058
87.4105533981
88.9609514563
81.1934951456
94.0804563107
90.5895242718
90.5720485437
91.9566893204
86.4129126214
93.282961165
92.6911359223
94.0691941748
91.0331553398
86.6698932039
88.0873495146
86.3447475728
95.4295436893
89.2944563107
91.8229805825
94.5105242718
88.4044466019
90.132038835
83.4698058252
75.156368932
86.2985145631
82.8730970874
87.044184466
85.6455339806
88.3101747573
91.2711747573
90.7417378641
87.0107378641
86.1901456311
89.145038835
82.0169514563
82.4118058252
81.6845631068
79.8864757282
81.7026796117
92.933592233
91.7593398058
94.664631068
91.7794368932
88.1952815534
90.2074951456
84.2511650485
90.3800582524
89.3050485437
86.6088252427
96.4983980583
95.6372330097
85.1502718447
89.0617087379
83.8513883495
73.086815534
73.040776699
86.6606990291
78.777592233
70.0871650485
92.7377572816
87.9079514563
77.9929805825
78.2215728155
89.7339029126
87.7232524272
91.019815534
68.9385533981
78.6174271845
79.6805533981
87.0264368932
81.1168834951
79.6776213592
87.6735533981
83.9491650485
85.915631068
73.1895048544
71.8224368932
84.9325825243
69.3496116505
69.0850776699
74.2550970874
78.6597475728
73.9393106796
66.7162621359
82.722592233
93.3880679612
85.580776699
74.2142038835
68.0889223301
80.4236213592
64.1074854369
76.3557669903
53.3475242718
79.5428446602
56.6818640777
74.0392330097
64.943776699
59.7766019417
85.129961165
75.2283398058
74.3793883495
74.5373203883
53.553368932
56.0308446602
74.0262524272
92.6475048544
69.5107961165
83.5436116505
82.159
69.7857572816
73.9831262136
63.0290582524
71.9422524272
86.5219514563
86.3300194175
89.7411456311
86.9464563107
82.559184466
73.0877572816
88.8009029126
77.7564854369
88.7863592233
72.9010097087
79.6284466019
69.4675242718
66.1401067961
90.5923883495
80.8116893204
86.855815534
67.2313300971
70.6484757282
64.6574951456
66.9917961165
71.9385145631
74.6322135922
67.4234368932
53.142961165
61.4653786408
68.7092718447
57.932
89.8091359223
91.797815534
78.7919320388
70.9300679612
75.9109223301
69.6180873786
62.5185631068
58.9470776699
59.2083883495
59.8411165049
63.4646990291
55.8854563107
43.4988834951
40.4117087379
44.1087184466
44.4956601942
54.7464271845
62.3717184466
58.7726796117
64.0225339806
64.6529320388
58.7974271845
55.904184466
82.174776699
84.9649223301
84.1599223301
75.4626990291
73.7469029126
83.8036019417
78.0289223301
70.5462621359
61.7135145631
85.4045242718
66.4975436893
59.9982135922
54.1219902913
64.5112815534
51.9344466019
54.582038835
58.054815534
56.1547184466
57.6372912621
66.2153980583
89.3348932039
76.6901941748
73.4131359223
64.1029514563
72.2845825243
62.9734271845
75.4377864078
66.2183592233
70.2165436893
76.9929708738
81.5332524272
79.3341165049
77.476184466
65.220592233
57.6619223301
62.2503495146
77.5718543689
84.7742330097
76.2578932039
68.2263592233
63.9432718447
67.0798349515
62.5355242718
65.9886019417
61.1116213592
63.3038058252
61.7026504854
65.2948834951
65.5600582524
57.6847669903
54.0415825243
81.0186019417
76.0120970874
81.7060679612
76.5430679612
74.5799126214
68.7449417476
65.7268058252
71.4237475728
77.5540097087
75.7115048544
76.1596990291
70.9856213592
67.0484271845
68.382
67.5867572816
81.9987184466
85.747815534
77.9014951456
70.8096699029
62.960592233
69.6143980583
62.3501456311
62.6976601942
64.2726990291
59.9745728155
70.9076407767
66.2527378641
60.5590097087
63.9443786408
59.1447087379
62.1107378641
66.7483009709
64.3991456311
79.206038835
83.1153300971
82.8147961165
79.7604660194
72.0237475728
74.9671359223
73.7586990291
89.6789126214
79.4326990291
84.116961165
74.0151067961
75.7194368932
72.9369708738
67.6876407767
65.7844660194
68.4341165049
67.4275825243
73.0341553398
74.2657378641
93.3930873786
81.2348349515
89.7347572816
85.5000485437
81.2509126214
77.2385145631
76.5899902913
79.9362524272
83.9016893204
82.3081553398
87.9985533981
96.3137281553
85.3510970874
84.0437475728
81.3468932039
82.0252912621
83.2587669903
84.7992038835
85.0200970874
73.135815534
71.631776699
76.0313009709
74.214223301
89.853776699
89.2678543689
88.7646504854
94.2882135922
81.6548349515
80.1461553398
86.2555631068
80.2445728155
80.9726407767
83.5319223301
83.100223301
82.4181747573
80.2463009709
86.6723203883
90.0408834951
69.7345339806
74.9164466019
74.637776699
83.1782815534
87.8715631068
85.4590097087
85.9496116505
77.2741941748
76.956038835
78.5817087379
89.1490679612
94.6268543689
86.9855825243
94.511592233
79.758631068
81.6084757282
84.827631068
85.2739126214
78.106961165
76.0050776699
77.1189320388
78.0314563107
77.4898252427
80.0908932039
81.0014466019
80.7088446602
84.1711456311
71.4840679612
69.5261650485
78.3475631068
81.2703786408
89.2172038835
84.5705728155
84.6747669903
86.9923009709
76.2222330097
78.9252135922
88.9056893204
83.140368932
85.5192815534
83.8630485437
81.2414271845
82.5212524272
81.9745533981
90.7422912621
88.6538252427
92.2688737864
84.6276504854
96.1402135922
90.330223301
88.7193009709
86.7460970874
89.0676116505
89.3265145631
81.3727184466
82.3140776699
79.2460097087
80.0362135922
75.189184466
75.6315145631
90.9309708738
72.6613495146
89.1598446602
77.9438543689
89.066815534
80.4227961165
87.9461165049
87.1766019417
83.6735242718
82.7339417476
88.0783980583
86.0206213592
