80.398
81.257
82.55
81.132
76.579
75.927
76.123
92.099
81.302
92.06
88.471
86.575
81.981
76.792
81.691
85.257
77.157
79.29
81.606
81.138
79.028
90.726
76.215
75.335
78.472
79.555
86.686
80.893
88.212
80.822
77.358
86.14
67.36
72.677
77.393
77.796
86.647
68.411
76.384
74.726
62.209
92.831
96.139
90.366
84.87
81.483
81.599
84.209
87.721
80.626
74.802
80.171
86.973
79.227
76.521
71.951
68.441
64.616
66.704
79.444
88.635
88.568
81.76
83.269
69.816
80.716
79.244
79.032
86.945
69.347
77.469
89.789
91.158
91.838
68.49
82.839
83.322
83.629
74.96
53.392
79.225
63.443
81.643
78.629
72.467
76.5
89.48
89.125
88.557
89.366
83.325
81.778
72.739
85.626
83.354
85.527
78.307
74.746
59.989
54.482
77.276
63.818
60.675
57.901
87.1
86.993
58.034
63.321
72.577
82.4
85.979
76.915
71.298
84.874
76.833
79.106
66.684
73.13
78.357
75.423
60.697
74.231
80.972
77.614
78.765
62.497
51.598
51.982
64.11
86.022
76.457
69.758
64.253
58.916
51.402
67.177
76.973
71.264
75.774
62.74
78.081
61.162
87.151
70.33
56.513
86.085
67.279
63.316
54.916
57.588
69.623
60.899
53.063
60.209
70.426
88.889
76.122
73.506
72.777
71.739
68.03
70.403
68.229
75.324
85.165
76.066
71.572
84.965
72.604
70.212
61.703
85.976
91.086
73.354
67.857
66.435
70.243
71.35
73.647
65.25
63.639
64.922
72.813
75.858
69.842
72.797
64.446
69.521
83.499
71.82
67.483
66.716
79.018
72.066
71.975
78.397
80.342
73.724
71.078
73.719
72.583
65.826
73.935
73.22
80.807
75.85
73.325
73.759
75.544
71.535
74.523
70.309
78.321
82.957
80.169
75.248
69.994
71.248
76.385
75.352
85.732
75.074
80.18
82.682
74.645
79.686
86.42
73.064
82.137
77.506
84.967
79.04
82.583
81.299
78.636
80.851
84.441
76.832
77.223
73.981
77.431
73.193
72.859
77.443
78.29
78.972
78.025
71.987
75.072
83.536
89.852
81.178
81.265
80.276
81.538
65.62
69.887
73.455
67.546
65.018
73.993
87.569
77.126
82.361
77.669
74.924
77.36
81.257
78.579
86.699
73.866
72.923
73.208
70.406
68.441
76.333
82.818
82.126
85.439
82.378
78.296
74.661
78.951
75.86
78.096
83.295
83.293
92.854
78.968
76.238
77.411
78.85
84.71
79.594
72.094
66.596
69.562
42.13
58.57
68.446
86.448
84.914
83.253
86.965
81.999
88.96
69.991
83.675
83.326
81.172
78.554
85.067
86.619
82.617
80.351
86.285
92.565
92.665
87.281
96.055
87.5
89.261
84.321
81.859
91.952
86.864
86.072
80.131
81.029
84.745
85.937
85.355
84.785
84.499
78.975
77.087
81.999
70.418
92.8
80.336
88.008
89.519
82.353
81.81
80.647
87.484
82.037
77.898
79.498
82.311
79.725
90.693
83.061
76.066
92.776
80.982
85.411
87.379
87.213
85.525
76.533
83.523
88.438
85.13
85.164
78.231
80.953
86.981
92.062
92.487
91.531
88.947
84.355
77.918
78.578
79.741
78.695
78.11
83.383
83.358
81.002
82.685
83.218
85.019
84.797
88.603
84.879
92.134
88.002
82.887
80.007
84.056
84.295
87.208
85.751
81.818
89.756
84.258
86.86
88.0
86.281
88.434
86.703
76.106
84.211
88.435
86.452
88.084
82.437
84.497
89.01
78.864
73.123
72.754
72.228
69.022
69.974
66.919
75.788
77.03
76.376
87.317
80.661
89.681
77.873
71.362
65.725
89.591
79.678
81.643
78.929
74.18
75.017
78.969
86.848
79.546
83.291
79.138
72.823
76.181
78.128
67.566
87.09
76.907
74.154
80.025
75.047
82.015
76.437
81.155
91.128
82.141
77.498
77.046
70.463
87.639
75.29
78.668
77.474
67.415
72.276
66.281
76.751
80.144
82.474
77.373
68.732
59.807
57.72
56.93
53.871
52.449
68.195
75.148
76.744
77.454
79.494
60.444
76.939
89.15
76.563
77.562
75.451
78.406
62.323
63.306
79.835
59.349
53.311
54.381
55.015
75.754
85.452
55.44
48.661
44.906
41.321
41.543
41.88
44.343
50.151
53.959
58.364
61.482
57.641
52.627
54.81
46.863
70.009
70.659
62.553
68.972
78.509
73.95
81.061
70.396
81.64
63.351
68.771
65.357
65.893
69.021
74.866
71.05
85.582
86.281
78.846
64.101
69.613
67.806
74.873
74.176
81.887
75.434
79.725
68.036
78.709
77.031
79.802
72.264
82.152
81.673
75.877
87.009
77.512
78.577
85.113
86.151
86.542
71.878
87.863
68.623
79.732
79.487
72.33
85.42
88.584
86.828
86.696
86.807
89.571
72.191
69.744
75.113
89.127
88.111
85.448
68.4
70.664
66.546
65.534
63.226
76.467
80.832
76.905
83.749
73.62
72.945
70.354
77.635
72.784
73.445
68.285
69.763
82.714
78.227
77.653
72.184
79.334
76.327
71.824
66.813
71.468
73.783
87.205
92.984
68.246
68.19
82.282
78.773
78.158
74.039
67.392
69.324
78.846
72.942
81.893
84.308
79.834
72.373
71.926
74.974
80.578
84.218
75.542
75.107
83.706
82.513
85.533
81.157
81.435
77.441
84.263
79.111
84.836
78.551
79.729
77.75
81.535
79.86
91.079
82.665
89.126
80.669
82.274
81.229
80.729
78.51
76.461
75.87
78.673
79.634
77.172
82.811
89.296
74.892
84.017
84.995
79.647
82.219
81.315
80.456
87.124
91.119
87.874
84.014
75.684
79.104
79.236
79.858
85.656
88.043
81.65
72.821
84.966
78.305
71.708
71.545
78.816
65.45
65.98
78.48
75.764
77.601
88.078
93.545
89.372
87.067
87.855
84.572
82.677
85.356
76.386
89.504
88.797
82.024
71.265
78.676
82.37
79.029
80.711
77.7
82.578
89.726
87.428
82.603
89.364
89.27
78.889
80.702
86.213
82.967
89.748
89.462
86.186
84.319
84.256
78.322
60.214
80.517
92.131
77.857
85.962
84.939
77.637
80.925
89.533
83.918
87.974
85.701
81.456
91.443
83.621
81.079
84.574
88.833
84.17
87.912
93.632
79.002
82.501
90.449
83.543
81.802
80.558
84.292
85.824
81.351
85.083
88.578
80.652
86.816
83.869
86.341
83.651
79.2
87.874
86.867
88.23
85.531
82.647
84.802
78.087
70.56
88.768
81.118
89.979
88.881
81.193
72.984
76.57
74.059
75.346
81.884
90.064
86.999
92.695
90.44
84.251
82.981
77.838
84.964
86.866
84.964
84.097
80.783
79.54
85.932
80.134
80.671
82.668
78.964
82.516
81.107
84.959
89.292
79.258
69.338
58.178
86.807
87.84
91.149
76.349
78.312
82.177
83.923
85.931
83.989
94.015
76.623
76.049
71.661
82.233
79.289
86.131
85.119
72.073
70.16
66.13
61.341
66.865
84.712
68.951
73.619
85.689
67.823
63.084
75.102
75.343
75.715
74.505
84.942
73.718
77.609
83.588
78.01
73.775
83.042
66.49
64.007
57.221
62.788
77.314
44.306
49.635
55.761
64.218
60.864
86.122
62.548
62.435
64.211
81.957
52.661
51.797
49.05
85.261
73.573
87.357
89.043
71.208
63.727
63.229
76.088
74.127
89.363
70.842
65.543
62.073
48.296
62.114
72.509
77.122
84.052
81.199
73.843
78.592
64.597
60.656
60.055
57.943
76.684
67.198
70.512
79.434
73.215
90.711
81.316
89.182
76.038
72.702
74.949
70.816
89.19
92.053
71.047
76.009
72.145
76.389
76.304
65.416
60.575
75.965
60.569
63.713
60.22
60.123
80.284
87.022
70.535
79.003
74.787
75.341
78.066
70.631
68.92
87.459
75.543
74.63
85.515
71.461
72.677
72.924
83.263
73.093
76.641
70.979
68.943
67.815
68.926
66.074
80.21
66.387
76.905
75.398
71.051
73.327
73.003
89.884
86.096
86.139
91.061
81.153
87.951
78.548
84.201
81.424
73.894
80.212
77.848
71.851
75.977
82.919
81.582
80.018
73.855
69.887
64.741
77.227
83.167
78.559
93.361
90.757
81.113
75.966
74.994
73.038
76.178
74.803
72.906
80.925
90.443
76.036
84.646
87.235
75.991
79.772
89.269
78.837
76.078
81.699
74.988
75.893
78.877
76.951
77.543
74.757
74.044
72.819
73.565
83.494
80.848
80.339
81.818
87.012
71.777
80.754
79.947
89.1
86.154
80.509
90.233
77.755
82.649
83.128
83.175
80.699
81.41
83.945
88.855
94.188
84.747
79.026
83.065
88.743
82.542
69.775
88.858
79.031
69.952
81.815
79.505
83.031
79.867
89.256
87.022
86.231
93.336
84.862
92.641
94.26
82.314
87.022
83.377
83.929
85.2
92.024
88.623
80.177
89.488
82.073
84.711
90.277
74.006
88.913
83.577
90.712
82.073
75.606
72.648
77.739
80.905
84.957
83.14
92.154
95.15
86.44
79.314
72.704
84.426
72.626
88.451
91.23
81.997
88.52
80.757
77.802
75.797
86.181
93.718
90.537
87.934
88.393
92.583
87.685
89.959
91.344
88.305
83.309
91.146
90.891
94.196
77.873
86.23
95.389
84.42
84.088
85.489
84.868
82.053
83.427
84.709
80.591
84.262
84.665
85.045
89.479
89.597
86.828
88.768
90.563
86.481
85.612
79.927
89.971
91.012
87.414
89.358
82.989
83.019
69.385
75.766
66.31
84.24
81.522
81.942
84.68
84.362
80.749
77.352
78.842
80.55
89.537
86.236
92.093
90.575
92.43
92.164
88.162
82.902
90.903
89.707
81.869
89.597
88.431
77.807
89.154
81.441
77.882
78.336
79.638
90.958
88.609
88.476
86.384
85.208
82.125
84.782
84.589
86.64
92.651
83.954
84.68
82.246
70.651
68.294
69.319
66.662
74.903
81.809
76.806
81.681
74.944
88.504
84.323
82.425
85.704
73.012
79.541
63.242
73.645
75.024
78.506
84.461
73.496
81.306
85.737
79.061
59.878
65.721
90.049
79.608
83.756
84.338
80.852
76.21
75.513
65.061
62.967
66.772
60.949
73.41
69.058
75.599
75.964
65.918
69.504
71.949
63.373
59.168
62.673
84.548
86.64
72.561
83.371
82.491
79.262
79.373
68.971
58.081
57.341
59.622
54.915
55.749
47.315
60.411
54.788
65.643
76.119
65.287
66.893
62.084
75.423
84.924
67.543
85.168
67.728
56.843
66.678
83.559
67.493
84.67
63.099
67.002
89.036
81.537
67.01
56.791
56.096
56.904
58.01
74.918
77.111
74.942
67.863
80.977
79.482
87.062
79.296
69.612
63.348
58.941
77.691
62.478
51.446
57.192
61.093
52.633
58.2
57.4
60.46
69.137
74.442
79.594
64.79
64.993
85.137
84.653
78.196
76.086
70.173
87.845
70.953
77.133
77.666
74.991
73.595
78.554
69.605
76.912
69.97
73.633
76.33
78.031
81.602
68.583
69.328
69.243
76.607
64.486
62.086
64.36
65.807
63.051
57.895
72.317
60.991
62.301
63.065
58.588
61.456
61.687
68.598
58.242
62.095
65.558
69.409
69.45
73.412
73.598
67.989
77.375
70.165
67.382
55.698
48.42
53.567
63.715
47.07
49.678
77.905
78.497
73.407
77.966
76.986
72.829
74.11
66.429
63.63
56.339
60.571
70.035
61.516
74.264
65.391
67.139
67.623
70.669
62.777
70.903
70.73
77.834
71.407
69.734
67.547
68.098
65.553
67.914
67.518
80.26
67.246
55.453
60.16
77.93
70.993
68.646
69.082
67.505
70.116
72.953
74.027
72.782
71.312
70.304
67.145
64.063
70.028
73.14
68.158
71.842
77.301
71.318
73.696
70.921
75.573
75.02
73.707
89.382
88.867
82.53
84.994
81.24
75.519
87.354
92.571
89.648
86.495
87.54
86.142
85.343
91.777
82.97
75.385
78.88
89.566
87.708
86.253
82.348
82.122
81.356
87.684
90.089
87.606
85.038
88.265
88.892
86.156
81.426
82.808
85.278
85.569
92.85
94.256
79.129
64.803
53.063
64.53
75.928
78.047
80.506
89.065
84.545
88.299
88.67
86.02
88.6
88.69
69.146
73.367
79.359
86.206
78.304
77.161
74.196
83.328
88.242
89.258
89.82
83.835
80.438
88.65
94.51
93.895
88.738
93.62
94.987
83.097
85.78
84.357
83.285
87.275
86.673
83.305
90.419
78.033
84.71
86.501
76.591
89.437
70.809
89.966
90.839
82.681
94.627
94.161
89.217
82.967
81.772
79.973
81.719
82.334
90.871
92.014
80.231
91.391
75.437
78.53
86.304
85.13
81.52
85.428
81.846
83.703
81.697
90.167
80.675
78.767
65.849
88.674
82.318
86.451
81.086
78.886
87.342
84.546
91.433
76.221
85.022
75.566
82.399
84.853
77.702
86.19
87.646
81.871
81.664
87.374
87.904
85.34
87.03
86.965
85.106
81.471
81.492
80.625
80.686
70.353
73.26
77.286
82.308
88.085
66.749
68.516
61.941
66.788
59.851
94.175
90.889
78.026
91.029
86.672
80.622
79.734
69.472
80.239
77.627
83.494
79.428
81.123
68.399
57.681
59.564
75.761
85.151
75.798
76.367
88.578
88.778
79.194
69.567
74.03
74.828
80.083
66.941
92.167
73.049
91.167
78.491
79.872
81.698
77.808
91.618
74.568
78.137
83.092
81.506
79.012
92.354
78.845
89.552
86.75
87.749
79.888
90.656
88.171
72.002
59.771
60.222
76.729
67.608
68.481
78.38
68.842
83.184
68.006
71.61
73.049
63.457
74.046
62.679
80.078
72.582
78.418
82.376
71.341
59.93
75.95
79.38
82.333
78.682
74.793
74.518
86.464
75.439
81.977
76.966
77.145
66.837
85.958
61.741
67.367
73.597
91.413
93.049
93.281
84.115
90.139
74.061
81.817
76.549
64.113
64.834
73.417
65.459
63.991
76.649
61.462
54.252
55.748
74.419
72.375
67.02
67.2
72.82
68.874
69.503
71.902
67.191
75.306
54.107
51.46
60.317
53.859
56.098
59.631
74.315
73.208
85.308
63.812
77.208
73.651
85.571
71.373
66.12
63.273
59.655
68.911
76.683
73.121
56.385
53.839
52.411
55.583
58.917
71.89
66.849
73.878
64.095
70.194
91.342
62.956
63.512
61.235
59.218
80.039
72.708
59.91
65.785
67.004
70.269
63.036
51.357
61.386
64.372
69.795
83.337
88.518
89.765
75.304
69.41
71.435
70.238
74.506
62.959
69.254
71.892
68.065
68.105
73.394
70.676
63.359
59.98
67.019
76.297
74.362
70.693
62.565
69.725
68.791
71.436
64.387
62.395
60.79
69.433
67.226
75.002
61.779
56.805
56.885
59.832
61.69
80.086
85.424
66.551
73.993
74.869
86.165
86.058
75.615
77.497
70.548
79.041
78.256
84.564
74.302
78.755
75.921
75.33
77.357
73.43
79.819
82.661
83.853
64.66
88.413
84.313
77.818
73.663
72.105
72.84
72.844
72.024
81.112
81.175
75.927
72.121
77.195
74.149
76.978
80.377
87.408
86.383
77.262
82.128
83.984
81.352
80.649
74.646
82.034
69.924
85.405
79.435
78.859
82.265
76.895
87.545
82.019
85.571
81.123
93.666
87.879
84.813
88.449
89.754
91.798
72.084
72.794
71.486
85.975
92.287
93.449
84.693
89.812
83.391
80.939
79.619
85.442
82.979
92.69
86.684
79.88
86.925
83.036
81.75
85.636
86.377
78.469
77.548
78.731
93.17
89.06
92.623
86.492
82.951
83.943
86.341
85.378
85.353
81.052
83.962
85.424
89.282
92.194
83.763
89.97
85.869
82.259
92.084
73.998
83.327
82.627
86.58
89.468
85.644
77.829
81.575
88.721
78.847
83.224
85.974
89.527
85.949
80.373
81.055
89.516
86.059
85.367
81.902
81.153
76.472
80.587
73.713
82.631
79.765
84.863
85.772
80.974
87.592
84.613
83.006
77.765
83.415
84.585
84.144
89.914
89.648
92.175
84.86
87.233
79.894
84.606
88.435
70.621
86.071
81.099
86.861
84.814
63.016
75.341
67.113
71.916
72.0
71.791
73.565
70.055
76.579
78.564
91.441
88.226
78.329
83.068
88.875
86.285
78.656
78.169
84.576
90.815
76.975
83.46
79.198
79.021
74.771
67.327
79.637
72.683
67.548
75.355
79.757
73.078
67.098
80.841
72.322
68.937
58.56
57.354
58.75
60.074
59.447
66.773
86.153
76.319
85.441
77.479
82.774
79.55
79.766
92.25
90.605
86.601
89.737
77.438
83.272
84.877
74.358
82.222
79.366
76.343
91.341
69.435
65.904
58.461
81.67
72.119
61.738
56.58
55.6
53.577
54.888
56.467
52.687
54.811
56.756
48.484
61.537
52.439
72.387
83.101
74.681
79.897
70.029
68.934
87.377
69.181
75.742
62.076
76.458
76.645
85.886
93.199
88.13
79.107
74.96
78.404
69.854
71.456
65.601
92.483
80.613
82.095
92.0
88.834
83.138
87.726
93.42
78.764
78.507
79.197
72.009
71.953
62.122
86.688
69.67
88.477
75.576
79.588
78.207
70.112
70.319
64.272
69.945
84.805
74.361
75.255
72.752
67.643
65.136
56.355
82.889
60.847
55.782
67.092
83.651
75.629
67.334
78.184
72.691
77.236
64.641
78.352
87.246
80.536
78.427
73.543
70.921
61.181
65.699
62.141
63.722
66.609
75.35
84.798
89.621
82.258
81.518
89.483
78.451
77.22
75.514
73.476
70.875
69.78
69.421
78.374
78.548
82.946
75.807
64.722
66.241
93.339
72.927
71.37
85.455
80.227
81.446
76.239
71.816
83.853
90.357
93.203
84.112
83.278
76.684
76.485
77.199
75.626
72.968
69.888
70.766
73.23
65.712
62.31
70.859
84.534
84.521
75.629
76.377
72.354
73.82
73.43
69.89
74.626
71.664
79.686
77.963
90.844
84.066
92.102
92.597
88.312
86.862
84.254
84.248
80.295
90.083
84.768
85.102
79.136
84.969
79.009
78.701
78.179
88.079
88.696
85.543
89.128
82.281
82.621
86.265
88.434
77.669
85.55
84.247
82.045
84.633
87.534
77.162
84.169
88.065
92.538
87.334
85.382
87.169
84.31
83.373
84.96
77.677
76.417
78.265
82.981
72.597
86.446
90.516
87.053
84.773
83.933
83.676
88.826
82.89
78.955
86.489
89.551
89.887
87.438
88.65
82.446
81.398
87.413
88.628
86.569
87.693
85.486
78.222
74.391
72.548
81.302
86.051
94.045
87.539
90.24
90.72
89.162
89.874
74.097
82.717
81.781
84.199
86.116
74.942
77.909
86.168
88.499
91.842
91.581
87.181
90.008
85.351
89.389
88.146
86.477
78.43
86.975
88.458
86.598
92.583
89.605
88.472
92.538
92.537
85.118
88.486
81.326
86.356
76.359
64.702
86.315
83.167
86.348
80.771
84.661
76.676
80.063
92.134
87.151
83.617
83.703
81.376
77.612
81.689
81.922
79.816
83.337
86.138
87.079
82.94
80.488
84.6
87.016
87.131
84.587
82.876
87.272
88.655
91.759
84.598
74.461
81.039
88.31
72.11
72.227
83.649
83.376
85.844
87.273
68.891
64.133
69.206
69.066
85.552
73.714
73.533
83.879
76.198
76.959
68.854
71.89
74.696
64.264
72.596
73.208
75.08
62.402
57.338
72.772
74.255
76.926
74.581
77.911
79.014
81.21
86.279
85.971
89.145
80.46
71.576
81.527
79.678
85.691
72.434
78.852
75.213
72.679
75.196
76.837
92.188
83.895
90.42
89.208
82.324
82.943
81.483
75.906
78.798
78.76
82.31
74.089
84.213
87.609
67.047
75.185
63.839
82.443
87.427
62.821
75.898
62.248
59.183
78.744
72.401
68.365
75.521
75.771
83.277
78.903
76.374
83.855
82.507
89.078
71.582
59.568
64.254
56.743
61.679
65.388
75.818
56.994
71.96
75.739
84.86
76.733
72.265
63.189
73.094
76.402
81.978
74.537
70.95
63.353
65.236
70.591
77.995
78.32
77.495
74.398
77.062
70.213
79.438
64.181
56.336
58.176
58.689
73.386
80.61
90.852
83.254
73.417
68.242
60.927
63.979
80.97
84.621
60.671
67.306
60.368
53.956
48.514
62.087
76.267
78.359
76.053
85.261
81.199
81.291
80.185
83.584
85.15
76.503
66.453
66.526
79.047
73.532
62.659
92.648
84.416
80.105
76.36
81.017
87.114
90.501
71.458
80.785
80.118
73.491
83.437
72.552
68.171
53.724
59.293
75.174
66.34
78.994
87.927
81.624
77.094
70.383
64.538
62.376
64.471
68.042
66.267
65.089
73.4
71.792
82.127
84.361
78.997
73.253
66.497
77.12
74.206
75.366
80.661
65.975
80.896
82.858
71.14
71.54
65.921
67.417
85.236
81.727
82.056
75.767
74.525
69.023
83.451
80.594
72.823
74.08
84.689
79.622
81.185
86.784
78.803
79.213
81.128
78.65
75.846
74.872
73.182
70.435
74.607
73.307
71.874
74.566
68.009
69.339
87.854
80.956
86.512
74.592
69.767
91.497
75.682
74.22
80.643
81.947
79.215
78.427
81.812
79.575
87.42
81.084
75.544
80.851
75.725
73.886
81.08
80.076
80.616
78.986
73.256
84.247
74.414
74.059
75.857
87.154
72.368
71.464
85.36
88.406
90.669
81.646
75.335
77.761
81.216
79.722
77.687
77.258
85.119
90.507
90.635
84.998
79.71
82.065
81.306
84.75
75.241
75.813
78.346
81.755
93.442
82.396
80.041
85.611
82.979
89.279
89.313
83.856
82.708
83.501
82.929
85.594
85.112
81.918
78.517
73.66
76.93
73.378
85.133
86.603
86.687
85.313
74.768
82.676
90.033
89.52
88.627
85.476
89.208
86.802
87.058
84.125
84.944
86.334
94.565
94.845
93.644
87.189
84.578
66.988
73.832
88.077
92.407
88.886
81.967
77.612
85.291
88.303
94.601
91.277
84.318
88.742
91.12
85.706
89.268
76.537
67.637
84.728
82.773
91.392
83.239
89.315
87.299
82.555
86.211
84.898
84.192
89.12
88.9
89.456
81.966
84.724
83.23
79.117
82.293
90.262
88.831
84.9
91.079
80.283
85.525
85.444
86.227
92.64
91.082
76.203
74.776
69.923
89.39
81.213
82.258
75.794
77.356
87.276
74.381
76.932
82.498
83.02
90.469
85.157
80.021
79.458
76.602
70.257
77.36
76.414
83.659
73.848
66.851
64.022
81.468
80.13
81.44
78.202
77.79
85.608
77.782
74.328
74.234
75.724
76.019
72.07
78.6
65.42
55.872
61.337
72.136
74.026
80.769
92.223
95.228
83.94
86.259
92.97
89.693
90.589
87.955
86.055
88.479
85.076
76.327
70.012
63.542
60.104
79.989
77.794
73.107
81.383
88.411
61.228
78.198
83.962
67.657
81.829
77.414
84.529
65.832
66.215
89.056
91.028
87.944
73.721
86.052
84.342
88.401
85.715
67.926
72.386
65.086
76.844
61.364
74.162
76.136
77.147
82.595
71.639
77.06
70.706
72.761
79.699
78.472
85.612
68.992
64.841
58.143
79.364
63.6
51.43
50.275
75.211
71.341
75.655
77.153
69.434
67.733
88.156
66.501
65.124
77.099
83.551
84.037
63.532
62.365
83.381
78.503
73.16
79.214
67.264
66.931
83.986
67.508
60.025
68.25
73.766
76.558
80.598
64.086
77.026
81.131
74.678
84.318
72.296
84.224
89.888
89.738
70.903
65.706
73.863
65.356
67.365
52.828
57.311
68.937
76.016
83.63
76.955
70.95
72.081
66.292
49.182
66.706
69.989
60.541
59.644
59.835
58.114
60.454
58.693
59.426
58.289
60.967
57.68
81.23
80.044
70.334
72.267
82.876
67.534
64.956
61.513
65.403
75.759
66.252
63.547
69.05
63.116
63.099
68.983
69.84
80.456
72.718
86.097
79.858
80.792
69.347
63.057
64.07
59.813
59.948
60.868
54.914
66.811
52.243
54.54
53.377
59.398
62.077
55.462
69.15
84.525
71.986
70.052
73.708
70.244
62.509
90.203
91.433
84.938
73.84
87.717
87.311
90.731
77.974
74.031
80.77
77.902
80.573
84.913
79.541
76.611
77.285
88.621
75.949
76.911
67.859
69.569
71.104
76.3
73.264
73.364
86.238
87.353
75.079
93.235
92.839
93.153
83.775
80.006
79.843
73.305
70.258
82.07
78.3
77.136
76.485
79.91
78.518
77.698
80.588
71.899
80.51
81.96
79.229
73.8
82.635
75.482
80.917
81.747
80.104
84.548
80.996
82.343
74.586
76.606
85.374
85.569
76.324
87.605
82.487
79.959
93.773
83.846
80.406
86.604
82.933
78.367
76.671
89.572
90.933
89.932
89.544
78.659
81.547
82.188
84.544
81.266
87.155
83.719
81.362
85.604
81.205
86.196
85.488
84.466
80.371
86.809
93.654
76.367
83.043
85.969
86.932
89.507
82.77
77.939
86.15
84.244
81.579
96.039
94.171
90.734
86.505
92.029
87.925
78.25
79.695
90.375
91.772
90.52
87.335
84.839
88.297
87.437
80.356
87.887
87.681
74.026
84.193
86.558
80.998
88.32
86.284
70.904
80.811
77.912
81.022
89.265
87.082
92.056
86.926
91.424
87.638
89.839
82.912
79.97
90.993
88.943
87.984
74.461
81.513
88.002
82.232
76.047
78.373
74.681
69.092
77.861
76.39
82.8
80.604
83.143
84.485
90.231
90.798
94.604
89.825
87.349
88.09
82.437
87.468
67.436
73.044
70.488
69.654
69.485
73.588
92.905
84.888
87.262
77.88
92.009
93.433
91.491
86.573
92.474
92.836
95.021
91.543
86.285
84.113
88.195
85.101
84.598
86.846
83.65
70.37
62.092
65.135
76.326
95.321
92.69
94.143
87.937
64.94
76.629
74.886
71.899
72.933
74.246
74.753
65.013
65.217
62.497
64.501
65.539
75.622
78.343
90.431
86.687
88.644
75.429
74.495
79.192
93.324
94.775
92.613
69.002
74.658
72.452
70.633
82.317
72.396
86.744
79.202
61.399
78.459
65.747
76.993
67.578
68.039
79.033
81.648
77.471
87.971
76.619
68.713
76.853
83.015
70.719
73.377
74.769
62.03
69.238
68.939
64.326
63.611
57.717
58.428
48.562
48.066
51.097
61.147
76.442
74.729
82.328
89.633
89.379
72.78
69.274
70.413
62.334
80.233
59.768
87.167
72.132
73.742
79.75
73.358
65.134
77.046
68.447
68.908
88.024
87.082
87.715
74.365
67.796
59.639
80.976
67.874
90.011
87.446
85.908
71.899
90.036
90.843
81.602
80.098
82.11
74.694
64.941
69.249
68.995
76.708
90.733
91.752
73.532
91.788
83.234
82.674
81.367
84.568
84.177
73.664
77.329
78.975
88.065
75.895
86.246
68.703
79.986
73.047
74.233
74.227
72.914
68.855
63.294
60.236
60.334
63.841
82.838
64.565
63.798
62.252
66.615
69.608
66.822
67.744
76.405
74.52
77.907
70.445
84.483
80.094
79.923
80.354
78.772
79.009
74.881
87.908
83.983
87.795
89.024
84.674
74.459
91.955
85.197
75.147
74.232
77.683
64.711
65.043
89.409
79.23
75.331
72.816
79.471
80.608
70.167
82.248
74.24
92.403
81.924
76.728
78.026
74.561
88.478
81.277
75.789
76.773
79.309
79.855
88.309
83.533
77.283
74.949
78.906
78.66
78.024
84.836
76.329
84.283
81.026
78.217
78.872
79.867
76.756
81.104
84.391
80.597
79.459
86.108
86.591
83.375
78.927
83.409
83.178
88.577
84.236
77.703
82.22
77.413
80.744
88.177
83.431
79.473
76.101
79.833
81.56
77.692
79.327
70.192
76.411
76.58
72.575
78.319
94.032
88.148
83.521
85.23
71.861
90.2
90.555
79.44
82.68
88.124
95.01
89.658
89.541
88.619
84.418
81.151
77.798
85.039
80.863
82.097
95.652
90.224
81.053
80.965
94.489
83.081
80.093
89.454
87.778
92.174
80.5
82.361
78.817
89.03
79.031
89.321
85.672
84.949
87.727
89.48
83.864
93.579
86.1
89.38
94.555
91.274
88.212
85.795
91.428
93.414
82.275
72.602
77.875
89.523
89.109
90.302
77.862
89.367
85.705
82.908
90.615
94.065
81.765
81.63
90.567
95.552
93.747
90.237
85.158
91.473
93.319
80.605
93.724
89.57
93.387
93.313
81.979
85.193
84.985
86.126
86.921
81.102
86.696
82.112
84.843
77.531
75.981
84.664
85.674
80.095
84.68
84.436
88.549
84.716
82.452
85.55
91.519
91.885
90.757
89.833
90.1
89.175
79.807
86.485
93.76
85.697
81.383
81.599
95.226
80.213
84.075
79.569
86.678
78.596
77.881
66.687
88.65
79.593
75.601
87.188
86.775
78.889
81.796
93.562
87.48
76.847
77.219
79.685
87.257
86.42
84.581
81.504
86.397
72.817
75.986
88.363
87.726
91.685
85.321
86.833
86.591
81.135
79.725
74.597
93.062
76.706
86.885
90.028
79.231
73.762
86.424
86.815
82.636
93.147
87.32
91.297
85.509
75.046
82.225
68.711
87.404
91.118
81.18
87.88
86.504
90.15
84.931
86.96
74.038
87.684
68.986
86.249
88.205
74.467
66.437
72.462
79.377
70.258
68.199
88.075
86.334
66.009
61.556
66.886
58.252
52.602
55.027
56.139
84.218
75.058
64.428
85.844
67.178
64.631
52.763
52.611
48.035
51.8
44.513
93.032
73.543
75.366
71.298
82.826
79.871
78.051
70.314
64.41
58.894
55.949
50.24
45.039
43.174
45.74
47.373
46.062
43.641
54.646
71.784
79.556
79.98
77.377
68.587
65.884
59.302
70.471
60.459
53.292
75.101
79.881
67.004
68.406
75.711
82.807
79.06
70.779
64.566
66.181
88.703
82.791
84.896
82.177
74.333
78.896
77.88
56.329
53.881
65.487
70.593
56.17
55.9
65.367
73.881
65.121
85.002
74.146
73.801
79.109
72.548
80.476
78.658
72.641
69.021
84.743
69.631
63.203
61.799
65.494
65.852
63.494
68.304
62.047
60.78
63.299
66.326
72.058
84.271
87.026
91.253
83.23
83.429
79.142
73.401
86.035
74.356
66.416
83.061
68.56
66.22
63.181
64.719
70.633
63.263
65.741
63.311
81.81
77.729
70.217
65.009
70.989
63.522
60.637
68.379
69.619
68.734
56.985
52.766
58.988
60.977
60.288
62.177
56.671
75.853
70.914
75.983
84.623
69.464
70.33
74.584
69.874
84.203
70.013
68.169
73.036
65.452
73.642
71.183
84.999
73.371
87.888
77.448
77.146
70.657
73.092
71.726
77.856
64.68
78.026
90.636
85.957
87.243
80.553
78.65
82.895
78.179
81.663
80.387
81.537
77.242
90.022
77.309
76.807
68.324
75.03
73.337
75.404
78.548
86.745
88.687
90.278
88.57
80.619
66.344
67.681
76.21
93.12
94.518
84.661
88.694
90.557
90.712
90.642
90.593
89.246
90.398
82.674
83.976
88.123
89.709
92.536
83.728
76.442
86.141
76.545
83.478
86.347
80.92
83.69
77.538
69.669
74.954
79.177
85.557
86.932
72.565
78.346
88.424
88.244
79.536
89.879
89.078
86.458
93.133
89.679
84.328
92.296
70.842
81.969
89.508
94.414
90.802
90.972
88.974
86.495
83.212
95.681
95.893
90.828
92.269
88.004
73.039
88.838
83.387
90.418
86.552
94.629
84.942
83.787
86.076
82.098
76.7
80.251
86.803
92.925
90.709
80.193
91.399
89.397
89.161
85.309
95.522
91.849
90.9
91.565
86.899
93.887
92.001
93.174
92.003
90.969
88.101
86.439
96.202
90.803
92.486
93.853
89.83
91.994
85.264
77.895
87.822
83.705
87.169
85.113
88.387
91.101
91.24
86.251
85.918
89.198
81.881
83.04
81.46
80.269
81.511
93.037
92.321
94.583
92.097
88.335
89.905
84.041
91.2
88.853
86.948
97.022
95.985
85.092
89.312
85.68
76.219
77.679
86.485
79.177
71.568
92.897
87.172
81.586
79.274
90.503
88.482
91.54
69.432
80.08
80.626
87.251
82.823
82.58
88.046
84.267
86.227
73.302
72.243
84.727
71.116
71.138
74.419
80.164
73.569
67.169
83.689
93.724
85.069
75.911
69.966
81.143
65.943
77.416
53.79
79.118
59.737
74.889
64.987
59.698
84.608
72.791
74.586
75.267
54.671
58.53
75.318
92.9
70.298
85.997
81.439
68.5
74.536
62.748
72.991
86.447
87.827
88.662
85.283
82.217
71.939
90.476
76.826
88.718
75.062
78.185
69.204
66.436
89.412
80.254
90.145
66.477
70.318
65.476
66.246
70.017
73.723
66.143
53.77
61.342
67.76
56.908
88.156
92.304
79.602
70.447
74.672
67.75
60.055
56.878
58.232
57.439
60.607
54.769
44.475
41.792
45.168
44.816
54.29
61.21
57.046
62.837
66.356
57.561
53.006
80.149
88.351
84.264
76.139
75.865
82.89
80.015
68.731
59.861
83.914
65.572
58.988
53.993
63.503
50.639
52.803
56.965
55.153
57.797
66.062
88.345
75.747
69.149
62.954
71.649
61.397
76.858
65.752
69.755
76.642
82.498
80.168
79.292
63.648
55.509
62.264
78.745
85.058
76.69
67.931
63.015
69.538
61.278
64.874
60.042
61.864
62.077
63.263
65.038
55.222
52.862
80.264
77.881
81.719
76.018
74.912
69.582
65.225
70.882
80.527
77.043
74.227
70.215
69.052
66.49
67.349
84.052
86.277
77.991
71.831
65.035
69.524
62.151
64.326
64.694
59.943
72.24
66.314
59.802
64.365
58.862
60.468
66.044
63.207
80.912
84.193
83.249
83.033
71.828
74.089
74.416
89.114
79.812
86.754
76.337
77.078
73.619
68.697
65.917
65.389
69.501
72.251
75.214
92.819
81.265
91.395
85.55
81.608
76.868
76.701
79.916
83.744
82.386
86.832
96.122
85.587
84.12
81.879
81.517
82.355
86.146
86.13
73.057
72.319
76.484
75.256
91.484
89.266
88.988
94.205
82.032
81.504
85.908
79.451
80.776
84.489
83.439
82.245
79.863
86.695
90.52
70.791
76.146
74.971
83.627
88.548
85.601
85.989
77.97
80.992
79.435
90.177
94.385
88.464
95.257
80.2
83.356
84.237
83.92
78.3
76.397
77.525
79.312
77.607
80.818
82.054
83.937
84.454
73.021
69.337
78.391
81.338
87.693
86.896
84.526
88.054
76.843
76.771
89.572
83.226
83.988
81.712
81.001
81.712
82.692
89.034
89.047
93.266
85.55
96.293
89.016
90.217
87.959
89.139
90.242
82.487
83.989
77.379
82.457
75.681
76.116
92.416
70.572
89.718
78.751
89.537
81.914
89.993
87.472
82.119
81.767
87.518
85.819
