3.393
0.008
3.709
3.215
4.683
2.867
0.125
0.0
0.788
0.005
0.062
1.321
1.333
0.588
0.066
0.0
4.375
5.31
3.3
0.0
0.0
0.0
1.208
4.601
0.007
1.211
0.0
0.572
0.0
1.904
1.696
0.0
3.655
1.546
2.764
5.759
0.07
4.201
0.529
4.168
0.0
0.0
0.0
0.002
0.025
0.0
0.0
0.0
0.0
0.151
2.78
4.208
0.0
1.571
5.698
4.647
4.213
9.372
5.92
1.381
0.0
0.0
6.202
2.783
2.899
2.301
0.253
3.559
0.002
3.319
0.122
0.0
0.305
0.0
7.452
4.678
0.894
1.114
2.94
8.846
6.709
8.335
0.0
0.872
2.038
1.34
0.0
0.0
0.021
0.0
2.346
4.319
0.908
0.058
0.122
0.0
0.018
9.048
11.094
11.469
0.542
9.387
9.326
10.396
0.025
0.0
9.252
5.08
0.19
1.163
0.178
1.049
3.282
3.686
2.514
3.547
3.966
2.525
1.693
1.772
8.189
4.56
2.748
3.227
6.283
10.179
13.246
12.283
7.977
0.014
1.082
6.867
11.803
12.862
12.813
2.654
0.43
5.21
0.718
7.959
2.845
10.622
1.718
7.228
6.564
0.205
10.187
11.934
10.051
13.408
8.689
8.757
11.811
12.772
8.413
0.002
1.679
2.863
5.359
9.494
6.498
6.977
8.673
3.478
1.767
0.371
6.034
0.028
4.748
11.467
10.42
0.086
0.284
5.051
7.302
6.79
8.922
4.96
7.359
3.272
4.606
6.283
4.064
5.201
10.1
3.15
2.05
7.468
0.332
0.738
4.636
1.813
0.392
6.057
1.415
0.004
1.348
1.504
1.554
0.472
1.966
6.82
0.784
2.619
2.191
4.696
5.573
7.72
6.312
4.706
5.665
3.531
1.07
4.313
7.183
8.431
8.93
8.148
7.335
4.336
0.359
5.229
2.427
1.526
8.419
3.514
3.336
7.168
3.237
7.541
1.027
0.872
2.156
2.319
4.943
1.198
2.706
5.337
0.042
9.258
10.354
10.186
8.96
6.217
4.497
3.237
7.361
10.565
9.627
3.256
1.388
6.42
6.519
5.599
2.203
7.886
5.348
9.682
5.377
4.901
4.059
1.672
4.726
0.009
0.179
4.698
4.464
1.878
3.749
0.0
7.027
7.976
6.602
7.327
8.71
2.315
0.295
1.022
1.031
1.507
7.558
6.721
6.527
7.74
4.536
0.521
1.016
0.047
1.58
2.091
7.652
7.76
0.397
7.349
8.944
8.913
8.469
8.638
5.783
4.015
0.0
0.043
2.845
2.127
3.407
2.781
0.012
0.551
0.508
4.563
1.658
2.406
1.852
7.01
1.011
3.553
0.011
0.0
0.0
0.39
0.58
0.03
0.007
0.036
0.123
0.1
0.0
0.0
0.01
0.355
0.014
3.394
0.811
0.002
1.075
4.933
5.347
0.937
0.007
0.451
0.0
0.0
1.319
0.021
3.588
0.0
0.132
0.469
0.012
0.0
0.014
0.0
0.509
1.905
0.016
0.0
0.18
0.435
0.32
0.169
0.0
0.0
0.0
0.778
0.386
1.21
2.193
0.0
0.007
0.0
0.0
0.029
0.281
0.044
0.03
0.277
5.28
4.638
0.435
0.281
4.297
3.458
2.217
0.393
2.163
0.532
0.402
0.023
0.202
2.189
5.167
0.684
0.091
0.0
0.0
1.176
0.0
0.275
0.0
0.015
0.012
0.037
0.041
1.656
0.064
0.912
0.039
0.02
1.192
0.056
0.002
0.086
0.017
8.275
8.733
8.531
8.679
8.4
7.415
6.153
7.06
0.52
0.0
0.028
0.735
0.103
7.268
0.008
1.982
0.002
1.353
4.464
6.595
0.264
0.0
3.434
0.0
0.274
0.258
5.077
0.772
0.578
0.005
0.465
1.116
0.329
4.796
0.0
1.17
2.623
0.0
1.498
3.275
3.56
4.317
1.534
0.356
0.016
0.121
1.636
10.822
6.837
3.524
3.364
0.156
0.041
9.071
11.588
12.142
11.459
11.512
9.672
1.392
2.657
3.13
6.706
3.364
0.361
0.056
0.0
2.4
1.127
0.042
1.99
9.382
7.775
0.736
6.252
4.268
13.048
9.155
1.469
0.0
8.471
13.281
13.716
13.813
13.824
13.755
12.611
13.237
7.986
9.255
12.098
8.766
11.008
7.059
12.642
0.529
0.314
10.225
7.913
2.718
3.797
0.011
5.914
0.806
7.693
8.389
11.666
12.907
11.09
5.626
4.932
0.941
0.177
4.434
13.882
4.034
5.765
5.005
4.69
3.027
3.348
3.713
7.831
1.178
4.145
7.495
2.426
3.45
4.302
3.841
0.643
4.395
2.819
0.87
0.701
1.81
3.442
1.361
10.06
1.707
1.381
1.182
0.639
0.241
0.309
2.09
0.829
0.057
3.26
2.772
1.251
0.0
0.226
0.0
8.454
12.304
11.757
11.462
12.539
9.033
5.023
7.342
0.003
5.937
8.623
9.829
5.19
7.662
3.191
7.229
12.325
1.516
1.763
3.365
7.619
3.092
5.506
9.018
12.428
9.66
7.614
3.333
0.193
1.55
4.793
2.461
0.291
3.357
6.98
10.892
8.356
2.672
4.093
4.468
1.788
1.87
8.961
11.005
8.9
1.671
1.056
9.187
10.401
0.515
1.425
2.237
1.241
4.794
1.265
2.077
7.013
2.154
4.545
9.23
7.601
7.198
4.8
0.0
3.563
0.0
4.095
3.122
7.402
4.69
2.385
7.394
5.129
7.71
3.549
5.642
0.169
0.0
2.157
1.363
3.294
0.012
1.536
0.0
1.437
0.315
0.0
0.032
0.014
5.255
5.745
4.405
3.02
0.0
0.0
0.007
3.139
0.021
7.813
5.327
5.045
1.154
8.224
6.097
0.06
0.318
0.064
0.0
0.0
2.388
1.798
0.453
0.035
0.103
0.923
0.007
0.0
0.0
0.016
2.413
2.207
3.393
0.884
0.0
0.251
0.064
0.0
1.292
3.812
0.0
0.0
0.014
5.266
0.0
1.499
0.0
0.536
0.0
5.427
0.35
1.44
0.0
0.0
0.0
0.51
0.019
0.021
1.772
5.902
0.0
2.237
0.007
0.364
3.618
0.004
0.021
0.003
0.96
0.412
3.937
0.0
0.0
2.445
0.042
0.0
0.0
0.985
1.815
0.021
2.007
2.019
0.0
0.0
5.111
0.0
1.937
0.025
1.37
5.152
0.106
0.0
0.029
0.012
1.793
5.311
3.72
5.243
0.0
4.599
0.414
0.328
4.514
6.736
6.562
6.895
6.839
0.0
0.0
0.401
0.0
0.0
0.072
0.005
1.783
3.667
1.787
4.313
1.527
2.728
4.285
0.041
0.088
0.002
0.012
3.005
3.164
0.816
0.0
0.0
5.08
6.108
5.023
1.046
0.57
0.002
0.349
0.963
0.007
0.304
0.0
0.181
0.0
1.242
2.373
4.967
0.011
6.13
1.853
0.422
1.143
0.107
7.483
6.379
8.175
0.129
1.818
2.756
1.967
7.512
8.247
3.541
2.891
0.0
1.759
3.439
3.976
0.0
0.039
4.971
9.174
2.382
9.965
10.397
11.451
3.277
3.141
11.667
12.917
11.045
6.842
9.322
0.269
5.538
8.766
2.845
4.468
11.337
5.8
3.805
0.0
3.458
0.0
0.0
4.317
7.394
5.415
1.303
2.451
0.412
8.573
1.635
10.741
12.049
10.449
8.081
5.392
2.641
3.449
7.737
4.137
8.498
9.53
11.174
7.603
1.306
9.412
5.451
0.259
0.343
0.002
4.661
0.143
4.647
9.522
8.464
10.191
0.539
0.002
6.489
3.787
8.488
6.379
0.938
7.533
9.498
2.583
13.049
7.569
8.332
2.723
1.963
0.0
0.113
1.242
4.116
5.096
8.066
8.573
5.371
3.859
6.914
1.32
0.0
1.881
4.202
4.629
0.904
6.412
0.503
8.195
11.162
11.255
7.543
8.494
0.704
4.813
1.765
4.009
0.413
2.609
3.581
0.059
0.813
0.348
0.036
4.533
1.469
4.731
0.704
0.795
4.926
1.626
2.824
8.701
6.365
2.182
3.459
7.513
9.449
10.464
11.608
6.005
0.35
0.014
0.0
0.0
4.314
7.653
7.964
8.958
3.597
5.365
7.481
1.067
0.043
4.892
0.0
2.987
5.684
4.838
0.679
1.072
7.493
1.67
8.105
8.096
6.399
5.467
9.079
10.424
11.156
9.557
7.328
1.354
3.097
4.603
5.776
1.495
7.435
2.645
6.394
0.486
2.541
5.738
4.925
0.06
0.958
5.555
4.276
7.264
4.301
3.573
0.021
0.007
1.317
6.887
6.278
1.367
3.483
3.0
0.0
5.644
5.856
2.27
4.612
3.69
1.449
0.0
0.002
3.91
0.0
2.313
0.072
0.0
0.187
0.0
1.769
1.318
0.04
0.144
0.096
2.095
0.129
1.873
0.454
1.992
0.292
0.002
0.0
0.0
0.067
5.556
4.968
5.142
1.835
1.667
3.939
0.0
0.0
1.13
3.944
1.294
5.547
4.098
0.0
0.649
0.012
0.0
0.142
3.421
2.997
0.799
0.0
0.0
0.922
0.0
0.0
0.0
0.007
0.317
0.0
0.186
0.0
0.98
0.0
1.526
3.073
0.0
0.706
4.728
0.0
0.0
0.467
2.819
0.0
0.894
0.192
1.271
0.081
0.02
0.0
0.0
0.0
0.23
0.0
0.01
2.525
0.052
1.307
0.258
0.0
0.169
0.812
1.88
3.656
3.079
0.0
6.673
0.0
1.104
4.226
3.566
5.657
3.878
4.466
0.389
4.064
0.468
0.303
0.004
0.0
0.777
2.722
0.0
0.0
0.192
0.029
0.0
2.379
1.737
7.023
7.827
6.639
4.581
0.0
1.733
0.325
0.019
2.154
5.107
0.56
4.434
0.044
0.045
0.0
0.369
0.215
0.674
8.012
8.851
7.425
2.905
1.585
0.679
4.866
4.234
0.014
0.006
1.674
0.0
6.123
5.275
8.872
8.34
7.738
2.733
0.46
2.383
0.267
1.512
1.365
9.921
3.59
0.002
3.193
2.52
0.059
0.931
1.913
1.818
10.028
8.631
9.68
9.439
4.034
1.563
0.109
1.025
9.875
6.961
2.322
8.444
10.34
6.094
0.0
1.082
4.484
2.678
1.715
5.563
5.281
7.951
11.015
11.286
10.729
10.679
11.346
11.648
3.744
12.266
9.738
3.551
9.424
6.503
9.062
0.444
0.679
4.524
0.007
6.032
5.54
4.476
0.0
7.295
3.585
10.978
8.738
1.384
3.536
8.846
12.895
13.793
13.117
11.344
2.534
5.889
3.256
9.037
0.38
0.158
0.677
3.966
9.739
13.588
13.645
0.118
11.999
13.856
14.233
13.633
13.386
10.823
11.605
8.728
5.956
7.647
4.043
12.332
11.328
0.086
4.791
1.884
1.832
0.929
0.656
7.688
3.758
4.219
4.712
1.022
3.178
6.753
1.248
7.368
3.308
5.757
4.736
4.588
7.494
7.647
6.994
2.854
5.629
10.014
2.171
9.161
14.244
14.325
8.171
11.938
13.667
12.202
11.802
9.079
13.339
4.042
8.483
6.794
4.291
8.386
1.843
0.043
0.041
5.398
0.416
3.51
1.191
9.617
11.733
8.574
5.16
10.734
9.017
1.51
4.942
1.601
1.857
2.237
3.371
5.143
10.391
11.773
8.066
9.706
8.026
10.15
3.191
10.547
8.712
2.064
2.314
6.065
5.552
5.35
0.858
6.92
8.907
7.492
11.023
8.87
5.491
1.258
2.748
9.452
9.508
8.506
2.838
7.137
10.414
8.859
10.19
7.465
7.741
8.033
7.501
8.528
9.023
7.528
7.556
9.524
7.881
5.789
7.187
2.664
6.814
1.618
6.184
7.471
6.529
7.35
0.477
0.08
4.591
2.315
4.7
1.217
0.52
0.0
0.021
0.0
0.028
0.326
0.709
0.0
0.203
1.755
4.762
0.0
1.477
3.295
5.638
6.605
3.895
0.139
0.014
3.154
3.218
0.0
0.044
0.295
0.0
2.407
0.727
6.245
0.0
0.197
2.353
8.181
7.518
0.0
3.682
0.655
5.748
2.021
0.007
1.032
0.328
0.282
1.025
0.0
5.491
5.553
2.558
0.035
0.481
0.0
6.173
0.299
0.0
0.079
1.278
0.323
5.163
4.135
0.359
0.212
0.354
0.0
0.0
0.0
0.006
0.043
0.01
0.0
0.0
0.0
0.0
0.0
1.134
0.011
1.051
0.0
1.121
0.005
0.051
0.331
0.0
0.0
0.0
0.054
3.881
0.631
3.313
4.345
0.088
0.0
0.437
0.0
2.206
3.403
0.574
0.004
1.067
0.021
0.146
0.012
0.422
0.0
0.212
0.0
2.513
0.428
3.821
0.0
0.0
2.44
3.542
0.0
0.0
0.0
0.0
0.299
1.307
1.185
0.03
0.555
0.0
3.173
0.0
0.23
0.084
1.605
0.005
0.04
0.521
0.036
4.436
3.449
2.183
8.073
6.854
6.799
0.263
0.0
6.38
7.654
8.644
7.521
6.649
0.0
0.066
2.91
0.136
1.228
5.015
3.709
6.411
0.014
1.438
0.216
4.199
0.032
2.038
8.952
8.562
1.749
0.091
5.142
2.173
0.036
0.089
0.328
0.567
5.214
5.397
1.443
4.273
0.003
2.639
1.375
5.689
0.0
0.833
0.171
0.0
2.171
1.287
3.621
3.684
3.497
0.002
0.197
0.0
0.936
0.017
5.202
0.002
0.113
9.843
8.218
5.267
4.242
9.473
0.874
4.247
10.393
1.94
7.112
6.771
4.416
10.65
6.218
10.155
0.512
3.734
2.026
1.847
9.023
10.228
0.01
3.664
4.407
0.517
4.293
1.256
0.142
4.731
1.109
4.726
6.383
8.957
3.819
11.335
4.803
0.178
0.002
0.0
0.0
0.429
0.005
1.434
1.637
2.697
11.209
2.216
6.021
7.904
10.275
4.208
7.737
13.974
13.528
3.309
1.731
7.609
8.345
2.476
2.31
6.445
0.327
2.601
2.582
13.269
14.264
8.737
13.936
13.868
9.561
5.979
3.161
0.361
5.302
0.167
0.639
0.414
9.669
8.058
13.003
12.34
5.918
6.741
5.811
12.407
13.735
12.759
13.742
10.834
3.192
9.965
8.645
11.113
6.727
1.398
6.739
12.476
13.781
12.949
1.039
9.101
9.779
5.806
7.221
1.832
10.204
12.438
5.981
7.827
1.116
0.736
0.0
1.133
7.364
10.46
11.012
9.294
5.079
9.004
2.859
1.167
12.158
8.321
6.701
9.467
10.778
9.889
8.4
2.618
6.213
2.074
10.191
10.239
10.162
8.074
11.718
11.419
11.382
3.486
5.803
5.868
4.664
9.897
4.194
6.043
10.202
0.104
0.024
3.059
0.002
1.949
0.191
4.702
5.179
6.537
1.889
0.47
8.018
0.312
3.718
7.306
6.831
7.961
7.752
9.547
7.488
5.612
0.407
9.005
0.086
0.753
7.279
5.205
1.47
2.144
0.478
5.098
0.002
1.862
0.668
8.789
2.162
4.085
0.027
1.103
0.007
0.043
0.971
3.704
3.165
5.585
5.23
4.406
4.556
4.662
1.614
2.848
4.943
0.069
0.459
0.005
5.181
1.232
4.717
1.551
4.672
4.816
3.701
1.348
0.094
7.358
5.305
7.672
0.0
0.0
0.0
0.101
0.029
0.0
2.045
2.725
4.853
4.591
0.0
0.014
0.26
0.0
1.481
0.547
2.407
2.245
5.766
6.009
5.702
0.046
0.598
0.0
0.002
0.014
1.63
0.091
0.043
2.784
5.073
2.41
0.0
1.632
0.266
2.073
0.0
0.032
1.395
0.0
2.702
0.28
0.0
0.014
0.081
0.095
0.296
0.0
0.342
0.093
0.198
0.784
0.026
0.0
1.32
0.255
0.212
0.0
0.0
0.0
0.0
0.362
2.679
3.044
0.227
3.769
3.642
0.019
2.656
0.551
0.021
2.083
0.137
0.0
0.981
0.625
0.1
0.0
0.0
0.512
0.0
0.196
0.724
0.0
2.8
0.0
0.198
0.011
0.0
8.49
1.135
5.997
7.61
6.991
7.812
6.767
7.235
6.155
3.806
0.002
0.474
0.086
0.0
0.162
0.002
0.911
7.747
5.363
0.0
0.619
7.808
0.0
2.994
0.106
6.747
3.005
4.922
8.28
1.746
0.03
4.464
7.808
0.989
3.176
4.971
7.197
8.826
8.3
8.125
7.689
3.927
1.024
1.842
3.242
0.191
0.311
1.023
1.743
0.0
0.0
0.0
0.107
2.568
0.555
0.014
0.298
0.578
1.996
1.923
0.0
8.545
10.334
9.969
1.596
3.092
10.727
11.882
7.691
11.883
8.4
11.687
11.891
12.244
11.892
11.87
3.676
12.316
2.475
1.258
4.935
0.253
6.406
0.558
1.819
2.536
4.695
4.205
0.759
2.593
0.0
0.0
0.023
4.74
4.429
4.895
7.312
6.637
4.915
0.0
1.011
1.145
0.007
0.895
3.679
0.486
0.0
2.805
1.085
3.872
10.745
6.219
4.303
0.005
4.859
0.0
4.149
2.216
0.613
8.623
5.68
12.76
7.589
0.465
0.014
0.0
0.941
10.355
13.978
13.738
6.325
6.84
9.248
2.944
0.389
0.448
6.674
0.554
3.326
5.607
13.578
2.52
1.053
0.01
0.063
4.64
9.429
13.918
14.211
12.244
11.36
11.884
5.066
1.752
1.61
1.816
0.016
0.0
3.204
0.265
4.069
3.138
10.398
10.036
12.268
0.727
0.721
0.23
7.79
12.397
10.96
0.009
5.888
9.916
1.873
4.544
2.069
6.345
6.832
0.147
0.0
0.0
2.536
3.369
5.977
7.884
6.129
6.803
7.368
7.3
6.683
8.354
11.883
11.902
9.592
0.107
3.478
6.185
7.714
7.753
4.392
5.57
7.592
7.52
3.681
0.799
0.665
0.0
0.005
0.029
0.0
1.319
0.0
0.37
3.084
4.301
0.0
0.0
0.029
0.593
0.079
1.693
3.521
2.436
0.735
0.781
0.953
0.012
4.784
3.4
6.111
0.765
2.21
0.0
3.177
2.827
3.868
0.393
5.081
2.811
0.029
0.005
0.143
3.507
0.34
0.086
3.51
5.121
6.797
1.878
0.285
2.183
4.704
0.0
0.007
1.601
0.475
2.478
5.467
3.009
0.094
5.974
4.341
4.771
0.788
1.732
0.328
2.647
3.765
1.09
0.102
0.694
0.121
2.194
6.461
3.381
4.783
0.048
0.05
0.0
0.0
0.354
0.037
0.0
0.0
1.322
1.036
0.397
0.531
0.262
2.425
2.752
3.423
2.109
1.444
0.364
0.0
0.222
0.431
0.413
0.278
0.742
0.0
0.057
0.706
0.705
0.002
0.253
0.121
0.0
0.0
1.519
0.0
2.704
0.228
0.01
5.68
0.0
0.1
0.0
0.0
0.184
1.779
1.591
0.0
0.0
1.01
0.87
2.153
3.326
0.064
4.121
0.0
2.491
2.349
0.021
4.95
4.385
0.115
0.261
0.0
1.954
0.0
0.007
0.011
0.0
1.2
1.986
0.0
0.092
4.883
5.171
0.051
3.028
0.0
0.009
0.581
6.637
7.7
8.444
0.875
6.137
0.0
0.0
5.729
6.745
7.247
7.515
4.925
8.636
5.846
6.386
7.864
8.603
5.767
0.019
1.369
4.865
5.12
3.435
0.155
3.646
4.162
2.977
0.004
3.962
0.71
0.107
0.422
0.0
3.355
0.687
0.099
0.0
7.71
5.412
0.314
2.089
0.014
0.0
0.0
0.289
0.037
5.418
2.557
3.928
1.587
3.283
0.599
0.002
6.233
0.04
0.834
0.353
0.003
2.394
5.45
8.225
3.566
3.036
4.934
5.456
1.383
2.745
3.32
0.209
3.777
0.281
3.985
0.0
8.461
11.036
10.68
10.251
9.15
0.909
3.934
10.202
0.145
4.1
0.021
3.645
1.495
10.086
1.501
0.782
2.831
0.477
3.783
11.073
2.382
8.542
4.752
0.595
2.919
5.564
4.855
11.703
3.16
10.277
12.414
12.597
5.241
4.44
3.327
0.004
0.289
5.566
12.354
13.581
10.557
0.864
0.0
10.658
11.356
12.227
12.085
14.878
13.982
6.431
7.024
5.904
1.359
3.521
2.556
2.931
2.123
0.095
1.852
6.449
4.181
0.522
4.902
3.193
0.0
2.52
3.686
4.929
4.514
0.354
0.029
6.004
0.203
0.03
7.717
2.884
10.525
12.743
14.159
14.154
7.42
12.904
1.449
1.882
1.355
2.07
6.39
12.728
12.684
9.243
8.633
12.614
10.862
8.375
6.366
8.706
0.089
1.148
10.928
12.833
2.866
7.87
5.12
1.403
11.306
3.044
2.227
3.122
5.272
6.525
5.538
0.091
3.055
2.718
9.785
5.397
9.111
1.76
4.229
10.689
8.171
3.715
3.701
2.722
0.887
8.406
5.395
5.989
8.646
6.468
0.336
8.586
6.957
10.583
9.871
10.396
7.913
6.522
8.69
1.732
1.991
0.202
5.842
4.588
0.0
6.663
8.535
7.478
5.143
5.891
1.756
0.572
1.186
0.0
7.614
9.2
3.8
6.21
1.535
3.397
5.715
5.487
6.245
6.491
6.309
7.875
6.479
7.957
1.289
6.905
8.018
2.149
1.456
0.027
2.263
3.607
1.171
0.971
6.411
5.531
3.019
1.564
0.283
0.0
0.0
3.732
5.333
5.69
2.475
8.437
8.066
7.548
5.934
2.652
0.45
5.926
0.394
0.0
0.007
0.644
3.718
4.757
0.0
2.594
0.066
0.015
0.022
0.568
1.685
0.27
2.316
1.711
2.915
2.919
3.835
0.014
0.0
0.0
0.0
0.012
0.004
0.005
0.295
0.903
0.0
1.066
3.113
0.0
0.0
0.002
2.658
0.018
7.12
2.137
0.004
0.021
0.0
0.804
0.011
1.648
0.067
0.0
0.0
0.0
0.0
0.0
0.381
0.0
0.743
6.153
2.227
1.928
0.0
0.0
0.0
0.0
0.05
2.287
5.396
0.187
0.0
0.202
1.915
0.0
0.268
2.263
0.002
0.31
0.031
1.076
0.036
0.172
0.174
0.007
0.184
1.752
0.0
0.0
0.55
0.0
4.11
0.0
0.943
1.337
5.746
1.313
0.522
3.301
0.0
0.007
0.102
0.0
0.0
0.022
1.174
0.27
7.268
2.247
0.274
0.0
6.467
7.165
3.373
1.178
4.741
0.795
4.07
0.169
0.0
3.084
7.071
4.001
6.517
1.355
3.921
8.377
8.314
3.194
0.529
1.101
0.495
0.0
0.0
0.0
0.536
0.104
0.01
0.248
0.0
0.0
0.0
0.0
0.733
5.048
5.547
6.687
9.554
2.382
3.764
0.963
1.511
0.0
9.074
1.768
0.0
0.791
3.513
1.959
2.069
7.929
5.974
0.0
0.0
0.0
1.573
1.924
0.618
0.468
0.0
4.999
4.375
5.639
0.367
5.324
4.001
1.929
1.417
2.516
2.032
3.77
0.757
1.957
1.828
4.509
0.457
5.976
2.22
6.349
2.193
10.532
11.263
12.252
3.567
5.969
4.093
2.362
5.71
6.876
0.0
4.711
10.755
7.998
1.111
2.495
10.07
10.741
3.899
3.063
4.396
1.083
7.317
10.187
3.565
13.275
13.438
8.877
2.724
0.842
0.086
4.632
4.305
3.197
6.447
3.508
4.506
0.003
0.0
0.302
12.341
14.355
0.538
1.191
4.076
11.23
13.859
11.139
9.863
0.693
6.829
9.233
9.924
13.559
5.897
7.137
9.676
13.915
14.514
14.248
14.084
14.725
13.41
13.035
11.005
10.642
7.927
0.125
4.496
3.811
6.272
1.473
8.161
9.477
3.245
11.302
6.581
10.281
10.291
3.306
3.082
9.281
2.455
7.627
2.758
4.512
0.361
2.534
3.821
9.163
9.389
12.537
9.157
7.511
13.403
13.237
5.278
12.36
13.399
10.527
8.011
6.131
7.254
6.348
0.0
5.346
6.166
5.194
6.418
5.56
0.379
0.015
2.46
6.665
0.025
1.827
0.149
4.233
1.482
3.054
4.682
3.193
0.159
1.63
0.046
1.041
1.615
1.787
9.623
5.988
4.82
6.376
8.75
7.138
8.694
0.042
0.03
3.76
0.038
0.0
0.0
2.639
7.731
7.614
6.144
7.507
3.09
4.563
9.416
4.583
0.668
5.7
6.13
6.841
8.659
5.412
4.039
7.547
9.122
1.422
1.529
0.728
2.101
7.822
3.614
2.405
6.954
4.984
8.314
3.925
0.0
5.251
0.241
0.516
0.115
0.0
2.325
3.679
0.0
1.45
3.343
0.0
0.087
2.357
0.0
0.0
2.559
0.005
0.179
0.0
3.371
1.713
0.237
5.167
0.076
6.161
0.408
5.15
2.384
1.779
0.058
0.055
5.919
0.0
0.792
0.521
0.0
2.716
2.015
0.0
0.0
4.678
0.435
0.569
3.732
0.417
0.0
1.175
2.684
6.519
0.0
0.014
3.605
1.308
4.286
0.149
0.0
1.916
1.542
0.0
2.856
0.086
0.0
0.0
0.066
0.0
2.322
0.695
0.117
0.0
0.0
0.957
0.0
0.0
0.0
0.0
0.0
0.292
4.115
0.029
0.048
0.101
3.468
2.85
0.0
0.0
4.538
0.0
0.395
3.885
0.0
0.0
0.0
0.35
0.19
0.432
0.427
0.0
0.0
0.0
0.0
0.0
4.654
0.356
6.126
7.243
6.653
7.318
5.973
4.705
0.0
0.0
0.0
1.263
0.0
0.0
0.0
1.932
0.359
0.027
0.007
0.0
0.0
0.015
0.0
0.964
0.0
0.0
0.823
4.805
8.425
7.548
0.0
0.0
0.0
0.0
0.0
5.552
6.9
7.735
6.516
8.474
7.672
3.349
9.143
7.813
8.73
6.983
9.311
4.498
0.694
0.0
0.073
0.007
3.828
4.232
2.492
0.0
0.0
0.0
7.876
0.929
4.045
4.815
4.711
3.089
2.402
0.058
9.804
0.0
5.748
3.463
7.787
6.12
0.058
1.327
5.207
1.396
1.426
6.946
0.531
0.0
7.174
8.214
6.239
7.35
1.91
10.334
10.93
11.677
7.808
10.575
12.658
13.05
12.485
0.652
3.701
5.378
3.238
0.0
0.095
0.271
7.95
11.929
11.007
6.838
6.079
0.007
6.481
4.574
2.081
6.293
9.853
1.45
5.504
4.007
1.821
0.488
2.029
5.156
10.454
11.883
4.859
7.597
0.0
0.013
0.471
5.77
0.143
0.412
3.668
4.014
1.603
7.519
3.313
7.963
9.692
5.711
0.433
1.048
3.465
0.0
1.829
6.411
0.011
1.071
0.553
5.619
4.482
2.95
1.086
2.186
1.657
9.142
2.015
12.598
12.388
1.674
2.316
4.595
8.702
14.671
14.811
10.306
0.026
8.604
9.466
11.844
8.041
7.049
12.859
9.831
4.444
3.668
3.61
9.778
3.94
4.11
4.449
6.727
6.157
3.607
5.122
0.865
0.208
0.495
3.016
0.11
2.253
0.865
1.367
7.997
6.818
6.938
6.388
8.963
0.486
1.793
7.598
2.626
3.306
3.899
3.466
0.596
9.784
0.578
2.695
6.259
9.706
10.956
1.196
3.624
0.394
2.155
2.231
0.744
0.122
2.444
6.725
9.764
6.519
8.734
7.683
1.685
5.242
1.802
7.189
7.308
2.503
4.371
5.272
0.095
0.586
3.503
5.603
4.47
0.343
4.002
2.367
6.537
3.949
1.425
4.043
5.868
1.561
4.186
3.604
0.355
6.522
8.551
7.902
8.7
2.478
1.82
5.479
6.184
0.552
8.908
8.368
1.843
0.0
0.575
3.75
0.0
0.59
0.609
3.405
7.09
3.814
0.012
0.01
0.108
0.0
2.571
6.402
3.161
0.857
0.328
3.866
2.015
0.0
0.0
0.0
0.897
2.191
0.298
0.311
0.365
0.303
0.029
0.502
0.704
1.585
0.045
0.843
0.392
0.104
0.281
0.0
0.174
0.732
0.0
0.002
0.077
0.0
0.391
0.0
0.015
0.0
0.082
2.805
0.071
5.036
0.895
1.096
0.005
2.486
3.0
5.286
0.0
0.783
0.0
2.779
0.149
0.051
0.0
0.0
0.0
0.086
0.0
0.0
1.305
0.328
0.446
0.0
0.0
2.091
0.0
0.0
3.291
0.086
0.318
0.0
0.031
0.091
0.0
0.229
0.246
3.743
5.072
0.0
1.977
1.581
5.198
1.103
0.0
0.011
0.0
0.455
0.427
0.347
0.003
1.115
1.464
0.0
0.539
0.203
2.577
0.0
1.857
0.241
0.182
0.0
1.926
1.302
0.635
0.131
0.517
3.168
0.927
0.0
0.44
1.339
0.0
4.555
8.265
8.643
6.921
0.032
0.0
0.55
2.322
0.015
3.653
3.389
0.261
0.392
0.0
0.0
1.908
1.345
0.316
4.43
0.0
0.003
5.676
0.224
0.281
3.689
6.663
0.0
1.794
2.2
0.0
0.72
0.0
1.266
3.708
6.356
2.898
0.375
0.276
1.412
0.187
1.507
0.008
3.003
0.324
2.934
0.0
2.261
0.172
0.0
6.117
8.206
2.387
0.0
4.328
2.01
0.0
0.036
10.474
10.752
6.597
5.683
10.926
7.411
11.545
0.057
5.693
10.013
4.919
7.518
8.293
10.069
13.109
12.162
11.315
5.683
0.0
4.858
3.322
7.462
3.283
2.862
7.933
7.421
12.71
9.222
0.0
5.153
11.599
13.551
12.751
12.903
6.828
7.894
0.96
3.449
0.43
0.05
2.276
7.322
6.905
13.002
5.118
8.312
12.456
7.235
5.595
5.214
7.277
4.448
4.268
2.117
3.23
4.249
1.138
0.029
2.991
0.51
3.342
7.285
0.419
3.11
14.491
14.8
11.481
8.24
9.438
10.545
3.888
0.0
2.831
0.491
0.18
0.005
0.0
1.707
2.883
3.468
8.293
5.851
3.484
7.404
2.277
11.358
6.49
7.21
9.789
5.69
7.744
13.791
8.957
6.217
4.123
4.226
0.957
0.022
0.105
0.851
0.476
7.031
0.783
3.712
10.515
2.819
12.59
11.944
9.395
10.02
3.67
10.146
9.532
12.514
1.015
4.728
6.825
9.129
6.22
12.82
8.616
8.329
5.884
6.688
6.692
11.355
13.281
11.897
9.808
11.428
12.546
3.967
1.238
5.816
1.546
6.024
5.254
3.517
3.453
0.03
8.232
8.255
4.707
9.241
4.431
2.266
1.685
5.926
0.009
7.383
9.294
6.261
10.856
9.802
1.727
4.478
2.134
2.743
0.726
0.178
1.707
2.781
0.0
0.036
0.0
8.246
1.966
0.384
0.0
3.935
4.444
2.624
1.294
5.315
9.371
8.453
1.055
0.0
0.972
0.036
2.303
3.204
4.328
6.728
0.0
0.0
6.279
0.903
0.401
0.0
0.036
0.237
0.476
0.0
0.284
5.801
0.713
0.0
0.0
1.983
4.289
3.665
5.858
3.007
1.389
0.446
0.63
1.143
8.393
8.017
3.664
3.51
4.083
6.654
0.0
0.0
2.899
1.645
0.0
0.0
1.347
2.353
0.187
1.759
0.0
3.665
2.294
0.0
0.007
0.002
0.0
0.99
0.0
1.073
0.0
0.0
0.0
0.0
0.0
0.617
1.569
4.285
0.0
2.809
0.0
0.0
0.585
0.101
0.0
5.028
3.028
0.0
0.0
0.0
2.648
0.0
0.0
0.0
0.0
0.0
0.0
0.0
0.245
2.974
0.396
0.0
0.0
0.026
1.833
3.377
0.298
0.0
0.0
0.0
0.216
0.088
2.988
0.28
7.19
0.879
0.299
0.0
0.258
1.034
2.409
0.406
0.575
2.604
0.404
1.148
4.775
7.047
7.5
6.287
0.0
0.249
0.437
0.504
0.468
0.501
2.293
0.022
0.115
1.707
2.215
0.838
2.812
0.493
0.172
4.979
1.98
0.0
5.639
7.201
0.0
0.0
1.722
2.242
0.324
0.0
0.0
3.155
1.565
0.737
0.726
0.0
0.565
1.969
0.597
0.136
7.667
8.342
0.002
6.385
6.879
6.912
1.858
1.568
6.071
0.022
0.0
0.218
7.863
3.066
6.404
4.35
0.154
8.617
0.0
5.82
9.541
9.331
7.073
0.362
8.673
5.136
1.798
3.661
0.066
0.134
0.0
1.285
2.527
1.976
7.787
0.0
9.281
3.03
2.376
0.289
0.0
0.007
0.029
4.769
0.932
4.439
2.66
0.312
0.661
8.931
4.206
0.021
0.095
0.003
7.605
2.962
11.729
4.462
8.191
11.544
9.094
7.772
9.388
12.567
13.299
0.344
1.753
2.134
8.874
3.101
11.107
13.804
12.834
12.632
12.764
11.512
12.141
14.03
14.571
14.488
14.313
13.254
9.699
13.23
8.793
6.282
12.13
11.567
4.179
0.954
1.904
5.671
6.565
3.538
5.632
7.359
11.506
2.418
10.306
14.551
10.152
9.178
13.978
14.702
11.631
14.057
13.814
7.165
0.608
4.657
5.137
11.688
8.801
5.185
2.395
0.162
7.227
1.631
1.006
0.267
1.374
12.52
12.356
10.499
3.953
2.962
4.035
5.422
8.556
6.714
7.323
2.42
5.496
7.673
6.4
9.75
13.099
12.833
9.384
3.416
6.277
2.525
4.76
2.742
9.467
10.682
3.528
3.672
3.992
0.7
1.644
6.444
11.889
7.632
4.808
1.434
2.384
8.312
5.792
1.482
9.463
8.785
11.144
8.292
4.607
10.776
11.764
10.334
10.72
6.005
7.555
11.486
0.062
0.647
2.877
0.0
1.909
9.969
8.794
0.161
0.93
0.213
4.06
4.662
9.742
6.798
10.34
9.999
2.391
4.613
7.79
1.469
3.399
0.018
0.44
6.074
9.343
5.256
7.731
6.298
7.039
0.123
0.0
2.418
1.961
4.135
4.095
3.802
0.366
0.033
1.82
8.908
7.765
7.831
0.164
0.007
0.468
0.0
2.807
2.393
0.477
0.273
3.561
5.069
4.86
8.121
5.724
2.566
1.467
3.803
9.107
6.81
4.428
3.447
3.543
5.554
3.477
1.871
0.875
0.0
0.0
3.743
0.0
2.24
2.792
0.179
0.522
1.17
4.82
3.584
6.612
5.7
6.228
6.527
1.448
5.575
7.234
7.511
7.211
6.024
3.219
3.174
2.526
0.0
4.744
0.0
0.0
6.011
6.527
6.474
5.28
4.869
4.997
3.634
0.0
0.0
0.621
0.273
0.0
2.617
0.0
0.0
0.0
0.101
0.0
1.985
0.718
0.217
2.922
0.0
0.0
0.0
2.643
0.204
4.39
2.669
0.35
0.0
0.0
0.334
0.0
