3.420916666666667
0.003541666666666667
3.675333333333333
3.1886458333333336
4.598625
2.7963958333333334
0.058437499999999996
0.0
0.8309375
0.0020625
0.031875
1.4017499999999998
1.348625
0.5594375
0.030708333333333334
0.0
4.3882916666666665
5.2513958333333335
3.296041666666666
0.0
0.0
0.0
1.2182708333333332
4.6325
0.003145833333333334
1.251
0.0
0.5830833333333333
0.0
2.026708333333333
1.71825
0.0
3.7027083333333333
1.5619791666666665
2.8054166666666664
5.6665625
0.04920833333333333
4.165145833333333
0.5171458333333333
4.108125
0.0
0.0
0.0
0.0006875000000000001
0.011770833333333333
0.0
0.0
0.0
0.0
0.125875
2.6425208333333328
4.112145833333333
0.0
1.5825000000000002
5.649145833333333
4.548145833333334
4.087875
9.348729166666667
5.982166666666667
1.3667083333333334
0.0
0.0
6.171812499999999
2.8981250000000003
2.8353125
2.3167291666666667
0.27272916666666663
3.596229166666667
0.0008125000000000002
3.4010208333333334
0.088375
0.0
0.14166666666666666
0.0
7.473479166666667
4.779
0.9101250000000002
0.9987499999999999
2.935333333333334
8.854291666666667
6.8128125
8.314479166666667
0.0
0.8886458333333334
2.1169583333333333
1.3794166666666665
0.0
0.0
0.0155625
0.0
2.424416666666667
4.362125
0.8353958333333334
0.028229166666666666
0.08289583333333334
0.0
0.010104166666666666
9.1561875
11.0550625
11.447229166666668
0.5674791666666666
9.360520833333334
9.389895833333334
10.369104166666666
0.011770833333333333
0.0
9.237145833333335
5.089333333333333
0.08839583333333334
1.2271041666666667
0.15289583333333334
1.0780625
3.3738541666666664
3.73725
2.5445625
3.6613749999999996
3.9363541666666664
2.500875
1.6766875
1.7623333333333333
8.461041666666667
4.5847291666666665
2.808229166666667
3.2085833333333333
6.431562499999999
10.107645833333335
13.232791666666666
12.249854166666665
7.993229166666666
0.010375
0.9691875
6.805729166666668
11.678374999999997
12.803520833333332
12.773312500000001
2.6824999999999997
0.41568750000000004
5.160833333333334
0.6955625
8.057875000000001
2.7766041666666665
10.7005
1.7378958333333336
7.300812499999999
6.511708333333334
0.208
10.1339375
11.8575625
9.899229166666666
13.473916666666668
8.73925
8.7950625
11.750124999999999
12.853500000000002
8.438979166666668
0.0006875000000000001
1.6051874999999998
2.7388125000000003
5.273604166666667
9.41275
6.436645833333333
6.9206458333333325
8.714625
3.4063750000000006
1.7459999999999998
0.33489583333333334
6.1839375
0.0188125
4.77875
11.5255
10.502145833333335
0.040125
0.13175
4.856270833333333
7.3254166666666665
6.657541666666667
8.9940625
4.8153958333333335
7.369812499999999
3.228270833333333
4.645499999999999
6.2781666666666665
3.9849791666666667
5.180979166666667
10.141791666666668
2.9882500000000003
1.992145833333333
7.545520833333334
0.32235416666666666
0.7213333333333333
4.607708333333334
1.7830416666666666
0.31431249999999994
5.996958333333333
1.3186875
0.0015833333333333333
1.3598125
1.5169791666666665
1.5764166666666668
0.4557708333333334
1.9642916666666668
6.9876875
0.7505208333333333
2.6643125
2.088875
4.535625
5.498145833333333
7.615541666666666
6.191
4.6073125
5.7339375
3.479354166666667
1.0331875000000001
4.129625
7.331645833333333
8.401416666666666
9.012875
8.122270833333333
7.400812500000001
4.3478125
0.34197916666666667
5.215208333333334
2.4049791666666667
1.4572291666666668
8.379604166666667
3.4858958333333327
3.4098749999999995
7.174083333333333
3.1970416666666672
7.670645833333334
1.006875
0.7207916666666666
2.1410208333333336
2.3445208333333336
5.006125
1.1570833333333335
2.6590208333333334
5.4418125
0.02714583333333333
9.229104166666668
10.252291666666666
10.0684375
8.839729166666666
6.086791666666666
4.554312500000001
3.3400416666666666
7.470104166666665
10.503458333333333
9.657166666666667
3.1830833333333337
1.2723333333333333
6.335979166666667
6.437
5.541604166666668
2.1922083333333333
8.054791666666667
5.360812499999999
9.717208333333334
5.3063125
4.937458333333333
4.010395833333333
1.7331041666666664
4.732875
0.006104166666666667
0.1298125
4.6957708333333334
4.558458333333333
1.7998958333333335
3.70575
0.0
6.9745
7.8658125000000005
6.390125
7.3293125
8.749208333333334
2.197791666666667
0.2957708333333333
0.869875
1.0443541666666667
1.3960416666666668
7.446291666666667
6.573541666666666
6.3931875
7.7479375
4.555270833333333
0.4803125
1.0459166666666666
0.027520833333333338
1.5871041666666665
2.1215833333333336
7.640708333333333
7.691333333333333
0.21864583333333334
7.295270833333333
8.932104166666667
8.915895833333332
8.447249999999999
8.631083333333335
5.759416666666667
3.962729166666666
0.0
0.031166666666666672
2.9361041666666665
2.204645833333333
3.3778749999999995
2.7905416666666665
0.005750000000000001
0.53225
0.5169791666666667
4.722166666666666
1.6266666666666667
2.4669375000000002
1.9254791666666666
7.108375
0.9554583333333334
3.6146875
0.004854166666666667
0.0
0.0
0.18206250000000002
0.5904166666666667
0.014124999999999999
0.005208333333333333
0.025958333333333337
0.05739583333333333
0.0728125
0.0
0.0
0.004666666666666667
0.37366666666666665
0.010375
3.358
0.7503125
0.0008125000000000002
1.1016666666666668
4.9831666666666665
5.509687499999999
0.952125
0.005208333333333333
0.41658333333333336
0.0
0.0
1.3718124999999999
0.009833333333333335
3.7087916666666665
0.0
0.06897916666666666
0.45806250000000004
0.005541666666666667
0.0
0.010375
0.0
0.54625
1.9632083333333332
0.007354166666666668
0.0
0.18675
0.4602083333333334
0.16570833333333335
0.18185416666666668
0.0
0.0
0.0
0.8284166666666667
0.39347916666666666
1.250875
2.224666666666667
0.0
0.005208333333333333
0.0
0.0
0.013666666666666667
0.28535416666666663
0.020666666666666667
0.014124999999999999
0.17185416666666667
5.16625
4.504520833333333
0.20274999999999999
0.13108333333333336
4.1223125000000005
3.3300000000000005
1.8772083333333331
0.18345833333333336
2.0902291666666666
0.5588333333333333
0.40820833333333334
0.0106875
0.20058333333333334
2.2903749999999996
5.3005625
0.5695833333333334
0.0420625
0.0
0.0
1.1691041666666668
0.0
0.25558333333333333
0.0
0.006895833333333334
0.005541666666666667
0.02258333333333333
0.018833333333333334
1.6609791666666667
0.04679166666666667
0.9574583333333333
0.0255
0.009479166666666669
1.0998958333333333
0.026
0.0006875000000000001
0.0415
0.009395833333333332
8.291937500000001
8.719479166666668
8.478041666666666
8.644229166666667
8.3581875
7.2803125
5.955625
6.942208333333333
0.2432291666666667
0.0
0.017
0.7387291666666668
0.051375000000000004
7.257708333333333
0.003541666666666667
1.9475208333333331
0.0006875000000000001
1.3408541666666667
4.441291666666666
6.722687499999999
0.27954166666666663
0.0
3.5728125
0.0
0.127875
0.12333333333333334
4.9684375
0.773875
0.32675000000000004
0.0024583333333333336
0.22570833333333332
1.0670833333333334
0.25610416666666663
4.691895833333334
0.0
1.1306041666666666
2.5852291666666667
0.0
1.5317708333333335
3.3281666666666667
3.637833333333333
4.35025
1.644875
0.37204166666666666
0.007208333333333334
0.10993750000000001
1.5561666666666667
10.827270833333335
6.940833333333334
3.5587708333333334
3.3152708333333343
0.14089583333333333
0.01925
8.91025
11.554166666666665
12.1255
11.435083333333333
11.467166666666666
9.567708333333334
1.4291666666666665
2.7259791666666664
3.2152708333333333
6.613229166666667
3.3020416666666663
0.37825
0.03345833333333333
0.0
2.368770833333333
1.1201041666666667
0.02129166666666667
2.0778958333333333
9.510625
7.565416666666668
0.5000625
6.298708333333333
4.219083333333334
13.037541666666664
9.046875
1.3988333333333334
0.0
8.52025
13.254791666666668
13.718854166666667
13.819541666666666
13.824708333333334
13.742583333333334
12.562770833333333
13.257833333333332
7.9341875
9.247666666666667
12.088104166666668
8.891479166666667
10.98775
6.977708333333332
12.623770833333333
0.45212499999999994
0.30445833333333333
10.2118125
7.939229166666666
2.743625
3.8285000000000005
0.0051041666666666674
5.840395833333333
0.7494791666666667
7.5828541666666665
8.404354166666666
11.662458333333333
12.9165625
11.066333333333333
5.629166666666667
4.907479166666667
0.9022916666666667
0.08266666666666665
4.448229166666667
13.977812499999999
3.9640416666666667
5.669125
5.011958333333333
4.737979166666666
3.120833333333333
3.391875
3.696583333333333
7.948145833333332
1.1384375
4.145333333333333
7.4110625
2.3346875
3.454875
4.332
3.8499375
0.6423333333333333
4.476416666666667
2.854791666666667
0.8744166666666667
0.7060416666666667
1.8193541666666668
3.3255000000000003
1.2904375000000001
10.051666666666668
1.6643541666666666
1.3799583333333334
1.228375
0.6622500000000001
0.23383333333333334
0.278875
2.1193750000000002
0.8633125000000001
0.033874999999999995
3.400604166666667
2.7134375
1.2198125
0.0
0.1905625
0.0
8.416333333333332
12.184833333333332
11.657000000000002
11.363249999999999
12.489375
9.019979166666667
4.762479166666666
7.2825625
0.0012708333333333332
5.823416666666667
8.528166666666666
9.780458333333334
5.121708333333333
7.4491875
3.161041666666667
7.291541666666667
12.401458333333332
1.4395625
1.6837916666666668
3.388854166666667
7.505562500000001
3.1480625
5.570520833333333
8.828270833333333
12.416854166666667
9.628395833333334
7.647333333333333
3.1108541666666665
0.09539583333333333
1.5728541666666669
4.7969375
2.4116874999999998
0.2610625
3.3789583333333333
6.942666666666667
10.860041666666666
8.384083333333335
2.674645833333333
4.0879375
4.486479166666666
1.8865416666666668
1.8200208333333334
8.827416666666666
10.966145833333334
8.824854166666666
1.6005
0.9289583333333334
9.024958333333332
10.364104166666666
0.516375
1.4394374999999997
2.28525
1.2758333333333334
4.907854166666667
1.3005416666666667
2.1852291666666663
6.868104166666666
2.140041666666667
4.418187499999999
9.171729166666667
7.458729166666665
7.076208333333334
4.7097500000000005
0.0
3.5224583333333332
0.0
3.9964375000000003
3.1059583333333336
7.3848125
4.578895833333334
2.434958333333334
7.353604166666666
5.2253750000000005
7.741291666666666
3.476875
5.590104166666666
0.18185416666666668
0.0
2.113375
1.3401041666666667
3.2598333333333334
0.005520833333333333
1.4946875000000002
0.0
1.4648541666666668
0.24070833333333339
0.0
0.014916666666666667
0.010375
5.247708333333333
5.7948958333333325
4.385208333333334
2.9985
0.0
0.0
0.005208333333333333
3.146125
0.0155625
7.9014999999999995
5.459833333333333
5.201666666666667
1.1765416666666668
8.215270833333333
6.1059375000000005
0.0371875
0.24214583333333337
0.029562500000000002
0.0
0.0
2.3650416666666665
1.7136249999999997
0.21652083333333336
0.016541666666666666
0.06991666666666667
0.9564374999999999
0.005208333333333333
0.0
0.0
0.011020833333333334
2.4627708333333334
2.302354166666667
3.3449375000000003
0.8781666666666667
0.0
0.17558333333333334
0.04679166666666667
0.0
1.3809583333333333
3.7572083333333333
0.0
0.0
0.010375
5.255125
0.0
1.5180625
0.0
0.5663541666666666
0.0
5.4604375
0.321375
1.5161666666666667
0.0
0.0
0.0
0.5469791666666666
0.010895833333333332
0.0155625
1.8092291666666664
6.038916666666666
0.0
2.388104166666667
0.005208333333333333
0.3813958333333334
3.7573958333333337
0.0015833333333333333
0.0155625
0.0012708333333333332
0.9791458333333333
0.37089583333333337
3.9778124999999993
0.0
0.0
2.4636458333333335
0.027000000000000007
0.0
0.0
0.9946458333333333
1.8321041666666666
0.0155625
2.073583333333333
1.9849791666666665
0.0
0.0
5.247020833333333
0.0
2.0183750000000003
0.011458333333333334
1.4046458333333334
5.399895833333335
0.10647916666666667
0.0
0.019145833333333334
0.007291666666666668
1.76875
5.241208333333334
3.6921041666666667
5.277208333333333
0.0
4.771
0.19272916666666665
0.15339583333333334
4.4121041666666665
6.6362499999999995
6.523583333333334
6.871937499999999
6.836791666666667
0.0
0.0
0.37891666666666673
0.0
0.0
0.051937500000000004
0.0020625
1.8743333333333332
3.7762291666666665
1.7722499999999999
4.265958333333334
1.3083958333333332
2.5954166666666665
4.3228333333333335
0.018833333333333334
0.049999999999999996
0.0008125000000000002
0.005750000000000001
3.035604166666667
3.1792499999999997
0.5962708333333334
0.0
0.0
4.897895833333334
5.8922083333333335
4.9995
1.0530833333333334
0.5744583333333333
0.0008125000000000002
0.3686875
0.9902708333333333
0.005208333333333333
0.3074375
0.0
0.189125
0.0
1.2727916666666668
2.4476666666666667
5.0635208333333335
0.004854166666666667
6.1699375
1.7767291666666667
0.41572916666666665
1.0799375
0.07791666666666668
7.477916666666666
6.278125
8.186395833333334
0.09160416666666665
1.7738333333333334
2.802729166666667
1.9788125
7.493125
8.304708333333332
3.5113749999999997
2.9212291666666665
0.0
1.6477708333333332
3.303875
3.8088124999999997
0.0
0.018020833333333333
4.8762083333333335
9.103729166666668
2.2792708333333334
9.954708333333334
10.316145833333334
11.429354166666664
3.2391875
3.1165416666666665
11.648208333333335
12.954208333333334
10.980479166666669
6.567395833333333
9.317958333333333
0.28002083333333333
5.5184999999999995
8.836520833333333
2.811375
4.560875
11.382395833333334
5.876604166666667
3.6938125
0.0
3.499104166666667
0.0
0.0
4.330312500000001
7.480208333333334
5.472979166666666
1.3071666666666666
2.4345208333333335
0.4021041666666667
8.5721875
1.6124375000000002
10.673229166666667
11.957083333333335
10.400958333333334
8.038583333333333
5.333979166666668
2.7703125000000006
3.3781249999999994
7.7207291666666675
4.123
8.4656875
9.485020833333335
11.177083333333334
7.5206875
1.2969375
9.461208333333333
5.432937499999999
0.23291666666666666
0.28875
0.0008125000000000002
4.645
0.13112500000000002
4.597333333333334
9.402
8.424895833333332
9.982895833333332
0.45704166666666673
0.0006875000000000001
6.505479166666667
3.826875
8.354729166666667
6.3605625
0.9656249999999998
7.6003333333333325
9.386604166666666
2.5439374999999997
13.041666666666666
7.605520833333333
8.349229166666666
2.5854583333333334
1.9400624999999998
0.0
0.11164583333333333
1.2523958333333332
4.132499999999999
5.073895833333333
7.955875
8.4071875
5.136375
3.8329583333333335
6.726541666666667
1.3096041666666667
0.0
1.8890625000000003
4.1361875
4.531979166666667
0.8782708333333332
6.532791666666668
0.459125
8.259541666666665
11.244041666666666
11.137625
7.376416666666667
8.449708333333334
0.49504166666666666
4.846583333333333
1.7872916666666665
3.9877083333333334
0.3484375
2.6296041666666663
3.450333333333333
0.03841666666666666
0.7898541666666666
0.3350416666666667
0.025958333333333337
4.5245
1.45275
4.6536875
0.7461666666666668
0.7954166666666668
4.8953750000000005
1.6449375
2.7124583333333336
8.706416666666666
6.247479166666667
2.168125
3.482083333333333
7.551770833333333
9.395687500000001
10.39925
11.5634375
5.9785208333333335
0.3175625
0.010375
0.0
0.0
4.214312499999999
7.551395833333334
7.861666666666667
8.810979166666668
3.519166666666667
5.3924375
7.4418125
1.0717916666666667
0.02952083333333334
4.960625
0.0
3.023895833333333
5.670833333333333
4.707
0.6609791666666667
1.0910208333333333
7.591479166666667
1.6877083333333331
8.1023125
7.956520833333333
6.454104166666667
5.5545625
9.080916666666667
10.371395833333333
11.139750000000001
9.413270833333334
7.224875
1.3180416666666666
3.094020833333333
4.448604166666667
5.618166666666667
1.4238958333333331
7.4273750000000005
2.619520833333333
6.3675
0.49914583333333334
2.4505000000000003
5.554291666666667
5.016354166666667
0.036958333333333336
0.9199583333333333
5.533208333333334
4.356708333333333
7.139604166666667
4.168395833333333
3.5915416666666666
0.0155625
0.005208333333333333
1.2215833333333335
6.7449375
6.324395833333334
1.3538333333333334
3.6011666666666664
2.922875
0.0
5.721125000000001
5.9309375
2.3243541666666667
4.6440624999999995
3.7380833333333334
1.5183125000000002
0.0
0.0006875000000000001
3.9834375000000004
0.0
2.262354166666667
0.051937500000000004
0.0
0.19383333333333333
0.0
1.7418750000000003
1.3502291666666668
0.018270833333333337
0.0670625
0.09637499999999999
2.0922083333333332
0.08966666666666667
1.90575
0.4688125
2.09225
0.2708541666666667
0.0006875000000000001
0.0
0.0
0.036208333333333335
5.641666666666666
4.993895833333333
5.191729166666667
1.8517916666666665
1.7675833333333333
3.8765416666666668
0.0
0.0
1.1543958333333333
4.092083333333334
1.3799374999999998
5.489229166666665
4.045833333333333
0.0
0.6179375
0.005541666666666667
0.0
0.13249999999999998
3.465458333333333
2.996395833333333
0.8457708333333332
0.0
0.0
0.9269583333333333
0.0
0.0
0.0
0.005208333333333333
0.14785416666666665
0.0
0.19366666666666668
0.0
1.0038541666666667
0.0
1.5888333333333333
3.2562708333333332
0.0
0.7489583333333334
4.858958333333334
0.0
0.0
0.26947916666666666
2.6865624999999995
0.0
0.8332708333333333
0.08970833333333333
1.3254791666666665
0.03779166666666667
0.009479166666666669
0.0
0.0
0.0
0.18304166666666666
0.0
0.004666666666666667
2.5046041666666667
0.023854166666666666
1.3818541666666668
0.274875
0.0
0.18185416666666668
0.8419375000000001
1.8520416666666668
3.675479166666667
3.050125
0.0
6.697354166666666
0.0
0.9387083333333334
4.120895833333333
3.3332708333333336
5.593916666666666
3.792291666666666
4.3352916666666665
0.18177083333333335
4.058729166666667
0.21839583333333334
0.1416875
0.0015833333333333333
0.0
0.7004374999999999
2.8262708333333335
0.0
0.0
0.14093750000000002
0.02075
0.0
2.2651041666666667
1.4559374999999999
6.9745
7.8165625
6.5376875000000005
4.3395624999999995
0.0
1.769125
0.3247291666666667
0.010708333333333334
1.8331041666666668
5.0338125
0.5185416666666667
4.1753125
0.020541666666666666
0.021291666666666667
0.0
0.17133333333333334
0.15572916666666667
0.49449999999999994
7.9654375
8.836875000000001
7.382833333333333
2.9003125
1.4203958333333333
0.6283541666666667
4.684541666666667
4.1495
0.010375
0.0027916666666666667
1.7355
0.0
6.363083333333333
5.334166666666666
8.808020833333334
8.282229166666667
7.6888125
2.6600208333333337
0.4795416666666667
2.4141875
0.27902083333333333
1.5295416666666668
1.3210416666666667
9.909708333333333
3.7485625
0.0006875000000000001
3.1512499999999997
2.545145833333333
0.0385625
0.9511458333333334
1.8677916666666665
1.7352291666666666
9.9784375
8.581708333333333
9.604166666666666
9.3391875
4.095104166666666
1.5014583333333331
0.061875000000000006
0.6839166666666666
9.802104166666668
6.862520833333334
2.351916666666667
8.287916666666668
10.279895833333335
6.010645833333332
0.0
1.102375
4.560625
2.746625
1.76375
5.685708333333333
5.321916666666667
7.828791666666667
10.931895833333334
11.247791666666666
10.832999999999998
10.657291666666666
11.470145833333332
11.771166666666668
3.841583333333334
12.284520833333332
9.7065625
3.6496875
9.328729166666667
6.575604166666667
9.208833333333333
0.46485416666666673
0.6957708333333334
4.564166666666666
0.005208333333333333
5.990833333333334
5.509041666666666
4.662187500000001
0.0
7.163729166666667
3.5764791666666667
11.149395833333335
8.91125
1.3080416666666668
3.5163333333333333
8.789479166666666
12.868729166666668
13.8010625
13.077166666666665
11.282083333333333
2.552625
5.776541666666667
3.0987500000000003
8.996520833333333
0.35200000000000004
0.09591666666666665
0.680125
4.0261875
9.7548125
13.554374999999999
13.635895833333334
0.08474999999999999
11.934083333333334
13.841479166666668
14.228770833333334
13.637750000000002
13.351270833333333
10.672833333333335
11.633562500000002
8.706249999999999
5.664208333333332
7.3338125
3.7720833333333332
12.362874999999997
11.361791666666667
0.043812500000000004
4.795645833333333
1.9013541666666667
1.7597291666666666
0.8841875
0.6719166666666667
7.653125
3.7016458333333335
4.3187500000000005
4.7512083333333335
0.8778750000000001
3.061125
6.762166666666666
1.2411041666666667
7.295000000000001
3.2706041666666663
5.743166666666667
4.81775
4.5779375
7.603854166666667
7.758479166666667
6.866416666666666
2.8083541666666663
5.71075
10.09225
2.1254375
9.079125
14.231875
14.323208333333332
8.094
11.868416666666667
13.648000000000001
12.289708333333332
11.7680625
9.084833333333334
13.437604166666665
3.8836875
8.4404375
6.875895833333334
4.179395833333333
8.426874999999999
1.7009375
0.021750000000000002
0.028333333333333335
5.502270833333333
0.41683333333333333
3.5197500000000006
1.1138958333333333
9.648479166666666
11.730645833333332
8.737729166666666
4.994354166666667
10.617333333333333
9.0633125
1.398875
4.914645833333333
1.5672083333333333
1.92425
2.176458333333333
3.3643541666666668
5.255833333333333
10.249333333333334
11.7451875
8.056229166666666
9.7619375
8.0754375
10.185729166666667
3.232041666666667
10.571895833333334
8.747729166666668
2.1291666666666664
2.3655833333333334
6.128875000000001
5.565791666666667
5.464916666666666
0.783
6.9348125
8.927583333333333
7.551708333333333
11.028020833333334
8.809270833333334
5.5134583333333325
1.2862083333333334
2.755854166666667
9.334395833333334
9.45825
8.497562499999999
2.7956874999999997
7.298520833333332
10.66475
9.0714375
10.153666666666666
7.461562499999999
7.741291666666666
8.101125000000001
7.401270833333332
8.427041666666668
8.970770833333333
7.402291666666667
7.4048124999999985
9.524583333333332
7.885916666666667
5.914270833333333
7.2644375
2.6746458333333334
6.7994375
1.6140625000000002
6.1875
7.446166666666667
6.495270833333333
7.207666666666667
0.4837916666666667
0.042604166666666665
4.6459375
2.236875
4.584520833333333
1.2443958333333331
0.5515416666666667
0.0
0.0155625
0.0
0.018645833333333334
0.32125
0.7211666666666666
0.0
0.20116666666666672
1.8172291666666667
4.774729166666667
0.0
1.4750833333333333
3.3442291666666666
5.630479166666667
6.578416666666667
3.7712083333333335
0.118125
0.010375
3.0623124999999995
3.2224583333333334
0.0
0.022500000000000003
0.18212499999999998
0.0
2.307166666666667
0.7550833333333333
6.273979166666666
0.0
0.0918125
2.333625
8.193395833333334
7.5566875
0.0
3.7761041666666664
0.5702083333333333
5.8494166666666665
1.96375
0.005208333333333333
1.0623125
0.3239583333333333
0.29354166666666665
1.0666458333333335
0.0
5.667458333333333
5.7714791666666665
2.6406875
0.016229166666666666
0.4817291666666667
0.0
6.262687500000001
0.3031875
0.0
0.057125
1.368875
0.15002083333333335
5.156666666666666
4.086208333333333
0.16770833333333335
0.09920833333333334
0.1653125
0.0
0.0
0.0
0.0029583333333333336
0.031166666666666672
0.006541666666666667
0.0
0.0
0.0
0.0
0.0
1.1732916666666666
0.004854166666666667
1.117875
0.0
1.1943124999999999
0.0024583333333333336
0.023604166666666666
0.2574166666666666
0.0
0.0
0.0
0.034375
3.9558125
0.55225
3.260333333333333
4.337541666666667
0.06122916666666667
0.0
0.46504166666666663
0.0
2.2485625
3.484375
0.5937083333333333
0.0015833333333333333
1.1289583333333335
0.0155625
0.06845833333333333
0.005520833333333333
0.4546666666666666
0.0
0.18027083333333335
0.0
2.580416666666667
0.42422916666666666
3.9258541666666673
0.0
0.0
2.4205625
3.4168125000000003
0.0
0.0
0.0
0.0
0.24075000000000002
1.3544791666666665
1.170875
0.01970833333333333
0.5302083333333333
0.0
3.1911875
0.0
0.22495833333333337
0.03877083333333333
1.6904166666666665
0.0023958333333333336
0.018875
0.5560624999999999
0.025958333333333337
4.411708333333333
3.515083333333333
2.0569375
8.05275
6.852854166666667
6.715208333333334
0.12283333333333334
0.0
6.394708333333334
7.6474375
8.633458333333335
7.4386875
6.693520833333333
0.0
0.04747916666666666
3.0097500000000004
0.09866666666666667
0.945875
4.934
3.612166666666667
6.4424375
0.010375
1.5171874999999997
0.14920833333333333
4.164291666666666
0.016979166666666667
2.045833333333333
8.936125
8.544104166666665
1.686625
0.09404166666666668
5.144770833333333
2.0618958333333333
0.025958333333333337
0.06372916666666667
0.31666666666666665
0.5573125
5.2745
5.514604166666667
1.4462083333333335
4.303208333333333
0.0012708333333333332
2.6622291666666666
1.3976250000000003
5.661437500000001
0.0
0.8591666666666665
0.11704166666666667
0.0
2.175875
1.2610208333333333
3.6613124999999997
3.7140833333333334
3.572354166666667
0.0008125000000000002
0.13618750000000002
0.0
0.829875
0.011729166666666667
5.2851875
0.0006875000000000001
0.11164583333333333
9.787083333333333
8.235645833333333
5.2569791666666665
4.283416666666667
9.517125
0.8603958333333335
4.245333333333333
10.345562500000002
1.992145833333333
6.997583333333334
6.7669375
4.4290416666666665
10.708416666666666
6.329541666666667
10.1576875
0.49589583333333337
3.739645833333334
2.1060833333333338
1.8204375
8.918895833333332
10.134020833333333
0.004666666666666667
3.6075
4.408666666666666
0.5154166666666666
4.333020833333333
1.242625
0.13249999999999998
4.679541666666666
1.0402708333333333
4.756020833333333
6.292791666666666
8.9820625
3.7539583333333333
11.246479166666665
4.8031041666666665
0.15845833333333334
0.0008125000000000002
0.0
0.0
0.45770833333333333
0.0024583333333333336
1.4233333333333336
1.7091666666666665
2.6709791666666667
11.071895833333334
2.1103541666666668
6.002291666666667
7.7912083333333335
10.2845625
4.107708333333334
7.546020833333333
13.953312500000001
13.511583333333334
3.1694166666666668
1.5574999999999999
7.4969583333333345
8.442124999999999
2.1411041666666666
2.3157291666666664
6.384
0.2685416666666667
2.5130625
2.561541666666667
13.301208333333333
14.248937500000002
8.694395833333333
13.928125000000001
13.959208333333335
9.541375
5.934437499999999
3.1169375
0.297375
5.315833333333333
0.1315
0.5721458333333334
0.4138541666666667
9.588062500000001
8.118395833333333
13.0665
12.306520833333332
5.8754791666666675
6.710249999999999
5.956708333333334
12.355666666666664
13.727812499999999
12.746499999999997
13.734979166666667
10.795604166666665
2.98725
9.873062500000001
8.494291666666667
10.988666666666667
6.770979166666667
1.3324583333333333
6.722979166666666
12.4946875
13.806520833333332
12.938166666666666
0.9153541666666666
8.956999999999999
9.709791666666666
5.743875
7.094374999999999
1.7483541666666669
10.240520833333333
12.427479166666666
5.979833333333333
7.800479166666666
1.09125
0.7166458333333333
0.0
1.1763333333333332
7.3522083333333335
10.553270833333334
10.987208333333333
9.120833333333334
4.919770833333334
8.884604166666668
2.8632916666666666
1.067
12.101916666666668
8.3719375
6.759458333333332
9.448
10.705708333333334
9.814145833333333
8.439020833333332
2.41
6.268958333333334
1.8749583333333335
10.146354166666667
10.19325
10.162562500000002
8.1174375
11.722104166666666
11.428291666666667
11.357083333333334
3.395604166666667
5.762645833333333
5.890708333333333
4.6284374999999995
9.956145833333334
4.2003125
6.133520833333333
10.287583333333332
0.10162500000000001
0.014583333333333335
3.091979166666667
0.0006875000000000001
2.0092499999999998
0.19414583333333335
4.7414375
5.4310625
6.706520833333333
1.8413125
0.4326041666666667
8.131458333333333
0.3076875
3.7335000000000007
7.199979166666666
6.693083333333334
7.983937500000001
7.661333333333332
9.533416666666666
7.4667916666666665
5.495958333333333
0.1894583333333333
9.0119375
0.06237500000000001
0.7666458333333334
7.2718750000000005
5.184
1.5302916666666668
2.1129583333333333
0.48962500000000003
5.1695625000000005
0.0006875000000000001
1.8680833333333335
0.6849374999999999
8.793687499999999
2.119875
4.16225
0.018104166666666668
1.1450416666666667
0.005208333333333333
0.031166666666666672
0.8803958333333334
3.6621458333333337
3.150270833333334
5.453645833333334
5.099520833333333
4.305479166666667
4.5889375
4.496458333333334
1.4829999999999999
2.8822916666666667
4.836229166666667
0.048875
0.44227083333333334
0.0023958333333333336
5.105041666666667
1.1690625
4.697583333333334
1.3105833333333334
4.5988541666666665
4.698895833333333
3.534708333333333
1.0217500000000002
0.044062500000000004
7.340354166666667
5.285791666666667
7.683520833333333
0.0
0.0
0.0
0.059895833333333336
0.017416666666666667
0.0
2.08175
2.8347083333333334
4.9433125
4.6124583333333335
0.0
0.006354166666666667
0.2755208333333333
0.0
1.5466666666666669
0.5736249999999999
2.4453750000000003
2.2024791666666665
5.735041666666667
5.962083333333333
5.659229166666666
0.0328125
0.5789791666666667
0.0
0.0008125000000000002
0.010375
1.6326875
0.042520833333333334
0.031166666666666672
2.7980208333333336
5.057541666666666
2.33575
0.0
1.6683333333333332
0.2803333333333333
2.2068541666666666
0.0
0.022250000000000002
1.4860208333333336
0.0
2.719208333333333
0.29035416666666664
0.0
0.010375
0.03779166666666667
0.048125
0.3040416666666667
0.0
0.3071875
0.0675
0.2008541666666667
0.8037083333333334
0.017708333333333333
0.0
1.3372499999999998
0.2735
0.207125
0.0
0.0
0.0
0.0
0.34170833333333334
2.779958333333333
3.057729166666667
0.22168749999999995
3.905291666666667
3.7113541666666663
0.012687499999999999
2.8123333333333336
0.571625
0.0155625
2.1369583333333333
0.11897916666666668
0.0
1.0257708333333333
0.6557708333333333
0.06895833333333333
0.0
0.0
0.5185624999999999
0.0
0.17089583333333333
0.7281458333333332
0.0
2.823333333333333
0.0
0.17156249999999998
0.006854166666666667
0.0
8.499125
0.8879791666666668
6.117729166666667
7.605333333333334
6.9579375
7.806
6.733708333333333
7.222395833333334
6.184958333333333
4.058604166666667
0.0006875000000000001
0.2208125
0.06237500000000001
0.0
0.0754375
0.0008125000000000002
0.9397291666666666
7.904645833333333
5.276708333333334
0.0
0.6493958333333333
8.073458333333333
0.0
3.0305
0.06054166666666668
6.8011875
2.9402291666666667
4.8941875
8.231833333333334
1.7308125
0.017395833333333333
4.350666666666666
7.728750000000001
0.5684583333333334
2.8888541666666665
4.771333333333334
7.0715625
8.735104166666666
8.22475
8.079020833333333
7.597229166666666
3.8853125
0.99675
1.7093749999999999
3.318520833333333
0.12964583333333332
0.3144166666666666
0.979625
1.7329999999999999
0.0
0.0
0.0
0.10102083333333334
2.5147708333333334
0.5157708333333333
0.010375
0.2715
0.5825416666666666
1.9046874999999996
1.9338125000000002
0.0
8.5144375
10.273729166666667
9.9745625
1.6438750000000002
3.03175
10.826729166666667
11.851437500000003
7.699083333333334
11.852020833333333
8.368854166666667
11.657937499999997
11.861458333333333
12.230166666666667
11.892895833333332
11.808791666666666
3.5529375
12.320770833333333
2.397375
1.2041250000000001
4.809770833333333
0.169625
6.265270833333333
0.5382708333333334
1.7290625000000002
2.5193541666666666
4.616291666666666
4.2448749999999995
0.7181041666666667
2.4916875
0.0
0.0
0.016416666666666666
4.727479166666666
4.263145833333334
4.928979166666667
7.103625
6.485208333333333
4.827458333333333
0.0
0.9015208333333332
1.002875
0.005208333333333333
0.7304166666666667
3.515833333333333
0.4955416666666667
0.0
2.963708333333333
1.067375
3.8338750000000004
10.913229166666667
6.252916666666667
4.299604166666666
0.0020625
4.881958333333333
0.0
4.078541666666666
2.2070833333333333
0.5860416666666667
8.504291666666667
5.530895833333333
12.8163125
7.702854166666666
0.4395833333333334
0.010375
0.0
0.8729374999999999
10.407020833333334
13.957166666666666
13.776791666666668
6.343145833333334
6.816791666666667
9.279145833333333
2.9353124999999998
0.39445833333333336
0.3776458333333333
6.613645833333334
0.466625
3.3138958333333335
5.623395833333333
13.607999999999999
2.4262083333333337
1.0853958333333333
0.006541666666666667
0.044041666666666666
4.528104166666666
9.400187500000001
13.912520833333334
14.218812499999999
12.235729166666665
11.2989375
12.001083333333332
5.1025625
1.7701041666666668
1.656020833333333
1.8572916666666668
0.011020833333333334
0.0
3.319354166666667
0.22629166666666667
4.066624999999999
3.064833333333333
10.3164375
10.022395833333333
12.219666666666667
0.7548541666666667
0.6802916666666666
0.21420833333333333
7.7828333333333335
12.39325
10.954666666666668
0.005937500000000001
5.7691875
9.852125
1.9080833333333331
4.492958333333333
2.0780416666666666
6.311416666666666
6.841875000000001
0.10556249999999999
0.0
0.0
2.5848333333333335
3.368895833333333
5.7714375
7.872333333333334
6.028958333333333
6.655916666666667
7.247125
7.320354166666665
6.778499999999998
8.222291666666665
11.852041666666665
11.860645833333335
9.586125000000001
0.07791666666666668
3.5364375
6.200270833333332
7.658854166666667
7.6658125
4.4855624999999995
5.565770833333333
7.606812499999999
7.480291666666666
3.5698333333333334
0.8380208333333333
0.6139374999999999
0.0
0.0020625
0.02075
0.0
1.3951666666666664
0.0
0.32595833333333335
3.169291666666666
4.291354166666667
0.0
0.0
0.02075
0.5032083333333334
0.04435416666666667
1.6384583333333331
3.5598750000000003
2.4523541666666664
0.7107291666666665
0.7690833333333332
0.9505833333333333
0.007291666666666668
4.923333333333333
3.2766458333333333
6.046020833333333
0.7268333333333333
2.2318124999999998
0.0
3.2976458333333336
2.7868541666666666
3.8754375000000003
0.4021875
5.1278749999999995
2.917375
0.019145833333333334
0.0020625
0.12760416666666666
3.563541666666667
0.3130833333333333
0.04579166666666667
3.6003749999999997
5.003208333333333
6.683083333333333
1.7456249999999998
0.25814583333333335
2.2265833333333336
4.653125
0.0
0.005208333333333333
1.6462500000000002
0.45147916666666665
2.541395833333333
5.541625000000001
2.8518749999999997
0.043854166666666666
5.842625000000001
4.187791666666667
4.6539166666666665
0.4265833333333333
1.6320208333333335
0.15339583333333334
2.7832500000000002
3.76525
1.0034166666666666
0.06614583333333333
0.6495208333333333
0.056666666666666664
2.1713541666666667
6.439875000000001
3.325625
4.711791666666667
0.031625
0.023083333333333334
0.0
0.0
0.1653125
0.0171875
0.0
0.0
1.3305208333333332
1.0136875
0.40595833333333337
0.5313958333333333
0.16691666666666669
2.3669166666666666
2.7251041666666667
3.1703125
1.9170416666666668
1.2799583333333333
0.16997916666666668
0.0
0.1039375
0.3040625
0.193125
0.1298541666666667
0.7732083333333334
0.0
0.041541666666666664
0.5924375000000001
0.6052708333333333
0.0008125000000000002
0.118125
0.056666666666666664
0.0
0.0
1.4666249999999998
0.0
2.820979166666666
0.20908333333333337
0.004666666666666667
5.7071875
0.0
0.0728125
0.0
0.0
0.08545833333333334
1.8362708333333335
1.5735208333333333
0.0
0.0
1.0270416666666666
0.8644374999999999
2.240979166666667
3.3203125
0.04679166666666667
4.1395
0.0
2.4847916666666663
2.2805416666666667
0.0155625
4.923854166666666
4.4597291666666665
0.05352083333333333
0.13877083333333332
0.0
1.7843541666666667
0.0
0.0033125
0.004854166666666667
0.0
1.202
1.9860624999999998
0.0
0.0961875
5.044770833333334
5.2017291666666665
0.023604166666666666
3.1452708333333335
0.0
0.0040625
0.5343541666666667
6.635979166666668
7.756854166666666
8.476229166666668
0.9289791666666667
6.260833333333333
0.0
0.0
5.696583333333334
6.684270833333334
7.194958333333333
7.474666666666667
4.9528125
8.721895833333333
5.823541666666666
6.364583333333333
7.949833333333333
8.61125
5.725770833333333
0.010895833333333332
1.4626458333333332
4.8520625
5.092958333333333
3.2749583333333327
0.07779166666666666
3.5392083333333333
4.2588125
2.843479166666667
0.0015833333333333333
3.9946875
0.7142083333333334
0.07791666666666668
0.4546666666666666
0.0
3.3374166666666665
0.6667083333333333
0.047499999999999994
0.0
7.631479166666668
5.204020833333334
0.3027916666666666
2.025729166666667
0.010375
0.0
0.0
0.2949583333333333
0.017208333333333336
5.432708333333333
2.4860416666666665
4.012687499999999
1.5954166666666663
3.297354166666667
0.6086874999999999
0.0006875000000000001
6.400708333333333
0.02802083333333333
0.856375
0.3706666666666667
0.0015000000000000002
2.468458333333333
5.4431458333333325
8.2301875
3.605770833333333
3.075583333333333
4.989
5.4076458333333335
1.3756458333333335
2.7007083333333335
3.3502291666666664
0.20010416666666667
3.8443541666666667
0.29116666666666663
4.0941875
0.0
8.283625
10.974937500000001
10.604687499999999
10.339833333333333
9.082916666666668
0.8563124999999999
3.9573125000000005
10.190375
0.0806875
4.042583333333334
0.009833333333333335
3.7016666666666667
1.4279374999999999
10.245958333333334
1.5116458333333334
0.7970416666666665
2.8713125
0.4318125
3.8346250000000004
11.075916666666666
2.4062083333333333
8.694999999999999
4.5445
0.6378750000000001
2.811166666666667
5.384833333333334
4.716875
11.630125
3.098104166666666
10.117104166666666
12.337395833333334
12.595250000000002
5.263208333333333
4.452
3.4471875
0.0015833333333333333
0.2490416666666667
5.543958333333333
12.252166666666668
13.560145833333332
10.5688125
0.8352708333333334
0.0
10.590187499999999
11.253062499999999
12.139125
12.176812499999999
14.897833333333333
13.957166666666666
6.301937500000001
7.060020833333333
6.104041666666666
1.3077500000000002
3.5470208333333333
2.597875
2.913020833333334
2.196625
0.06281250000000001
1.9165208333333332
6.428208333333333
4.065520833333333
0.4638333333333333
4.761479166666667
3.227291666666666
0.0
2.48775
3.7998125000000003
4.978229166666667
4.484270833333333
0.3286875
0.018916666666666665
6.126416666666667
0.20514583333333333
0.014124999999999999
7.8191041666666665
2.8244791666666664
10.723229166666668
12.678354166666665
14.144499999999999
14.13872916666667
7.474104166666666
12.872958333333335
1.3807291666666668
1.9820416666666667
1.3528541666666667
2.080604166666667
6.318604166666667
12.707583333333332
12.725645833333333
9.318937499999999
8.624979166666668
12.663291666666666
10.851333333333335
8.634187500000001
6.432333333333333
8.737958333333333
0.043250000000000004
1.01625
10.863229166666668
12.912937499999998
2.7944583333333335
8.079333333333333
5.107187499999999
1.4067291666666666
11.6300625
3.1271875
2.2087083333333335
3.0064166666666665
5.358499999999999
6.675833333333333
5.495770833333332
0.06104166666666666
3.0864166666666666
2.791583333333333
9.653104166666667
5.359958333333334
9.061770833333332
1.748125
4.209854166666667
10.687437500000001
8.2269375
3.6996458333333333
3.735375
2.6967499999999998
0.746625
8.640354166666667
5.430791666666667
5.862291666666668
8.636770833333333
6.362020833333333
0.32577083333333334
8.58425
7.042833333333333
10.575729166666667
9.755979166666668
10.317520833333333
7.8696875
6.568791666666667
8.661729166666667
1.7219791666666666
2.0585416666666667
0.19702083333333334
5.947041666666666
4.728270833333333
0.0
6.690020833333333
8.506625
7.419395833333333
4.983958333333334
5.7576875
1.6829375000000002
0.5868125
1.0795000000000001
0.0
7.657958333333333
9.126770833333333
3.6448750000000003
6.2921458333333335
1.4477916666666666
3.422125
5.662583333333333
5.423541666666666
6.272499999999998
6.3964583333333325
6.307312499999999
7.757854166666665
6.315625000000001
7.820666666666667
1.30425
6.9175208333333345
8.051125
2.1578541666666666
1.4019583333333332
0.017958333333333333
2.2921666666666667
3.595520833333333
1.2325416666666666
0.81575
6.473229166666667
5.495833333333334
3.0822708333333337
1.5521250000000002
0.13220833333333334
0.0
0.0
3.7737499999999997
5.181520833333333
5.583520833333334
2.2593541666666668
8.426729166666666
8.040354166666667
7.489562500000001
5.799104166666667
2.4730000000000003
0.21016666666666664
6.005333333333333
0.18422916666666667
0.0
0.005208333333333333
0.672125
3.7982291666666668
4.775541666666666
0.0
2.6946041666666667
0.04747916666666666
0.007125
0.0139375
0.553875
1.7445208333333333
0.2803333333333333
2.2845208333333336
1.7255416666666665
3.0072916666666667
2.8083750000000003
3.948020833333333
0.006187499999999999
0.0
0.0
0.0
0.005750000000000001
0.0015833333333333333
0.0023958333333333336
0.29243749999999996
0.8330000000000001
0.0
1.0955000000000001
3.219958333333333
0.0
0.0
0.0006875000000000001
2.664145833333333
0.008520833333333333
7.157604166666666
2.192270833333333
0.0015833333333333333
0.0155625
0.0
0.8460833333333332
0.004854166666666667
1.6674166666666668
0.031104166666666665
0.0
0.0
0.0
0.0
0.0
0.39491666666666664
0.0
0.7661666666666668
6.1803333333333335
2.236458333333333
2.0475625
0.0
0.0
0.0
0.0
0.02675
2.259541666666667
5.440770833333333
0.19383333333333333
0.0
0.1969375
2.0265833333333334
0.0
0.25314583333333335
2.392520833333333
0.0006875000000000001
0.14479166666666668
0.014520833333333335
1.130625
0.026645833333333337
0.18306250000000002
0.15372916666666667
0.005354166666666667
0.19058333333333333
1.7972708333333334
0.0
0.0
0.5709375
0.0
4.279354166666667
0.0
0.975625
1.338
5.837208333333334
1.2948333333333333
0.5521458333333333
3.2489166666666667
0.0
0.005354166666666667
0.047625
0.0
0.0
0.01597916666666667
1.034375
0.1973125
7.28725
2.2520000000000002
0.1625625
0.0
6.455854166666666
7.102916666666666
3.2577708333333333
1.0633541666666666
4.637687499999999
0.7327499999999999
3.8317083333333333
0.07879166666666666
0.0
3.02125
7.1343958333333335
4.1283125
6.5199375
1.0947500000000001
3.855604166666667
8.3460625
8.279
3.153354166666667
0.37614583333333335
1.0915208333333333
0.3539791666666667
0.0
0.0
0.0
0.5605625
0.0719375
0.004812500000000001
0.18135416666666668
0.0
0.0
0.0
0.0
0.7137916666666667
5.157625
5.4230625
6.610729166666666
9.491125
2.2954166666666667
3.8524374999999993
0.9748749999999999
1.530375
0.0
9.254666666666667
1.7861458333333333
0.0
0.7472291666666667
3.5229999999999997
1.9941666666666666
2.127083333333333
7.990708333333333
6.024708333333334
0.0
0.0
0.0
1.5359999999999998
1.6680416666666666
0.2881666666666667
0.2178125
0.0
4.999625
4.390416666666667
5.428583333333333
0.3768125
5.299541666666667
3.9965833333333336
1.9102708333333334
1.4158749999999998
2.5490833333333334
1.997
3.765395833333333
0.7196041666666666
1.9693541666666665
1.8090625000000002
4.581708333333332
0.47022916666666664
5.889770833333333
2.1874583333333337
6.282895833333334
2.154333333333333
10.482833333333334
11.199041666666666
12.276000000000002
3.4879583333333337
5.881104166666667
4.094041666666667
2.3006041666666666
5.792020833333333
7.0250625
0.0
4.642645833333334
10.955354166666666
8.1205625
1.0765208333333331
2.5148958333333336
10.006458333333333
10.725020833333334
3.908208333333333
3.0992083333333333
4.3145
1.0917916666666667
7.285770833333333
10.0894375
3.6278958333333335
13.211166666666665
13.429708333333332
8.919625000000002
2.711
0.8274583333333334
0.06152083333333333
4.510416666666667
4.267291666666666
3.2405416666666667
6.351229166666667
3.5361458333333338
4.525708333333333
0.0013125
0.0
0.2551666666666667
12.42977083333333
14.335604166666668
0.5276666666666667
1.0946875
4.094708333333333
11.121458333333335
13.839312499999998
11.0386875
9.786145833333334
0.58575
6.755520833333333
9.300395833333333
9.979479166666666
13.547979166666664
5.799166666666667
7.270104166666667
9.836604166666666
13.9035625
14.512833333333333
14.228666666666667
14.113437499999998
14.719916666666668
13.454229166666666
13.029937499999997
11.080645833333334
10.648875000000002
7.929645833333335
0.11545833333333333
4.644125
3.816770833333333
6.354916666666667
1.5030208333333335
8.406437500000001
9.507125
3.1715416666666667
11.335104166666667
6.652395833333333
10.2135625
10.335166666666668
3.2725416666666667
3.1750833333333333
9.316791666666667
2.3935208333333335
7.667291666666666
2.7690208333333337
4.5413749999999995
0.374125
2.5615
3.851854166666667
9.132916666666667
9.406395833333333
12.531395833333335
9.140333333333333
7.4409583333333345
13.407416666666668
13.225124999999998
5.295729166666667
12.373708333333331
13.403666666666668
10.536979166666667
7.950979166666666
5.963125000000001
7.199020833333333
6.265229166666667
0.0
5.2741875
6.149354166666668
5.1241666666666665
6.4488125
5.439854166666666
0.27849999999999997
0.010645833333333334
2.4646458333333334
6.586708333333333
0.01375
1.8698541666666664
0.13664583333333333
4.131041666666667
1.4875
3.1094166666666667
4.714020833333333
3.2401874999999998
0.144875
1.6166666666666665
0.03122916666666667
1.0342916666666666
1.6524583333333336
1.7601250000000002
9.529562499999999
5.937354166666668
4.895229166666667
6.323854166666667
8.6360625
6.986854166666667
8.697249999999999
0.025604166666666667
0.0138125
3.8850208333333334
0.0176875
0.0
0.0
2.5917708333333334
7.665479166666667
7.498354166666666
6.0973749999999995
7.552791666666667
3.1255
4.5526875
9.4246875
4.403854166666666
0.5838125
5.689833333333333
6.0093125
6.89875
8.5880625
5.310687499999999
3.8998333333333335
7.450479166666668
9.100645833333333
1.4541041666666665
1.4600000000000002
0.6993124999999999
2.0322916666666666
7.732916666666667
3.655979166666667
2.3345416666666665
6.889770833333334
4.777604166666667
8.269041666666666
3.8177083333333335
0.0
5.124979166666667
0.2306666666666667
0.5492916666666666
0.07854166666666666
0.0
2.3929791666666667
3.6409583333333333
0.0
1.4763958333333334
3.2910625000000002
0.0
0.06402083333333333
2.2167083333333335
0.0
0.0
2.579541666666667
0.002104166666666667
0.18841666666666668
0.0
3.4891666666666663
1.5579999999999998
0.11070833333333334
5.154625
0.035479166666666666
6.104229166666666
0.2985625
5.008041666666666
2.406458333333333
1.7430625
0.0270625
0.033374999999999995
5.976937500000001
0.0
0.8342291666666667
0.4648333333333334
0.0
2.7932500000000005
2.1264375
0.0
0.0
4.7906875
0.20352083333333335
0.307
3.6955000000000005
0.19502083333333334
0.0
1.0117708333333335
2.64075
6.511333333333333
0.0
0.006354166666666667
3.670458333333334
1.3056041666666667
4.235854166666667
0.0698125
0.0
2.0247916666666668
1.5283749999999998
0.0
2.9424166666666665
0.09158333333333334
0.0
0.0
0.04797916666666666
0.0
2.3509583333333333
0.7377083333333333
0.08183333333333333
0.0
0.0
0.9475416666666666
0.0
0.0
0.0
0.0
0.0
0.2962916666666667
4.051708333333333
0.021354166666666664
0.034083333333333334
0.10235416666666665
3.5684583333333335
2.9359791666666664
0.0
0.0
4.65875
0.0
0.19995833333333332
3.7627291666666665
0.0
0.0
0.0
0.16375
0.08908333333333333
0.20220833333333332
0.19981250000000003
0.0
0.0
0.0
0.0
0.0
4.601020833333333
0.37374999999999997
6.139125
7.214812500000001
6.557208333333333
7.277208333333333
5.862125
4.698354166666667
0.0
0.0
0.0
1.2599375000000002
0.0
0.0
0.0
1.9446875
0.16820833333333332
0.01639583333333333
0.005354166666666667
0.0
0.0
0.010645833333333334
0.0
1.0154166666666666
0.0
0.0
0.8167083333333335
4.706125
8.409895833333334
7.4805833333333345
0.0
0.0
0.0
0.0
0.0
5.524166666666666
6.8968750000000005
7.7037708333333335
6.4001875
8.502145833333335
7.563645833333332
3.1312083333333334
9.092395833333333
7.692541666666666
8.688041666666667
6.878583333333334
9.265645833333332
4.4781249999999995
0.660625
0.0
0.053291666666666675
0.005354166666666667
3.860416666666667
4.254479166666667
2.5290625
0.0
0.0
0.0
7.852354166666667
0.955625
4.070916666666666
4.838375
4.721479166666666
3.0813124999999997
2.3709374999999997
0.042666666666666665
9.866854166666668
0.0
5.829562499999999
3.525604166666666
7.664750000000001
6.092937500000001
0.042666666666666665
1.308625
5.193458333333333
1.4113541666666667
1.3700833333333333
6.862145833333334
0.4704375
0.0
7.222041666666667
8.0693125
6.162895833333333
7.426041666666667
1.86775
10.367750000000001
10.834208333333331
11.606020833333332
7.6590625
10.592270833333332
12.640562500000001
13.035124999999999
12.4493125
0.5657083333333333
3.6385416666666672
5.24875
3.2575416666666666
0.0
0.06933333333333334
0.25043750000000004
8.045625
11.909541666666668
10.902541666666666
6.837062499999999
6.1191249999999995
0.005354166666666667
6.425124999999999
4.532479166666667
2.0498958333333333
6.272479166666667
9.914104166666666
1.4483125000000001
5.541729166666667
3.9466875
1.8158124999999998
0.49058333333333337
2.044791666666667
4.988645833333333
10.429895833333333
11.887125000000003
5.000604166666666
7.5886458333333335
0.0
0.0061666666666666675
0.4805625
5.706104166666667
0.13168749999999999
0.4131458333333334
3.7704375
4.050458333333333
1.5235625
7.642729166666666
3.377916666666667
7.95475
9.718041666666666
5.659999999999999
0.41170833333333334
0.8875833333333333
3.5254375000000002
0.0
1.8553125000000001
6.486666666666667
0.005208333333333333
1.0292708333333334
0.5741875
5.713562499999999
4.4723125
2.8159166666666664
1.1373333333333333
2.179770833333334
1.6681249999999999
9.144166666666665
2.0086041666666663
12.476104166666667
12.3839375
1.5100833333333334
2.2257916666666664
4.434208333333333
8.648208333333335
14.649166666666668
14.811479166666667
10.335312499999999
0.012187499999999999
8.556270833333334
9.452354166666666
11.844958333333333
7.874145833333333
7.081416666666667
12.787916666666666
9.848666666666666
4.414916666666667
3.6237291666666667
3.665625
9.852583333333333
3.956645833333333
4.10675
4.402583333333333
6.742604166666666
6.0363541666666665
3.590458333333333
5.129104166666667
0.8875416666666668
0.20979166666666668
0.495875
3.0639791666666665
0.10264583333333334
2.263520833333333
0.8611458333333334
1.3505
8.036354166666667
6.890041666666668
6.9995625
6.2725
9.006729166666666
0.48756249999999995
1.7517916666666666
7.522083333333332
2.6821249999999996
3.2950000000000004
3.9888541666666666
3.4497916666666666
0.5406666666666666
9.7069375
0.5818958333333333
2.7617708333333333
6.3520625
9.611749999999999
10.898083333333332
1.1564166666666666
3.647104166666667
0.3232291666666667
2.153916666666667
2.1815833333333337
0.7701041666666667
0.11816666666666668
2.3543333333333334
6.726354166666667
9.743895833333333
6.535729166666667
8.640395833333335
7.519208333333334
1.7345208333333335
5.334041666666667
1.8802500000000002
7.206666666666667
7.391645833333333
2.495875
4.504874999999999
5.336104166666668
0.04822916666666668
0.5911875
3.608083333333333
5.595020833333334
4.425145833333334
0.3140833333333333
3.9994375000000004
2.3511875
6.529812500000001
3.914520833333333
1.4377708333333334
4.1149375
5.898291666666666
1.457375
4.174833333333333
3.5238125000000005
0.33727083333333335
6.317374999999998
8.491895833333333
7.827208333333334
8.707749999999999
2.4789583333333334
1.7219791666666666
5.5873125
6.2497500000000015
0.5334166666666667
8.995083333333334
8.345520833333333
1.8183958333333337
0.0
0.5769166666666666
3.776666666666667
0.0
0.5892916666666667
0.5777916666666667
3.216270833333333
6.978020833333333
3.8045833333333334
0.0055000000000000005
0.004812500000000001
0.06989583333333334
0.0
2.5825625
6.40875
3.1439583333333334
0.8346874999999999
0.3070833333333334
3.8314583333333334
1.8644375
0.0
0.0
0.0
0.8411874999999999
2.012916666666667
0.1396875
0.14529166666666668
0.17095833333333332
0.14175
0.021354166666666664
0.5085833333333333
0.7437291666666667
1.5703333333333334
0.03266666666666667
0.8150416666666667
0.3959791666666667
0.10177083333333332
0.2913333333333333
0.0
0.18377083333333336
0.7644166666666669
0.0
0.0006875000000000001
0.03616666666666667
0.0
0.18300000000000002
0.0
0.00725
0.0
0.03852083333333334
2.8327916666666666
0.03727083333333333
5.184916666666666
0.8287291666666666
1.0866875
0.0024166666666666672
2.5887291666666665
2.8965833333333335
5.244791666666667
0.0
0.8018124999999999
0.0
2.761208333333333
0.0698125
0.02408333333333333
0.0
0.0
0.0
0.09158333333333334
0.0
0.0
1.3518958333333335
0.180625
0.3680833333333333
0.0
0.0
2.1356041666666665
0.0
0.0
3.430604166666667
0.09158333333333334
0.31625
0.0
0.022000000000000002
0.09364583333333332
0.0
0.21943749999999998
0.23714583333333336
3.87425
5.043708333333334
0.0
2.012208333333333
1.56025
5.15375
1.0804166666666666
0.0
0.004916666666666667
0.0
0.31364583333333335
0.19925
0.16252083333333334
0.0013125
1.1485833333333333
1.5270416666666666
0.0
0.52775
0.20529166666666665
2.56
0.0
1.89325
0.2325
0.18987500000000002
0.0
2.035395833333333
1.3463541666666667
0.5785208333333333
0.09599999999999999
0.5217916666666667
3.2003125000000003
0.9642291666666667
0.0
0.46449999999999997
1.3335833333333333
0.0
4.433125
8.2725625
8.630291666666666
6.866208333333333
0.018500000000000003
0.0
0.5162708333333333
2.3917291666666665
0.010645833333333334
3.6718125
3.44225
0.2760625
0.4003333333333334
0.0
0.0
1.9627916666666667
1.3458541666666666
0.3173333333333333
4.4971875
0.0
0.0013125
5.8038333333333325
0.192875
0.2913333333333333
3.6573333333333333
6.523291666666666
0.0
1.8426875
2.267145833333333
0.0
0.6986041666666667
0.0
1.3240208333333334
3.7267499999999996
6.2145
2.9053958333333334
0.3821666666666667
0.285
1.4889374999999998
0.19383333333333333
1.5165625
0.0035833333333333338
3.068208333333333
0.31654166666666667
2.933375
0.0
2.2702291666666667
0.18306250000000002
0.0
6.174250000000001
8.10575
2.2249375
0.0
4.0891875
1.8132083333333335
0.0
0.016520833333333335
10.431125
10.8618125
6.582354166666666
5.6810625
10.912125000000001
7.401229166666666
11.565083333333334
0.026479166666666665
5.52775
9.932479166666667
4.920604166666666
7.472479166666667
8.324583333333333
9.979020833333333
13.110166666666666
12.152708333333331
11.273104166666664
5.678833333333333
0.0
4.688312499999999
3.3394999999999997
7.429104166666666
3.292520833333333
2.7934375
7.964854166666666
7.343812500000001
12.710625
9.098458333333333
0.0
4.988520833333333
11.666645833333334
13.535770833333336
12.729583333333332
12.903583333333335
6.742770833333334
7.674166666666667
0.8842291666666666
3.4000833333333333
0.31468749999999995
0.0251875
2.2706666666666666
7.325062499999999
6.919645833333334
12.963208333333332
5.106770833333333
8.122958333333333
12.3924375
7.040708333333334
5.575500000000001
5.138645833333333
7.2244375000000005
4.467770833333334
4.336229166666667
2.1594374999999997
3.285604166666667
4.441770833333333
0.9401458333333332
0.021354166666666664
3.0566250000000004
0.46270833333333333
3.358166666666667
7.325500000000001
0.3238958333333333
3.2116458333333333
14.502104166666667
14.8064375
11.453666666666669
8.392479166666666
9.410541666666665
10.444666666666667
3.87375
0.0
2.734833333333333
0.4996041666666667
0.18695833333333334
0.0024166666666666672
0.0
1.6894583333333333
2.901291666666667
3.401729166666667
8.368541666666667
5.763062499999999
3.482666666666667
7.4582291666666665
2.1938541666666667
11.360291666666669
6.545854166666667
7.232833333333333
9.8550625
5.5123541666666656
7.836479166666667
13.820791666666667
8.991333333333333
6.118916666666667
4.073
4.315
0.9441041666666665
0.01597916666666667
0.10210416666666666
0.8635625000000001
0.3971458333333333
6.996312499999999
0.7938958333333334
3.627166666666666
10.5274375
2.9018541666666664
12.544458333333333
11.937479166666664
9.411145833333334
9.984229166666667
3.6289166666666666
10.171333333333333
9.491791666666666
12.514458333333332
0.9212916666666667
4.700208333333333
6.838229166666667
9.153583333333334
6.1894375
12.813520833333333
8.613229166666665
8.26825
5.847895833333332
6.808020833333333
6.558395833333333
11.380791666666667
13.291374999999997
11.906333333333334
9.741770833333334
11.401541666666667
12.533458333333334
3.9855208333333327
1.2412291666666668
5.9234583333333335
1.5423749999999998
6.043833333333333
5.203
3.566854166666667
3.454583333333334
0.01985416666666667
8.343770833333332
8.240958333333333
4.5665000000000004
9.219375
4.446666666666666
2.297520833333333
1.6901666666666666
6.002854166666668
0.006124999999999999
7.445916666666666
9.247770833333334
6.10125
10.83825
9.759416666666668
1.7388124999999999
4.473166666666667
2.129166666666667
2.7431666666666668
0.6603958333333333
0.1364375
1.6976875
2.8231458333333332
0.0
0.026645833333333337
0.0
8.183833333333332
1.9899583333333333
0.3882291666666667
0.0
4.070437500000001
4.436645833333333
2.581
1.1504375
5.3624374999999995
9.448
8.4386875
1.0580416666666668
0.0
0.9216666666666667
0.026645833333333337
2.4247916666666662
3.2030208333333334
4.363520833333333
6.752749999999999
0.0
0.0
6.2449375
0.9072916666666667
0.1877916666666667
0.0
0.016833333333333332
0.11070833333333334
0.3761666666666667
0.0
0.13214583333333332
5.912416666666666
0.6932499999999999
0.0
0.0
2.0142291666666665
4.289166666666667
3.7339791666666664
5.872958333333333
3.040895833333334
1.4345208333333332
0.4408541666666667
0.6013333333333333
1.1433125000000002
8.391354166666666
8.010333333333334
3.6716874999999995
3.4187499999999997
4.021770833333334
6.627520833333333
0.0
0.0
2.8538125
1.6382291666666664
0.0
0.0
1.4014999999999997
2.0855625
0.19383333333333333
1.8147916666666666
0.0
3.812708333333333
2.308291666666667
0.0
0.005354166666666667
0.0006875000000000001
0.0
1.0391666666666668
0.0
1.0690833333333334
0.0
0.0
0.0
0.0
0.0
0.6515208333333333
1.6614791666666668
4.426020833333333
0.0
2.8558958333333333
0.0
0.0
0.5986875
0.10235416666666665
0.0
5.0291875
2.921
0.0
0.0
0.0
2.65175
0.0
0.0
0.0
0.0
0.0
0.0
0.0
0.23647916666666666
2.9946250000000005
0.18541666666666667
0.0
0.0
0.012020833333333333
1.53475
3.4265416666666666
0.27268749999999997
0.0
0.0
0.0
0.101125
0.09229166666666666
2.791916666666667
0.2846875
7.304291666666667
0.8287291666666666
0.271125
0.0
0.2746875
1.0711041666666665
2.2548541666666666
0.19020833333333334
0.5802291666666667
2.6320208333333333
0.26737500000000003
0.9496250000000002
4.763166666666667
7.0227708333333325
7.492833333333334
6.358562500000001
0.0
0.1185
0.20460416666666667
0.2354166666666667
0.21910416666666666
0.23420833333333335
2.1500416666666666
0.01597916666666667
0.11295833333333334
1.7240833333333334
2.0627708333333334
0.5973541666666667
2.6699791666666663
0.23077083333333334
0.18306250000000002
5.041479166666666
1.9984166666666667
0.0
5.775104166666666
7.194916666666667
0.0
0.0
1.6817916666666666
2.199145833333333
0.322625
0.0
0.0
3.1583958333333335
1.567020833333333
0.7647499999999999
0.7254166666666665
0.0
0.5515833333333333
2.0090208333333335
0.6042916666666667
0.12254166666666666
7.523645833333333
8.323583333333334
0.0006875000000000001
6.367812499999999
6.899875000000001
6.969916666666667
1.8412916666666668
1.5987500000000001
6.1928125
0.01597916666666667
0.0
0.18570833333333334
7.9180625000000004
2.9347708333333338
6.467166666666667
4.330895833333333
0.13845833333333332
8.712541666666667
0.0
5.754895833333333
9.46975
9.24075
7.020208333333334
0.22310416666666666
8.599916666666667
5.158770833333333
1.7086666666666668
3.6859583333333332
0.044520833333333336
0.06268750000000001
0.0
1.2752083333333333
2.6175416666666664
1.95375
7.638749999999999
0.0
9.344500000000002
3.0073125
2.4078958333333333
0.20054166666666665
0.0
0.005354166666666667
0.021354166666666664
4.752958333333333
0.9362916666666665
4.472395833333334
2.6774583333333335
0.2568958333333333
0.6741250000000001
8.827625
4.271729166666667
0.009687500000000002
0.06533333333333334
0.0013125
7.674541666666667
2.8917500000000005
11.709854166666666
4.456916666666667
8.118354166666666
11.477145833333333
8.941604166666666
7.711312500000001
9.442374999999998
12.569437500000001
13.302041666666668
0.36622916666666666
1.7664374999999997
2.1236041666666665
8.91175
3.0321666666666665
11.0320625
13.806125
12.787770833333335
12.621250000000002
12.864958333333334
11.494375
12.164937499999999
14.024208333333334
14.586875000000001
14.500375
14.3121875
13.288270833333334
9.532895833333333
13.233520833333335
8.772479166666667
6.1879375
12.162729166666665
11.6433125
4.233666666666666
0.7978541666666666
1.8449375000000001
5.643354166666666
6.503104166666667
3.5175625
5.720937500000001
7.272541666666666
11.594500000000002
2.47625
10.3058125
14.537583333333332
10.113020833333332
9.1561875
14.001687500000003
14.709145833333332
11.544375
14.036729166666667
13.767000000000001
7.1553125
0.5428125
4.762875
5.181729166666667
11.7224375
8.6965625
5.1347499999999995
2.2822291666666668
0.10077083333333332
7.301270833333334
1.586
1.0364791666666668
0.25243750000000004
1.1454583333333332
12.501583333333334
12.258249999999999
10.5096875
3.9170625
2.9265624999999997
3.9154583333333335
5.338562499999999
8.368875000000001
6.617020833333334
7.474791666666666
2.445145833333333
5.419499999999999
7.689375000000001
6.354229166666666
9.8100625
13.071395833333332
12.783604166666668
9.395041666666666
3.433458333333333
6.220958333333333
2.4391458333333333
4.783604166666667
2.6088958333333334
9.4024375
10.71583333333333
3.586895833333333
3.5974375
4.05325
0.6621250000000001
1.6260000000000001
6.483458333333334
11.907895833333335
7.651833333333333
4.856583333333333
1.4653958333333332
2.1875
8.1501875
5.668937500000001
1.3738333333333335
9.429645833333334
8.719
11.084458333333332
8.203916666666666
4.491854166666666
10.73375
11.7418125
10.274229166666666
10.747833333333332
6.026583333333334
7.426541666666666
11.491729166666666
0.03875000000000001
0.6261458333333333
2.978145833333334
0.0
1.8860416666666666
10.002916666666666
8.752979166666668
0.0749375
0.9352083333333333
0.1420625
3.9907916666666665
4.5562708333333335
9.761354166666665
6.699062500000001
10.282708333333334
9.995833333333332
2.2734583333333336
4.630541666666667
7.7257291666666665
1.5214375
3.3990208333333327
0.012020833333333333
0.40795833333333337
6.002875
9.288166666666667
5.23
7.680416666666666
6.132291666666667
6.917375
0.05781250000000001
0.0
2.402270833333333
1.914958333333333
4.1093125
4.1089166666666666
3.9886041666666667
0.38218749999999996
0.021270833333333333
1.8741458333333334
8.9706875
7.6206875
7.7251666666666665
0.10352083333333334
0.005354166666666667
0.45685416666666673
0.0
2.8188750000000002
2.4618958333333336
0.48512500000000003
0.28539583333333335
3.6310625
5.1901874999999995
4.785208333333333
8.073666666666668
5.5973749999999995
2.4890833333333333
1.4885833333333334
3.834916666666667
9.1031875
6.791250000000001
4.5158125
3.5725208333333334
3.4645208333333333
5.478333333333334
3.28025
1.9219374999999996
0.8901041666666667
0.0
0.0
3.662854166666667
0.0
2.293416666666667
2.8475625
0.18841666666666668
0.5521458333333333
1.1859791666666668
4.843770833333333
3.5455416666666664
6.6000000000000005
5.543041666666667
6.1237916666666665
6.469479166666667
1.33025
5.5166875
7.216270833333333
7.507833333333333
7.209770833333334
6.017229166666667
3.1753750000000003
3.2604583333333337
2.5636666666666668
0.0
4.816041666666666
0.0
0.0
6.052958333333333
6.5533125
6.4770416666666675
5.236291666666667
4.799520833333333
4.991833333333333
3.6051875
0.0
0.0
0.5971666666666667
0.12756250000000002
0.0
2.4798333333333336
0.0
0.0
0.0
0.10235416666666665
0.0
2.06325
0.7162499999999999
0.21164583333333334
2.9374375
0.0
0.0
0.0
2.7003749999999997
0.2058958333333333
4.344291666666666
2.6484166666666664
0.16375
0.0
0.0
0.1564375
0.0
