3.555111940298507
0.013559701492537315
4.015761194029851
3.1068731343283584
4.996194029850746
2.711
0.2753208955223881
0.0
0.5333059701492537
0.008074626865671642
0.14080597014925372
1.013126865671642
1.6073432835820896
0.8172985074626866
0.14644776119402986
0.0
4.346059701492537
5.446029850746269
2.797164179104478
0.0
0.0
0.0
1.3098880597014926
3.8432611940298504
0.013522388059701495
1.0599776119402986
0.0
0.5090149253731343
0.0
1.3141194029850747
1.348
0.0
3.760044776119403
1.397320895522388
2.876544776119403
5.892126865671642
0.26798507462686566
4.433850746268656
0.5923731343283584
4.572544776119403
0.0
0.0
0.0
0.002716417910447761
0.056358208955223886
0.0
0.0
0.0
0.0
0.22682835820895525
3.688664179104477
4.564828358208954
0.0
1.4999402985074628
5.8295970149253735
4.677858208955224
4.373977611940299
9.572365671641792
5.46310447761194
1.180813432835821
0.0
0.0
6.489925373134329
2.024358208955224
3.4188507462686566
2.405962686567164
0.16156716417910447
4.103074626865672
0.003619402985074627
3.005977611940299
0.48571641791044773
0.0
0.6550970149253731
0.0
7.357626865671642
3.8015671641791045
0.9769179104477613
1.8506641791044778
3.100253731343283
8.63205223880597
6.496634328358208
8.357910447761194
0.0
0.8452164179104478
1.7922014925373135
1.322320895522388
0.0
0.0
0.08573880597014925
0.0
2.133149253731343
4.215656716417912
1.3990373134328358
0.12447014925373136
0.44328358208955215
0.0
0.0501865671641791
8.554358208955225
11.280022388059699
11.660156716417909
0.4358880597014926
9.619276119402986
9.415141791044777
10.683567164179104
0.056358208955223886
0.0
9.405291044776119
4.5354925373134325
0.41512686567164186
0.9421194029850747
0.38051492537313425
1.0010746268656718
2.8495820895522392
3.0091940298507462
2.2888507462686567
3.096223880597015
4.082216417910448
2.494134328358209
2.0308731343283584
1.5505447761194031
7.092365671641791
4.52265671641791
2.412955223880597
3.2223208955223885
5.760597014925373
10.554044776119405
13.390373134328359
12.462940298507464
7.974298507462687
0.057171641791044774
1.1662164179104477
7.266365671641791
12.419350746268657
13.254305970149252
13.094970149253733
2.6377985074626866
0.47635074626865676
5.896485074626865
0.6482835820895523
7.471529850746269
3.0802761194029857
10.30036567164179
1.4636791044776123
6.885529850746268
6.998320895522388
0.2505149253731343
10.738507462686567
12.54916417910448
10.718940298507462
13.416402985074626
8.498597014925373
8.816373134328359
11.934619402985074
12.710089552238806
8.166798507462685
0.002716417910447761
2.032141791044776
3.269828358208955
5.536492537313432
9.877529850746269
7.038500000000001
6.956298507462686
8.336873134328359
3.3569104477611944
1.9434776119402988
0.4632761194029851
4.79934328358209
0.10059701492537315
5.203992537313432
11.245067164179105
10.615074626865672
0.19153731343283584
0.5988059701492539
5.895320895522388
7.488947761194029
7.282895522388061
8.066843283582088
5.696089552238806
7.235768656716418
3.810768656716418
4.433940298507462
5.66291791044776
3.8229999999999995
4.563873134328357
9.421701492537313
3.2324850746268656
2.3843507462686566
7.353664179104478
0.4147014925373134
0.8071567164179105
5.095410447761193
2.653097014925373
1.2824402985074626
6.4016716417910455
1.7954626865671641
0.007156716417910448
1.6699850746268656
1.6204701492537315
1.4758432835820896
0.7112462686567165
2.275507462686567
6.128007462686567
0.9638805970149256
2.54055223880597
2.4114029850746266
5.0154104477611945
5.395216417910448
8.0705
6.502649253731343
5.511089552238807
5.497731343283581
3.8059253731343285
1.6464701492537315
5.055395522388059
6.1828432835820895
8.380328358208954
8.187231343283582
8.204126865671642
6.988917910447762
4.112097014925373
0.523544776119403
5.267850746268657
2.4047686567164184
2.1491119402985075
8.721970149253732
3.385813432835821
2.5573432835820893
7.5335223880597
3.136529850746269
7.184462686567163
1.0142164179104478
1.1438880597014927
2.3297985074626864
2.5919850746268653
4.610723880597015
1.8822611940298506
2.903902985074627
4.77360447761194
0.14406716417910448
9.343074626865672
10.898723880597018
10.768208955223882
9.39041791044776
6.858179104477613
4.399731343283583
2.6658283582089553
6.950059701492537
10.956462686567164
9.4859776119403
3.493865671641791
1.4964626865671642
6.908597014925372
6.536992537313433
5.1817388059701495
2.139037313432836
8.031432835820896
5.179537313432835
9.356589552238805
5.7439179104477605
4.677044776119403
3.9960522388059703
1.4761567164179106
4.90934328358209
0.03217164179104478
0.7142835820895522
5.156992537313433
3.966037313432836
2.2055597014925374
3.1973805970149254
0.0
7.773731343283581
8.563522388059702
7.590522388059702
7.481074626865671
8.551679104477612
2.5441119402985075
0.27769402985074626
1.517589552238806
1.2813432835820897
1.737634328358209
8.043000000000001
7.266238805970151
7.195955223880597
7.50210447761194
4.357940298507463
0.8277910447761194
0.8123059701492539
0.14161940298507464
1.5280597014925372
2.2575074626865668
7.82731343283582
8.068044776119402
1.0997388059701494
7.702776119402985
9.08358208955224
9.00944776119403
8.662805970149252
8.784589552238804
6.034999999999999
4.214567164179104
0.0
0.1713955223880597
2.221320895522388
1.818955223880597
3.724462686567164
2.2627686567164176
0.025291044776119403
0.6548134328358209
0.612097014925373
4.010940298507462
1.7134999999999998
2.3648432835820894
1.6392910447761195
6.779149253731343
1.1672910447761191
3.2664253731343287
0.01890298507462686
0.0
0.0
0.8516119402985076
0.5522388059701493
0.06756716417910448
0.028574626865671644
0.1428582089552239
0.2731417910447761
0.39999253731343287
0.0
0.0
0.022492537313432835
0.2665522388059702
0.057171641791044774
3.1078955223880596
0.9427313432835821
0.003619402985074627
1.1408731343283582
4.46931343283582
4.758283582089551
0.7400074626865671
0.028574626865671644
0.46332835820895524
0.0
0.0
1.2968059701492536
0.043320895522388055
3.3967089552238807
0.0
0.32635820895522394
0.7332910447761194
0.021619402985074625
0.0
0.057171641791044774
0.0
0.3258582089552239
1.8483059701492537
0.032499999999999994
0.0
0.12659701492537312
0.29083582089552235
0.8132388059701492
0.10772388059701493
0.0
0.0
0.0
0.5321567164179104
0.3693880597014926
1.057679104477612
2.376462686567164
0.0
0.028574626865671644
0.0
0.0
0.06267910447761194
0.21017910447761196
0.09647761194029851
0.06756716417910448
0.9045746268656714
5.871388059701493
5.383582089552239
0.9554104477611941
0.618320895522388
5.025350746268658
3.849925373134328
3.8447611940298496
0.865731343283582
1.9649477611940298
0.3840746268656717
0.45562686567164173
0.046940298507462695
0.19815671641791047
1.8633805970149253
4.9586791044776115
1.2832462686567163
0.19282835820895522
0.0
0.0
1.4993656716417911
0.0
0.5052537313432836
0.0
0.02696268656716418
0.021619402985074625
0.1127313432835821
0.0830223880597015
1.4759179104477613
0.25714179104477614
0.801089552238806
0.13684328358208953
0.0450820895522388
1.4716567164179104
0.12397761194029851
0.002716417910447761
0.1830074626865672
0.045716417910447754
8.267902985074626
8.805365671641791
8.809940298507463
8.831947761194028
8.59989552238806
8.017664179104479
6.99876119402985
7.524164179104477
1.1605746268656716
0.0
0.08601492537313432
0.9333059701492536
0.24020149253731346
7.531813432835821
0.013559701492537315
2.138537313432836
0.002716417910447761
1.5156343283582092
4.626955223880596
6.0002537313432835
0.19647014925373132
0.0
3.107940298507463
0.0
0.6067537313432836
0.5713059701492537
5.684470149253731
0.6459552238805971
1.6532238805970147
0.010828358208955224
1.063417910447761
1.3433059701492536
0.4460970149253731
5.516604477611941
0.0
1.2372835820895522
2.9596119402985073
0.0
1.2257611940298507
3.0222388059701495
3.404589552238806
4.1398283582089554
1.0096194029850745
0.2505671641791045
0.031567164179104476
0.1428955223880597
2.2189029850746267
10.967067164179104
6.7560223880597015
3.391641791044776
3.8260447761194034
0.3253731343283582
0.08965671641791044
9.769119402985075
11.79067910447761
12.240723880597015
11.587298507462686
11.753835820895523
10.282723880597016
1.126186567164179
2.4409328358208953
2.893888059701493
7.557873134328358
3.726223880597015
0.29057462686567165
0.16931343283582093
0.0
2.6708955223880597
1.2097835820895522
0.1006865671641791
1.5793507462686567
8.753007462686567
8.621574626865673
1.1914402985074628
6.358455223880596
4.749440298507462
13.21773880597015
9.657507462686569
1.8031194029850746
0.0
8.67718656716418
13.505835820895523
13.827694029850747
13.934679104477615
13.956708955223881
13.948097014925374
12.823791044776119
13.085634328358209
8.042723880597014
9.466216417910447
12.024537313432836
8.510985074626864
11.396694029850748
7.2654850746268655
12.728380597014926
0.6169626865671642
0.3141940298507463
10.257731343283583
7.678544776119403
2.5053656716417914
4.007007462686566
0.02075373134328358
6.438626865671642
0.9279925373134328
8.354440298507464
8.447231343283583
11.962723880597016
13.019708955223882
11.36967910447761
5.78779104477612
5.3868134328358215
0.8685895522388059
0.38987313432835824
3.7113358208955223
13.002134328358208
4.200313432835821
5.901216417910447
5.08205223880597
4.4919552238805975
2.3526268656716414
2.903835820895522
3.655276119402985
7.319962686567165
1.284014925373134
4.370029850746269
7.856216417910446
2.89284328358209
3.7269925373134325
4.036022388059702
3.6085
0.8522761194029851
3.9546492537313434
2.678313432835821
0.7483059701492539
0.7366119402985074
1.9180671641791045
3.808753731343284
2.144880597014925
9.808694029850745
1.9240597014925374
1.2790223880597014
0.9257164179104477
0.4990149253731343
0.3934328358208955
0.6303358208955224
2.240231343283582
0.7216194029850747
0.17203731343283585
2.5837089552238806
3.1980074626865673
1.2768283582089555
0.0
0.5960820895522388
0.0
8.947440298507464
12.970410447761193
12.321559701492538
12.062074626865671
12.879171641791043
9.592910447761195
5.760358208955225
7.148179104477612
0.005402985074626865
6.305022388059702
9.051843283582091
10.123865671641791
5.1548358208955225
8.930477611940299
3.4266119402985074
6.330111940298507
11.5225
2.029798507462687
2.4932686567164177
2.8712014925373133
7.892492537313434
2.954194029850746
5.003738805970149
9.739335820895521
12.495507462686568
9.736649253731343
7.443768656716418
3.890305970149253
0.45616417910447754
1.466231343283582
5.267940298507463
2.8956791044776122
0.526276119402985
3.7935820895522387
7.104141791044776
11.13608208955224
8.834641791044776
3.0452462686567165
4.509462686567164
4.4315
1.444223880597015
2.3479850746268656
9.312708955223881
11.258164179104478
9.361492537313433
2.5055223880597017
1.9030447761194034
9.956776119402985
10.644126865671641
0.5968656716417909
1.6514626865671642
2.2594477611940302
1.192626865671642
4.575791044776119
1.3448582089552237
1.7477089552238805
7.531440298507464
2.3150298507462685
5.348335820895523
9.46573880597015
8.08565671641791
7.80865671641791
5.154149253731343
0.0
4.074656716417911
0.0
4.36160447761194
3.104544776119403
7.7881716417910445
4.834761194029851
2.159783582089552
7.584253731343283
4.467388059701491
7.484395522388059
3.7814850746268656
5.966485074626866
0.10772388059701493
0.0
2.6063283582089554
1.5069104477611939
3.027238805970149
0.02621641791044776
1.4288805970149254
0.0
1.3183805970149254
0.8370970149253733
0.0
0.06855223880597015
0.057171641791044774
5.4696417910447765
5.825485074626866
3.80689552238806
2.9741044776119403
0.0
0.0
0.028574626865671644
3.3842835820895525
0.08573880597014925
7.03826119402985
4.915402985074627
4.407604477611939
1.0844701492537314
8.286873134328356
6.140768656716418
0.1947238805970149
0.8438656716417912
0.13381343283582087
0.0
0.0
2.1772313432835824
1.6789253731343283
1.024544776119403
0.07882089552238805
0.3725820895522388
0.7720149253731342
0.028574626865671644
0.0
0.0
0.05980597014925373
2.3231343283582095
1.9269029850746264
3.514246268656717
1.259320895522388
0.0
0.4582985074626865
0.25714179104477614
0.0
0.8988731343283582
3.4909925373134327
0.0
0.0
0.057171641791044774
5.521843283582089
0.0
1.620223880597015
0.0
0.4374253731343284
0.0
5.312305970149254
0.3984776119402985
1.1921044776119403
0.0
0.0
0.0
0.32854477611940297
0.0538358208955224
0.08573880597014925
1.8976641791044775
4.922231343283582
0.0
1.5182462686567164
0.028574626865671644
0.309223880597015
3.2116940298507464
0.007156716417910448
0.08573880597014925
0.005402985074626865
0.8884029850746269
0.6668955223880597
3.441955223880597
0.0
0.0
2.310141791044776
0.13855223880597015
0.0
0.0
0.9722611940298509
1.5164253731343285
0.08573880597014925
2.0240447761194034
1.8886417910447761
0.0
0.0
4.651544776119403
0.0
1.7045373134328359
0.050559701492537315
1.4666194029850745
4.19705223880597
0.13957462686567165
0.0
0.09921641791044775
0.03664179104477612
1.59044776119403
5.873783582089551
3.136111940298507
4.72989552238806
0.0
4.3271417910447765
0.9040223880597014
0.7323507462686566
4.36276119402985
7.199656716417912
6.599977611940298
6.714940298507462
6.533402985074627
0.0
0.0
0.7419701492537314
0.0
0.0
0.2857089552238806
0.008074626865671642
1.3544999999999998
3.2778059701492537
2.1093955223880596
4.5458880597014915
2.091179104477612
3.402731343283582
4.00365671641791
0.0830223880597015
0.24017910447761193
0.003619402985074627
0.025291044776119403
2.7586044776119403
3.0856343283582093
1.8209552238805966
0.0
0.0
5.675455223880597
7.088126865671642
4.975037313432836
1.3234029850746267
0.4438507462686567
0.003619402985074627
0.23702985074626867
0.974582089552239
0.028574626865671644
0.3464402985074627
0.0
0.14437313432835824
0.0
1.1697388059701492
1.783962686567164
4.502380597014925
0.02169402985074626
6.090044776119403
2.063186567164179
0.48478358208955236
1.8884850746268658
0.4285671641791045
7.861723880597015
7.041529850746269
8.13176865671642
0.5001716417910448
2.0916791044776115
2.367955223880597
1.8822388059701494
7.931231343283582
7.90418656716418
3.532649253731343
2.5710223880597014
0.0
1.7507164179104477
3.1883880597014924
4.659679104477612
0.0
0.08067164179104476
5.144134328358208
9.537634328358209
2.5527910447761193
10.21423880597015
10.79765671641791
11.555156716417912
3.3828731343283582
2.673253731343283
11.872977611940296
12.782537313432837
11.310044776119403
8.056134328358208
9.878410447761194
0.19032835820895527
6.0799701492537315
7.621231343283582
2.8130671641791047
4.468783582089553
11.369223880597014
5.354559701492537
4.032037313432836
0.0
3.534641791044776
0.0
0.0
4.4905522388059715
6.994231343283581
4.913276119402986
1.349223880597015
2.5807761194029846
0.4018955223880597
8.42905970149254
1.6446716417910447
10.968559701492536
12.632216417910449
10.848320895522386
8.679373134328358
5.928470149253731
2.282522388059702
3.194238805970149
7.79781343283582
4.219477611940299
8.744455223880598
9.857552238805969
11.076305970149253
8.029365671641791
1.2629402985074625
9.340074626865674
5.571380597014926
0.3654701492537314
0.6587611940298508
0.003619402985074627
4.850246268656717
0.2700746268656717
4.521380597014925
10.253283582089553
8.990656716417911
11.146037313432835
0.6430074626865672
0.002716417910447761
6.067186567164178
3.5116716417910445
8.963992537313432
6.6223432835820875
0.8250671641791044
7.6751044776119395
9.687910447761194
2.709164179104478
13.242828358208955
7.187462686567163
7.630865671641792
3.3388283582089553
2.0983507462686566
0.0
0.16815671641791047
1.0330895522388057
3.8088358208955224
4.92460447761194
8.609358208955223
9.234380597014924
6.514917910447761
3.9695223880597013
7.6416119402985085
1.3459776119402984
0.0
1.8402537313432836
4.720082089552239
4.576022388059703
1.2336865671641792
5.856679104477612
0.6980671641791044
7.155708955223881
10.558776119402987
11.685477611940298
8.059664179104479
9.132052238805972
1.2145522388059702
4.623850746268657
1.7480820895522389
3.9119328358208962
0.5090820895522389
2.298910447761194
5.0238955223880595
0.2030074626865672
1.206141791044776
0.4895671641791045
0.1428582089552239
4.631925373134328
1.6962611940298506
5.312537313432836
0.5305447761194029
0.7669402985074628
5.315917910447761
1.3983507462686569
3.633
8.749649253731347
6.8455
2.492313432835821
2.92389552238806
7.34784328358209
9.814216417910448
10.82276865671642
11.83073880597015
6.329649253731343
0.3688582089552239
0.057171641791044774
0.0
0.0
4.653402985074627
8.191074626865673
8.048313432835819
9.192597014925374
4.002910447761195
4.900858208955223
7.607731343283582
0.9364850746268657
0.15633582089552242
4.8422985074626865
0.0
3.185358208955224
6.000567164179103
5.084589552238806
0.9381641791044777
1.0707014925373133
7.667940298507462
1.6437761194029852
8.111701492537312
8.575723880597014
5.800082089552239
4.949171641791045
8.991902985074626
10.672686567164178
11.330268656716417
10.309641791044774
7.728768656716418
1.368731343283582
2.5595970149253726
5.012104477611941
6.51779104477612
1.4610671641791046
7.5565223880597
3.174626865671642
6.1848283582089545
0.5095298507462686
2.5914328358208953
6.592992537313433
4.705007462686567
0.1896417910447761
1.4669701492537315
5.6706865671641795
4.225141791044775
7.689828358208954
4.851843283582089
3.586014925373135
0.08573880597014925
0.028574626865671644
2.191649253731343
7.301014925373134
5.995798507462686
1.6054925373134328
3.2571343283582093
3.4413582089552244
0.0
4.933
5.676604477611941
2.0095149253731344
4.410574626865672
3.9789701492537315
1.1932835820895522
0.0
0.002716417910447761
3.4919104477611946
0.0
3.0001268656716418
0.2857089552238806
0.0
0.17117164179104477
0.0
2.40839552238806
1.1324402985074626
0.07700746268656716
0.3108805970149253
0.07911194029850746
2.0584253731343285
0.48602985074626875
1.9624701492537313
0.3264477611940299
1.6787985074626866
0.596089552238806
0.002716417910447761
0.0
0.0
0.1703283582089552
4.957925373134328
4.987701492537314
5.205335820895521
2.1246567164179107
1.2310671641791047
4.678888059701492
0.0
0.0
0.9497164179104478
3.72494776119403
0.8910522388059702
5.869261194029851
4.215873134328358
0.0
1.1639402985074625
0.021619402985074625
0.0
0.28243283582089557
3.3487238805970154
2.979888059701493
0.632902985074627
0.0
0.0
1.0592462686567166
0.0
0.0
0.0
0.028574626865671644
0.7003656716417911
0.0
0.17023134328358208
0.0
1.0485000000000002
0.0
1.1063805970149254
2.2638507462686563
0.0
0.547813432835821
3.856283582089552
0.0
0.0
0.8923283582089551
3.471716417910448
0.0
1.429216417910448
0.4281119402985075
1.0267761194029852
0.18029850746268655
0.0450820895522388
0.0
0.0
0.0
0.5410597014925373
0.0
0.022492537313432835
2.5153731343283585
0.1028731343283582
0.8816641791044776
0.16961194029850749
0.0
0.10772388059701493
0.5810298507462687
2.0713134328358214
3.572358208955224
3.270783582089552
0.0
6.735552238805971
0.0
1.9401716417910448
4.614805970149254
4.726044776119402
5.997738805970148
4.156082089552239
4.861753731343283
0.8676119402985074
3.364597014925373
1.0313880597014924
0.6760522388059702
0.007156716417910448
0.0
1.093320895522388
2.1047388059701495
0.0
0.0
0.2900223880597015
0.11422388059701494
0.0
2.9407164179104477
2.4049328358208952
7.304141791044776
7.893567164179105
7.107783582089552
5.7408283582089545
0.0
1.6661194029850748
0.4472313432835821
0.050171641791044774
3.6072089552238804
5.608380597014926
0.561268656716418
5.735768656716418
0.09733582089552238
0.10143283582089552
0.0
0.7899850746268657
0.8570746268656717
1.2408358208955224
8.240559701492536
9.011164179104478
7.7548059701492535
2.8961567164179103
2.322880597014925
1.2059850746268654
5.896044776119402
4.306022388059702
0.057171641791044774
0.010761194029850745
1.481589552238806
0.0
5.464641791044776
5.069746268656717
9.273268656716418
8.627044776119401
8.075522388059701
2.8732910447761193
0.40155970149253734
2.508798507462686
0.18585074626865675
1.6859850746268656
1.8521492537313433
9.945470149253733
3.190417910447761
0.002716417910447761
3.848238805970149
2.798276119402985
0.20391791044776122
0.7347089552238806
2.154276119402985
2.3090298507462683
10.317813432835822
8.92560447761194
10.0315223880597
9.912119402985073
3.6538656716417908
1.4364626865671644
0.31791044776119404
2.6612835820895526
10.227910447761195
7.556686567164179
2.1383432835820897
9.036067164179105
10.607500000000002
6.461216417910449
0.0
1.1320820895522385
4.436783582089553
2.5542835820895524
1.6335597014925372
5.250238805970151
4.983253731343283
8.818962686567165
11.489940298507463
11.444059701492536
10.130417910447761
10.91794776119403
10.484626865671641
10.792626865671641
3.162373134328358
12.235582089552237
9.709350746268658
3.5209328358208953
9.856365671641791
6.5385
8.427701492537313
0.3179626865671642
0.6942462686567163
4.4236641791044775
0.028574626865671644
6.384992537313432
5.513350746268657
3.7112313432835826
0.0
7.8269701492537305
3.930201492537314
10.110664179104477
8.184470149253732
1.7542164179104478
3.5649029850746268
8.668947761194032
13.183589552238807
13.825149253731343
13.42220895522388
11.621014925373133
2.3429477611940293
6.027074626865672
3.8932835820895524
8.934522388059703
0.5731716417910449
0.5010373134328358
0.5864776119402985
3.728
9.550537313432836
13.795567164179104
13.810544776119402
0.46435820895522384
12.526402985074627
14.038067164179106
14.37750746268657
13.834649253731344
13.573716417910449
11.358291044776118
11.346656716417913
9.204268656716417
7.63086567164179
9.60541791044776
5.297134328358209
12.218858208955222
10.716977611940298
0.21442537313432833
4.77423880597015
1.9197089552238804
2.452141791044776
1.2421716417910447
0.5414477611940298
7.3806119402985075
4.145380597014926
3.5337910447761196
4.55182089552239
1.5954477611940296
3.720567164179105
7.072746268656717
1.4352462686567162
7.683902985074627
3.5719328358208955
5.936776119402985
4.499544776119404
4.946111940298508
7.2423656716417915
7.200962686567164
7.541067164179105
2.7983955223880597
5.357820895522388
9.16287313432836
2.193589552238806
9.867746268656719
14.387597014925372
14.446164179104478
7.988768656716417
12.134828358208955
13.873320895522385
11.853425373134328
12.073283582089553
9.018440298507462
12.755962686567164
4.6095895522388055
8.588156716417911
5.862417910447761
4.431246268656717
8.59823880597015
3.0187462686567166
0.10743283582089552
0.15412686567164177
4.666111940298507
0.5023059701492537
3.625455223880597
2.08155223880597
9.439649253731343
11.89028358208955
8.13688805970149
6.2602014925373135
11.560977611940297
8.942111940298506
2.7449328358208955
5.453985074626866
1.849194029850746
1.6291641791044775
2.477164179104478
3.1847089552238805
4.668335820895522
11.323350746268655
11.942574626865673
7.825440298507462
9.6369776119403
7.026492537313432
10.15165671641791
2.939634328358209
10.46936567164179
8.529328358208954
1.8527388059701493
2.257194029850746
5.361544776119404
4.9292462686567164
4.930880597014926
1.5947313432835821
6.6335149253731345
9.083940298507462
7.383544776119404
11.178358208955222
9.288753731343284
6.096059701492538
1.2523805970149255
3.0380970149253734
9.868671641791044
9.693694029850747
8.483768656716416
3.213567164179105
5.995067164179105
9.800880597014928
7.686014925373134
10.385089552238806
7.274335820895522
7.942037313432837
7.201783582089552
7.792111940298508
8.94513432835821
9.27084328358209
7.770179104477613
8.246216417910448
9.65221641791045
7.8296119402985065
5.140574626865671
7.183582089552238
3.060365671641791
6.78739552238806
1.6866492537313436
6.141320895522388
7.649067164179104
6.923462686567165
8.075559701492537
0.41292537313432837
0.20485074626865668
4.461507462686567
2.8174402985074622
4.885932835820895
0.991910447761194
0.34880597014925374
0.0
0.08573880597014925
0.0
0.09832835820895523
0.41708955223880595
0.840358208955224
0.0
0.20445522388059706
1.4730223880597015
4.670768656716418
0.0
1.8423880597014923
3.6145746268656724
5.76784328358209
6.4525522388059695
4.482552238805971
0.1865671641791045
0.057171641791044774
3.2668283582089552
2.8410746268656712
0.0
0.11107462686567164
0.9588283582089553
0.0
2.2488805970149253
0.567768656716418
5.689940298507462
0.0
0.43324626865671645
1.988910447761194
8.185208955223878
7.395671641791045
0.0
3.266410447761194
1.301268656716418
5.7111716417910445
2.2147462686567163
0.028574626865671644
0.9046940298507463
0.43670149253731344
0.2758507462686567
0.9513880597014924
0.0
5.215619402985075
4.894253731343283
1.9510074626865668
0.07572388059701493
0.391
0.0
5.698388059701493
0.32378358208955227
0.0
0.31427611940298505
0.8294253731343284
0.683544776119403
4.947746268656717
4.479500000000001
0.8000074626865671
0.4732462686567164
0.7887910447761194
0.0
0.0
0.0
0.011686567164179104
0.1713955223880597
0.033985074626865674
0.0
0.0
0.0
0.0
0.0
1.0912910447761195
0.02169402985074626
0.7917611940298508
0.0
0.7584477611940299
0.010828358208955224
0.1126044776119403
0.4682761194029851
0.0
0.0
0.0
0.17526865671641792
3.826246268656717
1.2070597014925375
3.511291044776119
4.043567164179105
0.33229850746268663
0.0
0.32640298507462684
0.0
2.0419253731343288
3.4923805970149253
0.5856716417910447
0.007156716417910448
0.8515970149253732
0.08573880597014925
0.32676865671641786
0.02621641791044776
0.26927611940298507
0.0
0.5371791044776121
0.0
2.5610000000000004
0.5381194029850747
3.6734999999999998
0.0
0.0
2.5024253731343284
3.86194776119403
0.0
0.0
0.0
0.0
0.8639850746268657
1.1793432835820894
1.4932388059701491
0.10376119402985075
0.630089552238806
0.0
3.1683805970149255
0.0
0.34259701492537314
0.16985074626865673
1.2484104477611941
0.011276119402985075
0.09014179104477613
0.3802835820895522
0.1428582089552239
4.929208955223881
3.178686567164179
2.197320895522388
8.299634328358211
7.113626865671643
7.193828358208956
0.5859029850746268
0.0
6.389149253731343
7.880119402985074
8.792671641791044
8.036589552238807
6.7273208955223875
0.0
0.25983582089552243
2.6734402985074626
0.5428880597014927
2.8340522388059695
5.041037313432836
3.576492537313433
6.68165671641791
0.057171641791044774
1.2044776119402985
0.8104402985074627
4.432126865671641
0.08489552238805971
2.2785298507462683
9.110731343283584
8.746582089552238
2.524776119402985
0.06738059701492537
5.860776119402986
2.2424552238805973
0.1428582089552239
0.3482164179104478
0.3781791044776119
0.8292313432835821
5.206992537313433
5.218022388059702
1.6755149253731343
3.8488507462686568
0.005402985074626865
2.4993955223880597
1.407679104477612
5.928485074626867
0.0
0.6822761194029852
0.6291865671641792
0.0
2.550820895522388
1.5318358208955223
3.5096268656716414
3.800216417910448
3.5162985074626874
0.003619402985074627
0.7388582089552239
0.0
1.3462462686567163
0.06252238805970149
4.807007462686566
0.002716417910447761
0.16815671641791047
10.149522388059703
7.942350746268658
5.523380597014926
3.7487089552238806
9.643850746268656
1.141858208955224
3.970059701492538
10.520597014925373
1.5203432835820896
7.3636940298507465
7.103544776119403
4.0921641791044765
10.33520895522388
5.614223880597014
10.456910447761194
0.45267910447761195
3.9311567164179104
1.7335746268656718
2.3761194029850747
9.39144776119403
10.691343283582091
0.022492537313432835
4.058156716417911
4.456708955223881
0.588634328358209
4.040977611940298
1.4377985074626864
0.28243283582089557
5.0064179104477615
1.651723880597015
4.574656716417911
6.6585820895522385
9.407805970149255
3.9571567164179107
11.870641791044777
4.824522388059702
0.4253134328358209
0.003619402985074627
0.0
0.0
0.2832238805970149
0.010828358208955224
1.5291641791044774
1.3351567164179106
2.504940298507463
11.766656716417911
3.0273805970149255
5.992089552238807
8.115141791044776
10.220350746268657
4.5243283582089555
8.528537313432837
14.2015
13.556574626865673
3.844492537313432
2.1326194029850747
7.843425373134329
7.77144776119403
4.403238805970149
2.3947835820895524
6.725126865671641
0.5379850746268655
2.4720298507462686
2.3487238805970154
13.354686567164178
14.483417910447761
9.612641791044776
14.0664776119403
13.864917910447762
9.717977611940299
5.562410447761194
3.1484626865671643
0.7032238805970149
5.416746268656717
0.2473582089552239
0.8544776119402985
0.48100000000000004
9.930932835820897
7.761858208955225
12.988044776119402
12.801164179104479
6.208029850746269
6.731649253731343
5.4289850746268655
12.583664179104478
13.864664179104478
12.972186567164178
13.910089552238807
10.73726119402985
3.1848731343283583
10.129171641791043
9.283
11.78076119402985
6.186820895522388
1.4204328358208955
6.322746268656717
12.500507462686569
13.880343283582091
13.128149253731344
1.8274253731343284
9.566410447761193
10.174880597014925
5.893723880597015
7.911619402985074
1.8875746268656717
9.991723880597016
12.558194029850746
5.876873134328358
8.2699776119403
1.5133358208955225
0.7752761194029851
0.0
1.1114179104477613
7.593798507462687
9.941425373134328
10.901395522388063
10.01044776119403
6.30555223880597
9.659544776119402
3.187320895522388
1.2990746268656719
12.549835820895524
7.803507462686568
6.145529850746269
9.666097014925374
11.153373134328357
10.297470149253732
8.201664179104476
3.699858208955224
6.17829104477612
3.4898134328358204
10.33437313432836
10.612977611940298
10.47194776119403
7.768395522388061
11.850485074626866
11.599970149253732
11.625440298507462
3.758283582089552
6.016559701492538
5.8730597014925365
5.211686567164179
9.811410447761194
3.720962686567164
4.932537313432836
9.842798507462685
0.10402238805970147
0.0733731343283582
3.0842985074626865
0.002716417910447761
1.6275373134328357
0.17008955223880592
4.502537313432837
3.911917910447761
5.456149253731343
1.990619402985075
0.5536492537313432
7.43423880597015
0.3434701492537313
3.4205223880597018
7.580380597014925
7.491156716417909
7.9402462686567175
7.866835820895524
9.69526119402985
7.2886417910447765
6.343716417910447
0.8720373134328357
9.091029850746267
0.3428432835820896
0.605910447761194
7.135082089552239
5.567470149253731
1.2542985074626862
2.137432835820895
0.4472089552238806
5.101432835820896
0.002716417910447761
2.2066194029850745
0.6265597014925374
8.779947761194029
2.6591417910447763
3.565768656716418
0.09654477611940299
0.9146641791044776
0.028574626865671644
0.1713955223880597
1.6737014925373135
4.4100597014925365
2.8942985074626866
6.074962686567165
5.4513358208955225
4.721835820895524
4.580029850746268
5.280992537313433
1.7463358208955224
3.327619402985074
5.40660447761194
0.26525373134328356
0.6281716417910449
0.011276119402985075
5.551440298507463
1.4451268656716418
5.163440298507463
2.093544776119403
4.529156716417911
5.066365671641791
4.021529850746268
2.7465522388059704
0.2100149253731343
7.533380597014925
5.208761194029852
7.626597014925372
0.0
0.0
0.0
0.31272388059701495
0.09095522388059701
0.0
2.024865671641791
2.145835820895522
4.793373134328359
4.224425373134328
0.0
0.025201492537313432
0.17234328358208958
0.0
1.3608134328358208
0.4740746268656716
2.22089552238806
2.654850746268657
5.886104477611941
6.227343283582089
5.925567164179104
0.17867910447761193
0.9452835820895521
0.0
0.003619402985074627
0.057171641791044774
1.7912686567164178
0.20276865671641792
0.1713955223880597
2.3297238805970153
5.354910447761194
2.9422238805970142
0.0
1.559455223880597
0.20138805970149257
1.4067313432835822
0.0
0.11968656716417914
1.0330149253731342
0.0
2.353201492537313
0.2553358208955224
0.0
0.057171641791044774
0.18029850746268655
0.23738805970149254
0.333
0.0
0.796089552238806
0.3713880597014926
0.20689552238805967
0.8442761194029852
0.09376119402985075
0.0
1.537873134328358
0.16421641791044775
0.2312313432835821
0.0
0.0
0.0
0.0
0.5184477611940299
2.2981194029850744
3.3621492537313435
0.32117910447761194
3.1041417910447766
3.355544776119403
0.06845522388059701
2.0729850746268657
0.4493059701492538
0.08573880597014925
1.8664402985074628
0.19209701492537312
0.0
0.7023880597014925
0.47017164179104476
0.37173880597014924
0.0
0.0
0.6193432835820895
0.0
0.4905298507462686
0.8701194029850746
0.0
2.9481417910447765
0.0
0.49320149253731344
0.035791044776119406
0.0
8.516044776119404
2.0187835820895526
4.872059701492537
7.64052985074627
7.2291194029850745
7.843201492537314
6.880925373134329
7.332537313432837
6.1581865671641784
2.6707537313432836
0.002716417910447761
1.0360298507462686
0.3428432835820896
0.0
0.35373880597014923
0.003619402985074627
0.672776119402985
7.136179104477613
5.573328358208954
0.0
0.43550000000000005
5.791141791044776
0.0
2.7391641791044776
0.3004626865671642
6.865522388059702
3.563164179104478
5.325917910447761
8.340074626865674
1.8591119402985075
0.0841641791044776
4.957522388059702
8.282231343283582
2.887074626865671
4.475261194029851
5.8786268656716425
7.777880597014926
9.29902985074627
8.763208955223881
8.43055223880597
7.97720895522388
4.2648656716417905
1.440141791044776
2.5832388059701494
2.9895895522388063
0.6933880597014925
0.3901194029850746
1.3198656716417911
1.8782910447761192
0.0
0.0
0.0
0.09444776119402984
2.5262537313432833
0.5337462686567164
0.057171641791044774
0.5937164179104477
0.5015820895522388
2.323208955223881
1.6035746268656719
0.0
9.044111940298507
10.572477611940299
9.860119402985074
1.418
3.1165820895522387
10.58502985074627
12.078462686567164
7.2178955223880585
12.08026119402985
8.673470149253731
11.929843283582091
12.136671641791043
12.370850746268657
11.86455223880597
12.277940298507463
4.166305970149254
12.433305970149252
3.2824328358208956
1.1561641791044777
5.70218656716418
0.42478358208955225
7.409373134328359
0.7052910447761193
1.7727388059701492
3.091828358208955
5.091552238805971
4.496619402985075
0.7599104477611941
2.8229701492537314
0.0
0.0
0.08929104477611942
4.356626865671642
5.37608208955224
4.616156716417911
8.359268656716417
7.705440298507463
5.345746268656716
0.0
1.2712462686567163
1.3437089552238806
0.028574626865671644
1.6738283582089553
4.874985074626866
0.48447014925373133
0.0
1.9798507462686568
1.3694552238805973
4.440888059701492
9.684425373134328
6.061231343283581
4.298074626865672
0.008074626865671642
4.327544776119404
0.0
4.377641791044776
2.2222462686567166
0.9777985074626864
9.370126865671642
6.495432835820897
12.468171641791045
6.859634328358209
0.6068283582089552
0.057171641791044774
0.0
1.1521343283582088
10.505895522388059
14.231746268656718
13.720171641791046
6.092283582089552
6.870970149253732
9.204194029850747
3.096820895522388
0.36932089552238806
0.6699029850746269
6.610507462686567
1.1897388059701492
3.366917910447761
5.7523880597014925
13.198604477611942
2.935455223880597
1.0506492537313434
0.033985074626865674
0.23940298507462685
5.024992537313433
9.839694029850746
13.98284328358209
14.3319776119403
12.41144776119403
11.72194776119403
11.641298507462688
4.671962686567165
1.6464253731343284
1.490134328358209
1.6878582089552236
0.05980597014925373
0.0
2.565268656716418
0.3118134328358209
3.898514925373134
3.7916492537313427
10.803940298507463
10.122067164179104
12.761425373134328
0.5614179104477613
1.017738805970149
0.26894776119402986
8.179723880597013
12.362559701492538
11.228522388059702
0.03125373134328358
5.983962686567164
10.041701492537312
1.9885447761194024
4.89273880597015
1.9848358208955221
6.322574626865673
6.555074626865671
0.5786044776119402
0.0
0.0
2.565731343283582
3.2243955223880594
6.383350746268656
7.730485074626867
6.55160447761194
7.270462686567164
7.8374999999999995
7.438111940298508
6.28865671641791
9.165619402985072
12.087477611940301
12.121694029850744
10.012917910447763
0.4285671641791045
3.7794253731343277
6.226746268656717
7.899843283582091
7.891037313432835
4.523611940298507
5.401335820895523
7.644350746268656
7.829485074626865
4.758507462686567
0.5763507462686567
1.116559701492537
0.0
0.008074626865671642
0.11422388059701494
0.0
0.9626119402985075
0.0
0.8957835820895522
2.6162462686567163
4.238201492537314
0.0
0.0
0.11422388059701494
0.9208955223880596
0.22697014925373132
2.2657910447761194
3.8990522388059707
2.7296492537313433
0.7363880597014925
1.0955149253731347
1.1935074626865672
0.03664179104477612
4.213313432835822
4.003567164179104
6.20131343283582
1.3046194029850746
1.9142462686567165
0.0
2.451253731343283
3.168597014925374
3.75660447761194
0.42352985074626864
5.305776119402984
2.630455223880597
0.09921641791044775
0.008074626865671642
0.2436268656716418
2.956723880597015
0.3495149253731343
0.2201641791044776
3.2139552238805966
5.385828358208955
7.465888059701493
2.2934328358208953
0.5149925373134329
1.9059402985074625
5.35723880597015
0.0
0.028574626865671644
1.427514925373134
0.675179104477612
2.317268656716418
5.333022388059701
3.4372089552238805
0.20822388059701494
6.403097014925373
4.449246268656717
4.7989850746268665
2.1269925373134324
1.6857910447761195
0.7323507462686566
1.8595895522388057
3.5971417910447756
1.4237537313432838
0.3533134328358209
0.8510970149253732
0.2704402985074627
2.009097014925373
6.624126865671642
3.8858134328358216
5.191970149253731
0.16856716417910447
0.0958731343283582
0.0
0.0
0.7887910447761194
0.07578358208955224
0.0
0.0
1.4843731343283582
1.5455746268656718
0.4466268656716418
0.6873134328358208
0.885410447761194
2.1397089552238806
2.3257164179104475
4.717216417910447
2.7918880597014923
2.4888134328358213
0.8112611940298508
0.0
0.49581343283582086
0.6873059701492537
0.911910447761194
0.6197164179104477
0.6755597014925373
0.0
0.22855970149253726
0.9359477611940299
1.0201641791044775
0.003619402985074627
0.5633432835820895
0.2704402985074627
0.0
0.0
1.741231343283582
0.0
2.071746268656716
0.23023880597014926
0.022492537313432835
5.29131343283582
0.0
0.39999253731343287
0.0
0.0
0.40150746268656723
1.5905373134328356
1.4315671641791046
0.0
0.0
1.1805820895522388
1.1788283582089554
2.0547313432835823
3.4358731343283586
0.25714179104477614
3.880455223880597
0.0
2.41729104477612
2.1269850746268655
0.08573880597014925
5.029373134328359
3.8745746268656713
0.25511940298507463
0.6966119402985075
0.0
2.524880597014925
0.0
0.01446268656716418
0.01890298507462686
0.0
1.2195074626865672
2.3963656716417905
0.0
0.08241044776119402
4.4604253731343295
5.25494776119403
0.1126044776119403
2.5050298507462685
0.0
0.018082089552238806
1.142537313432836
6.815761194029852
7.124037313432835
8.408134328358209
0.6422910447761195
5.713746268656717
0.0
0.0
5.640246268656717
7.0341641791044776
7.619417910447763
7.812492537313433
5.247910447761194
8.440089552238808
5.9181940298507465
6.661462686567164
7.799686567164178
8.685544776119405
5.814708955223881
0.0538358208955224
0.8981343283582089
4.606179104477612
5.520089552238806
3.9661791044776127
0.3777761194029851
4.111649253731343
3.186671641791045
2.9071268656716414
0.007156716417910448
3.994388059701493
0.7879925373134329
0.4285671641791045
0.26927611940298507
0.0
3.0024328358208954
0.9702611940298507
0.2156641791044776
0.0
8.195402985074628
6.478246268656717
0.30500746268656725
3.0637686567164177
0.057171641791044774
0.0
0.0
0.2761641791044776
0.08157462686567164
5.620380597014925
2.824432835820895
3.6796194029850744
1.5775820895522388
3.294149253731343
0.6626044776119402
0.002716417910447761
5.603902985074627
0.15094776119402986
0.6670820895522389
0.24238059701492537
0.006276119402985075
1.8938283582089555
5.634022388059702
8.3869776119403
3.1840223880597014
2.988716417910448
4.503559701492537
5.879626865671641
1.738917910447761
3.135865671641791
3.6332611940298505
0.18879850746268656
3.637335820895522
0.2580597014925374
3.691425373134328
0.0
8.997149253731342
11.28644776119403
11.040992537313432
9.668902985074629
9.41678358208955
1.0791641791044777
3.2872761194029847
10.620947761194032
0.4077462686567164
4.17710447761194
0.043320895522388055
3.760567164179105
1.9732313432835822
9.666716417910449
1.5808358208955224
0.7955522388059701
2.764940298507463
0.5379253731343284
3.5789925373134333
10.472753731343285
1.9739776119402983
8.355858208955224
5.994902985074627
0.3823432835820895
3.229992537313433
6.5852686567164165
5.145999999999999
12.19783582089552
4.01779104477612
11.017619402985076
12.93781343283582
12.577149253731344
6.1053731343283575
4.245358208955224
2.8367089552238807
0.007156716417910448
0.44400746268656716
5.73163432835821
12.893246268656714
13.84552985074627
10.437537313432834
0.979544776119403
0.0
10.961253731343284
11.895052238805969
12.730582089552238
12.179917910447761
14.924134328358207
14.222216417910449
6.6546119402985076
6.410335820895522
4.8832537313432836
1.7831492537313436
3.8139253731343277
2.626783582089552
2.964761194029851
1.7571044776119402
0.3317014925373134
1.5795597014925373
6.5408880597014925
5.259820895522388
0.7057462686567164
5.419850746268657
3.4156044776119407
0.0
2.883850746268657
2.9449925373134325
4.934201492537313
5.859044776119403
0.4396194029850746
0.10017164179104478
5.410858208955224
0.2319328358208955
0.06756716417910448
7.551097014925372
2.8860223880597013
9.588373134328357
13.00724626865672
14.357522388059701
14.32297014925373
6.935835820895523
13.19971641791045
1.7112164179104479
1.5170671641791047
1.122589552238806
1.9967761194029854
6.824492537313432
12.73044776119403
12.415880597014926
8.514440298507463
8.744358208955223
12.05070895522388
11.096462686567165
7.129328358208955
6.176067164179104
8.479611940298508
0.20157462686567162
1.937679104477612
11.101082089552238
12.575067164179103
3.184768656716418
7.22765671641791
5.122268656716418
1.4421194029850744
9.693582089552239
2.855888059701493
2.227634328358209
3.385544776119403
4.766059701492537
6.23960447761194
5.915007462686568
0.32542537313432834
3.049268656716418
2.834350746268656
10.256455223880598
5.610589552238806
9.799746268656715
1.486679104477612
4.242955223880597
10.624462686567163
7.938231343283582
3.6821641791044772
3.456305970149254
2.6454626865671638
1.3105223880597014
7.631067164179104
5.1379552238805966
6.513380597014924
8.818186567164181
7.042097014925373
0.4406194029850747
8.510231343283579
6.864313432835821
10.938417910447761
10.400485074626866
10.81581343283582
8.172910447761195
6.459917910447761
8.45097014925373
1.8101417910447761
1.9304850746268656
0.1735671641791045
5.8056716417910454
4.033417910447762
0.0
6.665044776119403
8.021589552238808
7.455104477611941
5.710029850746269
6.387582089552239
2.507492537313433
0.5350373134328359
1.3598208955223878
0.0
7.5015298507462695
9.679559701492536
4.184141791044776
5.35810447761194
1.5805223880597017
3.0675298507462685
5.422962686567163
5.4727313432835825
6.170373134328358
6.77163432835821
5.853932835820895
8.415335820895525
7.199716417910447
8.762888059701492
1.3392761194029852
7.025328358208955
7.861320895522387
1.969186567164179
1.8238582089552238
0.097044776119403
2.2814253731343284
3.5535820895522385
0.9725522388059702
1.7068507462686566
6.408477611940299
5.435462686567164
2.572664179104478
1.7911343283582088
0.6309477611940298
0.0
0.0
3.6932089552238807
5.916104477611941
5.890768656716419
3.7958582089552237
8.558544776119405
8.223
7.87787313432836
6.647955223880597
2.6429179104477614
1.0027611940298509
5.141694029850747
0.8788731343283582
0.0
0.028574626865671644
0.5663432835820894
3.379111940298508
4.1823731343283574
0.0
2.280194029850746
0.25983582089552243
0.03379850746268657
0.07064925373134327
0.7991492537313432
1.5306268656716417
0.19128358208955223
3.158223880597015
1.3871567164179106
2.1608059701492537
3.235194029850746
3.8298059701492533
0.024328358208955222
0.0
0.0
0.0
0.025291044776119403
0.007156716417910448
0.011276119402985075
0.2543731343283582
0.924679104477612
0.0
1.1050746268656715
2.9394776119402986
0.0
0.0
0.002716417910447761
2.500597014925373
0.03921641791044776
7.00610447761194
1.7249999999999999
0.007156716417910448
0.08573880597014925
0.0
0.6258283582089552
0.02169402985074626
2.026932835820896
0.13723880597014926
0.0
0.0
0.0
0.0
0.0
0.3868507462686567
0.0
0.6293582089552239
6.127656716417911
1.9428208955223878
1.4349104477611943
0.0
0.0
0.0
0.0
0.12935820895522387
2.5321044776119406
5.2229179104477605
0.17094776119402985
0.0
0.17516417910447762
1.283
0.0
0.5010895522388059
1.5027388059701492
0.0027761194029850746
0.7040298507462687
0.07045522388059701
0.8467985074626865
0.14879850746268658
0.11135074626865674
0.39706716417910454
0.029761194029850745
0.14956716417910448
1.8357164179104475
0.0
0.0
0.4459029850746269
0.0
3.353902985074627
0.0
0.8898432835820895
1.5168805970149255
5.136753731343284
1.7390820895522385
0.34535074626865675
3.4335074626865665
0.0
0.029761194029850745
0.2282238805970149
0.0
0.0
0.08935074626865672
2.0494104477611943
1.1011417910447758
7.249044776119402
2.0151567164179105
0.8545
0.0
6.2264029850746265
7.565977611940298
4.432059701492537
1.24644776119403
5.221798507462687
0.8242238805970149
5.231238805970149
0.37373880597014925
0.0
3.566380597014925
6.881194029850746
3.4266044776119404
6.630768656716419
1.7857910447761194
4.573686567164178
8.549873134328358
8.644820895522388
3.374164179104477
1.0810298507462688
1.5389850746268658
1.4700522388059702
0.0
0.0
0.0
0.38970149253731345
0.3952014925373135
0.023485074626865665
1.0118432835820894
0.0
0.0
0.0
0.0
0.768
4.098485074626865
5.907925373134328
7.086328358208955
9.882701492537315
2.697932835820896
3.723201492537313
0.8526716417910448
1.699522388059702
0.0
8.217007462686569
1.714
0.0
1.4312611940298507
3.6405074626865668
1.9931268656716419
1.8217985074626863
7.502253731343283
6.200141791044776
0.0
0.0
0.0
1.6757686567164178
2.219320895522388
1.3733582089552236
1.0262761194029852
0.0
5.00047014925373
4.359820895522389
6.8397686567164175
0.26491044776119393
5.266432835820895
3.975671641791045
2.439537313432836
1.4927462686567166
2.326992537313433
2.4527313432835824
4.079037313432836
1.2767089552238802
2.326955223880597
1.8339179104477612
4.069067164179104
0.3366791044776119
6.243007462686566
2.595522388059701
6.624313432835821
1.890873134328358
10.841029850746267
11.627141791044778
12.193880597014925
3.326313432835821
6.196097014925374
4.052738805970149
2.7395447761194025
5.346059701492538
5.821343283582089
0.0
5.270343283582091
9.468970149253732
7.356858208955225
1.4112164179104478
2.599126865671642
10.468798507462687
10.840522388059702
3.457716417910447
3.6375895522388064
4.792753731343284
1.0587014925373133
7.686604477611941
10.433597014925372
3.3532089552238804
13.702843283582089
13.574007462686566
8.571067164179103
2.752544776119403
0.9519626865671641
0.33862686567164174
4.936492537313433
4.061492537313433
2.9970746268656714
6.509246268656716
3.7348805970149255
4.187373134328358
0.00558955223880597
0.0
0.47961940298507455
12.177335820895522
14.503880597014925
0.654955223880597
2.459477611940298
5.0905
12.108313432835821
14.020940298507464
11.627567164179105
10.139507462686566
0.8954328358208956
6.981999999999999
8.387761194029851
9.451873134328356
13.800320895522388
7.179276119402985
5.7817835820895525
8.696522388059702
13.91852985074627
14.58563432835821
14.361776119402986
13.725649253731344
14.824365671641791
13.281380597014925
13.176902985074626
10.577641791044776
10.90092537313433
7.587664179104478
0.183
3.535432835820895
3.905320895522388
5.724022388059702
1.5479402985074626
7.221462686567165
8.582738805970148
3.4449552238805974
11.054089552238807
5.492007462686567
10.714567164179105
9.571179104477611
3.5908656716417906
2.657470149253731
9.449940298507464
2.7940895522388063
7.052380597014926
2.627559701492537
4.279052238805971
0.26082835820895517
2.3954253731343282
3.6529850746268657
9.260910447761194
9.459305970149254
12.693492537313434
9.326694029850747
8.072671641791045
13.459402985074627
13.347328358208955
5.300119402985074
12.26128358208955
13.438507462686568
10.242858208955223
7.649917910447761
7.093716417910447
7.637350746268656
6.502992537313434
0.0
5.570567164179104
6.362201492537312
5.166679104477611
6.7240597014925365
5.506067164179105
1.0604925373134328
0.059559701492537316
2.793641791044776
6.935246268656717
0.06728358208955224
1.7670522388059702
0.3055074626865672
5.182902985074627
1.4244776119402986
3.2136791044776123
4.32105223880597
2.99344776119403
0.35328358208955224
2.1818582089552243
0.16896268656716418
1.1824701492537313
1.455126865671642
2.0333432835820897
10.080455223880596
6.068194029850746
4.946179104477611
6.390977611940297
9.195820895522388
7.758231343283582
8.695932835820896
0.13624626865671643
0.06383582089552241
2.9472537313432836
0.08115671641791045
0.0
0.0
2.991223880597015
7.933902985074627
7.871328358208957
6.038723880597014
7.364873134328358
2.7969029850746265
4.801238805970149
9.068044776119404
5.230194029850746
0.9066716417910448
5.619134328358209
6.4232313432835815
6.457992537313433
8.962074626865672
5.763253731343284
4.24965671641791
8.106738805970148
9.090268656716418
1.257231343283582
1.68639552238806
0.6634925373134327
2.6144104477611942
8.304731343283581
3.479402985074627
2.9300447761194026
7.277388059701492
5.936962686567163
8.57102985074627
3.794813432835821
0.0
5.6201194029850745
0.3691567164179104
0.33415671641791045
0.42344776119402977
0.0
1.924238805970149
4.2803059701492545
0.0
1.3821119402985076
4.1891194029850745
0.0
0.35717164179104477
3.144708955223881
0.0
0.0
2.9931268656716417
0.008440298507462689
0.1411417910447761
0.0
3.0643507462686568
2.1881268656716424
0.5401044776119402
5.413485074626865
0.162410447761194
6.560007462686567
1.6666044776119402
5.897768656716419
2.4660671641791043
1.9250970149253732
0.1248283582089552
0.1777686567164179
5.432970149253731
0.0
0.5506194029850747
1.2227014925373134
0.0
2.3487388059701493
1.386776119402985
0.0
0.0
4.370298507462686
0.9847611940298507
1.5760671641791046
3.1548283582089547
0.9510970149253731
0.0
1.4170223880597015
2.792164179104478
6.573634328358208
0.0
0.02527611940298508
3.0967686567164177
1.3330447761194029
4.873805970149253
0.34048507462686567
0.0
1.2673134328358209
2.154253731343284
0.0
2.748738805970149
0.05564925373134329
0.0
0.0
0.26787313432835824
0.0
2.6324477611940296
0.4752462686567164
0.45187313432835824
0.0
0.0
1.1638656716417912
0.0
0.0
0.0
0.0
0.0
0.27882835820895524
4.249216417910447
0.11903731343283583
0.1870223880597015
0.11523880597014925
3.0179253731343283
2.706111940298508
0.0
0.0
4.092074626865672
0.0
0.9894179104477612
4.466477611940298
0.0
0.0
0.0
0.798410447761194
0.43439552238805973
0.9862985074626864
0.9745373134328358
0.0
0.0
0.0
0.0
0.0
5.049223880597015
0.26091791044776114
6.347171641791045
7.267649253731343
7.252694029850746
7.64034328358209
6.555044776119403
5.202955223880596
0.0
0.0
0.0
1.5493432835820895
0.0
0.0
0.0
1.6799029850746265
0.8186119402985076
0.08198507462686568
0.029761194029850745
0.0
0.0
0.059559701492537316
0.0
0.6500970149253731
0.0
0.0
0.892037313432836
5.621492537313433
8.45060447761194
7.812902985074626
0.0
0.0
0.0
0.0
0.0
5.613641791044777
6.900873134328357
7.709298507462686
7.29444776119403
8.55305223880597
8.267447761194031
4.537119402985074
9.509141791044776
8.531753731343285
9.084768656716419
7.660843283582088
9.5535223880597
4.362492537313433
0.9113358208955225
0.0
0.29759701492537316
0.029761194029850745
3.6928507462686566
4.039417910447763
2.7067835820895523
0.0
0.0
0.0
8.080910447761195
0.7632238805970151
4.434597014925374
4.543358208955224
4.331567164179105
2.9790074626865675
2.6890671641791046
0.23808955223880598
9.76529104477612
0.0
4.5711641791044775
2.730619402985075
8.352716417910448
6.527888059701492
0.23808955223880598
1.3234850746268658
5.144126865671642
1.4748283582089552
1.6559701492537313
7.07784328358209
0.7487164179104477
0.0
6.8892686567164185
8.756223880597014
6.397992537313433
7.132455223880597
2.6577910447761193
10.726850746268658
11.40355223880597
12.059067164179105
8.289768656716419
10.575477611940299
12.830044776119404
13.204014925373135
12.660559701492536
1.2989850746268654
3.2640671641791044
5.846432835820896
3.06489552238806
0.0
0.386910447761194
0.47958955223880606
7.876537313432837
11.940567164179106
11.30481343283582
7.022000000000001
5.253567164179104
0.029761194029850745
6.985962686567164
4.644395522388059
2.7520895522388056
6.6078880597014935
9.558059701492535
1.684037313432836
5.2887761194029865
4.6080149253731335
1.893141791044776
0.44988059701492544
2.2869850746268656
6.25760447761194
11.049559701492537
12.321432835820897
4.171410447761194
7.509701492537314
0.0
0.02905223880597015
0.3929029850746269
6.154567164179104
0.27526119402985066
0.4777014925373134
3.2369179104477617
3.847029850746268
2.0501194029850747
7.488395522388059
2.834679104477612
8.220253731343284
9.842022388059702
5.914044776119404
0.4489850746268657
1.6546119402985073
3.2199776119402985
0.0
1.6599179104477613
5.998977611940299
0.02293283582089552
1.1339701492537313
0.4672313432835821
5.380925373134329
4.32160447761194
3.2341417910447756
0.8821492537313432
2.066238805970149
1.5176119402985075
8.871
2.0405298507462684
13.225664179104477
11.808149253731342
2.8718358208955226
2.748343283582089
5.418761194029851
9.320029850746268
14.881440298507462
14.879985074626864
10.057753731343285
0.05485820895522388
8.781932835820896
8.705597014925372
11.580910447761195
8.55589552238806
6.529753731343284
13.154902985074628
9.614619402985074
4.463873134328359
3.6903358208955224
3.5566268656716415
9.691410447761193
3.7590970149253735
4.135388059701493
4.86844776119403
6.4714552238805965
6.081492537313434
4.026432835820895
5.273082089552238
0.8482388059701491
0.26020895522388054
0.4725671641791045
2.4341865671641796
0.10825373134328359
2.5909776119402985
1.1625746268656716
1.5754029850746267
7.759111940298507
6.416850746268657
6.567574626865672
7.000283582089552
8.100201492537314
0.4247537313432836
2.4579402985074625
7.547962686567164
2.155686567164179
3.263656716417911
3.5311940298507465
3.6725597014925375
0.6788955223880597
10.158402985074625
0.4917014925373135
2.1424104477611947
5.7011641791044765
10.075783582089553
11.331567164179106
1.399313432835821
3.412485074626866
0.8570895522388059
1.9205373134328356
3.0318358208955223
0.6465373134328359
0.20444776119402983
3.019268656716418
6.36639552238806
9.951686567164177
6.729261194029851
9.24292537313433
8.440104477611941
1.460365671641791
5.100664179104478
1.3630820895522389
7.262649253731343
6.957485074626867
2.4732313432835817
4.173805970149253
5.07884328358209
0.24124626865671642
0.5453208955223882
3.265246268656716
5.0671567164179105
4.506895522388059
0.3539328358208956
4.004604477611941
3.085320895522388
6.1736268656716415
3.4576492537313426
1.1415298507462688
3.7631194029850747
5.909999999999999
2.627701492537313
4.5366343283582085
4.053470149253731
0.5015074626865671
7.684582089552238
8.89226119402985
8.381522388059704
8.758492537313431
2.8811194029850746
2.2248656716417905
5.146074626865672
6.06315671641791
0.6735820895522387
8.570902985074627
8.560582089552238
1.888141791044776
0.0
0.46559701492537314
3.685402985074627
0.0
0.5337313432835822
0.9312089552238806
4.098999999999999
7.754910447761193
3.8205223880597012
0.026320895522388057
0.023485074626865665
0.37648507462686565
0.0
2.504768656716418
6.4646716417910435
3.347470149253731
0.9872014925373134
0.3220223880597015
3.4485074626865675
2.519522388059702
0.0
0.0
0.0
0.9746641791044776
2.4023134328358204
0.6810298507462687
0.6996865671641791
0.8336268656716417
0.6894626865671643
0.11903731343283583
0.5575223880597014
0.5078208955223881
1.8990895522388056
0.18137313432835822
1.3562014925373134
0.37548507462686564
0.10511940298507462
0.25919402985074624
0.0
0.1141865671641791
0.6240820895522389
0.0
0.0027761194029850746
0.17613432835820897
0.0
0.8923507462686566
0.0
0.035283582089552235
0.0
0.1878731343283582
2.5320746268656715
0.1886641791044776
4.781574626865671
0.9042238805970149
1.0196641791044776
0.011753731343283582
2.1520149253731344
2.7723731343283577
4.923111940298508
0.0
0.8323656716417911
0.0
2.556507462686567
0.34048507462686567
0.11740298507462688
0.0
0.0
0.0
0.05564925373134329
0.0
0.0
1.165873134328358
0.9332910447761195
0.6316044776119403
0.0
0.0
1.8668432835820896
0.0
0.0
2.736962686567164
0.05564925373134329
0.3922462686567164
0.0
0.12187313432835824
0.0640820895522388
0.0
0.30709701492537317
0.4117985074626866
3.38765671641791
5.238111940298507
0.0
2.1082835820895522
1.339776119402985
5.384917910447761
0.967134328358209
0.0
0.019679104477611935
0.0
1.2195671641791046
0.9569925373134328
0.7890000000000001
0.00558955223880597
0.9313507462686567
1.2324179104477613
0.0
0.6510820895522388
0.23323880597014923
2.3361940298507466
0.0
1.8941492537313431
0.3848283582089552
0.14676119402985074
0.0
1.337365671641791
1.1222388059701491
0.9109328358208955
0.5357014925373134
0.6355746268656717
3.2328656716417905
0.8275298507462687
0.0
0.3137686567164179
1.4867910447761195
0.0
5.456597014925373
8.152589552238807
8.780910447761192
7.142813432835821
0.09041044776119403
0.0
1.0587910447761195
1.9257686567164178
0.059559701492537316
3.5448656716417917
3.21210447761194
0.17266417910447762
0.40970895522388057
0.0
0.0
1.834731343283582
1.5652014925373134
0.40514179104477616
4.0517164179104475
0.0
0.00558955223880597
4.953813432835821
0.6211119402985076
0.25919402985074624
4.389955223880596
7.483537313432836
0.0
1.6009701492537314
2.179246268656716
0.0
1.1674253731343285
0.0
1.0076194029850747
3.878694029850747
7.129440298507463
2.9470820895522394
0.2946865671641791
0.21655223880597013
1.0212611940298506
0.17094776119402985
1.6016940298507463
0.014044776119402986
2.9706194029850743
0.38497014925373135
3.101231343283582
0.0
2.137007462686567
0.11135074626865674
0.0
5.618291044776119
8.52581343283582
3.1690373134328356
0.0
5.761701492537314
3.1636194029850753
0.0
0.07888059701492538
10.550059701492538
9.303791044776117
6.985835820895523
6.082440298507463
10.965873134328357
7.392022388059701
11.420791044776118
0.12914925373134326
6.4802611940298505
10.504559701492536
5.033567164179105
7.784776119402984
7.980201492537315
10.277044776119403
13.170597014925374
12.412156716417911
11.598179104477612
5.571067164179103
0.0
5.450902985074627
3.5572686567164182
7.544246268656717
3.2724104477611937
3.6728656716417905
7.82355223880597
7.984194029850746
12.770111940298507
9.957231343283583
0.0
6.2501417910447765
11.57976865671642
13.70686567164179
12.860753731343284
12.931731343283582
6.875522388059702
9.306492537313433
1.2163955223880596
3.8389776119402987
1.7558432835820894
0.11940298507462686
2.619776119402985
6.956902985074627
7.033574626865672
13.241440298507461
5.128940298507462
9.034067164179104
12.792126865671642
8.528358208955225
5.414679104477613
5.750626865671642
7.293761194029851
4.32455223880597
4.085604477611939
2.0039999999999996
2.769373134328358
3.3705746268656718
2.422119402985075
0.11903731343283583
2.905313432835821
0.7136716417910448
2.660589552238806
7.481783582089552
1.332917910447761
2.8902238805970146
14.53634328358209
14.860373134328357
11.70162686567164
7.029716417910447
9.92544776119403
10.563664179104478
3.2272761194029855
0.0
3.299268656716418
0.506955223880597
0.12873880597014922
0.011753731343283582
0.0
1.6131940298507463
2.436731343283582
3.8350671641791045
7.801932835820896
6.473320895522388
3.394858208955224
6.811708955223882
2.5700820895522387
11.674134328358209
5.836410447761193
6.921529850746269
9.207350746268656
6.369999999999999
7.612052238805971
13.467305970149255
8.49705223880597
6.610619402985075
4.384634328358208
3.9798059701492536
1.1504850746268658
0.08935074626865672
0.10844029850746269
0.6907014925373135
0.7872611940298508
6.453485074626866
0.7777014925373134
4.153298507462686
10.185656716417911
2.5024552238805966
12.724194029850745
11.625753731343284
9.482470149253734
9.867111940298507
3.734492537313433
10.066888059701494
9.412417910447763
12.594276119402986
1.4217388059701492
5.169604477611941
6.5519776119402975
8.951313432835818
6.096201492537313
12.881686567164179
8.678029850746267
8.54444776119403
5.547895522388059
5.985761194029852
7.700141791044776
11.312888059701493
13.27011194029851
11.95292537313433
10.382253731343285
11.389574626865672
12.695097014925373
3.4329925373134325
1.4491417910447761
5.1690746268656715
1.7408805970149255
5.795283582089552
5.66829104477612
3.4483059701492538
3.2230746268656723
0.1066417910447761
7.681029850746267
8.429149253731342
5.244955223880598
9.301007462686567
4.202746268656716
2.3110223880597016
2.1465597014925373
6.109231343283581
0.032574626865671634
7.261238805970149
9.441723880597015
6.927970149253731
11.01860447761194
10.017649253731342
1.4477089552238807
4.82731343283582
2.2560597014925374
2.961410447761194
0.8855298507462687
0.26850000000000007
1.678373134328358
2.481
0.0
0.14879850746268658
0.0
8.541007462686569
1.9596119402985073
0.3272089552238806
0.0
3.5702910447761194
4.104873134328358
2.9355298507462684
2.745716417910448
5.228858208955224
9.275425373134327
8.624835820895523
0.8585895522388058
0.0
0.9716044776119402
0.14879850746268658
1.6842611940298506
3.2032910447761194
3.7175970149253734
6.5413955223880595
0.0
0.0
6.436977611940299
0.9484253731343284
0.9158358208955224
0.0
0.08217910447761194
0.5401044776119402
0.6487611940298508
0.0
0.6206492537313433
5.099141791044777
1.1376716417910446
0.0
0.0
1.6133955223880596
4.237507462686567
3.977492537313433
5.758432835820894
2.779223880597015
1.1535970149253731
0.6393955223880595
1.071902985074627
1.357597014925373
8.353044776119402
8.071298507462688
3.542589552238806
3.4176268656716418
4.076507462686567
6.742059701492536
0.0
0.0
2.5958805970149257
1.8137611940298506
0.0
0.0
0.9691716417910448
3.718119402985075
0.17094776119402985
1.454082089552239
0.0
3.0316492537313433
1.875440298507463
0.0
0.029761194029850745
0.0027761194029850746
0.0
0.7911044776119404
0.0
1.4070373134328358
0.0
0.0
0.0
0.0
0.0
0.4493432835820896
1.073134328358209
3.7171567164179105
0.0
2.690007462686567
0.0
0.0
0.6075820895522388
0.11523880597014925
0.0
5.195656716417911
3.4344925373134325
0.0
0.0
0.0
2.919283582089552
0.0
0.0
0.0
0.0
0.0
0.0
0.0
0.4089925373134328
3.4940298507462684
0.9041791044776121
0.0
0.0
0.0586865671641791
3.382164179104478
2.6306791044776117
0.6044402985074627
0.0
0.0
0.0
0.4931417910447761
0.05846268656716418
4.0451791044776115
0.2063805970149254
6.954626865671641
0.9170597014925372
0.5920223880597015
0.0
0.16708208955223883
0.9697089552238806
2.366477611940298
0.9275970149253732
0.48278358208955224
2.3183880597014923
0.9654626865671643
1.508507462686567
4.089962686567164
7.129888059701492
7.4699776119402985
5.264485074626866
0.0
0.5816268656716417
0.9980298507462686
1.1331268656716416
1.0685298507462686
1.1308432835820894
2.2645522388059707
0.08935074626865672
0.17474626865671644
1.8530522388059703
2.2437985074626865
1.3499179104477612
2.873462686567164
1.1239104477611939
0.11135074626865674
4.808634328358209
2.003917910447762
0.0
4.7969029850746265
7.167097014925374
0.0
0.0
2.0341716417910454
2.6506268656716414
0.4348880597014926
0.0
0.0
3.4472089552238807
1.9053805970149253
0.6167910447761195
0.8458134328358209
0.0
0.7883283582089553
2.0974999999999997
0.633865671641791
0.2216641791044776
8.487201492537315
8.428223880597015
0.0027761194029850746
6.184462686567163
6.916335820895523
6.383746268656717
2.5290149253731338
1.6242611940298508
5.773970149253731
0.08935074626865672
0.0
0.5757089552238805
7.075388059701492
2.9626194029850743
6.3795447761194035
4.4589029850746265
0.3106194029850747
8.378604477611942
0.0
6.459940298507463
9.739820895522389
9.853022388059701
7.0663880597014925
1.1873358208955225
9.019694029850745
4.98494776119403
2.6464402985074624
3.650208955223881
0.2435671641791045
0.2943208955223881
0.0
1.128738805970149
2.3054701492537313
2.6935970149253734
8.666611940298507
0.0
9.133746268656717
2.5291940298507467
1.9926194029850743
1.1057910447761192
0.0
0.029761194029850745
0.11903731343283583
4.508649253731344
1.1188880597014925
3.8682388059701496
2.588880597014925
0.9782611940298507
0.560828358208955
9.362089552238805
4.206171641791045
0.04694776119402985
0.3559626865671642
0.00558955223880597
7.612932835820895
3.7642761194029846
11.743858208955224
4.228037313432836
8.638059701492537
11.79534328358209
9.977828358208955
8.205835820895524
8.222783582089553
12.427708955223881
13.322835820895524
0.2227537313432836
1.6087313432835824
2.223671641791045
9.023485074626866
3.6073358208955226
11.622708955223882
13.850320895522389
13.18181343283582
12.723186567164179
12.304201492537313
11.454380597014923
12.024246268656714
14.147977611940297
14.549940298507464
14.527462686567164
14.382843283582089
13.268097014925372
10.52476119402985
13.40800746268657
9.10788805970149
7.027955223880597
11.515164179104477
10.952268656716416
3.9500671641791043
1.610134328358209
2.491955223880597
6.32005223880597
7.447440298507463
3.574082089552239
4.9268283582089545
7.544947761194031
11.175179104477612
1.919276119402985
10.836335820895522
14.722552238805969
10.14173134328358
9.419761194029851
14.042962686567165
14.77510447761194
12.173485074626866
14.206223880597015
14.059194029850746
7.415910447761194
0.6880746268656717
4.702858208955224
4.650029850746269
11.371746268656715
9.568776119402985
5.749611940298507
3.0714253731343284
0.5357313432835822
7.874932835820895
1.9619179104477615
0.7488358208955225
0.4982686567164179
2.110731343283582
12.49608208955224
12.947850746268657
10.58134328358209
3.9617388059701497
3.0077014925373136
4.362574626865672
5.948059701492537
9.506283582089553
7.087514925373134
7.017708955223881
2.196425373134328
6.42979104477612
7.657485074626866
6.573447761194029
8.94152985074627
13.406231343283581
13.154731343283581
9.398014925373133
3.117559701492538
6.273283582089553
2.543746268656716
4.727858208955224
4.003141791044777
9.348462686567164
10.332902985074627
3.0855671641791047
3.990305970149254
3.8810223880597015
0.9282014925373134
1.7357686567164181
6.444597014925373
11.475604477611938
7.935932835820897
4.196305970149254
1.3301940298507464
3.403492537313433
9.218649253731343
6.380134328358209
2.1161567164179105
9.543723880597014
9.240231343283583
11.44344776119403
8.126858208955223
5.328611940298507
10.864723880597015
11.932634328358208
10.587641791044776
10.532985074626867
5.686022388059701
7.910999999999999
11.462768656716417
0.20753731343283585
0.7361119402985075
2.471007462686567
0.0
2.296373134328358
10.058492537313432
8.485597014925371
0.35637313432835827
1.1165895522388058
0.7749626865671642
4.858164179104477
4.72929104477612
9.59279104477612
6.590529850746268
10.638358208955223
9.983813432835822
2.510276119402985
4.310492537313433
8.286164179104478
1.1823432835820895
3.3829850746268657
0.06515671641791045
0.9110820895522387
6.448671641791045
9.674932835820893
5.360544776119403
8.029537313432836
7.118156716417911
7.374828358208955
0.2817761194029851
0.0
2.3875746268656717
1.9472164179104479
4.615992537313432
4.156320895522387
2.6460298507462685
0.3120671641791045
0.11227611940298508
1.8077014925373132
8.889462686567164
8.569201492537314
8.23979850746269
0.5575597014925373
0.029761194029850745
0.728679104477612
0.0
2.9240074626865673
2.3456716417910446
0.41269402985074627
0.22656716417910447
3.3591791044776116
4.770141791044776
4.633097014925373
8.394164179104477
6.4443283582089546
2.846641791044776
1.4543955223880598
3.536074626865671
9.121656716417911
6.729291044776119
4.189708955223881
3.0722985074626865
3.69979104477612
5.802194029850747
4.461858208955224
1.5780149253731344
0.8493955223880596
0.0
0.0
3.891238805970149
0.0
2.3179999999999996
2.6415373134328357
0.1411417910447761
0.34535074626865675
1.129089552238806
5.0801567164179104
3.7367985074626864
6.593917910447762
6.59470895522388
6.634194029850746
6.764432835820896
2.356261194029851
6.035223880597015
7.286507462686567
7.559514925373135
7.282358208955224
6.109671641791044
3.517529850746269
3.1567238805970153
2.431843283582089
0.0
4.965402985074627
0.0
0.0
5.872328358208955
6.380753731343283
6.394574626865672
5.3945298507462685
5.253
4.974686567164179
3.6255447761194026
0.0
0.0
1.0550298507462683
0.6223059701492537
0.0
3.251671641791045
0.0
0.0
0.0
0.11523880597014925
0.0
1.472134328358209
0.7922462686567164
0.26566417910447765
3.1382238805970153
0.0
0.0
0.0
2.763141791044776
0.23611194029850746
4.52805223880597
2.8824701492537312
0.798410447761194
0.0
0.0
0.7632238805970151
0.0
