3.446687500000001
0.015791666666666666
3.976104166666667
3.195479166666667
5.04675
2.9146458333333336
0.3504375
0.0
0.5395
0.009500000000000001
0.14697916666666666
0.9829791666666666
1.484375
0.7825416666666666
0.18729166666666663
0.0
4.343416666666667
5.517375
3.0138541666666665
0.0
0.0
0.0
1.2442708333333334
4.053229166666667
0.015770833333333335
1.0461458333333333
0.0
0.5075
0.0
1.3062083333333334
1.4404374999999998
0.0
3.6167708333333333
1.4273958333333334
2.7550000000000003
6.016583333333334
0.23383333333333334
4.39825
0.5952291666666666
4.537958333333333
0.0
0.0
0.0
0.0031875
0.07208333333333333
0.0
0.0
0.0
0.0
0.24931249999999996
3.6196458333333332
4.624375000000001
0.0
1.492
5.864520833333333
4.852166666666666
4.532166666666666
9.556500000000002
5.4969166666666665
1.2710000000000001
0.0
0.0
6.439770833333333
2.0737083333333333
3.3358958333333333
2.328333333333333
0.16095833333333334
3.8376249999999996
0.004166666666666667
2.969416666666666
0.4177083333333333
0.0
0.8280208333333333
0.0
7.337583333333332
3.9245625000000004
0.9170624999999998
1.8009791666666668
3.0497083333333337
8.6851875
6.385020833333333
8.381479166666667
0.0
0.8158749999999998
1.7326249999999999
1.2565625
0.0
0.0
0.07375
0.0
2.0578541666666665
4.160854166666667
1.3266875
0.14039583333333333
0.3945
0.0
0.049854166666666665
8.508354166666667
11.2830625
11.638479166666665
0.4271875
9.567333333333332
9.266854166666667
10.639958333333333
0.07208333333333333
0.0
9.383229166666666
4.678875
0.5262083333333334
0.9097291666666666
0.34850000000000003
0.9618333333333333
2.8258125
3.1800416666666664
2.2907291666666665
3.0346666666666664
4.091458333333333
2.5696041666666667
1.9336250000000001
1.6267916666666666
6.985479166666667
4.474583333333333
2.409145833333333
3.2386041666666667
5.664937500000001
10.544041666666667
13.379604166666667
12.465624999999998
7.939854166666666
0.04920833333333333
1.3140416666666666
7.2521249999999995
12.430458333333334
13.231812499999998
13.075833333333335
2.603458333333333
0.4830208333333333
5.742958333333334
0.7149791666666667
7.467437499999999
3.126645833333333
10.275541666666667
1.5340833333333332
6.865916666666667
6.930479166666667
0.23016666666666666
10.652708333333333
12.475583333333333
10.768041666666667
13.290541666666668
8.476854166666667
8.727520833333335
12.0129375
12.577854166666668
8.205125
0.0031875
2.025916666666667
3.333375
5.6245208333333325
9.895416666666668
6.9525625
7.058645833333332
8.374729166666667
3.5318541666666667
1.9101458333333332
0.4932083333333333
4.976145833333334
0.09233333333333334
4.987020833333333
11.2469375
10.412083333333333
0.24502083333333333
0.7483333333333334
5.9391875
7.414020833333333
7.341312500000001
8.2485625
5.671562499999999
7.265916666666667
3.7001458333333335
4.444520833333333
5.879645833333334
4.0558958333333335
4.812145833333333
9.604645833333334
3.4868333333333332
2.375208333333333
7.236979166666667
0.395
0.8113125
4.9718124999999995
2.4141041666666667
1.1101875
6.3778958333333335
1.8312291666666667
0.008416666666666668
1.5398958333333332
1.5628125
1.4486875
0.6554791666666667
2.1626458333333334
6.0674166666666665
0.9641666666666667
2.4912500000000004
2.5218958333333332
5.181541666666667
5.574916666666667
8.139854166666668
6.651916666666666
5.401208333333334
5.449395833333334
3.7950208333333335
1.5092708333333331
5.131291666666667
6.2727708333333325
8.456104166666668
8.306208333333332
8.230437499999999
6.999958333333333
4.181916666666667
0.48699999999999993
5.266604166666666
2.4483125
2.0441249999999997
8.675916666666666
3.4834374999999995
2.7027916666666667
7.373937499999999
3.237625
7.083645833333333
1.0530416666666669
1.318125
2.304375
2.4449166666666664
4.610375
1.7113333333333334
2.927208333333333
4.773062499999999
0.13552083333333334
9.370833333333335
10.905937500000002
10.777041666666667
9.453583333333333
6.868375
4.339666666666667
2.6752916666666664
6.896354166666668
10.948104166666667
9.4915
3.5199374999999997
1.6631041666666668
6.882979166666666
6.695687499999999
5.4180625000000004
2.182916666666667
7.685604166666667
5.212770833333334
9.417833333333334
5.732270833333334
4.701958333333334
4.092125
1.4407083333333333
4.8414375000000005
0.028833333333333332
0.614375
4.9829375
3.9658333333333338
2.2325833333333334
3.4806874999999997
0.0
7.603020833333335
8.560083333333333
7.6358125
7.425916666666666
8.551520833333333
2.6689583333333338
0.28525
1.5919999999999999
1.1753124999999998
1.8450208333333336
8.075979166666668
7.345041666666667
7.201020833333334
7.572666666666667
4.387604166666667
0.7864999999999999
0.8306458333333332
0.14397916666666669
1.5272083333333333
2.1357500000000003
7.783770833333333
8.090083333333334
1.1825208333333335
7.671583333333333
9.0704375
8.991479166666666
8.646625
8.761583333333334
6.0045625
4.2396666666666665
0.0
0.14729166666666668
2.2623125
1.7859791666666667
3.6600625
2.4372291666666666
0.029437499999999995
0.6306458333333333
0.563125
3.8995208333333338
1.7375833333333333
2.2592708333333333
1.5800833333333333
6.702229166666666
1.2095624999999999
3.266666666666667
0.022104166666666664
0.0
0.0
1.0660833333333333
0.536625
0.08649999999999998
0.024583333333333336
0.12281249999999999
0.3491250000000001
0.34397916666666667
0.0
0.0
0.028854166666666667
0.2680416666666667
0.04920833333333333
3.2673124999999996
1.0274791666666667
0.004166666666666667
1.0724166666666666
4.550625
4.678041666666667
0.7905833333333333
0.024583333333333336
0.5268125
0.0
0.0
1.2178541666666665
0.05056249999999999
3.2537083333333334
0.0
0.3458333333333334
0.6611041666666667
0.025229166666666664
0.0
0.04920833333333333
0.0
0.32502083333333337
1.7675833333333335
0.037937500000000006
0.0
0.12941666666666668
0.29350000000000004
0.9258541666666668
0.10725
0.0
0.0
0.0
0.5294375
0.35920833333333335
1.0446666666666669
2.2529166666666667
0.0
0.024583333333333336
0.0
0.0
0.0769375
0.21775
0.12020833333333332
0.08649999999999998
0.8804374999999999
5.8919375
5.389458333333333
1.2162916666666665
0.787375
5.089854166666666
3.9790625
3.8831458333333333
1.1027708333333333
2.1797500000000003
0.38433333333333336
0.4248125
0.05472916666666666
0.19539583333333335
1.7959583333333333
4.7878541666666665
1.290875
0.24283333333333332
0.0
0.0
1.3943750000000001
0.0
0.4573125
0.0
0.03139583333333334
0.025229166666666664
0.10514583333333333
0.09695833333333333
1.5376874999999999
0.22120833333333334
0.7639166666666667
0.12714583333333332
0.057645833333333334
1.5080833333333334
0.15858333333333333
0.0031875
0.211375
0.044562500000000005
8.234874999999999
8.814270833333333
8.818479166666666
8.852083333333333
8.611270833333334
8.049854166666668
7.060895833333333
7.590333333333334
1.484708333333333
0.0
0.08283333333333333
0.8581666666666666
0.27039583333333334
7.463229166666667
0.015791666666666666
2.134604166666667
0.0031875
1.4600625
4.6209999999999996
5.9886875
0.19289583333333335
0.0
2.9821458333333335
0.0
0.7712916666666668
0.6911041666666667
5.677145833333334
0.6866666666666666
1.7247916666666665
0.012624999999999999
1.2846250000000001
1.3519583333333334
0.5314375
5.4435
0.0
1.2842291666666668
2.906166666666667
0.0
1.2483333333333333
3.0003333333333337
3.2972916666666663
4.137604166666667
1.0038541666666665
0.25558333333333333
0.036875
0.14881250000000001
2.128979166666667
10.905812500000001
6.580583333333333
3.3705625
3.7490208333333332
0.29160416666666666
0.11352083333333333
9.815333333333333
11.78914583333333
12.248062499999998
11.593583333333333
11.7580625
10.265083333333333
1.1600833333333334
2.3970208333333334
2.8231874999999995
7.420604166666667
3.6939375
0.28481249999999997
0.16254166666666667
0.0
2.6251458333333333
1.1905208333333335
0.11377083333333333
1.5706249999999997
8.7835625
8.676312500000002
1.4203333333333334
6.253875000000001
4.659916666666667
13.1889375
9.692979166666667
1.8045833333333334
0.0
8.518458333333333
13.490604166666666
13.8026875
13.899499999999998
13.926541666666665
13.918187500000002
12.842958333333334
13.118770833333334
8.114479166666667
9.392854166666668
12.080958333333335
8.395
11.294104166666665
7.331708333333332
12.744854166666668
0.7149583333333335
0.32922916666666663
10.272479166666665
7.726312499999999
2.5487916666666663
3.8796875000000006
0.0241875
6.3665416666666665
0.9863958333333334
8.313625
8.408666666666667
11.857833333333332
12.983229166666668
11.317416666666666
5.7426666666666675
5.2315625
0.9638125000000001
0.49425
3.9340208333333333
13.157875000000002
4.265770833333334
6.0246875
5.0481041666666675
4.489208333333333
2.433666666666667
2.973333333333334
3.699291666666666
7.270791666666667
1.3224583333333333
4.29225
7.8716875
2.8872291666666663
3.617270833333334
4.081708333333333
3.667604166666667
0.7826875000000001
3.9544375000000005
2.676270833333333
0.7756249999999999
0.7075416666666667
1.8537291666666667
3.883270833333333
1.9912083333333335
9.920458333333334
1.9107083333333332
1.3164791666666666
0.9294166666666667
0.5005000000000001
0.35302083333333334
0.5681666666666667
2.1230416666666665
0.6980624999999999
0.1656875
2.5816250000000003
3.1450625000000003
1.3110833333333332
0.0
0.5309791666666667
0.0
8.838812500000001
12.964999999999998
12.309916666666666
12.035916666666665
12.859083333333333
9.413937500000001
5.961749999999999
7.352520833333333
0.0062499999999999995
6.386520833333333
9.069520833333334
10.107083333333334
5.2971458333333326
8.869583333333333
3.3998333333333335
6.530833333333334
11.685770833333331
1.9700833333333332
2.369895833333333
3.0080625
7.992708333333333
2.901666666666667
5.056354166666666
9.831375000000001
12.502708333333333
9.773458333333332
7.471
4.07525
0.5415833333333333
1.4563541666666666
5.078145833333334
2.8147708333333328
0.4955625000000001
3.6024166666666666
7.120833333333334
11.129687499999998
8.622916666666667
2.9051458333333335
4.362625
4.4000208333333335
1.3961875
2.257
9.438104166666667
11.254145833333334
9.343145833333333
2.330458333333333
1.8185416666666665
9.98375
10.634083333333333
0.5641875
1.5454166666666669
2.1534375
1.1406666666666665
4.439229166666666
1.2568333333333335
1.6789583333333333
7.605666666666667
2.2757916666666667
5.294833333333334
9.495666666666667
8.173520833333333
7.812874999999999
5.1968958333333335
0.0
3.957916666666667
0.0
4.447791666666666
3.119104166666667
7.685395833333334
4.97525
2.1239583333333334
7.615645833333333
4.5181875
7.5004375
3.8441458333333336
5.931750000000001
0.10725
0.0
2.503458333333333
1.4926041666666665
3.1937916666666664
0.03302083333333333
1.5538958333333335
0.0
1.2980208333333334
0.7686250000000001
0.0
0.0850625
0.04920833333333333
5.404416666666667
5.704041666666666
4.0661875
3.043833333333333
0.0
0.0
0.024583333333333336
3.290020833333333
0.07375
7.176562499999999
4.81825
4.360333333333333
1.0650833333333334
8.293875
6.103708333333333
0.18718750000000003
0.7778541666666667
0.16756249999999998
0.0
0.0
2.3107083333333334
1.8613125000000001
1.2592708333333331
0.1009375
0.3296041666666667
0.7564166666666668
0.024583333333333336
0.0
0.0
0.05229166666666666
2.2470625
1.8525208333333334
3.5589999999999997
1.14175
0.0
0.5159166666666667
0.22120833333333334
0.0
0.8846666666666666
3.7193125000000005
0.0
0.0
0.04920833333333333
5.461541666666666
0.0
1.5337500000000002
0.0
0.42010416666666667
0.0
5.3097916666666665
0.4389375
1.1474791666666666
0.0
0.0
0.0
0.328125
0.05406249999999999
0.07375
1.7859791666666667
5.0439791666666665
0.0
1.5063333333333333
0.024583333333333336
0.2978125
3.0999375
0.008416666666666668
0.07375
0.0062499999999999995
0.8660208333333334
0.6405416666666667
3.5777291666666664
0.0
0.0
2.3322708333333337
0.12668749999999998
0.0
0.0
0.9474375
1.5890625
0.07375
1.9058333333333335
2.0206458333333335
0.0
0.0
4.572333333333333
0.0
1.63825
0.05904166666666666
1.37225
4.084291666666666
0.12741666666666665
0.0
0.08949999999999998
0.034020833333333333
1.7098125
5.827791666666666
3.404083333333334
4.8838125
0.0
4.116708333333333
1.1486875
0.9369375
4.60775
7.225479166666666
6.663187499999999
6.833416666666666
6.662812500000001
0.0
0.0
0.662875
0.0
0.0
0.24575
0.009500000000000001
1.3353541666666668
3.204854166666667
2.0249166666666665
4.567541666666667
2.288854166666667
3.3976666666666664
4.070250000000001
0.09695833333333333
0.23652083333333337
0.004166666666666667
0.029437499999999995
2.803041666666667
3.0702083333333334
1.8840000000000003
0.0
0.0
5.809
7.126854166666667
5.0399375
1.215625
0.46541666666666665
0.004166666666666667
0.23985416666666667
0.922625
0.024583333333333336
0.32410416666666664
0.0
0.14131250000000004
0.0
1.1340000000000001
1.8567708333333333
4.495854166666667
0.025312499999999998
6.060124999999999
2.1229999999999998
0.472625
1.7265
0.3685833333333333
7.743229166666667
6.989791666666666
8.126520833333332
0.4346041666666667
2.0806875000000002
2.4093125
1.8825625
7.816875
7.9277291666666665
3.585833333333334
2.6322500000000004
0.0
1.944375
3.5452291666666667
4.7345
0.0
0.10045833333333333
5.2495416666666666
9.539916666666667
2.6772708333333335
10.146416666666667
10.803770833333331
11.5649375
3.4022083333333337
2.8749791666666664
11.845916666666668
12.779937499999997
11.339958333333334
8.106479166666666
9.660541666666667
0.19458333333333333
5.918937500000001
7.9057916666666666
2.8452916666666668
4.293500000000001
11.321395833333332
5.383333333333333
4.156041666666666
0.0
3.4261874999999997
0.0
0.0
4.3993125
6.99175
4.987729166666667
1.3298333333333332
2.5571458333333332
0.42616666666666675
8.473291666666666
1.6772708333333333
11.022895833333331
12.603520833333334
10.799708333333333
8.556458333333333
5.843520833333334
2.1864583333333334
3.4197291666666665
7.789125000000001
4.2169375
8.701770833333333
9.831291666666667
11.120854166666666
8.038333333333334
1.280625
9.3044375
5.549895833333333
0.37320833333333336
0.6339791666666666
0.004166666666666667
4.819375
0.24454166666666668
4.6476875
10.198854166666665
8.865374999999998
11.191416666666669
0.7530000000000001
0.0031875
6.202666666666666
3.5432916666666667
9.035770833333332
6.5432500000000005
0.8120833333333334
7.49925
9.823395833333334
2.7253333333333334
13.197000000000001
7.267291666666666
7.855583333333333
3.3658750000000004
2.0739375
0.0
0.15189583333333334
1.0912499999999998
3.8712708333333326
5.030916666666667
8.633354166666667
9.289916666666667
6.511291666666668
3.984145833333333
7.740291666666667
1.3586875
0.0
1.8353125
4.636270833333334
4.7684999999999995
1.16325
5.855854166666666
0.7040833333333333
7.417458333333333
10.607333333333335
11.751479166666668
8.181312499999999
8.982958333333334
1.405833333333333
4.635270833333333
1.7092083333333334
3.9952291666666664
0.5831666666666667
2.3598125000000003
4.741270833333334
0.1842083333333333
1.1063541666666665
0.4561458333333333
0.12281249999999999
4.6101875
1.6491458333333335
5.229020833333333
0.5204166666666666
0.7626874999999999
5.210333333333334
1.4494999999999998
3.5506041666666666
8.734125
6.8914791666666675
2.4124166666666667
3.0679583333333333
7.318104166666667
9.786166666666666
10.823791666666665
11.83964583333333
6.2523124999999995
0.4231041666666666
0.04920833333333333
0.0
0.0
4.6998125
8.1956875
8.2005625
9.377020833333333
3.9760000000000004
5.023958333333334
7.640041666666666
0.9743333333333334
0.13870833333333332
4.7355
0.0
3.0543541666666663
5.904479166666667
5.231208333333334
0.8730416666666666
1.0405833333333334
7.4406875
1.6155625
8.116208333333335
8.661916666666665
5.9119375000000005
4.994041666666667
9.021479166666667
10.695
11.318687500000001
10.3149375
7.777770833333334
1.4329791666666667
2.7372083333333332
5.146583333333333
6.545791666666666
1.6045625
7.531312500000001
3.029083333333334
6.3183750000000005
0.4785
2.7290625
6.611458333333334
4.613645833333334
0.180125
1.352729166666667
5.6654583333333335
4.083958333333333
7.766604166666667
4.901750000000001
3.5686458333333335
0.07375
0.024583333333333336
2.027270833333333
7.4124375
5.997083333333333
1.5474375
3.141291666666667
3.4296875
0.0
5.053291666666667
5.608499999999999
2.0005625
4.431104166666667
3.7896875
1.1576666666666666
0.0
0.0031875
3.5093125
0.0
2.8422708333333326
0.24575
0.0
0.16379166666666667
0.0
2.2249583333333334
1.1290625
0.09375
0.39329166666666665
0.08560416666666666
2.0903750000000003
0.4269375
1.8612708333333334
0.33625
1.6165208333333334
0.5282083333333333
0.0031875
0.0
0.0
0.17510416666666664
5.013750000000001
4.9266041666666665
5.09325
1.9920208333333334
1.2105208333333333
4.531666666666667
0.0
0.0
0.9540833333333335
3.53975
0.8867916666666668
5.871416666666666
4.275895833333333
0.0
1.0404375000000001
0.025229166666666664
0.0
0.2501875
3.3007916666666666
2.9915833333333333
0.6119583333333334
0.0
0.0
0.9955833333333333
0.0
0.0
0.0
0.024583333333333336
0.89325
0.0
0.16270833333333334
0.0
0.9825
0.0
1.1286041666666666
2.2235416666666667
0.0
0.5306041666666667
3.9879374999999997
0.0
0.0
1.1106041666666666
3.5040625
0.0
1.3619166666666667
0.5477916666666666
1.0281458333333333
0.23058333333333328
0.057645833333333334
0.0
0.0
0.0
0.5196458333333334
0.0
0.028854166666666667
2.578291666666667
0.12008333333333332
0.891
0.1704375
0.0
0.10725
0.5954375000000001
2.0477916666666665
3.5659791666666667
3.2659374999999997
0.0
6.7076666666666656
0.0
1.9610833333333335
4.696645833333334
4.758208333333333
6.010833333333333
4.222645833333334
4.9703333333333335
1.1099583333333334
3.6351875000000002
1.304875
0.8648750000000001
0.008416666666666668
0.0
1.0996041666666667
2.1592291666666665
0.0
0.0
0.3545833333333333
0.0981875
0.0
2.9361041666666665
2.6799375
7.317895833333334
7.903020833333334
7.1373541666666656
5.7692499999999995
0.0
1.6399791666666665
0.406625
0.0498125
3.676083333333333
5.563979166666667
0.6344791666666666
5.746416666666666
0.12372916666666667
0.12964583333333332
0.0
0.9941875000000001
0.7371666666666666
1.3471875000000002
8.2561875
8.9964375
7.7331875
2.9081250000000005
2.366895833333333
1.117125
5.879520833333334
4.448708333333333
0.04920833333333333
0.012604166666666666
1.4319791666666664
0.0
5.261479166666667
5.028125
9.253833333333334
8.638375000000002
8.054895833333335
2.9581666666666666
0.3876875
2.3976875
0.18933333333333335
1.5842083333333334
1.7406249999999999
9.9595
3.0574375000000003
0.0031875
3.690291666666667
2.65725
0.18527083333333336
0.7718333333333334
2.157270833333333
2.2847708333333334
10.318729166666666
8.906645833333334
10.041583333333334
9.923541666666667
3.687791666666666
1.5902916666666667
0.3348125
2.662458333333333
10.242479166666667
7.527041666666666
2.134625
9.104000000000001
10.621854166666667
6.4812916666666665
0.0
1.070875
4.295208333333334
2.4628333333333337
1.5654166666666667
5.126479166666667
5.011291666666667
8.7384375
11.475041666666664
11.464916666666667
10.156437500000001
10.874625
10.575791666666667
10.890187500000001
3.1826250000000003
12.223520833333334
9.782541666666667
3.3715833333333336
9.874812499999999
6.396208333333334
8.380125
0.3300416666666667
0.658125
4.375333333333334
0.024583333333333336
6.325708333333334
5.5760000000000005
3.6637083333333336
0.0
7.878958333333334
3.80775
10.114354166666667
8.079770833333333
1.7606041666666667
3.5732291666666662
8.827854166666667
13.139895833333336
13.818041666666668
13.402604166666668
11.6426875
2.378875
6.177437500000001
3.9406249999999994
9.042791666666666
0.5499375
0.4959375
0.6151041666666667
3.699520833333333
9.589062499999999
13.801145833333331
13.780583333333334
0.4016041666666666
12.466125
14.016375000000002
14.353312500000001
13.7634375
13.583208333333332
11.449687500000001
11.404229166666667
9.0758125
7.584083333333333
9.466916666666668
5.3391875
12.207229166666666
10.868229166666666
0.24912499999999996
4.766125
1.8652708333333334
2.3465208333333334
1.2033333333333334
0.5425208333333335
7.545645833333334
4.118791666666667
3.5915208333333335
4.531583333333334
1.6590416666666667
3.7376458333333336
6.933083333333333
1.3817083333333333
7.707270833333332
3.5401249999999997
5.896083333333333
4.431125
4.830020833333333
7.121645833333335
7.179145833333334
7.576687500000001
2.901145833333333
5.297395833333333
9.335145833333334
2.2532708333333336
9.762625
14.378895833333331
14.425520833333332
8.2164375
12.203520833333334
13.850083333333332
11.830666666666668
12.0505625
9.029854166666667
12.795229166666667
4.6931875
8.620979166666666
6.0378125
4.5635
8.441875000000001
2.8582916666666662
0.12547916666666667
0.13729166666666667
4.766416666666667
0.4729791666666667
3.5622916666666664
1.9067291666666666
9.457479166666667
11.858083333333333
8.0176875
6.1766458333333345
11.488312500000001
8.891666666666667
2.509708333333333
5.333875
1.79725
1.5907499999999999
2.4853124999999996
3.2679375
4.626041666666667
11.2565625
11.943125
7.926375
9.5580625
7.294
10.082041666666667
2.9470000000000005
10.466312499999999
8.529208333333335
1.805770833333333
2.1905208333333337
5.501770833333333
5.141666666666667
4.867520833333333
1.4627291666666666
6.716541666666667
8.980375
7.315645833333334
11.125333333333332
9.264479166666666
5.8346875
1.2055
2.917666666666667
9.940624999999999
9.727854166666667
8.517458333333332
3.1503541666666663
6.103833333333334
9.582458333333333
7.703562499999999
10.395145833333332
7.357083333333333
7.861958333333334
7.3755625
7.872166666666668
8.989312499999999
9.295375
7.917000000000001
8.277291666666667
9.616249999999999
7.851749999999999
5.145395833333333
7.056020833333334
2.9114375
6.840604166666668
1.679875
6.170395833333333
7.638166666666667
6.840374999999999
8.083916666666665
0.42595833333333327
0.21283333333333335
4.444166666666667
2.7694583333333327
5.051104166666666
1.0080416666666665
0.3531041666666666
0.0
0.07375
0.0
0.08845833333333332
0.38910416666666664
0.7760625000000001
0.0
0.20522916666666668
1.4516875
4.690458333333333
0.0
1.7142499999999998
3.4085208333333328
5.733229166666667
6.5710625
4.508854166666667
0.21106250000000001
0.04920833333333333
3.3920208333333335
2.9574999999999996
0.0
0.12970833333333334
0.9388541666666667
0.0
2.5167916666666668
0.57775
5.842124999999999
0.0
0.5474583333333333
2.1547916666666667
8.1815
7.3890416666666665
0.0
3.2367291666666667
1.2076666666666667
5.537645833333333
2.2537291666666666
0.024583333333333336
0.8845833333333334
0.403125
0.2592083333333333
0.9039166666666666
0.0
5.000666666666667
4.737625
2.0170208333333335
0.09595833333333333
0.4178541666666667
0.0
5.721291666666667
0.30764583333333334
0.0
0.2703125
0.8299791666666666
0.8573333333333334
5.0536875
4.483312499999999
1.0233333333333334
0.6054375
1.0090833333333333
0.0
0.0
0.0
0.013666666666666666
0.14729166666666668
0.030875
0.0
0.0
0.0
0.0
0.0
1.045375
0.025312499999999998
0.7698333333333333
0.0
0.7567291666666666
0.012624999999999999
0.14420833333333333
0.5685833333333333
0.0
0.0
0.0
0.16074999999999998
3.7141041666666665
1.1326666666666667
3.5547083333333327
4.196124999999999
0.2914583333333333
0.0
0.3174375
0.0
2.019979166666667
3.3064375
0.5494166666666667
0.008416666666666668
0.8220625
0.07375
0.418
0.03302083333333333
0.2682291666666667
0.0
0.47731250000000003
0.0
2.4250208333333334
0.5035208333333333
3.533354166666667
0.0
0.0
2.5209791666666668
3.9914166666666664
0.0
0.0
0.0
0.0
0.7623125000000002
1.1335
1.3959583333333334
0.09475
0.6193958333333334
0.0
3.1367083333333334
0.0
0.31124999999999997
0.20966666666666667
1.2211041666666667
0.014374999999999999
0.11533333333333333
0.371
0.12281249999999999
4.793604166666667
3.1631458333333335
2.4239375
8.273291666666667
7.0255
7.216833333333334
0.749625
0.0
6.365958333333334
7.822812500000001
8.771104166666667
8.0183125
6.645104166666666
0.0
0.22427083333333334
2.5741666666666667
0.466875
2.7885625
5.224145833333333
3.818729166666666
6.521604166666666
0.04920833333333333
1.1531666666666667
0.725375
4.3961875
0.0966875
2.177020833333333
9.107104166666668
8.725104166666666
2.351375
0.06945833333333333
5.599395833333333
2.4213333333333336
0.12281249999999999
0.30116666666666664
0.3725416666666667
0.7551249999999999
5.092270833333333
5.062416666666667
1.5887291666666667
3.925854166666667
0.0062499999999999995
2.5046666666666666
1.3474375
5.891958333333334
0.0
0.679625
0.558875
0.0
2.399
1.4921041666666668
3.467541666666667
3.6814583333333335
3.3665
0.004166666666666667
0.6568958333333333
0.0
1.3895
0.05545833333333333
4.784145833333333
0.0031875
0.15189583333333334
10.135833333333334
8.013020833333334
5.446916666666667
3.837895833333333
9.493479166666667
1.0698958333333335
4.060395833333334
10.568895833333334
1.577625
7.503062500000001
7.007854166666667
4.1820208333333335
10.356333333333334
5.625062500000001
10.362229166666667
0.49374999999999997
3.8393541666666664
1.6955
2.224458333333333
9.454208333333334
10.701833333333333
0.028854166666666667
3.9986041666666665
4.444895833333334
0.5645208333333334
4.044770833333334
1.3971875
0.2501875
4.994291666666666
1.5832499999999998
4.574541666666667
6.740583333333333
9.192833333333333
4.044291666666667
11.841666666666667
4.823604166666667
0.37308333333333327
0.004166666666666667
0.0
0.0
0.28572916666666665
0.012624999999999999
1.5194166666666666
1.3049166666666665
2.629208333333333
11.820416666666667
2.9301250000000003
6.035958333333333
8.247645833333332
10.222104166666666
4.591020833333333
8.57525
14.172875
13.5886875
3.912270833333333
2.297041666666667
7.955541666666666
7.798145833333334
4.290958333333333
2.3453958333333333
6.733770833333334
0.5670625
2.6645416666666666
2.468666666666667
13.285895833333333
14.4519375
9.393583333333334
14.047854166666667
13.709104166666664
9.6905
5.794229166666667
3.2295
0.6972708333333334
5.363479166666667
0.2859791666666666
0.902625
0.4543333333333333
9.983083333333335
7.72225
12.900104166666667
12.709791666666668
6.1948541666666666
6.799791666666667
5.3226875
12.628750000000002
13.84575
12.937458333333334
13.8813125
10.851020833333335
3.5632083333333333
10.233333333333334
9.332458333333333
11.7731875
6.303270833333333
1.533625
6.487583333333333
12.475479166666668
13.819708333333333
13.1073125
1.7515
9.661166666666666
10.165854166666668
5.980166666666666
7.899270833333333
2.0132291666666666
10.004020833333334
12.548354166666664
5.907666666666667
8.169729166666668
1.4173333333333333
0.7941458333333333
0.0
1.0463541666666665
7.528833333333334
9.962208333333333
10.991604166666667
10.0661875
6.147104166666666
9.644791666666666
3.0789791666666666
1.4572291666666668
12.526541666666667
7.9001875
6.255020833333333
9.636645833333334
11.164625000000001
10.294625
8.228187499999999
3.685708333333333
6.090062499999999
3.3337916666666665
10.377437500000001
10.580916666666667
10.360937499999999
7.805208333333333
11.8191875
11.5606875
11.604604166666666
3.8163958333333334
5.995520833333333
5.834541666666667
5.067374999999999
9.7484375
3.885125
5.174875
9.834708333333333
0.1035
0.06810416666666667
3.0101875000000002
0.0031875
1.6286249999999998
0.1751041666666667
4.514208333333333
3.9317499999999996
5.539979166666666
2.0414791666666665
0.5957916666666666
7.445937499999999
0.3456666666666666
3.492479166666666
7.687354166666666
7.510541666666668
7.9214375
7.997041666666667
9.689124999999999
7.4128125
6.314104166666667
1.0950416666666667
9.0685625
0.29485416666666664
0.6185416666666667
7.215416666666666
5.470125
1.22275
2.1952708333333333
0.4320833333333334
4.979354166666667
0.0031875
2.0713333333333335
0.6054791666666667
8.7991875
2.5523333333333333
3.6045625
0.08639583333333334
0.8956875000000001
0.024583333333333336
0.14729166666666668
1.5997291666666669
4.232354166666666
3.0301250000000004
6.158437500000001
5.618833333333334
4.809395833333333
4.529041666666667
5.371520833333332
1.9401458333333332
3.0995833333333334
5.466083333333334
0.23064583333333336
0.5923333333333333
0.014374999999999999
5.577354166666667
1.4904791666666668
5.050729166666667
2.3556666666666666
4.738229166666667
5.206166666666667
4.22125
2.861854166666667
0.2679375
7.526062499999999
5.297645833333333
7.641895833333333
0.0
0.0
0.0
0.31620833333333337
0.09239583333333334
0.0
1.9570625
2.1595
4.692
4.3519375
0.0
0.029437499999999995
0.1735833333333333
0.0
1.2918125
0.4541458333333333
2.215520833333333
2.5847083333333334
5.9221875
6.254666666666665
5.957604166666667
0.15591666666666668
0.8553958333333332
0.0
0.004166666666666667
0.04920833333333333
1.71525
0.25952083333333337
0.14729166666666668
2.496541666666667
5.340354166666667
2.9248958333333337
0.0
1.5258125
0.19991666666666666
1.4046874999999996
0.0
0.10464583333333333
1.00575
0.0
2.4616458333333333
0.24414583333333337
0.0
0.04920833333333333
0.23058333333333328
0.27979166666666666
0.30835416666666665
0.0
0.7001875000000001
0.3193958333333333
0.1967291666666667
0.7889583333333334
0.08314583333333334
0.0
1.429645833333333
0.164125
0.22516666666666665
0.0
0.0
0.0
0.0
0.4897916666666666
2.239854166666667
3.2371041666666667
0.29508333333333336
3.1015208333333333
3.3349583333333332
0.06354166666666668
2.011604166666667
0.4429166666666666
0.07375
1.8180208333333334
0.20502083333333332
0.0
0.7111041666666668
0.4668333333333334
0.3285208333333333
0.0
0.0
0.5714791666666666
0.0
0.43175
0.8108124999999999
0.0
2.829875
0.0
0.4349375
0.03297916666666667
0.0
8.510020833333334
2.1413958333333336
5.0679375
7.664895833333333
7.240416666666667
7.868083333333334
6.930125
7.346041666666667
6.1235
2.6331041666666666
0.0031875
1.3167499999999999
0.29485416666666664
0.0
0.44960416666666675
0.004166666666666667
0.7007916666666666
7.092479166666666
5.678541666666668
0.0
0.4489375
6.044541666666667
0.0
2.7841666666666662
0.29814583333333333
6.723270833333333
3.4927708333333336
5.232104166666667
8.416354166666666
1.836854166666667
0.08068750000000001
4.9779375
8.2723125
2.963354166666667
4.5241041666666675
5.914041666666667
7.8034791666666665
9.302041666666668
8.750187500000001
8.4286875
8.048499999999999
4.232354166666666
1.3347916666666666
2.5502291666666665
2.919541666666667
0.6188541666666666
0.3574791666666666
1.2911875
1.8416458333333334
0.0
0.0
0.0
0.10097916666666666
2.6361875
0.5884999999999999
0.04920833333333333
0.5341458333333334
0.519
2.3833333333333333
1.676520833333333
0.0
8.922270833333334
10.60225
9.8969375
1.3883124999999998
3.212770833333334
10.469375
12.076125
7.380229166666666
12.078250000000002
8.633145833333332
11.922354166666665
12.114041666666665
12.363
11.881187500000001
12.246708333333332
4.2132499999999995
12.391604166666667
3.13875
1.2821041666666666
5.653479166666667
0.5257708333333334
7.3029375
0.6882708333333335
1.9521041666666665
2.9277499999999996
5.076479166666666
4.298875
0.8316458333333333
2.9140416666666664
0.0
0.0
0.07787500000000001
4.5209375
5.34825
4.6534375
8.3596875
7.582520833333334
5.332291666666666
0.0
1.3666875
1.5225416666666665
0.024583333333333336
1.6937916666666666
4.730333333333333
0.46806250000000005
0.0
1.9886666666666664
1.2882916666666666
4.286270833333333
9.745312499999999
6.056333333333332
4.31025
0.009500000000000001
4.474729166666666
0.0
4.413374999999999
2.214625
0.8934166666666666
9.309875
6.468687500000001
12.473624999999998
6.915020833333334
0.6050416666666667
0.04920833333333333
0.0
1.1987291666666666
10.3666875
14.209541666666668
13.681666666666667
6.158812500000001
6.903
9.156770833333333
3.0620208333333334
0.35912499999999997
0.7031666666666667
6.7405
1.1255208333333333
3.3705624999999997
5.664999999999999
13.294041666666667
2.947833333333333
0.9934583333333332
0.030875
0.20929166666666665
5.07575
9.7130625
13.992937500000002
14.296291666666667
12.381562500000001
11.712791666666668
11.511520833333334
4.761729166666666
1.6570625
1.4487291666666666
1.6521666666666668
0.05229166666666666
0.0
2.590520833333333
0.3645416666666666
3.9614791666666664
3.688875
10.8161875
10.130020833333333
12.687854166666666
0.5653750000000001
0.9699375
0.28931250000000003
8.054270833333334
12.391333333333334
11.156729166666667
0.02764583333333333
6.1773750000000005
10.123729166666665
1.8853958333333332
4.862479166666667
2.003229166666667
6.376604166666667
6.612666666666667
0.49991666666666673
0.0
0.0
2.468291666666667
3.290354166666667
6.6065625
7.815083333333334
6.581854166666667
7.398604166666666
7.898562500000001
7.343229166666667
6.261375
9.110000000000001
12.09175
12.131708333333334
9.891687500000002
0.3685833333333333
3.5625416666666667
6.198604166666667
7.9526666666666666
8.001416666666666
4.317791666666667
5.488708333333332
7.576479166666666
7.793541666666667
4.5599375
0.5835833333333333
1.0441666666666667
0.0
0.009500000000000001
0.0981875
0.0
0.9502083333333333
0.0
0.7915208333333332
2.6157291666666667
4.281937500000001
0.0
0.0
0.0981875
0.9844583333333334
0.242375
2.1744583333333334
3.6960625
2.5991249999999995
0.7802083333333334
1.0048541666666666
1.1095625
0.034020833333333333
4.171250000000001
4.005729166666667
6.290416666666665
1.1780208333333333
1.9752916666666664
0.0
2.511416666666667
3.1215833333333336
3.775229166666667
0.39606250000000004
5.125604166666667
2.5043124999999997
0.08949999999999998
0.009500000000000001
0.23127083333333331
3.0568750000000002
0.3992291666666667
0.23316666666666666
3.160020833333333
5.5175624999999995
7.454645833333333
2.3508125
0.4838333333333333
1.9178333333333335
5.2348125
0.0
0.024583333333333336
1.3981458333333332
0.6396666666666666
2.2509375
5.23925
3.5910833333333336
0.2657916666666667
6.49975
4.688791666666667
5.017125
2.3195208333333333
1.9024791666666665
0.9369375
1.8805000000000003
3.6636666666666664
1.4752083333333335
0.33218749999999997
0.8882499999999999
0.34595833333333337
2.1252083333333336
6.625333333333333
3.8162291666666666
5.1933541666666665
0.15416666666666667
0.11583333333333333
0.0
0.0
1.0090833333333333
0.08845833333333335
0.0
0.0
1.4061041666666665
1.4052291666666665
0.41425
0.6332916666666667
0.8441875
2.3472708333333334
2.526333333333333
4.728666666666666
2.928645833333333
2.4396875000000002
1.0378541666666665
0.0
0.6342291666666666
0.847
1.1541041666666667
0.7928333333333333
0.6447083333333333
0.0
0.19658333333333333
1.082
1.1023541666666665
0.004166666666666667
0.7207291666666666
0.34595833333333337
0.0
0.0
1.7672083333333333
0.0
2.083
0.26054166666666667
0.028854166666666667
5.3955833333333345
0.0
0.34397916666666667
0.0
0.0
0.5103333333333334
1.5600208333333334
1.5301875
0.0
0.0
1.0928125
1.0866875
1.9407500000000002
3.4460833333333336
0.22120833333333334
3.9599583333333332
0.0
2.4776041666666666
2.357875
0.07375
5.077395833333333
3.955083333333333
0.3255625
0.7832291666666666
0.0
2.6650208333333336
0.0
0.016854166666666667
0.022104166666666664
0.0
1.2190208333333334
2.2360416666666665
0.0
0.07820833333333334
4.320020833333333
5.190104166666667
0.14420833333333333
2.461979166666667
0.0
0.02110416666666667
1.0272291666666666
6.76275
7.241250000000001
8.3876875
0.6312291666666666
5.640083333333334
0.0
0.0
5.726916666666665
7.049312499999999
7.607291666666666
7.807624999999999
5.086375
8.367104166666666
5.940625
6.610375
7.671916666666665
8.66225
5.889333333333333
0.05406249999999999
0.9046458333333333
4.731604166666666
5.4239999999999995
4.083916666666667
0.4449166666666667
4.155666666666667
3.3708333333333336
3.173833333333333
0.008416666666666668
3.906791666666667
0.7511666666666666
0.3685833333333333
0.2682291666666667
0.0
3.1506666666666665
0.9043125
0.2517916666666667
0.0
8.176458333333334
6.494395833333333
0.3310208333333333
2.834895833333333
0.04920833333333333
0.0
0.0
0.26837500000000003
0.10402083333333334
5.539354166666667
2.8492499999999996
3.6204166666666673
1.5587916666666668
3.2555416666666663
0.6215833333333333
0.0031875
5.517125
0.13231250000000003
0.6882916666666666
0.2461875
0.007354166666666666
1.9248333333333332
5.559
8.324187499999999
3.245729166666667
2.9172708333333333
4.556791666666666
5.8148541666666675
1.6241041666666665
3.062375
3.471916666666667
0.2070625
3.5544166666666666
0.2472291666666667
3.5948124999999997
0.0
9.138833333333332
11.324937499999999
11.058937499999999
9.753104166666667
9.446520833333333
1.1184791666666667
3.4888125
10.493645833333334
0.436
4.239583333333333
0.05056249999999999
3.601270833333333
1.9129166666666666
9.529833333333334
1.5328125000000001
0.7583541666666666
2.7047916666666665
0.597625
3.5703125
10.684854166666668
2.077833333333333
8.149354166666667
5.9117500000000005
0.3818958333333333
3.303875
6.546875
5.307979166666667
12.1705625
3.8511249999999997
11.0633125
12.9070625
12.598416666666665
5.779145833333334
4.314395833333333
2.8065416666666665
0.008416666666666668
0.46245833333333336
5.706354166666666
12.899520833333334
13.810541666666666
10.473083333333333
0.9907916666666666
0.0
10.981020833333332
11.8990625
12.717479166666665
12.00189583333333
14.898083333333332
14.202104166666667
6.803791666666666
6.5566249999999995
4.9089375
1.734125
3.676979166666667
2.5208958333333333
2.9981875000000002
1.7364375
0.2995208333333333
1.5591875
6.5495833333333335
5.121770833333333
0.7357708333333334
5.5285
3.3009583333333334
0.0
2.818104166666666
3.0129791666666663
4.8603958333333335
5.451625
0.45179166666666665
0.0905625
5.403666666666666
0.21710416666666665
0.08649999999999998
7.451020833333334
3.0059166666666663
9.575145833333332
13.054041666666668
14.3305
14.310145833333332
7.039124999999999
13.158833333333334
1.7550625
1.4719583333333333
1.2142708333333332
2.002125
6.7999166666666655
12.782083333333333
12.449395833333334
8.635375
8.72325
12.1685625
11.0393125
7.122
6.121604166666667
8.520000000000001
0.24170833333333333
1.9063958333333335
11.152770833333335
12.522499999999999
3.2108333333333334
7.076520833333333
5.1360625
1.4114375
9.699270833333333
2.7693333333333334
2.252333333333333
3.483375
4.799854166666667
6.080270833333333
5.850750000000001
0.2920833333333333
2.987916666666667
2.6642083333333333
10.3230625
5.5998125
9.643020833333333
1.6199999999999999
4.280229166666667
10.651979166666667
7.930229166666667
3.7244166666666665
3.4776249999999997
2.7092499999999995
1.4172291666666668
7.494791666666667
5.1765
6.550645833333334
8.793312499999999
7.039041666666667
0.4190416666666667
8.551791666666666
6.750583333333334
10.8248125
10.431833333333334
10.824916666666667
8.177645833333333
6.383604166666667
8.6065
1.7872291666666669
1.8316666666666663
0.18416666666666667
5.638729166666667
3.9696458333333333
0.0
6.607708333333332
8.2661875
7.5799375
5.7949166666666665
6.458270833333334
2.3850625
0.5165625
1.5081250000000004
0.0
7.463145833333333
9.66175
4.330291666666667
5.5083125
1.7189166666666666
3.1419791666666668
5.6315
5.5993125
6.1548750000000005
6.8546249999999995
6.024854166666667
8.455520833333333
7.2536249999999995
8.743208333333333
1.2868541666666669
6.974791666666666
7.8828125
2.0334583333333334
1.761
0.08812500000000001
2.219375
3.5873333333333335
0.9364374999999999
1.735625
6.2951875
5.536479166666666
2.6118333333333337
1.7230625000000002
0.8071875000000001
0.0
0.0
3.6351666666666667
6.000687499999999
6.036645833333334
3.7307916666666667
8.554979166666667
8.236520833333334
7.887604166666667
6.670541666666666
2.982583333333333
1.282875
5.283145833333333
1.1243125
0.0
0.024583333333333336
0.5439791666666666
3.3445
4.350874999999999
0.0
2.2018541666666667
0.22427083333333334
0.0431875
0.06489583333333333
0.7375416666666667
1.4716250000000002
0.19560416666666666
2.9161249999999996
1.4925625
2.2590416666666666
3.3500625
3.6441249999999994
0.028479166666666667
0.0
0.0
0.0
0.029437499999999995
0.008416666666666668
0.014374999999999999
0.2794583333333333
1.056125
0.0
1.0392916666666667
2.8024375
0.0
0.0
0.0031875
2.55625
0.04954166666666666
7.004895833333333
1.7730000000000004
0.008416666666666668
0.07375
0.0
0.6126458333333333
0.025312499999999998
1.8699791666666667
0.1602083333333333
0.0
0.0
0.0
0.0
0.0
0.3620208333333333
0.0
0.6346250000000001
6.109166666666667
2.0436875000000003
1.4018749999999998
0.0
0.0
0.0
0.0
0.13335416666666666
2.513708333333333
5.244375000000001
0.16320833333333332
0.0
0.19197916666666667
1.2894166666666667
0.0
0.44902083333333326
1.5228541666666668
0.0032916666666666663
0.9029583333333333
0.09054166666666665
0.8253958333333333
0.1284583333333333
0.11185416666666666
0.3548541666666667
0.025687500000000002
0.14750000000000002
1.726
0.0
0.0
0.4390833333333333
0.0
3.2814374999999996
0.0
0.8484583333333334
1.435875
5.1879375
1.6135833333333334
0.34879166666666667
3.4829791666666665
0.0
0.025687500000000002
0.29131250000000003
0.0
0.0
0.07708333333333334
2.0107708333333334
0.9501458333333334
7.225708333333333
2.081916666666667
0.8689583333333334
0.0
6.335854166666667
7.571416666666667
4.306354166666667
1.4298333333333335
5.264583333333333
0.9286458333333334
5.290125
0.47504166666666664
0.0
3.5338125
6.834041666666667
3.4049375000000004
6.598041666666667
2.1359166666666667
4.4898750000000005
8.561229166666667
8.613458333333334
3.3872083333333336
1.1698125
1.4067916666666669
1.4060625
0.0
0.0
0.0
0.3928958333333334
0.3567291666666667
0.030187499999999996
0.8730416666666666
0.0
0.0
0.0
0.0
0.8020208333333333
4.259625
6.0271875
7.1031458333333335
9.8948125
2.783729166666666
3.584729166666667
0.8562291666666666
1.5943541666666665
0.0
8.155083333333334
1.6663333333333332
0.0
1.2915833333333333
3.56475
1.9011458333333333
1.7895208333333332
7.516333333333333
6.022749999999999
0.0
0.0
0.0
1.7113333333333334
2.5907708333333335
1.748333333333333
1.3006666666666666
0.0
5.001854166666667
4.337020833333334
6.8265
0.27327083333333335
5.327833333333333
3.9938750000000005
2.296958333333333
1.4692708333333335
2.323354166666667
2.39
3.972041666666667
1.169625
2.1755833333333334
1.8673750000000002
4.078708333333334
0.35320833333333335
6.314145833333334
2.540104166666667
6.654125
2.0771875000000004
10.826166666666666
11.625833333333333
12.183416666666666
3.5372500000000002
6.294625
4.044625
2.7298958333333334
5.318979166666666
5.908520833333334
0.0
5.195145833333334
9.5506875
7.342937500000001
1.3596875
2.511
10.453666666666669
10.846333333333332
3.587958333333333
3.3763749999999995
4.805499999999999
1.0463125
7.6283125
10.541291666666666
3.3289583333333326
13.688291666666666
13.551250000000001
8.603833333333334
2.766916666666667
0.9464999999999999
0.29568749999999994
5.073708333333333
4.213791666666666
2.9908333333333332
6.678250000000001
3.585854166666666
4.2753958333333335
0.0065208333333333325
0.0
0.5067708333333333
12.0664375
14.504750000000001
0.6368541666666666
2.205791666666667
4.712604166666666
12.011270833333333
14.0115
11.658208333333334
10.202145833333333
1.0254791666666667
7.1107708333333335
8.564479166666665
9.525687499999998
13.774291666666665
6.916083333333333
6.010604166666667
8.728291666666667
13.953416666666667
14.577999999999998
14.37508333333333
13.809666666666667
14.8154375
13.250270833333333
13.141562500000001
10.596604166666667
10.801437499999999
7.710041666666666
0.18145833333333336
3.5936041666666667
3.8603124999999996
5.757416666666667
1.4627916666666667
7.094041666666667
8.840229166666667
3.512333333333333
11.085291666666668
5.7270416666666675
10.703354166666665
9.749291666666666
3.5476875000000003
2.6308749999999996
9.338916666666668
2.794958333333333
7.17875
2.6544375000000002
4.3000625
0.2723333333333333
2.3865000000000003
3.663104166666667
9.278083333333333
9.403791666666667
12.667500000000002
9.305125
8.017562499999999
13.444520833333334
13.343770833333332
5.26725
12.274166666666666
13.430666666666667
10.332625
7.898875
7.083958333333334
7.615479166666667
6.610500000000001
0.0
5.637104166666667
6.3035
5.3045625
6.556104166666667
5.7520625
1.0181458333333333
0.05139583333333333
2.6707291666666664
6.993166666666667
0.07237500000000001
1.7071875
0.27639583333333334
5.063208333333333
1.4246041666666667
3.049
4.385854166666667
2.970854166666667
0.3127083333333333
2.0138333333333334
0.153375
1.1271875
1.4366458333333334
2.0038750000000003
10.110791666666666
6.138020833333333
4.748895833333333
6.490895833333333
9.265812500000001
7.837958333333333
8.699083333333334
0.13735416666666667
0.08004166666666666
2.985333333333333
0.10172916666666666
0.0
0.0
2.9508541666666672
8.007125
8.015708333333334
6.1703125000000005
7.324354166666666
2.835354166666667
4.736041666666667
9.186979166666667
5.353833333333333
0.9780833333333333
5.652666666666666
6.5529375
6.481729166666667
9.008750000000001
5.8484375
4.445687499999999
8.112791666666666
9.153125000000001
1.2509583333333334
1.7647083333333333
0.7374999999999999
2.563875
8.316979166666668
3.4427083333333335
2.8860625
7.303020833333332
5.997770833333334
8.578354166666665
4.050625
0.0
5.744125
0.3403541666666667
0.33568749999999997
0.376625
0.0
1.9211458333333333
4.1161875
0.0
1.34725
4.000374999999999
0.0
0.3081041666666667
3.1394375
0.0
0.0
2.7964791666666664
0.009916666666666666
0.13760416666666667
0.0
2.9430416666666672
2.334541666666667
0.6937708333333333
5.352979166666667
0.2036458333333333
6.528895833333333
1.4379375
5.919854166666667
2.4011875000000003
1.9532708333333335
0.15691666666666668
0.17818749999999997
5.49825
0.0
0.55225
1.0831250000000001
0.0
2.3352083333333336
1.3965000000000003
0.0
0.0
4.264625
1.2611041666666667
1.7608749999999997
3.451541666666666
1.2215624999999999
0.0
1.6797916666666666
2.8292708333333336
6.588874999999999
0.0
0.029583333333333333
3.1493333333333333
1.3308333333333333
4.788645833333334
0.43733333333333335
0.0
1.2802916666666668
1.9709791666666667
0.0
2.619854166666667
0.05597916666666666
0.0
0.0
0.23106249999999998
0.0
2.4660208333333333
0.47318750000000004
0.40479166666666666
0.0
0.0
1.0961458333333332
0.0
0.0
0.0
0.0
0.0
0.2712916666666667
4.332999999999999
0.10275000000000001
0.16397916666666665
0.10733333333333335
2.9767500000000005
2.5883958333333332
0.0
0.0
4.025333333333333
0.0
1.1625416666666666
4.532895833333334
0.0
0.0
0.0
1.0255208333333334
0.5579583333333333
1.26675
1.2517500000000001
0.0
0.0
0.0
0.0
0.0
5.0175833333333335
0.2593125
6.243625000000001
7.3280208333333325
7.249583333333334
7.6385
6.57075
5.075187499999999
0.0
0.0
0.0
1.446375
0.0
0.0
0.0
1.7365833333333331
1.0504166666666668
0.07775
0.025687500000000002
0.0
0.0
0.05139583333333333
0.0
0.6621041666666666
0.0
0.0
0.8804375000000001
5.522729166666667
8.4803125
7.853770833333333
0.0
0.0
0.0
0.0
0.0
5.643729166666667
6.937833333333334
7.8083124999999995
7.275083333333335
8.488416666666666
8.274791666666667
4.53
9.495520833333334
8.5253125
9.048520833333333
7.632937500000001
9.569666666666667
4.466395833333333
0.87825
0.0
0.25675000000000003
0.025687500000000002
3.6702708333333334
4.047166666666667
2.5528541666666666
0.0
0.0
0.0
8.043812500000001
0.7723958333333334
4.2279583333333335
4.572708333333334
4.430000000000001
3.0305416666666667
2.6482291666666664
0.20535416666666664
9.653895833333333
0.0
4.824854166666666
2.8714999999999997
8.389166666666666
6.441291666666667
0.20535416666666664
1.3500208333333334
5.1885625
1.4048749999999999
1.6779374999999999
7.187625000000001
0.7786458333333334
0.0
6.901395833333333
8.841979166666667
6.492791666666666
7.0532916666666665
2.4806875
10.506979166666667
11.426083333333333
12.065937499999999
8.40625
10.54625
12.810374999999999
13.191770833333335
12.672541666666666
1.2394166666666668
3.5338125
5.925145833333333
3.084916666666667
0.0
0.33379166666666665
0.44612500000000005
7.718166666666666
11.977729166666668
11.407770833333332
6.961562499999999
5.450958333333333
0.025687500000000002
6.916
4.692958333333333
2.564833333333333
6.534729166666668
9.550145833333334
1.601375
5.287833333333333
4.5091875
1.8841875000000001
0.4623541666666666
2.171875
6.212770833333334
10.888020833333334
12.157333333333332
4.153270833333334
7.538979166666667
0.0
0.03679166666666667
0.39937500000000004
6.129104166666667
0.24885416666666668
0.44902083333333326
3.1910000000000003
3.8415624999999998
2.042520833333333
7.259687499999999
2.869958333333333
8.1504375
9.750645833333332
5.956270833333334
0.48764583333333333
1.758708333333333
3.190020833333333
0.0
1.6672708333333333
5.991395833333333
0.02829166666666667
1.1965416666666666
0.4548541666666666
5.277208333333333
4.3935208333333335
3.370979166666667
0.8576666666666667
2.1117500000000002
1.5388125
8.965666666666666
2.0369375
13.248333333333335
12.024416666666667
2.7637708333333335
2.7627083333333338
5.428854166666667
9.198270833333334
14.866666666666667
14.871458333333331
10.105333333333332
0.06839583333333334
8.808125
8.998958333333333
11.681208333333332
8.687708333333333
6.653729166666667
13.196395833333336
9.660229166666667
4.5209166666666665
3.7612083333333337
3.470041666666667
9.571291666666667
3.7912500000000002
4.132270833333333
4.819125
6.526729166666667
6.331166666666667
3.9157500000000005
5.193708333333333
0.8090208333333333
0.24025
0.4757291666666667
2.5403333333333333
0.122875
2.4544374999999996
1.0670833333333334
1.524229166666667
7.7620625
6.414999999999999
6.5823125000000005
6.997624999999999
8.329125
0.43945833333333334
2.299125
7.7050833333333335
2.2116875
3.3048125
3.48575
3.6209375
0.7493333333333334
10.177104166666666
0.5086041666666667
2.2025833333333336
5.695145833333334
10.139479166666666
11.321854166666668
1.4100624999999998
3.4457916666666666
0.8269166666666665
2.0014375
2.850354166666667
0.628
0.18433333333333332
2.982791666666667
6.4943125
9.941020833333333
6.6200833333333335
9.252520833333334
8.4971875
1.4399791666666664
4.968687500000001
1.3572708333333334
7.2089583333333325
6.940229166666666
2.5054791666666665
3.9845
5.0116875
0.28420833333333334
0.5384583333333334
3.1481875
5.273958333333333
4.5871458333333335
0.40537500000000004
4.023812499999999
2.862895833333333
6.313312499999999
3.7023124999999997
1.2139375000000001
3.7141041666666665
5.820979166666667
2.456583333333333
4.4369375
4.047625
0.4823125
7.6840625
8.895541666666666
8.360854166666666
8.72775
2.7481041666666663
2.2733125
5.058458333333333
5.9710833333333335
0.6561875
8.527041666666667
8.552833333333334
1.9270000000000003
0.0
0.5029583333333333
3.6525208333333326
0.0
0.5512291666666667
0.8778750000000001
4.231770833333333
7.752375000000001
3.839770833333333
0.03341666666666667
0.030187499999999996
0.35718749999999994
0.0
2.5015416666666668
6.436187499999999
3.3190833333333334
0.9917916666666665
0.36525
3.6510416666666665
2.6319166666666667
0.0
0.0
0.0
1.0403125
2.6942291666666667
0.87475
0.8940416666666667
1.0707499999999999
0.8846041666666666
0.10275000000000001
0.5240416666666667
0.502125
1.8099375000000002
0.15741666666666665
1.2298125
0.3659791666666667
0.10466666666666667
0.24814583333333337
0.0
0.11514583333333332
0.6016041666666667
0.0
0.0032916666666666663
0.22622916666666668
0.0
1.1461249999999998
0.0
0.045250000000000005
0.0
0.2413125
2.580604166666667
0.21720833333333336
4.597395833333334
1.0313958333333335
1.0755833333333333
0.01514583333333333
2.079875
3.0556041666666665
5.12275
0.0
0.7814166666666668
0.0
2.6763333333333335
0.43733333333333335
0.15083333333333335
0.0
0.0
0.0
0.05597916666666666
0.0
0.0
1.1281875
1.0230625
0.7255833333333332
0.0
0.0
1.8633541666666666
0.0
0.0
2.660604166666667
0.05597916666666666
0.367375
0.0
0.10604166666666666
0.06583333333333334
0.0
0.300625
0.37195833333333334
3.2570416666666673
5.246166666666666
0.0
1.990125
1.4634166666666666
5.4195
1.0692291666666667
0.0
0.023062500000000003
0.0
1.2165000000000001
1.2219583333333335
1.0118541666666667
0.0065208333333333325
0.9323541666666667
1.1940208333333333
0.0
0.6298750000000001
0.2178125
2.4433333333333334
0.0
1.805
0.3496875000000001
0.14425000000000002
0.0
1.3360208333333332
1.0927499999999999
0.9264375
0.46220833333333333
0.5879166666666666
3.1423958333333335
0.7937916666666666
0.0
0.312
1.4362083333333333
0.0
5.3691875
8.190229166666667
8.7765
7.178166666666667
0.08764583333333333
0.0
0.9460416666666666
1.92675
0.05139583333333333
3.535333333333334
3.1703125
0.17441666666666666
0.3877083333333333
0.0
0.0
1.7523124999999997
1.4740416666666665
0.3732708333333334
4.045354166666667
0.0
0.0065208333333333325
4.943375
0.5437708333333333
0.24814583333333337
4.1854375
7.463895833333333
0.0
1.5640625000000004
2.0636666666666668
0.0
1.0546666666666666
0.0
0.986125
3.7805625
7.132020833333333
2.9276250000000004
0.2989583333333334
0.21654166666666672
1.0109791666666668
0.16320833333333332
1.540333333333333
0.016458333333333335
2.8456875
0.3680833333333333
3.047708333333333
0.0
2.1681458333333334
0.11185416666666666
0.0
5.692875
8.608583333333334
3.2060833333333334
0.0
5.709125
3.1423958333333335
0.0
0.10037499999999999
10.620604166666666
9.607270833333333
6.891749999999999
5.9457708333333334
10.987666666666668
7.4118125
11.43725
0.16589583333333333
6.5192499999999995
10.489104166666666
5.001354166666666
7.779979166666667
8.022333333333334
10.380208333333334
13.157729166666668
12.355354166666666
11.5878125
5.622583333333334
0.0
5.579416666666667
3.4462083333333333
7.586145833333333
3.268875
3.5090833333333333
7.799666666666667
7.945625
12.755854166666666
9.941979166666668
0.0
6.185666666666667
11.465541666666667
13.6950625
12.871312500000002
12.933291666666667
7.038729166666667
9.247
1.2657708333333335
3.7871458333333337
1.515
0.13739583333333336
2.5170416666666666
7.0806875
6.9604791666666666
13.239791666666667
5.14975
9.149229166666666
12.808437500000002
8.454
5.488104166666666
5.7129166666666675
7.394291666666667
4.3233125
4.0090625
1.9636041666666666
2.8133541666666666
3.3176875000000003
2.3584791666666667
0.10275000000000001
2.8007291666666667
0.7203750000000001
2.852895833333333
7.317041666666667
1.1914166666666668
2.7839791666666667
14.516291666666666
14.848333333333334
11.6916875
7.161645833333334
9.8003125
10.756375
3.4772083333333335
0.0
3.3171666666666666
0.48441666666666666
0.1335625
0.01514583333333333
0.0
1.672
2.5673541666666666
3.833833333333333
7.834229166666667
6.414729166666667
3.426729166666666
6.914083333333333
2.6235416666666667
11.575375
5.953416666666666
6.9761041666666666
9.285229166666667
6.461041666666667
7.468979166666666
13.537458333333333
8.606250000000001
6.6698125
4.393
3.8863749999999997
1.1094375
0.07708333333333334
0.10991666666666668
0.7164583333333333
0.8174166666666668
6.732875
0.7606041666666666
4.139604166666667
10.282791666666666
2.452166666666667
12.777333333333331
11.758562500000002
9.419083333333333
9.988979166666667
3.7984791666666666
10.061020833333332
9.536833333333334
12.574937499999999
1.4552083333333334
5.069020833333333
6.631479166666666
8.970291666666666
6.184895833333333
12.883916666666666
8.663833333333335
8.590604166666667
5.730687500000001
6.004416666666667
7.605895833333332
11.276812499999998
13.267479166666666
11.921187499999997
10.318354166666667
11.464145833333333
12.67997916666667
3.57875
1.3710833333333332
5.20075
1.6679166666666667
5.851979166666666
5.631958333333333
3.3669583333333333
3.289895833333333
0.09872916666666666
7.650354166666666
8.393604166666668
5.32875
9.332895833333334
4.258104166666667
2.22475
1.9801041666666668
5.913437500000001
0.028979166666666667
7.205583333333333
9.486062500000001
6.998645833333334
11.010083333333332
10.035583333333333
1.5224583333333335
4.710166666666667
2.2067083333333333
2.8880208333333335
0.9479791666666667
0.3120416666666667
1.7102291666666665
2.498270833333333
0.0
0.1284583333333333
0.0
8.5670625
1.9092708333333335
0.32797916666666665
0.0
3.435375
4.223791666666666
2.9065624999999997
2.5230625
5.171645833333334
9.168166666666666
8.605729166666668
0.9301666666666666
0.0
1.0616458333333334
0.1284583333333333
1.6672083333333336
3.1842291666666664
3.8552083333333336
6.554750000000001
0.0
0.0
6.4554791666666675
0.9251250000000001
1.1763333333333335
0.0
0.10547916666666667
0.6937708333333333
0.7800208333333334
0.0
0.7855833333333333
5.131895833333334
1.0289791666666666
0.0
0.0
1.6716875
4.258375
3.7370625000000004
5.770916666666667
2.7871666666666663
1.1425416666666666
0.58325
0.9704375
1.2808958333333333
8.3805
8.087541666666667
3.574604166666667
3.6312499999999996
4.213375
6.771833333333333
0.0
0.0
2.8158333333333325
1.7585625
0.0
0.0
0.9949166666666667
3.755479166666667
0.16320833333333332
1.4561250000000001
0.0
2.9595625
2.004770833333333
0.0
0.025687500000000002
0.0032916666666666663
0.0
0.7694166666666667
0.0
1.2982708333333333
0.0
0.0
0.0
0.0
0.0
0.4429375
1.0715208333333333
3.6504999999999996
0.0
2.647229166666667
0.0
0.0
0.5733541666666667
0.10733333333333335
0.0
5.1621041666666665
3.5358749999999994
0.0
0.0
0.0
2.8268541666666667
0.0
0.0
0.0
0.0
0.0
0.0
0.0
0.36866666666666664
3.2818958333333335
1.1612083333333334
0.0
0.0
0.07541666666666667
3.4203125
2.8123124999999995
0.5424791666666667
0.0
0.0
0.0
0.6334583333333333
0.059270833333333335
4.069395833333334
0.2139791666666667
6.823875000000001
0.9965833333333333
0.5385624999999999
0.0
0.1678125
0.9235416666666666
2.6808125000000005
1.1913958333333332
0.4967916666666667
2.3578958333333335
1.0488541666666666
1.8003958333333332
4.379291666666666
7.175854166666667
7.521249999999999
5.5263333333333335
0.0
0.7344791666666666
1.281875
1.4482916666666668
1.3723124999999998
1.4467916666666667
2.5744166666666666
0.07708333333333334
0.15866666666666668
1.755770833333333
2.5699166666666664
1.6715208333333333
3.1338125
1.4425416666666668
0.11185416666666666
4.73725
1.9533541666666665
0.0
4.8198541666666666
7.197020833333334
0.0
0.0
1.9879791666666666
2.595479166666667
0.3989791666666666
0.0
0.0
3.3319999999999994
1.7857916666666664
0.602375
0.7971666666666667
0.0
0.7301666666666665
1.9786875000000002
0.6068958333333333
0.219
8.483895833333333
8.442375
0.0032916666666666663
6.281458333333333
6.857333333333333
6.456354166666666
2.329625
1.5455208333333335
5.622770833333334
0.07708333333333334
0.0
0.5089375
7.248833333333334
3.2446458333333332
6.2784375
4.45075
0.2810833333333333
8.2756875
0.0
6.367291666666667
9.807583333333334
9.855166666666667
7.169999999999999
1.1708541666666668
9.039541666666667
5.003020833333333
2.5176666666666665
3.616645833333333
0.22495833333333334
0.3727708333333333
0.0
1.1847708333333333
2.2110416666666666
2.4856874999999996
8.645333333333333
0.0
9.060250000000002
2.754541666666667
2.078875
0.9937083333333333
0.0
0.025687500000000002
0.10275000000000001
4.640083333333333
1.0434166666666667
3.9947708333333334
2.5855416666666664
0.8519583333333333
0.5723333333333334
9.426270833333334
4.085979166666666
0.0603125
0.3173333333333333
0.0065208333333333325
7.4624375
3.6121458333333334
11.783020833333333
4.307520833333334
8.6335
11.845062500000003
9.958583333333333
8.178604166666666
8.528708333333332
12.482333333333335
13.32141666666667
0.2237916666666667
1.6271041666666666
2.2055000000000002
8.918270833333333
3.551604166666666
11.607750000000001
13.84575
13.158208333333334
12.724604166666666
12.275125000000001
11.518875
12.029458333333332
14.132708333333335
14.542479166666666
14.504458333333332
14.374666666666664
13.199354166666666
10.571291666666667
13.345208333333332
9.034729166666667
6.957708333333334
11.666854166666669
11.029874999999999
3.9095625000000003
1.6751041666666666
2.3850833333333337
6.137645833333334
7.260833333333333
3.5895833333333336
5.003770833333333
7.653104166666668
11.135937500000002
1.9756875
10.659145833333334
14.704208333333332
10.229229166666666
9.389291666666667
13.985854166666664
14.753666666666666
12.154125
14.206166666666666
14.076333333333332
7.3414166666666665
0.788875
4.500416666666666
4.745979166666667
11.412479166666666
9.509479166666667
5.648583333333334
3.057229166666667
0.5227708333333333
7.4938125
1.9271041666666668
0.7724791666666667
0.44566666666666666
2.274833333333333
12.546645833333335
12.938687499999999
10.549229166666665
4.026354166666667
3.0421250000000004
4.479291666666667
5.937375
9.535541666666665
7.133562499999999
6.836958333333333
2.2216666666666662
6.2535
7.635666666666666
6.5983125
9.122333333333334
13.363125000000002
13.148895833333333
9.3936875
3.1819583333333337
6.395229166666667
2.705416666666667
4.697041666666666
3.8216458333333336
9.518625
10.387958333333335
3.124479166666667
4.007666666666666
3.794583333333333
0.9190416666666668
1.7354375
6.369270833333334
11.59175
7.798958333333334
4.31975
1.3100833333333333
3.420625
9.210416666666667
6.413416666666667
2.0938958333333333
9.584229166666667
9.207062500000001
11.455458333333334
8.348583333333334
5.307125
10.926000000000002
11.926645833333334
10.624125000000001
10.565833333333332
5.756833333333333
8.024291666666667
11.468229166666667
0.20387500000000003
0.7503333333333334
2.4046666666666665
0.0
2.2161250000000003
9.967229166666668
8.685395833333333
0.45341666666666675
1.0419791666666667
0.7191041666666665
4.703666666666667
4.9161874999999995
9.611020833333333
6.8533125
10.6506875
10.01
2.690208333333333
4.390666666666667
8.243875000000001
1.1761875
3.3722708333333333
0.05791666666666667
0.8098125
6.469520833333333
9.673854166666667
5.3843125
8.0259375
7.160999999999999
7.49625
0.36189583333333336
0.0
2.415791666666667
2.0486875
4.486562500000001
4.092416666666668
2.699083333333333
0.3007708333333334
0.10525000000000001
1.7114583333333335
8.773041666666666
8.5733125
8.306666666666667
0.5404791666666666
0.025687500000000002
0.6602916666666667
0.0
2.8597708333333336
2.2308958333333333
0.4095
0.2191875
3.2885625
4.636604166666666
4.855791666666667
8.393729166666667
6.4362708333333325
2.8933750000000003
1.4175625
3.553666666666667
9.1305625
6.795937500000001
4.101854166666667
2.9626875
3.7922916666666673
5.8832916666666675
4.492770833333334
1.5672083333333333
0.8196875
0.0
0.0
3.9953958333333333
0.0
2.1893958333333337
2.5811041666666665
0.13760416666666667
0.34879166666666667
1.1076458333333334
4.9336875
3.7684166666666665
6.6323541666666666
6.599374999999999
6.700020833333333
6.808833333333333
2.2754375000000002
5.989416666666666
7.314520833333334
7.572375
7.293833333333333
6.110041666666667
3.517125
2.9964375000000003
2.4028333333333336
0.0
4.738583333333334
0.0
0.0
5.851395833333332
6.423125
6.453916666666667
5.472708333333333
5.299458333333333
5.032166666666666
3.7192916666666664
0.0
0.0
0.9506875
0.7992291666666667
0.0
3.3287083333333336
0.0
0.0
0.0
0.10733333333333335
0.0
1.5084999999999997
0.767375
0.25985416666666666
3.0318541666666667
0.0
0.0
0.0
2.6094583333333334
0.22114583333333335
4.584416666666667
2.8705208333333334
1.0255208333333334
0.0
0.0
0.9802708333333333
0.0
