3.4968461538461537
0.006769230769230769
3.805307692307692
3.136307692307692
4.725461538461538
2.710153846153846
0.11469230769230768
0.0
0.7243846153846152
0.004076923076923077
0.07146153846153847
1.271
1.4720000000000002
0.6605384615384615
0.06030769230769231
0.0
4.372615384615385
5.299923076923077
3.0585384615384617
0.0
0.0
0.0
1.2694615384615384
4.297846153846153
0.006461538461538462
1.1863076923076923
0.0
0.5577692307692307
0.0
1.7754615384615382
1.5615384615384618
0.0
3.762923076923076
1.495076923076923
2.8632307692307686
5.713384615384617
0.1357692307692308
4.272076923076923
0.5424615384615384
4.28176923076923
0.0
0.0
0.0
0.0011538461538461537
0.023153846153846153
0.0
0.0
0.0
0.0
0.15546153846153846
3.0310769230769234
4.255538461538462
0.0
1.557
5.704923076923077
4.54776923076923
4.14923076923077
9.430538461538463
5.791
1.277923076923077
0.0
0.0
6.298307692307693
2.577
3.0656153846153846
2.370076923076923
0.23346153846153847
3.8460000000000005
0.0015384615384615385
3.270538461538462
0.24684615384615383
0.0
0.2782307692307692
0.0
7.439461538461537
4.400769230769232
0.9496923076923077
1.3135384615384615
3.007461538461538
8.762692307692307
6.7297692307692305
8.324384615384615
0.0
0.8821538461538462
2.017923076923077
1.3764615384615384
0.0
0.0
0.04361538461538461
0.0
2.3419999999999996
4.326307692307692
1.058
0.05961538461538462
0.2242307692307692
0.0
0.02476923076923077
8.958076923076923
11.134153846153843
11.527615384615386
0.5230769230769231
9.468076923076923
9.437692307692307
10.49069230769231
0.023153846153846153
0.0
9.301692307692308
4.859615384615386
0.17407692307692307
1.133923076923077
0.2426923076923077
1.0615384615384618
3.1954615384615384
3.431307692307693
2.4564615384615385
3.4790769230769234
3.985846153846154
2.475923076923077
1.8286153846153848
1.6697692307692311
8.00423076923077
4.577615384615385
2.670769230769231
3.2113846153846146
6.220153846153845
10.269615384615385
13.289384615384618
12.323692307692308
7.996307692307692
0.029076923076923077
1.0036923076923077
6.970307692307693
11.937384615384614
12.96776923076923
12.891076923076922
2.6741538461538465
0.4358461538461538
5.461615384615384
0.6611538461538461
7.850846153846153
2.871384615384615
10.564846153846153
1.6203846153846155
7.159999999999998
6.703076923076923
0.22815384615384618
10.369076923076923
12.121076923076922
10.175461538461539
13.486999999999998
8.659384615384617
8.825846153846152
11.793692307692309
12.838000000000001
8.332769230769232
0.0011538461538461537
1.7598461538461536
2.9126153846153846
5.3442307692307685
9.572000000000001
6.672923076923078
6.907153846153846
8.571538461538463
3.3428461538461534
1.8259230769230768
0.37307692307692314
5.6454615384615385
0.049846153846153846
4.986461538461539
11.421846153846152
10.59353846153846
0.07876923076923077
0.26007692307692304
5.214076923076923
7.398769230769232
6.864846153846154
8.616538461538463
5.1372307692307695
7.313615384615384
3.463384615384616
4.564923076923076
6.004999999999999
3.8659999999999997
4.898846153846153
9.83623076923077
3.0094615384615375
2.133
7.51
0.36130769230769233
0.751
4.814461538461538
2.1534615384615385
0.7020000000000001
6.147846153846154
1.478692307692308
0.003384615384615385
1.5032307692307694
1.5678461538461543
1.5497692307692306
0.5610769230769231
2.105
6.6991538461538465
0.8257692307692306
2.6328461538461543
2.173923076923077
4.6637692307692316
5.416923076923077
7.757923076923078
6.262615384615385
4.956846153846154
5.660615384615385
3.5988461538461536
1.2866923076923074
4.437076923076923
6.900307692307692
8.373384615384616
8.68853846153846
8.144461538461538
7.251000000000001
4.244461538461538
0.41700000000000004
5.2359230769230765
2.394
1.7310000000000003
8.514384615384614
3.424615384615384
3.069230769230769
7.345538461538462
3.150153846153846
7.523999999999999
0.9996153846153846
0.8253076923076923
2.2133846153846153
2.4713076923076924
4.866538461538461
1.458923076923077
2.738692307692308
5.206384615384615
0.07084615384615385
9.261461538461536
10.477538461538462
10.313615384615385
9.018769230769232
6.357461538461537
4.514153846153847
3.0992307692307692
7.300153846153846
10.663999999999998
9.593923076923076
3.2891538461538463
1.3086923076923076
6.546076923076923
6.42876923076923
5.354230769230768
2.161769230769231
8.135615384615386
5.288153846153846
9.572076923076922
5.4656153846153845
4.8371538461538455
3.9821538461538464
1.6506153846153846
4.812
0.016230769230769233
0.3631538461538461
4.906692307692309
4.34923076923077
1.9363846153846156
3.450307692307693
0.0
7.302384615384614
8.113307692307693
6.802230769230769
7.3968461538461545
8.677384615384614
2.288692307692308
0.287
1.0831538461538461
1.155153846153846
1.4903076923076921
7.648923076923077
6.79776923076923
6.676384615384616
7.642307692307692
4.4773076923076935
0.614923076923077
0.9583076923076923
0.0673076923076923
1.5673846153846158
2.2023846153846156
7.718384615384616
7.818153846153846
0.5081538461538462
7.448230769230769
8.987384615384615
8.951153846153845
8.526384615384616
8.68946153846154
5.863153846153845
4.04523076923077
0.0
0.08707692307692308
2.6739230769230766
2.0769230769230766
3.5182307692307693
2.5566153846153843
0.011923076923076923
0.5846923076923077
0.5631538461538462
4.501692307692307
1.6526153846153848
2.4594615384615386
1.8397692307692306
7.009384615384614
1.019692307692308
3.4896923076923088
0.009615384615384616
0.0
0.0
0.3630769230769231
0.5817692307692307
0.027923076923076922
0.014384615384615385
0.07261538461538462
0.11261538461538462
0.20323076923076927
0.0
0.0
0.009307692307692308
0.3348461538461539
0.029076923076923077
3.2284615384615383
0.7936153846153845
0.0015384615384615385
1.1331538461538462
4.778615384615384
5.263538461538461
0.8625384615384616
0.014384615384615385
0.41592307692307684
0.0
0.0
1.3646923076923076
0.02046153846153846
3.634692307692307
0.0
0.15846153846153846
0.574153846153846
0.010923076923076924
0.0
0.029076923076923077
0.0
0.46807692307692306
1.943153846153846
0.015307692307692309
0.0
0.16507692307692307
0.39969230769230774
0.36469230769230765
0.15553846153846151
0.0
0.0
0.0
0.7240000000000001
0.388
1.185230769230769
2.311153846153846
0.0
0.014384615384615385
0.0
0.0
0.027538461538461536
0.25776923076923075
0.041461538461538466
0.027923076923076922
0.4368461538461538
5.407538461538461
4.810923076923077
0.398
0.2573846153846154
4.424846153846153
3.4757692307692314
2.5644615384615386
0.36030769230769233
1.9879999999999998
0.4973076923076923
0.4329230769230769
0.02207692307692308
0.20130769230769235
2.1566153846153844
5.224461538461539
0.818846153846154
0.08261538461538462
0.0
0.0
1.3140769230769231
0.0
0.3569230769230769
0.0
0.013692307692307691
0.010923076923076924
0.057307692307692316
0.03923076923076923
1.5783076923076924
0.13076923076923078
0.9110769230769231
0.06738461538461539
0.018461538461538463
1.2259230769230771
0.051000000000000004
0.0011538461538461537
0.08661538461538462
0.023076923076923075
8.29269230769231
8.746538461538462
8.592076923076924
8.703923076923077
8.440153846153846
7.533
6.308461538461539
7.129
0.4773076923076923
0.0
0.04269230769230769
0.827153846153846
0.11207692307692309
7.372076923076923
0.006769230769230769
2.017692307692308
0.0011538461538461537
1.419846153846154
4.507307692307693
6.468384615384616
0.25084615384615383
0.0
3.4397692307692314
0.0
0.2521538461538461
0.2522307692307692
5.223
0.7181538461538461
0.7783076923076921
0.004846153846153846
0.4648461538461538
1.1627692307692308
0.3016923076923077
5.0042307692307695
0.0
1.1559230769230768
2.7323076923076925
0.0
1.419230769230769
3.2272307692307693
3.5860000000000003
4.2768461538461535
1.420153846153846
0.32815384615384613
0.015000000000000001
0.121
1.8183076923076922
10.892846153846154
6.92323076923077
3.5056153846153837
3.5166923076923076
0.2153076923076923
0.03807692307692308
9.202307692307691
11.637153846153845
12.16276923076923
11.486307692307692
11.566615384615385
9.824538461538463
1.3118461538461537
2.6359230769230773
3.1197692307692315
6.9843846153846165
3.4628461538461535
0.34876923076923083
0.08438461538461536
0.0
2.4884615384615385
1.1573076923076921
0.04630769230769231
1.9027692307692308
9.229076923076923
7.928538461538464
0.6899230769230769
6.345
4.431307692307692
13.107384615384616
9.251846153846154
1.5425384615384616
0.0
8.617076923076924
13.345538461538464
13.76153846153846
13.867
13.876999999999999
13.821153846153845
12.649230769230769
13.185692307692307
7.953923076923076
9.345692307692307
12.049076923076923
8.784307692307694
11.159923076923077
7.063307692307693
12.654923076923078
0.486
0.30415384615384616
10.223923076923077
7.832846153846154
2.646076923076923
3.9245384615384613
0.010307692307692308
6.073846153846154
0.7976923076923076
7.86776923076923
8.428615384615386
11.797153846153845
12.960153846153846
11.187153846153844
5.694846153846154
5.123076923076923
0.8656153846153847
0.16315384615384615
4.129769230769231
13.589000000000002
4.030923076923077
5.719153846153845
5.045000000000001
4.649846153846154
2.8257692307692315
3.2016923076923076
3.6713846153846155
7.740615384615386
1.1793846153846155
4.245076923076923
7.565846153846153
2.534692307692308
3.580384615384616
4.214307692307692
3.749769230769231
0.7343076923076924
4.2928461538461535
2.7909230769230766
0.8236153846153845
0.7254615384615385
1.872384615384615
3.4780000000000006
1.6340769230769232
9.935307692307692
1.7616923076923077
1.3345384615384615
1.1206153846153846
0.6049230769230769
0.3008461538461539
0.42038461538461536
2.1943076923076923
0.8193846153846155
0.08546153846153845
3.1098461538461537
2.9000000000000004
1.2326923076923075
0.0
0.3511538461538462
0.0
8.633
12.46292307692308
11.894692307692308
11.616923076923076
12.631692307692305
9.270615384615384
5.064615384615384
7.177538461538461
0.0027692307692307695
5.972000000000002
8.709538461538463
9.906538461538462
5.095461538461539
7.989615384615383
3.261923076923077
6.898846153846154
12.044846153846152
1.6666153846153846
2.0040000000000004
3.1687692307692306
7.617538461538462
3.0933076923076923
5.35676923076923
9.126615384615384
12.44123076923077
9.656461538461539
7.564538461538461
3.3412307692307692
0.20061538461538458
1.5372307692307694
5.015384615384614
2.606384615384615
0.36346153846153845
3.575692307692308
6.996461538461538
10.956769230769229
8.598230769230769
2.843230769230769
4.277000000000001
4.476615384615385
1.7412307692307691
2.032538461538462
8.96553846153846
11.069076923076924
9.018692307692307
1.967923076923077
1.298153846153846
9.347153846153846
10.464846153846155
0.5536923076923077
1.5423076923076924
2.3052307692307696
1.2606153846153845
4.827
1.3386153846153843
2.0469230769230764
7.084307692307691
2.2133846153846157
4.7615384615384615
9.266846153846153
7.657692307692309
7.334615384615385
4.8552307692307695
0.0
3.7499230769230776
0.0
4.103076923076923
3.1041538461538463
7.554076923076924
4.634153846153845
2.3499230769230772
7.424
4.944692307692308
7.646846153846154
3.566538461538461
5.734307692307693
0.15553846153846151
0.0
2.3177692307692306
1.4035384615384614
3.132230769230769
0.01076923076923077
1.437076923076923
0.0
1.4196153846153845
0.4723846153846154
0.0
0.02984615384615385
0.029076923076923077
5.343846153846154
5.837692307692308
4.1111538461538455
2.9698461538461536
0.0
0.0
0.014384615384615385
3.2545384615384614
0.04361538461538461
7.556230769230769
5.292692307692307
4.931384615384616
1.1492307692307693
8.237076923076923
6.128692307692308
0.09507692307692307
0.4748461538461539
0.05815384615384615
0.0
0.0
2.2613846153846153
1.6550769230769231
0.4402307692307692
0.032461538461538465
0.1893076923076923
0.8963076923076924
0.014384615384615385
0.0
0.0
0.030384615384615385
2.435384615384616
2.188615384615385
3.3930000000000002
1.043153846153846
0.0
0.2613076923076923
0.13076923076923078
0.0
1.2127692307692308
3.601153846153846
0.0
0.0
0.029076923076923077
5.364153846153846
0.0
1.5781538461538462
0.0
0.5247692307692307
0.0
5.406153846153846
0.33738461538461534
1.4123846153846158
0.0
0.0
0.0
0.46938461538461546
0.026461538461538463
0.04361538461538461
1.8696923076923078
5.608384615384614
0.0
2.082
0.014384615384615385
0.3585384615384616
3.593538461538462
0.003384615384615385
0.04361538461538461
0.0027692307692307695
0.9546153846153848
0.4841538461538461
3.7478461538461545
0.0
0.0
2.4023846153846153
0.07030769230769231
0.0
0.0
0.9946923076923077
1.7013846153846155
0.04361538461538461
2.0858461538461537
1.9130769230769231
0.0
0.0
5.056076923076923
0.0
1.9246153846153846
0.023769230769230768
1.450923076923077
5.003384615384615
0.12115384615384617
0.0
0.05046153846153846
0.018692307692307696
1.6737692307692311
5.474
3.4233846153846157
5.038692307692307
0.0
4.6683076923076925
0.37830769230769234
0.3011538461538461
4.329615384615385
6.828153846153847
6.5332307692307685
6.7836923076923075
6.693384615384615
0.0
0.0
0.5281538461538461
0.0
0.0
0.14515384615384616
0.004076923076923077
1.6955384615384614
3.6203846153846153
1.9134615384615385
4.3570769230769235
1.5339230769230772
2.8836153846153842
4.187923076923077
0.03923076923076923
0.12061538461538462
0.0015384615384615385
0.011923076923076923
2.9243076923076923
3.1522307692307687
1.011
0.0
0.0
5.136846153846154
6.306384615384616
4.973076923076923
1.1767692307692308
0.5244615384615383
0.0015384615384615385
0.3213846153846154
0.998
0.014384615384615385
0.32730769230769236
0.0
0.17407692307692307
0.0
1.2463076923076921
2.1933076923076924
4.865923076923077
0.010384615384615384
6.145769230769229
1.8633076923076923
0.44353846153846155
1.4104615384615384
0.21769230769230766
7.644230769230769
6.562153846153847
8.168461538461539
0.2536923076923077
1.8886923076923081
2.6390000000000002
1.9456153846153847
7.678384615384616
8.155846153846154
3.5053846153846147
2.780692307692308
0.0
1.6347692307692303
3.166615384615385
4.088923076923076
0.0
0.03546153846153846
4.944307692307692
9.256615384615383
2.3437692307692304
10.064153846153847
10.485230769230771
11.470461538461537
3.2863846153846152
2.9077692307692304
11.733307692307694
12.891769230769231
11.08853846153846
7.083923076923075
9.577153846153845
0.24753846153846154
5.760307692307691
8.330461538461538
2.8086153846153845
4.574923076923077
11.38446153846154
5.682846153846155
3.7808461538461535
0.0
3.541000000000001
0.0
0.0
4.411692307692308
7.307153846153846
5.255
1.3266923076923076
2.4935384615384617
0.39561538461538465
8.510923076923076
1.6159999999999999
10.762153846153847
12.20223076923077
10.57153846153846
8.29630769230769
5.56676923076923
2.621153846153846
3.2530769230769225
7.752615384615385
4.15776923076923
8.577307692307691
9.622846153846154
11.127846153846153
7.697153846153847
1.282076923076923
9.423923076923078
5.489230769230769
0.27807692307692305
0.42776923076923085
0.0015384615384615385
4.724846153846154
0.18715384615384617
4.538230769230769
9.719615384615384
8.659615384615385
10.382538461538461
0.49430769230769234
0.0011538461538461537
6.312461538461538
3.706076923076923
8.552
6.477461538461539
0.9196153846153845
7.673153846153847
9.457846153846154
2.5993846153846154
13.124000000000002
7.435000000000001
8.034923076923077
2.8459230769230763
2.004923076923077
0.0
0.13584615384615384
1.158923076923077
4.0035384615384615
4.9923076923076914
8.179
8.687153846153846
5.629
3.8765384615384613
7.022923076923077
1.318846153846154
0.0
1.8736153846153842
4.367307692307692
4.497538461538462
1.0228461538461535
6.290692307692307
0.5428461538461539
7.798384615384617
10.990307692307692
11.31369230769231
7.586384615384617
8.730923076923078
0.7005384615384614
4.7638461538461545
1.7840769230769236
3.937769230769231
0.3869230769230769
2.498
4.082923076923077
0.10207692307692308
0.9638461538461539
0.3993846153846154
0.07261538461538462
4.568538461538462
1.550923076923077
4.9112307692307695
0.6718461538461539
0.7881538461538463
5.074846153846154
1.5434615384615387
3.0603076923076924
8.724384615384615
6.446769230769231
2.3033076923076923
3.2470769230769227
7.489538461538463
9.55076923076923
10.547846153846155
11.65476923076923
6.124461538461538
0.321
0.029076923076923077
0.0
0.0
4.359615384615385
7.775384615384616
7.88853846153846
8.897846153846155
3.7007692307692306
5.184923076923076
7.491307692307694
1.0136923076923077
0.07946153846153847
4.946692307692307
0.0
3.1145384615384613
5.813923076923077
4.802769230769231
0.777076923076923
1.0913846153846154
7.6765384615384615
1.680153846153846
8.10423076923077
8.152692307692307
6.193076923076925
5.325692307692308
9.041230769230769
10.470538461538464
11.20776923076923
9.728307692307693
7.390076923076924
1.3186153846153845
2.8603076923076927
4.613
5.929153846153846
1.399230769230769
7.479230769230769
2.854692307692308
6.266384615384615
0.5108461538461538
2.465461538461539
5.919153846153846
4.930384615384616
0.09423076923076924
1.144
5.583923076923076
4.348538461538462
7.31423076923077
4.396999999999999
3.5915384615384616
0.04361538461538461
0.014384615384615385
1.6116153846153847
6.913
6.209461538461539
1.458076923076923
3.507307692307692
3.109076923076923
0.0
5.409076923076923
5.8580000000000005
2.215461538461539
4.554846153846154
3.873
1.4124615384615387
0.0
0.0011538461538461537
3.8045384615384616
0.0
2.565846153846154
0.14515384615384616
0.0
0.18761538461538463
0.0
2.026769230769231
1.2752307692307692
0.03584615384615385
0.13169230769230772
0.08853846153846154
2.0700000000000003
0.246
1.953769230769231
0.41661538461538455
1.961
0.4039230769230769
0.0011538461538461537
0.0
0.0
0.08423076923076923
5.384846153846154
5.0085384615384605
5.226
1.9833076923076922
1.5820769230769232
4.199076923076924
0.0
0.0
1.0826153846153845
4.009846153846154
1.2065384615384613
5.6219230769230775
4.089307692307693
0.0
0.8435384615384615
0.010923076923076924
0.0
0.19392307692307692
3.43576923076923
2.9867692307692306
0.7752307692307692
0.0
0.0
0.9914615384615384
0.0
0.0
0.0
0.014384615384615385
0.2902307692307693
0.0
0.18730769230769231
0.0
1.0368461538461538
0.0
1.4134615384615388
2.914538461538462
0.0
0.6817692307692307
4.461384615384616
0.0
0.0
0.4316923076923077
2.9533846153846146
0.0
1.0604615384615383
0.17607692307692308
1.2176153846153848
0.07407692307692308
0.018461538461538463
0.0
0.0
0.0
0.31500000000000006
0.0
0.009307692307692308
2.489076923076923
0.04915384615384615
1.202846153846154
0.23746153846153842
0.0
0.15553846153846151
0.7474615384615385
1.936846153846154
3.6405384615384615
3.1283076923076925
0.0
6.713461538461538
0.0
1.2859230769230772
4.2709230769230775
3.815923076923077
5.731076923076923
3.9025384615384615
4.491923076923078
0.3567692307692308
3.7402307692307692
0.43215384615384617
0.2780769230769231
0.003384615384615385
0.0
0.8404615384615385
2.5531538461538457
0.0
0.0
0.1759230769230769
0.05815384615384615
0.0
2.5073846153846153
1.719769230769231
7.084461538461539
7.839769230769231
6.7304615384615385
4.828538461538462
0.0
1.7376923076923079
0.3786153846153846
0.025461538461538463
2.443461538461538
5.249307692307692
0.5147692307692309
4.7249230769230754
0.04053846153846154
0.04161538461538462
0.0
0.3375384615384615
0.43561538461538457
0.7333076923076922
8.057384615384615
8.900230769230769
7.517769230769231
2.8957692307692304
1.727923076923077
0.8556153846153847
5.115692307692307
4.165692307692307
0.029076923076923077
0.005538461538461538
1.6593076923076922
0.0
6.098230769230769
5.252230769230769
8.977
8.400692307692308
7.8300769230769225
2.7130769230769234
0.4555384615384615
2.4779999999999993
0.2455384615384616
1.612769230769231
1.5409230769230768
9.918384615384618
3.583846153846155
0.0011538461538461537
3.4396923076923085
2.671307692307692
0.10246153846153847
0.8641538461538462
1.9678461538461542
1.9450000000000003
10.096615384615385
8.709153846153848
9.75330769230769
9.539307692307691
3.9285384615384613
1.4385384615384615
0.1473076923076923
1.3889999999999998
9.948153846153845
7.115769230769231
2.278769230769231
8.535846153846153
10.392153846153844
6.165076923076923
0.0
1.1296923076923078
4.556461538461538
2.7038461538461536
1.7363076923076923
5.565307692307692
5.194692307692308
8.200076923076923
11.133076923076922
11.310846153846153
10.576846153846155
10.760769230769231
11.095461538461537
11.396538461538459
3.596692307692307
12.269076923076922
9.687384615384616
3.6409230769230763
9.51123076923077
6.599615384615385
8.945230769230768
0.40915384615384615
0.7046153846153846
4.5284615384615385
0.014384615384615385
6.147153846153846
5.494615384615385
4.335384615384616
0.0
7.384769230769232
3.7359999999999998
10.779538461538463
8.679384615384617
1.4645384615384616
3.533384615384615
8.705846153846155
12.990461538461542
13.809384615384614
13.202384615384615
11.395538461538461
2.468538461538462
5.8262307692307695
3.369230769230769
8.946153846153845
0.43730769230769234
0.24015384615384613
0.6393846153846154
3.9283076923076927
9.672153846153845
13.636076923076924
13.703999999999999
0.23569230769230767
12.158846153846154
13.91469230769231
14.285384615384617
13.724923076923078
13.425846153846154
10.89076923076923
11.514384615384614
8.916384615384617
6.371230769230769
8.176769230769228
4.302153846153846
12.31423076923077
11.094000000000001
0.09476923076923077
4.7907692307692304
1.9233076923076924
2.0349999999999997
1.0224615384615388
0.6267692307692307
7.514153846153846
3.864615384615384
4.025846153846152
4.686461538461538
1.114846153846154
3.2906153846153847
6.910153846153846
1.3240000000000003
7.4260769230769235
3.386384615384615
5.822692307692307
4.723538461538461
4.739692307692308
7.508769230769231
7.563692307692308
7.096153846153846
2.777846153846154
5.602615384615385
9.716153846153846
2.135923076923077
9.386461538461539
14.28669230769231
14.369846153846153
7.994
11.943153846153846
13.731999999999998
12.13953846153846
11.880461538461539
9.058307692307691
13.184384615384614
4.119538461538462
8.484999999999998
6.471615384615385
4.236692307692308
8.529538461538463
2.2103076923076923
0.04692307692307692
0.07715384615384616
5.175923076923078
0.45453846153846145
3.5744615384615384
1.5024615384615385
9.568230769230768
11.79330769230769
8.553307692307694
5.4639999999999995
10.969923076923076
9.032615384615386
1.9372307692307693
5.135615384615385
1.683846153846154
1.8293076923076925
2.2828461538461537
3.278307692307692
5.0595384615384615
10.646692307692309
11.813615384615385
7.948384615384615
9.738538461538463
7.633230769230769
10.192307692307692
3.1273076923076917
10.534615384615384
8.670307692307691
2.044076923076923
2.3436923076923075
5.819153846153847
5.282461538461538
5.292692307692307
1.106
6.805307692307693
9.010692307692308
7.509461538461538
11.093999999999998
8.983923076923078
5.789230769230769
1.2863846153846152
2.887846153846154
9.504076923076921
9.531615384615385
8.48253846153846
2.961307692307692
6.808307692307693
10.413307692307692
8.577538461538461
10.231307692307693
7.372384615384616
7.834461538461539
7.736538461538462
7.518384615384615
8.598
9.068461538461538
7.493384615384615
7.694538461538461
9.578000000000001
7.85853846153846
5.638692307692308
7.267692307692308
2.8488461538461536
6.779076923076924
1.6403076923076925
6.161153846153845
7.52
6.6692307692307695
7.512
0.45484615384615396
0.09984615384615385
4.580461538461539
2.456615384615385
4.6454615384615385
1.1524615384615386
0.47846153846153844
0.0
0.04361538461538461
0.0
0.049692307692307695
0.3632307692307692
0.7799230769230768
0.0
0.2024615384615385
1.701846153846154
4.7313846153846155
0.0
1.638923076923077
3.494615384615384
5.688538461538461
6.500692307692308
4.015307692307692
0.13530769230769232
0.029076923076923077
3.1020769230769227
3.0577692307692312
0.0
0.048615384615384616
0.46099999999999997
0.0
2.212538461538462
0.6858461538461539
6.02623076923077
0.0
0.18192307692307694
2.167769230769231
8.188923076923077
7.498923076923077
0.0
3.6040769230769225
0.856
5.846230769230768
2.0420769230769227
0.014384615384615385
1.013076923076923
0.3729230769230769
0.29146153846153844
1.038
0.0
5.56276923076923
5.5009999999999994
2.3787692307692305
0.03184615384615385
0.4429230769230769
0.0
6.054384615384615
0.3146923076923077
0.0
0.1596923076923077
1.1768461538461539
0.295
5.052538461538462
4.220076923076922
0.32892307692307693
0.19469230769230766
0.3243076923076923
0.0
0.0
0.0
0.005923076923076923
0.08707692307692308
0.01723076923076923
0.0
0.0
0.0
0.0
0.0
1.1551538461538462
0.010384615384615384
1.0072307692307692
0.0
1.0397692307692308
0.004846153846153846
0.04630769230769231
0.3038461538461538
0.0
0.0
0.0
0.08899999999999998
3.9386923076923077
0.8053076923076924
3.335538461538462
4.189307692307692
0.16830769230769232
0.0
0.4179230769230769
0.0
2.1813076923076924
3.5366153846153847
0.6000769230769231
0.003384615384615385
1.0376923076923075
0.04361538461538461
0.1343076923076923
0.01076923076923077
0.3887692307692308
0.0
0.3228461538461538
0.0
2.609
0.4740000000000001
3.8736153846153845
0.0
0.0
2.444
3.538692307692308
0.0
0.0
0.0
0.0
0.489
1.304923076923077
1.3123846153846157
0.052153846153846155
0.5719230769230769
0.0
3.191615384615384
0.0
0.2749230769230769
0.07630769230769231
1.5404615384615388
0.004615384615384616
0.03707692307692308
0.49569230769230777
0.07261538461538462
4.6310769230769235
3.398846153846154
2.046846153846154
8.145
6.968
6.877538461538462
0.241
0.0
6.398153846153847
7.743615384615386
8.694
7.653615384615386
6.723615384615385
0.0
0.13215384615384618
2.916923076923077
0.27592307692307694
1.6255384615384616
4.918384615384616
3.5334615384615375
6.570153846153845
0.029076923076923077
1.418538461538461
0.40546153846153843
4.270615384615384
0.03776923076923077
2.1552307692307693
8.996076923076924
8.620076923076924
2.0306153846153845
0.08423076923076923
5.467384615384616
2.0788461538461536
0.07261538461538462
0.17707692307692308
0.3410769230769231
0.672923076923077
5.281692307692309
5.451
1.5501538461538462
4.124384615384615
0.0027692307692307695
2.6033846153846154
1.4179999999999997
5.765692307692307
0.0
0.7982307692307693
0.3178461538461539
0.0
2.349538461538461
1.3674615384615385
3.61976923076923
3.7783846153846152
3.592461538461538
0.0015384615384615385
0.3712307692307692
0.0
1.0018461538461538
0.03184615384615385
5.123307692307692
0.0011538461538461537
0.13584615384615384
9.920076923076921
8.112615384615383
5.3716923076923075
4.071923076923077
9.602923076923078
0.9792307692307692
4.125461538461538
10.394153846153849
1.8096923076923077
7.088153846153845
6.909461538461538
4.2862307692307695
10.568769230769233
6.07323076923077
10.286307692307693
0.47084615384615375
3.8329230769230773
1.9836153846153848
2.0586153846153845
9.069384615384616
10.32823076923077
0.009307692307692308
3.785538461538461
4.427615384615384
0.5479999999999999
4.230153846153845
1.3222307692307693
0.19392307692307692
4.799615384615384
1.2750769230769228
4.691538461538462
6.398769230769231
9.190384615384616
3.8007692307692307
11.475076923076923
4.809923076923077
0.26661538461538464
0.0015384615384615385
0.0
0.0
0.3948461538461538
0.004846153846153846
1.4626923076923077
1.5855384615384613
2.5785384615384617
11.303769230769232
2.4608461538461537
5.987230769230769
7.8707692307692305
10.261461538461536
4.238153846153846
7.884538461538463
14.047076923076926
13.517615384615384
3.390230769230769
1.7191538461538458
7.591230769230768
8.197461538461539
2.976846153846154
2.357846153846154
6.5030769230769225
0.35669230769230764
2.4495384615384617
2.4544615384615387
13.335769230769232
14.338000000000001
9.07530769230769
13.980153846153847
13.965538461538463
9.612307692307692
5.741538461538463
3.1072307692307692
0.4427692307692307
5.363846153846154
0.1623076923076923
0.6592307692307694
0.445
9.696307692307691
8.006846153846153
13.058923076923076
12.50423076923077
5.995230769230768
6.699076923076924
5.794769230769232
12.422538461538462
13.77946153846154
12.833384615384615
13.802307692307693
10.743846153846153
2.957615384615385
9.937
8.760692307692308
11.27076923076923
6.532923076923077
1.3336923076923077
6.539307692307692
12.500999999999998
13.846000000000002
13.008153846153848
1.2610769230769232
9.148461538461538
9.876307692307693
5.773769230769231
7.386923076923076
1.7656153846153848
10.148615384615384
12.474923076923078
5.936307692307692
7.992076923076922
1.265923076923077
0.7326923076923078
0.0
1.1696153846153847
7.455307692307692
10.330307692307693
10.932384615384613
9.422230769230769
5.454076923076924
9.163076923076922
3.0045384615384614
1.1046923076923076
12.265076923076922
8.144307692307693
6.511
9.532076923076922
10.859923076923078
9.985384615384616
8.34446153846154
2.871769230769231
6.259923076923077
2.49
10.2
10.348384615384616
10.301307692307692
7.983153846153845
11.773076923076925
11.494307692307691
11.454846153846155
3.5100000000000002
5.860307692307692
5.893923076923077
4.874923076923077
9.919615384615385
3.986538461538461
5.642846153846152
10.129615384615384
0.10330769230769234
0.03738461538461539
3.1093846153846156
0.0011538461538461537
1.8741538461538463
0.18400000000000002
4.652384615384616
4.884000000000001
6.2405384615384625
1.8807692307692307
0.464
7.8799230769230775
0.3191538461538462
3.604230769230769
7.3051538461538446
6.970384615384616
7.971461538461538
7.699076923076922
9.589615384615387
7.369538461538462
5.801692307692307
0.3736923076923077
9.043230769230773
0.1743846153846154
0.7083076923076924
7.200230769230769
5.346384615384614
1.4406153846153846
2.1066153846153846
0.4793076923076924
5.176153846153846
0.0011538461538461537
2.023769230769231
0.6702307692307693
8.78076923076923
2.339769230769231
3.941230769230769
0.048692307692307694
1.0693846153846154
0.014384615384615385
0.08707692307692308
1.1795384615384614
3.974307692307692
3.022384615384615
5.649538461538461
5.179307692307693
4.427846153846153
4.5969999999999995
4.749461538461538
1.525230769230769
3.099307692307692
5.019230769230769
0.13476923076923078
0.5183076923076924
0.004615384615384616
5.2537692307692305
1.254076923076923
4.890769230769231
1.5169999999999997
4.516076923076923
4.790384615384614
3.6531538461538458
1.6005384615384615
0.08684615384615385
7.407692307692309
5.232615384615385
7.656769230769232
0.0
0.0
0.0
0.148
0.04284615384615384
0.0
2.0804615384615386
2.586076923076923
4.911538461538463
4.436999999999999
0.0
0.01276923076923077
0.23861538461538465
0.0
1.498
0.5433076923076924
2.367384615384615
2.381230769230769
5.776076923076923
6.046384615384615
5.741153846153846
0.09046153846153845
0.7323846153846154
0.0
0.0015384615384615385
0.029076923076923077
1.7105384615384618
0.08346153846153846
0.08707692307692308
2.5843076923076924
5.159538461538461
2.550615384615384
0.0
1.6377692307692304
0.2525384615384615
1.9233846153846157
0.0
0.06092307692307693
1.3314615384615385
0.0
2.558923076923077
0.2809230769230769
0.0
0.029076923076923077
0.07407692307692308
0.10315384615384615
0.32046153846153846
0.0
0.5054615384615384
0.18876923076923077
0.20607692307692313
0.8323076923076924
0.047692307692307694
0.0
1.4366153846153844
0.23476923076923079
0.21823076923076926
0.0
0.0
0.0
0.0
0.41292307692307695
2.6256923076923075
3.1966923076923077
0.26407692307692304
3.6209230769230762
3.5901538461538465
0.033692307692307695
2.5644615384615386
0.5307692307692308
0.04361538461538461
2.057153846153846
0.1413076923076923
0.0
0.9101538461538462
0.5911538461538463
0.188
0.0
0.0
0.5665384615384615
0.0
0.2996153846153847
0.7940769230769231
0.0
2.901307692307692
0.0
0.301076923076923
0.018000000000000002
0.0
8.504153846153846
1.258153846153846
5.622999999999999
7.608153846153845
7.046692307692309
7.809615384615384
6.769307692307692
7.2546923076923076
6.181923076923078
3.5744615384615375
0.0011538461538461537
0.4336153846153846
0.1743846153846154
0.0
0.14792307692307693
0.0015384615384615385
0.8382307692307691
7.640538461538461
5.351307692307693
0.0
0.5697692307692307
7.195846153846154
0.0
2.9129230769230765
0.1483076923076923
6.861461538461537
3.1780769230769232
5.071923076923077
8.248999999999999
1.7835384615384617
0.04269230769230769
4.561846153846154
7.925538461538462
1.372076923076923
3.4396153846153843
5.155230769230769
7.314615384615385
8.933538461538461
8.417076923076923
8.201153846153847
7.712230769230768
4.026769230769231
1.1823846153846154
2.0290769230769232
3.222846153846154
0.35
0.3495384615384615
1.1082307692307694
1.7950000000000002
0.0
0.0
0.0
0.09784615384615386
2.4903846153846154
0.5106923076923078
0.029076923076923077
0.4016153846153846
0.5493846153846154
2.0360769230769233
1.8001538461538462
0.0
8.734153846153845
10.37123076923077
9.923384615384617
1.5723846153846155
3.037307692307692
10.769384615384617
11.93092307692308
7.484923076923077
11.931923076923077
8.487384615384615
11.753076923076922
11.96376923076923
12.28053846153846
11.877615384615384
11.982769230769232
3.7583846153846157
12.370615384615386
2.7486153846153845
1.154923076923077
5.139230769230769
0.23246153846153844
6.69923076923077
0.6018461538461538
1.6973846153846153
2.7649230769230773
4.791
4.388769230769231
0.7144615384615385
2.586615384615384
0.0
0.0
0.045307692307692306
4.552153846153846
4.663923076923077
4.808538461538462
7.549384615384615
6.952461538461538
5.017153846153846
0.0
1.0086153846153845
1.0779999999999998
0.014384615384615385
1.0597692307692308
4.037538461538461
0.4959230769230769
0.0
2.612076923076923
1.1973076923076924
4.092153846153847
10.463000000000001
6.186076923076924
4.295230769230769
0.004076923076923077
4.646769230769231
0.0
4.176692307692307
2.2169999999999996
0.7473846153846153
8.82830769230769
5.8808461538461545
12.691230769230769
7.388999999999999
0.49915384615384617
0.029076923076923077
0.0
0.959923076923077
10.477384615384615
14.056461538461539
13.763538461538463
6.234769230769231
6.827692307692307
9.265846153846153
3.001230769230769
0.389
0.47430769230769226
6.5786923076923065
0.7393846153846154
3.3320769230769227
5.692615384615385
13.435846153846155
2.6046153846153848
1.0879230769230768
0.01723076923076923
0.12130769230769232
4.692615384615385
9.593384615384617
13.931846153846152
14.26576923076923
12.303923076923073
11.450384615384614
11.907846153846155
4.9244615384615384
1.7226923076923077
1.6082307692307691
1.8074615384615382
0.030384615384615385
0.0
3.0444615384615386
0.24284615384615382
3.9907692307692306
3.349692307692308
10.48476923076923
10.053846153846155
12.429307692307692
0.6859230769230771
0.8145384615384614
0.22769230769230772
7.956615384615384
12.373615384615382
11.068846153846154
0.015923076923076925
5.793153846153847
9.896384615384616
1.9634615384615386
4.642538461538462
2.039615384615385
6.303153846153847
6.727769230769231
0.29384615384615387
0.0
0.0
2.6033076923076925
3.2983846153846152
5.930384615384615
7.798692307692307
6.206384615384613
6.836384615384616
7.439307692307692
7.38823076923077
6.611230769230769
8.572076923076922
11.931615384615386
11.948692307692308
9.766923076923074
0.21769230769230766
3.680153846153846
6.215153846153845
7.727923076923077
7.716615384615384
4.5517692307692315
5.482153846153846
7.640769230769229
7.613461538461538
4.045538461538461
0.7435384615384616
0.8116153846153847
0.0
0.004076923076923077
0.05815384615384615
0.0
1.245076923076923
0.0
0.5549230769230771
2.9747692307692306
4.260538461538462
0.0
0.0
0.05815384615384615
0.6324615384615384
0.10438461538461538
1.8831538461538462
3.7329230769230772
2.5844615384615386
0.7083076923076922
0.9084615384615385
1.0589230769230769
0.018692307692307696
4.681692307692307
3.5346923076923082
6.077307692307692
0.9653846153846153
2.1037692307692306
0.0
2.9790769230769225
2.934153846153847
3.8293076923076916
0.41684615384615387
5.239999999999999
2.8483076923076927
0.05046153846153846
0.004076923076923077
0.17261538461538464
3.3214615384615387
0.31246153846153846
0.10561538461538464
3.476769230769231
5.102692307692308
6.96076923076923
1.9293076923076926
0.3570000000000001
2.1109230769230773
4.932769230769231
0.0
0.014384615384615385
1.5775384615384611
0.5408461538461539
2.4805384615384614
5.493230769230769
3.016538461538462
0.086
6.014615384615384
4.217538461538461
4.646307692307692
0.9771538461538463
1.591923076923077
0.3011538461538461
2.4518461538461542
3.6873846153846155
1.1371538461538462
0.17300000000000001
0.7097692307692307
0.11115384615384614
2.0821538461538465
6.502307692307694
3.5415384615384613
4.879615384615385
0.08407692307692309
0.045307692307692306
0.0
0.0
0.3243076923076923
0.035923076923076926
0.0
0.0
1.4061538461538463
1.2390769230769232
0.4286153846153847
0.6006153846153846
0.43146153846153845
2.231846153846154
2.530846153846154
3.7137692307692305
2.1873076923076926
1.7182307692307692
0.3336153846153846
0.0
0.20384615384615387
0.39553846153846156
0.381923076923077
0.25476923076923075
0.7466153846153846
0.0
0.11615384615384615
0.673
0.7292307692307692
0.0015384615384615385
0.23176923076923076
0.11115384615384614
0.0
0.0
1.555923076923077
0.0
2.5525384615384614
0.2090769230769231
0.009307692307692308
5.530461538461537
0.0
0.20323076923076927
0.0
0.0
0.168
1.756461538461538
1.496
0.0
0.0
1.1039230769230768
0.9990769230769232
2.2035384615384617
3.3536923076923078
0.13076923076923078
4.023384615384615
0.0
2.442076923076923
2.1620769230769232
0.04361538461538461
4.945076923076924
4.226846153846154
0.1053846153846154
0.31138461538461537
0.0
2.005769230769231
0.0
0.00676923076923077
0.009615384615384616
0.0
1.2070769230769232
2.1754615384615383
0.0
0.0923076923076923
4.874076923076923
5.234999999999999
0.04630769230769231
2.931538461538462
0.0
0.008461538461538461
0.7801538461538462
6.712615384615384
7.499846153846154
8.454461538461539
0.8299230769230769
6.0862307692307684
0.0
0.0
5.6543846153846165
6.803384615384616
7.345307692307693
7.5922307692307704
5.099307692307692
8.63953846153846
5.850538461538463
6.482307692307692
7.92976923076923
8.64123076923077
5.735769230769232
0.026461538461538463
1.2596153846153846
4.730846153846154
5.269769230769231
3.487153846153846
0.16569230769230772
3.728615384615385
3.8288461538461536
2.7961538461538464
0.003384615384615385
4.0197692307692305
0.7503076923076921
0.21769230769230766
0.3887692307692308
0.0
3.180846153846154
0.792
0.09953846153846156
0.0
7.834999999999999
5.649230769230769
0.29646153846153844
2.453153846153846
0.029076923076923077
0.0
0.0
0.29061538461538466
0.033846153846153845
5.518153846153846
2.6006923076923076
3.909538461538461
1.5948461538461536
3.3073076923076923
0.6385384615384614
0.0011538461538461537
6.141615384615384
0.07661538461538463
0.7835384615384615
0.3247692307692308
0.003076923076923077
2.2580769230769224
5.533153846153846
8.30153846153846
3.44023076923077
3.0656923076923075
4.803076923076923
5.592076923076923
1.5346153846153845
2.8760769230769228
3.4923076923076923
0.1917692307692308
3.7940769230769225
0.2823846153846153
3.9770769230769227
0.0
8.498000000000001
11.073153846153847
10.753846153846153
10.075230769230767
9.193153846153844
0.9243076923076923
3.665
10.376384615384616
0.1886153846153846
4.075692307692306
0.02046153846153846
3.7661538461538457
1.6386923076923077
10.075846153846154
1.5488461538461542
0.8067692307692307
2.850769230769231
0.4537692307692307
3.7446923076923073
10.806076923076922
2.2256923076923076
8.628307692307693
5.082692307692308
0.5469999999999999
2.9416923076923074
5.820384615384616
4.824538461538461
11.83653846153846
3.4646153846153847
10.422230769230769
12.556076923076922
12.582
5.644769230769231
4.357923076923077
3.237076923076923
0.003384615384615385
0.3133076923076923
5.617923076923077
12.476076923076922
13.667538461538461
10.511
0.8833076923076923
0.0
10.716
11.478461538461541
12.351153846153844
12.22176923076923
14.910538461538458
14.053846153846155
6.388692307692308
6.79223076923077
5.661230769230769
1.488
3.6756923076923083
2.6367692307692305
2.920923076923077
2.048307692307693
0.16746153846153847
1.8025384615384614
6.46546153846154
4.520615384615385
0.5429230769230768
4.961538461538462
3.3207692307692303
0.0
2.6447692307692305
3.4774615384615393
4.979615384615385
5.076307692307692
0.3652307692307692
0.05030769230769231
5.874076923076923
0.21838461538461537
0.027923076923076922
7.7469230769230775
2.813076923076923
10.32276923076923
12.77969230769231
14.224923076923078
14.205153846153847
7.252615384615385
12.99846153846154
1.4846923076923075
1.8283076923076924
1.2463846153846154
2.049692307692308
6.504461538461538
12.700076923076923
12.605307692307694
9.002153846153844
8.672461538461537
12.414230769230768
10.952230769230768
8.1
6.356076923076922
8.633615384615386
0.08923076923076922
1.3496923076923077
10.93430769230769
12.806692307692307
2.924923076923077
7.816923076923077
5.109923076923077
1.4284615384615382
10.939615384615385
3.054153846153846
2.209923076923077
3.117384615384615
5.138076923076923
6.561461538461539
5.662076923076923
0.16407692307692306
3.0901538461538465
2.8507692307692305
9.85023076923077
5.451923076923077
9.364615384615384
1.6188461538461536
4.210692307692307
10.657846153846153
8.125153846153847
3.681923076923077
3.6313076923076926
2.6629230769230765
0.9182307692307693
8.316538461538462
5.315384615384615
6.084153846153845
8.70523076923077
6.602846153846154
0.3723846153846153
8.545692307692306
7.008076923076923
10.733923076923075
9.974846153846155
10.489769230769232
7.973615384615385
6.551923076923076
8.543615384615386
1.7610000000000001
2.038846153846154
0.18692307692307691
5.939461538461539
4.499461538461539
0.0
6.69723076923077
8.26923076923077
7.397923076923077
5.219153846153846
5.961538461538462
2.005923076923077
0.5738461538461539
1.1378461538461537
0.0
7.612384615384617
9.324846153846153
3.7973076923076925
5.922307692307691
1.4591538461538462
3.276538461538462
5.5218461538461545
5.4068461538461525
6.239230769230769
6.506153846153846
6.100923076923078
7.97776923076923
6.6129999999999995
8.157384615384615
1.3313846153846152
6.967153846153845
7.9750000000000005
2.0720769230769234
1.5717692307692306
0.04830769230769231
2.304923076923077
3.5726153846153847
1.1492307692307693
1.1230769230769229
6.48
5.447615384615385
2.8920769230769228
1.6557692307692307
0.2595384615384615
0.0
0.0
3.759923076923077
5.417538461538464
5.651307692307691
2.8193846153846156
8.471692307692308
8.098692307692309
7.621846153846153
6.09023076923077
2.4426923076923077
0.4124615384615385
5.661076923076924
0.3613846153846154
0.0
0.014384615384615385
0.6404615384615386
3.6600769230769226
4.521384615384616
0.0
2.569461538461539
0.13215384615384618
0.013846153846153845
0.035923076923076926
0.6577692307692308
1.6850000000000003
0.2483846153846154
2.6576153846153847
1.575846153846154
2.681692307692307
2.9263846153846154
3.9526923076923075
0.012461538461538461
0.0
0.0
0.0
0.011923076923076923
0.003384615384615385
0.004615384615384616
0.2717692307692308
0.8293076923076925
0.0
1.116076923076923
3.1571538461538466
0.0
0.0
0.0011538461538461537
2.590307692307692
0.01661538461538462
7.100769230769231
2.013692307692308
0.003384615384615385
0.04361538461538461
0.0
0.7716923076923078
0.010384615384615384
1.8344615384615384
0.06484615384615386
0.0
0.0
0.0
0.0
0.0
0.3983846153846154
0.0
0.7153846153846154
6.163692307692307
2.103769230769231
1.838076923076923
0.0
0.0
0.0
0.0
0.06315384615384614
2.3586923076923076
5.352692307692307
0.18753846153846154
0.0
0.18507692307692308
1.7625384615384616
0.0
0.3543076923076924
2.0728461538461542
0.0011538461538461537
0.2873076923076923
0.028538461538461537
1.0356923076923077
0.07515384615384615
0.15761538461538466
0.251
0.014846153846153846
0.17676923076923073
1.8387692307692305
0.0
0.0
0.5291538461538461
0.0
3.973538461538462
0.0
0.9559230769230769
1.4242307692307692
5.574923076923076
1.4858461538461538
0.47861538461538455
3.3015384615384615
0.0
0.014846153846153846
0.0943076923076923
0.0
0.0
0.045
1.402846153846154
0.5556923076923076
7.279
2.1514615384615388
0.4023846153846154
0.0
6.345923076923077
7.261692307692308
3.702153846153846
1.0814615384615385
4.830923076923077
0.7383846153846153
4.309
0.15615384615384617
0.0
3.2202307692307697
7.056384615384616
3.8839230769230775
6.566307692307693
1.2465384615384614
4.128384615384616
8.413538461538463
8.414384615384616
3.2280769230769235
0.6027692307692308
1.2836153846153844
0.7636923076923077
0.0
0.0
0.0
0.49961538461538463
0.19607692307692307
0.009461538461538462
0.5107692307692309
0.0
0.0
0.0
0.0
0.7229230769230769
4.7368461538461535
5.561846153846154
6.772846153846154
9.625153846153847
2.411230769230769
3.8411538461538464
0.9324615384615383
1.6180769230769227
0.0
8.906615384615385
1.7769230769230768
0.0
1.0253846153846153
3.5858461538461537
2.0194615384615386
2.0288461538461537
7.81653846153846
6.133384615384615
0.0
0.0
0.0
1.5758461538461537
1.766923076923077
0.5717692307692308
0.4323076923076922
0.0
4.999307692307691
4.385461538461539
5.929615384615384
0.3362307692307692
5.2726923076923065
3.9843076923076923
2.1343076923076922
1.449153846153846
2.4726153846153847
2.172076923076923
3.9050000000000002
0.9438461538461537
2.135153846153846
1.808923076923077
4.398923076923078
0.41869230769230775
5.995923076923077
2.3443846153846155
6.3956923076923085
2.011692307692308
10.613384615384616
11.34976923076923
12.247923076923078
3.3786153846153844
5.965461538461539
4.083923076923077
2.457307692307692
5.641230769230769
6.577
0.0
4.885076923076923
10.407307692307693
7.85523076923077
1.2096153846153845
2.5695384615384618
10.173153846153845
10.762999999999998
3.715923076923077
3.3565384615384612
4.480538461538462
1.0836153846153846
7.441076923076922
10.181923076923077
3.534692307692308
13.387153846153847
13.485615384615386
8.787153846153846
2.721923076923077
0.8721538461538461
0.17069230769230773
4.623461538461539
4.155384615384616
3.155384615384615
6.361692307692308
3.647230769230769
4.3815384615384625
0.002923076923076923
0.0
0.3272307692307692
12.369538461538461
14.392846153846154
0.5770000000000001
1.6422307692307692
4.543615384615384
11.49476923076923
13.904538461538461
11.237307692307693
9.892846153846154
0.6614615384615387
6.796615384615385
8.930769230769231
9.772000000000002
13.63907692307692
6.355615384615386
6.683769230769231
9.426538461538462
13.897923076923076
14.538846153846153
14.270153846153844
13.952769230769231
14.75723076923077
13.40023076923077
13.090692307692308
10.896615384615384
10.763538461538463
7.77576923076923
0.13953846153846156
4.23676923076923
3.8599999999999994
6.123461538461537
1.5416153846153846
8.019769230769231
9.113076923076923
3.2507692307692304
11.226692307692307
6.1824615384615385
10.391846153846153
10.017461538461536
3.3971538461538464
2.998769230769231
9.390846153846153
2.5342307692307693
7.416846153846155
2.7119230769230773
4.443692307692308
0.33107692307692305
2.505923076923077
3.7778461538461534
9.174076923076923
9.439384615384615
12.593153846153847
9.211
7.677153846153846
13.427769230769231
13.267538461538463
5.304615384615384
12.329923076923079
13.416076923076922
10.408384615384616
7.778384615384615
6.3641538461538465
7.358538461538462
6.320461538461538
0.0
5.360461538461539
6.2425384615384605
5.103461538461539
6.590076923076922
5.39923076923077
0.5651538461538461
0.030153846153846156
2.6126153846153843
6.69423076923077
0.031538461538461536
1.8491538461538464
0.20376923076923076
4.531538461538462
1.4663076923076928
3.1896923076923076
4.558384615384615
3.1591538461538464
0.2289230769230769
1.860230769230769
0.08407692307692309
1.1033846153846154
1.5877692307692306
1.8635384615384614
9.714615384615383
5.965307692307693
4.965923076923076
6.320692307692307
8.814307692307693
7.23746153846154
8.694692307692307
0.06415384615384616
0.02769230769230769
3.544692307692308
0.035153846153846154
0.0
0.0
2.744230769230769
7.738692307692308
7.5906153846153845
6.041538461538461
7.497538461538462
2.9989230769230772
4.657692307692307
9.265923076923077
4.662076923076923
0.6797692307692309
5.658000000000001
6.121307692307692
6.736923076923078
8.705615384615387
5.44623076923077
3.9713846153846153
7.678384615384616
9.079
1.3866923076923077
1.5190769230769234
0.6676153846153845
2.251230769230769
7.930384615384615
3.6035384615384607
2.555769230769231
7.018
5.1708461538461545
8.37223076923077
3.742
0.0
5.265769230769231
0.28776923076923083
0.47284615384615386
0.21346153846153845
0.0
2.2301538461538466
3.9132307692307693
0.0
1.4532307692307689
3.656692307692308
0.0
0.1803076923076923
2.5453076923076923
0.0
0.0
2.7776923076923072
0.004076923076923077
0.17261538461538464
0.0
3.3712307692307695
1.740076923076923
0.2196923076923077
5.261692307692308
0.07038461538461539
6.273307692307692
0.841
5.314846153846153
2.4438461538461533
1.7986153846153845
0.053769230769230764
0.08384615384615383
5.767076923076924
0.0
0.7341538461538462
0.7692307692307693
0.0
2.6392307692307693
1.8622307692307696
0.0
0.0
4.669769230769232
0.40353846153846157
0.7022307692307692
3.423923076923077
0.3869230769230769
0.0
1.0816923076923077
2.6854615384615386
6.526923076923078
0.0
0.012692307692307694
3.454307692307693
1.3156153846153846
4.480307692307693
0.13853846153846153
0.0
1.7546923076923078
1.7966923076923078
0.0
2.9078461538461537
0.07884615384615384
0.0
0.0
0.1350769230769231
0.0
2.4943846153846154
0.6454615384615386
0.22461538461538463
0.0
0.0
1.0432307692307694
0.0
0.0
0.0
0.0
0.0
0.2926923076923077
4.098153846153846
0.060153846153846155
0.09446153846153846
0.10876923076923078
3.3857692307692306
2.886307692307692
0.0
0.0
4.475230769230769
0.0
0.43238461538461537
3.9891538461538456
0.0
0.0
0.0
0.3246923076923077
0.1766923076923077
0.40115384615384614
0.39638461538461534
0.0
0.0
0.0
0.0
0.0
4.766846153846155
0.3343846153846154
6.239615384615385
7.215692307692308
6.800538461538462
7.401846153846153
6.101615384615385
4.9057692307692315
0.0
0.0
0.0
1.390076923076923
0.0
0.0
0.0
1.837307692307692
0.3336153846153846
0.04146153846153845
0.014846153846153846
0.0
0.0
0.030153846153846156
0.0
0.8834615384615384
0.0
0.0
0.8464615384615384
5.05576923076923
8.41523076923077
7.586461538461538
0.0
0.0
0.0
0.0
0.0
5.548
6.884769230769231
7.676153846153846
6.716846153846154
8.535076923076925
7.808846153846155
3.630230769230769
9.240846153846155
7.988538461538462
8.836846153846153
7.160846153846155
9.361307692307692
4.407692307692309
0.7602307692307692
0.0
0.15007692307692308
0.014846153846153846
3.8080769230769227
4.178692307692307
2.633153846153846
0.0
0.0
0.0
7.943999999999999
0.8851538461538462
4.255923076923077
4.729076923076923
4.559846153846153
3.0319230769230776
2.493846153846154
0.12015384615384618
9.860923076923077
0.0
5.319076923076922
3.207461538461539
7.898000000000001
6.268692307692307
0.12015384615384618
1.308230769230769
5.164692307692308
1.4538461538461538
1.4656923076923076
6.910153846153846
0.562
0.0
7.100846153846153
8.289307692307693
6.220538461538461
7.344307692307691
2.1926923076923077
10.554461538461538
11.028461538461539
11.763615384615386
7.851076923076923
10.593615384615386
12.71153846153846
13.096153846153847
12.52
0.8397692307692309
3.435923076923077
5.439461538461538
3.184769230769231
0.0
0.19515384615384615
0.3398461538461538
8.027769230769232
11.910230769230768
11.016692307692308
6.917846153846154
5.763692307692308
0.014846153846153846
6.641461538461537
4.560230769230769
2.3483846153846155
6.410461538461538
9.789692307692308
1.5537692307692306
5.453307692307693
4.206615384615384
1.8447692307692305
0.47246153846153843
2.16
5.445769230769232
10.691076923076924
12.084
4.7112307692307684
7.555384615384615
0.0
0.012461538461538461
0.44838461538461527
5.872692307692308
0.18938461538461537
0.44392307692307686
3.59423076923077
3.9793846153846166
1.7116923076923076
7.648692307692307
3.178076923076923
8.066307692307692
9.784461538461539
5.736769230769231
0.4143846153846154
1.129923076923077
3.4253846153846155
0.0
1.7845384615384614
6.317461538461538
0.010307692307692308
1.0492307692307694
0.539923076923077
5.624153846153846
4.400538461538462
2.929923076923077
1.0535384615384615
2.1288461538461543
1.610230769230769
9.022538461538462
2.0216153846153846
12.73376923076923
12.12323076923077
2.019307692307692
2.4073846153846152
4.780384615384615
8.918384615384614
14.733076923076924
14.835846153846157
10.222846153846156
0.024153846153846154
8.629538461538461
9.111769230769228
11.724153846153845
8.081076923076923
6.853615384615384
12.905384615384616
9.753615384615385
4.416
3.629307692307692
3.6495384615384614
9.828230769230768
3.878461538461538
4.117769230769231
4.579
6.632923076923077
5.9877692307692305
3.772692307692308
5.2021538461538475
0.8843846153846153
0.23261538461538464
0.48715384615384605
2.8145384615384614
0.10061538461538462
2.4146923076923077
0.9923846153846155
1.4446153846153846
7.93823076923077
6.7240769230769235
6.842846153846153
6.530999999999998
8.625538461538461
0.4621538461538461
2.0433076923076925
7.490692307692308
2.481692307692308
3.272384615384616
3.839461538461539
3.5433846153846154
0.5718461538461539
9.861076923076922
0.5463846153846154
2.5279999999999996
6.126692307692307
9.75723076923077
11.052384615384616
1.2383846153846154
3.555
0.52
2.0509230769230773
2.528769230769231
0.7318461538461538
0.1539230769230769
2.5994615384615383
6.565076923076925
9.818153846153846
6.633000000000001
8.849461538461538
7.828076923076923
1.6435384615384616
5.2871538461538465
1.7003846153846156
7.239769230769231
7.240384615384614
2.4784615384615383
4.438076923076922
5.264384615384615
0.1043076923076923
0.578
3.5175384615384617
5.354
4.432076923076923
0.31446153846153846
3.9943846153846154
2.668615384615385
6.3675384615384605
3.6882307692307688
1.3144615384615383
4.004846153846154
5.928076923076924
1.9145384615384617
4.328538461538462
3.7124615384615387
0.40053846153846145
6.798384615384616
8.631307692307693
8.02776923076923
8.733153846153847
2.654461538461538
1.8863076923076925
5.454076923076924
6.209307692307693
0.5886153846153845
8.856
8.421307692307694
1.8317692307692304
0.0
0.5275384615384614
3.7536153846153844
0.0
0.5653076923076923
0.7164615384615385
3.4911538461538467
7.251076923076924
3.8045384615384616
0.010923076923076924
0.009461538461538462
0.18292307692307694
0.0
2.5565384615384614
6.435076923076922
3.222692307692308
0.8864615384615384
0.3007692307692308
3.6442307692307687
2.066076923076923
0.0
0.0
0.0
0.872923076923077
2.070538461538461
0.27692307692307694
0.28846153846153844
0.3390000000000001
0.281
0.060153846153846155
0.5346153846153846
0.6617692307692309
1.7106923076923077
0.09146153846153847
1.039153846153846
0.39200000000000007
0.1036923076923077
0.28284615384615386
0.0
0.15915384615384615
0.7205384615384618
0.0
0.0011538461538461537
0.07176923076923078
0.0
0.3628461538461539
0.0
0.014384615384615385
0.0
0.07630769230769231
2.713153846153846
0.08246153846153846
5.089307692307693
0.8213846153846153
1.0469230769230768
0.004846153846153846
2.4524615384615385
2.7777692307692305
5.079615384615385
0.0
0.8257692307692307
0.0
2.6563846153846153
0.13853846153846153
0.047846153846153844
0.0
0.0
0.0
0.07884615384615384
0.0
0.0
1.2957692307692308
0.4203076923076923
0.43507692307692303
0.0
0.0
2.041076923076923
0.0
0.0
3.206153846153846
0.07884615384615384
0.3499230769230769
0.0
0.061384615384615385
0.08315384615384615
0.0
0.25161538461538463
0.3093076923076923
3.737153846153846
5.108615384615385
0.0
2.0776153846153846
1.4502307692307694
5.224307692307692
1.0123076923076924
0.0
0.009923076923076923
0.0
0.635
0.3952307692307692
0.3221538461538461
0.002923076923076923
1.0714615384615382
1.433076923076923
0.0
0.5773076923076924
0.219
2.454076923076923
0.0
1.917846153846154
0.2956153846153846
0.17546153846153847
0.0
1.7890769230769228
1.2758461538461536
0.6912307692307693
0.27038461538461533
0.5741538461538462
3.236153846153847
0.9246153846153844
0.0
0.4119230769230769
1.4021538461538463
0.0
4.817923076923077
8.218923076923078
8.682307692307692
6.953461538461538
0.045538461538461535
0.0
0.7372307692307692
2.227461538461538
0.030153846153846156
3.630846153846153
3.372076923076923
0.23923076923076922
0.40946153846153843
0.0
0.0
1.9396923076923078
1.4486153846153846
0.3565384615384615
4.34276923076923
0.0
0.002923076923076923
5.508846153846154
0.3642307692307692
0.28284615384615386
3.9719999999999995
6.8673076923076914
0.0
1.7685384615384616
2.2657692307692305
0.0
0.8933076923076922
0.0
1.218076923076923
3.80623076923077
6.536538461538462
2.923923076923077
0.35123076923076924
0.26123076923076916
1.3263846153846153
0.18753846153846154
1.564
0.007076923076923077
3.0681538461538462
0.3463076923076923
3.0063076923076926
0.0
2.2143076923076923
0.15761538461538466
0.0
5.95723076923077
8.231923076923076
2.5483076923076924
0.0
4.694076923076923
2.2944615384615386
0.0
0.03284615384615385
10.452692307692306
10.231538461538461
6.747692307692308
5.8584615384615395
10.924076923076921
7.393615384615385
11.508461538461539
0.052538461538461534
5.853999999999999
10.13823076923077
4.967538461538462
7.583923076923077
8.192692307692308
10.05676923076923
13.133461538461537
12.25769230769231
11.38953846153846
5.626846153846154
0.0
4.9222307692307705
3.444846153846154
7.457923076923077
3.2850000000000006
3.1481538461538463
7.921230769230769
7.578615384615385
12.734384615384615
9.404615384615386
0.0
5.449923076923076
11.664846153846154
13.597692307692306
12.772
12.911615384615384
6.745
8.264076923076923
0.9892307692307694
3.569615384615385
0.8861538461538461
0.05438461538461539
2.420000000000001
7.162692307692309
6.979076923076922
13.060846153846153
5.108846153846154
8.413307692307693
12.527538461538459
7.5846923076923085
5.502615384615385
5.363846153846154
7.221846153846155
4.418230769230769
4.268923076923078
2.115
3.093153846153846
4.076538461538462
1.4792307692307693
0.060153846153846155
3.031692307692308
0.5512307692307693
3.0633846153846154
7.426153846153846
0.7174615384615385
3.1244615384615386
14.517384615384616
14.826
11.542076923076925
7.876615384615385
9.625846153846153
10.435384615384615
3.5810769230769237
0.0
2.9296153846153845
0.508076923076923
0.16530769230769232
0.004846153846153846
0.0
1.6481538461538463
2.701923076923076
3.554923076923077
8.159384615384615
6.030307692307693
3.443461538461538
7.203384615384616
2.312923076923077
11.494846153846153
6.265307692307692
7.109000000000001
9.60569230769231
5.7923846153846155
7.796153846153846
13.676
8.786615384615384
6.276
4.18023076923077
4.222538461538462
1.0275384615384617
0.045
0.1040769230769231
0.7965384615384618
0.5284615384615385
6.729846153846154
0.7922307692307692
3.819153846153846
10.380461538461535
2.7743846153846152
12.592538461538462
11.791615384615387
9.453076923076923
9.910846153846155
3.6483076923076925
10.134153846153847
9.430307692307691
12.546615384615386
1.0894615384615385
4.8919999999999995
6.715153846153846
9.076846153846153
6.134769230769231
12.835461538461537
8.63946153846154
8.353153846153846
5.694538461538462
6.512615384615386
6.985846153846154
11.366384615384616
13.282769230769231
11.930230769230768
9.983384615384617
11.376538461538463
12.592846153846155
3.752846153846153
1.3350769230769233
5.6477692307692315
1.6329230769230767
5.939307692307692
5.375307692307692
3.547538461538461
3.3564615384615384
0.0526923076923077
8.118923076923078
8.316692307692309
4.783846153846154
9.23846153846154
4.34546153846154
2.3263076923076924
1.8943846153846156
6.09
0.016461538461538465
7.392307692307692
9.303461538461539
6.37476923076923
10.902461538461536
9.844307692307693
1.6163846153846155
4.629538461538461
2.188923076923077
2.838846153846154
0.7244615384615385
0.17223076923076922
1.682153846153846
2.6989230769230774
0.0
0.07515384615384615
0.0
8.301769230769231
1.9935384615384615
0.36769230769230776
0.0
3.929538461538461
4.29
2.7140000000000004
1.7704615384615383
5.33
9.414538461538461
8.507615384615384
0.9678461538461539
0.0
0.9163846153846154
0.07515384615384615
2.167923076923077
3.2106153846153846
4.100384615384615
6.675230769230769
0.0
0.0
6.306923076923076
0.9279230769230769
0.3723076923076923
0.0
0.03330769230769231
0.2196923076923077
0.4378461538461539
0.0
0.2621538461538461
5.616923076923077
0.8783846153846154
0.0
0.0
1.858923076923077
4.265
3.8828461538461534
5.828461538461538
2.94723076923077
1.3389230769230769
0.5255384615384615
0.7942307692307692
1.2392307692307691
8.369538461538463
8.024692307692309
3.617307692307693
3.3615384615384625
4.002923076923077
6.659076923076922
0.0
0.0
2.7016923076923076
1.715923076923077
0.0
0.0
1.2426153846153847
2.651461538461539
0.18753846153846154
1.6865384615384615
0.0
3.5574615384615385
2.1203846153846153
0.0
0.014846153846153846
0.0011538461538461537
0.0
0.9568461538461537
0.0
1.217
0.0
0.0
0.0
0.0
0.0
0.5814615384615386
1.4540000000000002
4.192615384615385
0.0
2.808
0.0
0.0
0.6108461538461538
0.10876923076923078
0.0
5.093307692307693
3.0710769230769226
0.0
0.0
0.0
2.769230769230769
0.0
0.0
0.0
0.0
0.0
0.0
0.0
0.30769230769230765
3.225307692307692
0.3677692307692308
0.0
0.0
0.023923076923076922
2.1754615384615383
3.0959999999999996
0.4063846153846154
0.0
0.0
0.0
0.20053846153846153
0.08
3.225692307692308
0.25607692307692304
7.214615384615384
0.8393076923076924
0.398923076923077
0.0
0.2363846153846154
1.0469230769230768
2.211384615384615
0.3772307692307693
0.5429999999999999
2.5119230769230776
0.48953846153846153
1.0656153846153844
4.446538461538461
7.045
7.467923076923076
5.898769230769231
0.0
0.2394615384615385
0.4056923076923077
0.4669230769230769
0.4346153846153846
0.46469230769230774
2.1058461538461537
0.045
0.13876923076923078
1.7968461538461538
2.0356153846153844
0.7735384615384616
2.6723846153846154
0.4577692307692308
0.15761538461538466
4.979384615384614
2.014692307692308
0.0
5.424999999999999
7.1765384615384615
0.0
0.0
1.8201538461538465
2.372153846153846
0.37161538461538457
0.0
0.0
3.291230769230769
1.7174615384615386
0.7167692307692307
0.7815384615384614
0.0
0.651076923076923
2.071153846153846
0.6217692307692306
0.15800000000000003
7.863384615384614
8.355538461538462
0.0011538461538461537
6.278384615384615
6.921999999999999
6.744307692307691
2.135692307692308
1.6283076923076922
6.087307692307691
0.045
0.0
0.3412307692307692
7.574923076923077
2.871384615384615
6.461307692307693
4.378846153846153
0.20753846153846153
8.621923076923077
0.0
6.027230769230768
9.547153846153845
9.454692307692309
7.009307692307692
0.5670769230769231
8.742692307692307
5.0917692307692315
2.074
3.680692307692308
0.11961538461538462
0.12423076923076924
0.0
1.211
2.532153846153846
2.269461538461538
8.006846153846153
0.0
9.289923076923078
2.778538461538462
2.2369999999999997
0.5486923076923078
0.0
0.014846153846153846
0.060153846153846155
4.631307692307692
1.020846153846154
4.227076923076923
2.6462307692307694
0.5443846153846154
0.6310769230769231
8.997307692307693
4.279384615384616
0.019076923076923078
0.1785384615384615
0.002923076923076923
7.694076923076924
3.2404615384615387
11.710615384615384
4.356846153846154
8.301461538461538
11.575384615384618
9.31246153846154
7.891923076923077
8.931307692307694
12.503923076923078
13.30823076923077
0.3151538461538462
1.706846153846154
2.164538461538462
8.976461538461539
3.2510769230769228
11.241999999999999
13.821000000000002
12.931615384615384
12.65530769230769
12.674307692307694
11.462076923076923
12.112615384615387
14.070153846153847
14.573538461538464
14.514076923076924
14.337461538461536
13.299
9.868538461538462
13.310846153846155
8.91046153846154
6.501615384615386
11.894615384615385
11.378000000000002
4.146307692307692
1.0680769230769231
2.1027692307692307
5.931076923076922
6.884769230769232
3.5349230769230764
5.420384615384616
7.339538461538462
11.455000000000002
2.2656153846153844
10.538615384615383
14.605615384615387
10.099153846153845
9.255692307692309
14.029923076923078
14.73576923076923
11.770846153846154
14.094923076923077
13.864076923076924
7.267538461538461
0.567076923076923
4.792846153846154
4.967461538461539
11.588538461538462
9.018615384615384
5.378461538461538
2.5636923076923077
0.25761538461538463
7.605230769230769
1.7285384615384616
0.9296153846153845
0.3528461538461539
1.444846153846154
12.485307692307693
12.502615384615384
10.541153846153845
3.9160769230769237
2.948461538461539
4.0423846153846155
5.554615384615384
8.762230769230769
6.7720769230769235
7.360538461538463
2.351230769230769
5.821615384615384
7.683153846153847
6.4253846153846155
9.454538461538462
13.19923076923077
12.914615384615386
9.394538461538462
3.305769230769231
6.205846153846154
2.433307692307692
4.771615384615384
3.148
9.338153846153846
10.566615384615384
3.400384615384615
3.733461538461538
4.016
0.7585384615384615
1.6649230769230767
6.489461538461539
11.723999999999998
7.787000000000001
4.590923076923077
1.4224615384615384
2.612538461538461
8.529615384615385
5.910846153846155
1.6425384615384617
9.458769230769231
8.911538461538463
11.207692307692307
8.119153846153846
4.791615384615385
10.76253846153846
11.809384615384614
10.373692307692306
10.660923076923078
5.887769230769231
7.568923076923077
11.478923076923078
0.09907692307692306
0.6606153846153846
2.818153846153846
0.0
2.050692307692308
10.045846153846155
8.604461538461537
0.1486923076923077
1.0186153846153847
0.37953846153846155
4.338461538461539
4.5673076923076925
9.696769230769233
6.5915384615384625
10.404076923076921
9.982923076923075
2.3102307692307686
4.495307692307693
7.9336153846153845
1.4042307692307692
3.3981538461538463
0.03292307692307693
0.6118461538461538
6.152769230769231
9.423538461538463
5.268384615384615
7.804076923076922
6.467461538461539
7.046153846153846
0.11453846153846155
0.0
2.3912307692307695
1.8986153846153846
4.323384615384616
4.144461538461538
3.5
0.36023076923076913
0.05538461538461538
1.8753846153846152
8.973153846153846
7.953153846153845
7.888307692307692
0.26761538461538464
0.014846153846153846
0.5706153846153845
0.0
2.873
2.450846153846154
0.46153846153846145
0.2665384615384615
3.554461538461539
5.077538461538461
4.672923076923077
8.186153846153847
5.898153846153845
2.6034615384615383
1.4862307692307692
3.726538461538461
9.106461538461538
6.751692307692308
4.424230769230769
3.4249230769230774
3.5235384615384615
5.568615384615384
3.6892307692307686
1.8052307692307699
0.8847692307692306
0.0
0.0
3.715769230769231
0.0
2.335538461538462
2.791384615384615
0.17261538461538464
0.47861538461538455
1.172076923076923
4.966692307692307
3.603538461538462
6.586461538461538
5.910923076923077
6.2855384615384615
6.559923076923076
1.7120769230769233
5.711384615384617
7.232307692307692
7.52
7.228153846153846
6.047461538461539
3.293692307692308
3.265769230769231
2.523230769230769
0.0
4.929615384615384
0.0
0.0
5.993307692307692
6.475999999999999
6.427615384615385
5.267307692307692
4.941692307692307
4.965769230769231
3.583384615384616
0.0
0.0
0.786
0.2531538461538462
0.0
2.7275384615384612
0.0
0.0
0.0
0.10876923076923078
0.0
1.8443076923076922
0.7499230769230768
0.232
3.0363076923076924
0.0
0.0
0.0
2.763
0.22053846153846157
4.392153846153846
2.731307692307692
0.3246923076923077
0.0
0.0
0.31038461538461537
0.0
