3.604592233009709
0.012669902912621359
4.0303398058252435
3.0659805825242716
4.968203883495145
2.6145339805825247
0.23765048543689327
0.0
0.5336019417475727
0.007572815533980583
0.13909708737864077
1.0299126213592231
1.6621650485436894
0.8317475728155339
0.12571844660194173
0.0
4.346621359223301
5.409456310679612
2.6969611650485428
0.0
0.0
0.0
1.340932038834951
3.7520388349514566
0.012601941747572815
1.0675631067961164
0.0
0.5107378640776699
0.0
1.3234466019417475
1.3069999999999997
0.0
3.8284077669902903
1.3840388349514565
2.933349514563106
5.8316310679611645
0.2822038834951457
4.450019417475729
0.5897961165048544
4.584601941747573
0.0
0.0
0.0
0.0024660194174757283
0.04833980582524273
0.0
0.0
0.0
0.0
0.21513592233009712
3.7113300970873793
4.531844660194174
0.0
1.5058058252427187
5.812631067961165
4.594679611650485
4.2987281553398065
9.576446601941749
5.4533786407767
1.141019417475728
0.0
0.0
6.510932038834952
2.0100776699029126
3.454019417475729
2.442718446601942
0.16267961165048545
4.223407766990291
0.003320388349514564
3.026359223300971
0.5139514563106796
0.0
0.5697184466019418
0.0
7.369485436893204
3.753058252427185
1.0044368932038834
1.866368932038835
3.122796116504855
8.610048543689324
6.551456310679613
8.347242718446603
0.0
0.8601359223300971
1.8233592233009703
1.3535922330097083
0.0
0.0
0.09070873786407768
0.0
2.171902912621359
4.244009708737865
1.4311359223300972
0.11761165048543688
0.46350485436893196
0.0
0.0503495145631068
8.583728155339806
11.276902912621361
11.667728155339807
0.4411359223300971
9.643009708737864
9.484203883495145
10.700203883495147
0.04833980582524273
0.0
9.41354368932039
4.476601941747572
0.35942718446601934
0.9592135922330095
0.3940582524271844
1.0203980582524272
2.86621359223301
2.933155339805826
2.292611650485437
3.1314854368932044
4.077048543689322
2.4565048543689323
2.074009708737864
1.5188932038834955
7.154475728155339
4.54752427184466
2.41957281553398
3.216485436893204
5.812339805825244
10.555553398058247
13.392223300970874
12.459087378640776
7.991262135922329
0.06046601941747575
1.0982330097087376
7.267203883495145
12.407281553398056
13.2597572815534
13.100213592233013
2.6529029126213595
0.4730291262135922
5.961699029126215
0.6175048543689321
7.478320388349513
3.0552718446601945
10.315203883495148
1.4314757281553399
6.89935922330097
7.026776699029127
0.2595728155339806
10.771999999999997
12.57693203883495
10.687669902912619
13.476126213592233
8.510689320388348
8.857679611650486
11.895165048543692
12.773990291262137
8.151475728155338
0.0024660194174757283
2.0327572815533976
3.2374174757281553
5.493466019417478
9.86447572815534
7.073796116504855
6.908757281553398
8.323126213592234
3.2753106796116507
1.9582330097087375
0.4485728155339807
4.727514563106796
0.10373786407766991
5.301766990291262
11.243388349514564
10.707446601941749
0.16437864077669898
0.526368932038835
5.866485436893203
7.519048543689322
7.250815533980582
7.988980582524272
5.702466019417476
7.222194174757282
3.85716504854369
4.428631067961165
5.568281553398059
3.7151262135922325
4.454660194174757
9.340466019417477
3.112592233009709
2.3846699029126213
7.411592233009709
0.4240776699029126
0.8045825242718445
5.150291262135923
2.7567572815533974
1.3541844660194173
6.410320388349513
1.7748737864077666
0.006679611650485438
1.7275922330097084
1.6457184466019419
1.4908737864077668
0.7350970873786408
2.32626213592233
6.164126213592232
0.9615631067961166
2.5643009708737865
2.3565533980582525
4.934766990291262
5.314116504854369
8.033660194174757
6.430291262135921
5.554941747572816
5.520601941747573
3.8089320388349512
1.7053009708737865
5.011155339805824
6.150242718446604
8.344572815533981
8.138242718446602
8.191126213592232
6.986572815533979
4.080252427184466
0.539864077669903
5.269281553398058
2.3848252427184464
2.1930679611650485
8.741611650485437
3.340805825242718
2.4965436893203883
7.60704854368932
3.0905825242718463
7.235155339805829
0.9963009708737864
1.059019417475728
2.339087378640776
2.659038834951456
4.614766990291262
1.956058252427185
2.89
4.780669902912622
0.14697087378640777
9.328592233009706
10.888106796116505
10.75771844660194
9.356388349514562
6.846660194174757
4.428174757281553
2.667902912621359
6.9799999999999995
10.954553398058257
9.483941747572816
3.48131067961165
1.416980582524272
6.916009708737865
6.460242718446602
5.076106796116506
2.1189417475728156
8.191990291262137
5.16585436893204
9.33006796116505
5.746640776699031
4.666495145631069
3.952796116504855
1.4943883495145633
4.938553398058253
0.03360194174757281
0.7558252427184466
5.235951456310678
3.9718737864077664
2.1892330097087385
3.068504854368932
0.0
7.846611650485437
8.55835922330097
7.557669902912621
7.504970873786407
8.55204854368932
2.483349514563107
0.2740097087378641
1.479902912621359
1.3281067961165047
1.6856310679611655
8.022126213592234
7.222679611650486
7.18649514563107
7.4712038834951455
4.345582524271844
0.844631067961165
0.8057864077669903
0.1394271844660194
1.529679611650485
2.3139126213592234
7.846126213592234
8.053757281553398
1.0525048543689322
7.714019417475727
9.086912621359222
9.014980582524272
8.667106796116505
8.79233009708738
6.045087378640777
4.2003786407767
0.0
0.1813980582524272
2.2099611650485436
1.8379999999999996
3.752184466019417
2.185029126213592
0.023417475728155338
0.6672524271844661
0.6338640776699027
4.071291262135922
1.7028058252427185
2.415990291262136
1.6697281553398058
6.816116504854367
1.1459514563106794
3.26826213592233
0.017766990291262132
0.0
0.0
0.7454660194174756
0.5604854368932038
0.05799029126213593
0.030291262135922332
0.15114563106796114
0.23462135922330102
0.42325242718446593
0.0
0.0
0.019330097087378633
0.26638834951456314
0.06046601941747575
3.0362815533980574
0.8993009708737866
0.003320388349514564
1.172378640776699
4.43495145631068
4.801640776699029
0.7173106796116503
0.030291262135922332
0.43281553398058253
0.0
0.0
1.3333203883495148
0.04020388349514562
3.4655048543689326
0.0
0.31783495145631063
0.7643300970873786
0.02032038834951456
0.0
0.06046601941747575
0.0
0.3278446601941747
1.886504854368932
0.030135922330097084
0.0
0.12616504854368935
0.29135922330097086
0.7540485436893205
0.10846601941747573
0.0
0.0
0.0
0.5358932038834952
0.37460194174757283
1.064844660194175
2.4331650485436893
0.0
0.030291262135922332
0.0
0.0
0.05576699029126214
0.20830097087378643
0.08483495145631063
0.05799029126213593
0.9084563106796115
5.853077669902913
5.370048543689322
0.8242912621359226
0.533233009708738
4.986699029126213
3.781126213592233
3.8096213592233013
0.7464563106796117
1.864339805825243
0.385864077669903
0.46969902912621364
0.0435631067961165
0.2001165048543689
1.8985242718446604
5.041708737864078
1.2721067961165053
0.16833980582524266
0.0
0.0
1.545980582524272
0.0
0.5257864077669903
0.0
0.025368932038834956
0.02032038834951456
0.11606796116504854
0.07705825242718446
1.4480679611650489
0.27214563106796125
0.8192718446601945
0.1402621359223301
0.03866019417475728
1.4545242718446596
0.10630097087378643
0.0024660194174757283
0.17051456310679608
0.04625242718446604
8.283980582524272
8.799543689320387
8.801873786407766
8.819631067961167
8.591922330097088
7.996067961165048
6.96
7.486368932038835
0.9959417475728156
0.0
0.0873009708737864
0.9665339805825244
0.22589320388349515
7.560854368932038
0.012669902912621359
2.139902912621359
0.0024660194174757283
1.5420970873786408
4.626941747572816
6.010961165048543
0.19876699029126213
0.0
3.1697572815533994
0.0
0.5236504854368932
0.5127087378640777
5.680504854368932
0.6280388349514563
1.6085339805825243
0.010019417475728154
0.9527961165048544
1.3368543689320391
0.405126213592233
5.544242718446603
0.0
1.2144660194174757
2.9817864077669904
0.0
1.21926213592233
3.03673786407767
3.4589902912621366
4.143281553398058
1.0170582524271843
0.24965048543689322
0.029359223300970877
0.14058252427184462
2.2581844660194177
10.994572815533976
6.8414466019417475
3.4035339805825244
3.857757281553398
0.33971844660194184
0.07785436893203881
9.739747572815533
11.788330097087382
12.235048543689318
11.582106796116506
11.748553398058254
10.283660194174756
1.1121456310679614
2.46347572815534
2.92968932038835
7.614135922330096
3.739233009708738
0.29409708737864076
0.17212621359223304
0.0
2.690242718446602
1.2183398058252428
0.09416504854368936
1.5871359223300974
8.741087378640776
8.589417475728157
1.082359223300971
6.404961165048544
4.78731067961165
13.228349514563106
9.633718446601943
1.7994368932038836
0.0
8.749650485436893
13.508951456310681
13.836349514563107
13.948048543689321
13.967834951456307
13.958631067961166
12.811718446601942
13.069728155339801
8.008368932038836
9.499757281553398
11.997417475728154
8.5663786407767
11.441271844660196
7.2327864077669926
12.718368932038837
0.5706504854368931
0.3072815533980583
10.250223300970875
7.657223300970874
2.4856019417475728
4.064514563106796
0.019368932038834948
6.469087378640777
0.8993689320388352
8.367398058252427
8.463873786407767
12.009893203883493
13.033601941747568
11.391126213592234
5.805533980582524
5.459291262135924
0.824456310679612
0.3375631067961164
3.614563106796117
12.936145631067959
4.167873786407767
5.841592233009709
5.096786407766991
4.493980582524271
2.320194174757282
2.8765048543689318
3.6357961165048542
7.350417475728155
1.264495145631068
4.404194174757282
7.845980582524272
2.891038834951456
3.776213592233011
4.016514563106797
3.5836699029126224
0.8824757281553396
3.960339805825243
2.679398058252427
0.7373689320388349
0.7507281553398057
1.948233009708738
3.7703300970873785
2.209766990291262
9.757708737864077
1.9294757281553403
1.2624660194174757
0.9269611650485435
0.5003883495145631
0.4107572815533981
0.656766990291262
2.2950776699029127
0.7339514563106796
0.17451456310679614
2.5904757281553406
3.2193398058252427
1.2615728155339807
0.0
0.6227669902912623
0.0
8.993737864077671
12.964582524271844
12.320388349514563
12.067466019417477
12.884087378640778
9.672038834951456
5.658514563106796
7.050747572815532
0.005048543689320389
6.262174757281555
9.039271844660195
10.128679611650487
5.08747572815534
8.945601941747572
3.4366310679611645
6.245242718446603
11.451932038834954
2.0543106796116506
2.5447961165048545
2.811165048543689
7.843174757281554
2.980543689320388
4.984844660194175
9.687999999999999
12.490194174757283
9.717970873786406
7.429776699029127
3.799184466019417
0.412873786407767
1.4715339805825247
5.354058252427186
2.93090291262136
0.5385242718446603
3.8789320388349506
7.095728155339807
11.13435922330097
8.92880582524272
3.107912621359224
4.575427184466019
4.4478640776699025
1.4695922330097089
2.3872233009708737
9.249029126213593
11.255951456310678
9.364349514563107
2.5800291262135926
1.9356116504854368
9.93521359223301
10.645485436893203
0.6116893203883496
1.699087378640777
2.3102912621359226
1.2180970873786408
4.6433786407766995
1.3850582524271844
1.782631067961165
7.491514563106796
2.3326990291262137
5.365000000000001
9.448184466019416
8.038854368932038
7.800339805825242
5.129699029126213
0.0
4.125339805825242
0.0
4.317873786407766
3.0999126213592234
7.832271844660194
4.767980582524271
2.18147572815534
7.564961165048543
4.4513300970873795
7.479805825242717
3.7478834951456315
5.980922330097089
0.10846601941747573
0.0
2.6524660194174765
1.5124563106796116
2.9502815533980584
0.02274757281553398
1.369805825242718
0.0
1.3304368932038837
0.86573786407767
0.0
0.060543689320388366
0.06046601941747575
5.4984757281553405
5.882126213592231
3.6896116504854373
2.9402135922330084
0.0
0.0
0.030291262135922332
3.4256893203883494
0.09070873786407768
6.978485436893203
4.966019417475728
4.43552427184466
1.0946116504854368
8.281621359223301
6.15840776699029
0.19691262135922333
0.8713203883495146
0.11745631067961168
0.0
0.0
2.1147766990291266
1.59526213592233
0.9066893203883495
0.06771844660194175
0.3906893203883494
0.7818834951456312
0.030291262135922332
0.0
0.0
0.06300970873786407
2.3618252427184467
1.9648834951456309
3.4916699029126206
1.3103883495145632
0.0
0.42937864077669896
0.27214563106796125
0.0
0.9089611650485437
3.3849805825242716
0.0
0.0
0.06046601941747575
5.546592233009709
0.0
1.660844660194175
0.0
0.44618446601941747
0.0
5.3129126213592235
0.378252427184466
1.2151650485436893
0.0
0.0
0.0
0.33034951456310685
0.05363106796116505
0.09070873786407768
1.9490388349514565
4.872766990291262
0.0
1.5306116504854375
0.030291262135922332
0.3151359223300971
3.2689514563106803
0.006679611650485438
0.09070873786407768
0.005048543689320389
0.9010582524271846
0.677854368932039
3.3794271844660195
0.0
0.0
2.3003980582524273
0.143747572815534
0.0
0.0
0.9852233009708738
1.4853883495145632
0.09070873786407768
2.0788932038834953
1.8251844660194174
0.0
0.0
4.693262135922331
0.0
1.7384660194174755
0.046893203883495146
1.5098543689320387
4.260446601941747
0.14491262135922328
0.0
0.10337864077669903
0.03785436893203883
1.535766990291262
5.886834951456311
3.014640776699028
4.659252427184465
0.0
4.42890291262136
0.7814563106796119
0.6285048543689321
4.247912621359224
7.181805825242721
6.569048543689319
6.659708737864076
6.473922330097086
0.0
0.0
0.7756601941747574
0.0
0.0
0.3022815533980583
0.007572815533980583
1.3684174757281553
3.3176990291262136
2.1457184466019417
4.5313786407767
1.9918252427184469
3.398660194174757
3.9716116504854373
0.07705825242718446
0.2421650485436893
0.003320388349514564
0.023417475728155338
2.739019417475729
3.095368932038836
1.7784757281553398
0.0
0.0
5.604796116504854
7.060058252427185
4.94433009708738
1.371038834951456
0.43643689320388346
0.003320388349514564
0.2369417475728155
0.9988446601941746
0.030291262135922332
0.3567281553398058
0.0
0.14625242718446602
0.0
1.1878737864077673
1.7557475728155338
4.509893203883496
0.020106796116504847
6.1015631067961165
2.033291262135922
0.4899805825242719
1.9583980582524279
0.4534466019417476
7.913058252427186
7.058932038834952
8.134553398058253
0.5273398058252426
2.0934174757281556
2.3535631067961162
1.8838058252427186
7.980883495145631
7.895990291262136
3.507912621359223
2.5451553398058246
0.0
1.6605048543689318
3.020184466019417
4.615679611650485
0.0
0.07116504854368931
5.093126213592233
9.532466019417473
2.4923883495145627
10.243592233009707
10.790621359223298
11.548660194174756
3.37364077669903
2.583708737864077
11.88236893203884
12.783407766990292
11.292368932038835
8.021359223300973
9.978252427184467
0.18962135922330095
6.15085436893204
7.498271844660195
2.802097087378641
4.5522427184466006
11.386932038834951
5.344592233009709
3.9708543689320392
0.0
3.585902912621359
0.0
0.0
4.532330097087378
6.998359223300971
4.883281553398058
1.357495145631068
2.591271844660194
0.39042718446601954
8.410456310679612
1.6295922330097092
10.939262135922332
12.638446601941745
10.866456310679611
8.73
5.962970873786407
2.330563106796116
3.0897669902912632
7.802980582524272
4.219786407766991
8.763368932038835
9.865747572815534
11.054776699029125
8.019582524271843
1.2564368932038836
9.354805825242718
5.581378640776698
0.3608834951456311
0.6682524271844659
0.003320388349514564
4.862058252427184
0.2809708737864078
4.4638932038834955
10.272640776699028
9.045388349514564
11.113990291262134
0.5901941747572815
0.0024660194174757283
6.005932038834952
3.499029126213592
8.9253786407767
6.659679611650485
0.8327184466019418
7.7569708737864085
9.621922330097087
2.7010388349514565
13.26166990291262
7.152631067961166
7.531300970873787
3.3200485436893197
2.110330097087379
0.0
0.17518446601941748
1.0073883495145632
3.7840970873786417
4.875582524271844
8.59059223300971
9.202436893203885
6.507087378640776
3.9606796116504848
7.585708737864078
1.3394951456310678
0.0
1.8435436893203885
4.756165048543688
4.4860194174757275
1.2635728155339805
5.860766990291262
0.6936504854368932
7.041864077669902
10.543737864077668
11.649271844660195
7.9965048543689345
9.196252427184465
1.1194660194174755
4.6198446601941745
1.7670194174757285
3.8726601941747574
0.47391262135922335
2.2746893203883496
5.142970873786409
0.21069902912621358
1.2493203883495145
0.5045242718446601
0.15114563106796114
4.641407766990291
1.7157087378640776
5.347572815533981
0.5366213592233009
0.7705242718446602
5.363961165048544
1.375980582524272
3.663300970873786
8.755417475728155
6.818339805825243
2.526252427184466
2.861805825242719
7.36542718446602
9.823077669902913
10.817563106796118
11.823368932038836
6.363825242718446
0.3426796116504855
0.06046601941747575
0.0
0.0
4.629398058252427
8.182009708737866
7.975980582524271
9.103038834951459
4.013834951456311
4.846699029126213
7.59064077669903
0.9200679611650486
0.1638640776699029
4.893242718446601
0.0
3.244504854368932
6.043533980582525
5.013029126213592
0.9667184466019417
1.0845922330097086
7.772174757281554
1.6579805825242715
8.109368932038835
8.529533980582526
5.753456310679613
4.931446601941746
8.978592233009708
10.658116504854368
11.331932038834948
10.298203883495146
7.7009902912621335
1.3378932038834954
2.4830485436893204
4.9442621359223295
6.496339805825242
1.3934757281553394
7.56668932038835
3.2381650485436895
6.122844660194175
0.5238543689320388
2.5267572815533983
6.576475728155338
4.75073786407767
0.19333980582524274
1.515805825242718
5.67240776699029
4.293504854368932
7.648766990291263
4.821990291262136
3.5920194174757287
0.09070873786407768
0.030291262135922332
2.262699029126214
7.244126213592234
5.9996019417475726
1.6302135922330094
3.3123203883495145
3.4417572815533983
0.0
4.882699029126213
5.710126213592231
2.0168058252427183
4.402223300970874
4.065339805825243
1.212728155339806
0.0
0.0024660194174757283
3.4879029126213594
0.0
3.0682038834951455
0.3022815533980583
0.0
0.1746990291262136
0.0
2.4887766990291262
1.1370388349514562
0.06960194174757281
0.27010679611650484
0.07609708737864078
2.04221359223301
0.5104951456310679
2.01047572815534
0.3238737864077671
1.710776699029126
0.6248640776699029
0.0024660194174757283
0.0
0.0
0.16838834951456308
4.93783495145631
5.017000000000002
5.25768932038835
2.1843300970873787
1.244728155339806
4.740466019417476
0.0
0.0
0.951019417475728
3.814291262135923
0.8963106796116506
5.863796116504854
4.18557281553398
0.0
1.2166310679611652
0.02032038834951456
0.0
0.2960582524271845
3.3716019417475724
2.973932038834952
0.6441747572815535
0.0
0.0
1.088601941747573
0.0
0.0
0.0
0.030291262135922332
0.6029902912621359
0.0
0.17394174757281558
0.0
1.0788932038834953
0.0
1.1013689320388351
2.290834951456311
0.0
0.5571553398058253
3.7971844660194165
0.0
0.0
0.7836796116504854
3.4473398058252434
0.0
1.4541165048543692
0.3673980582524272
1.0273786407766992
0.15475728155339805
0.03866019417475728
0.0
0.0
0.0
0.5476699029126214
0.0
0.019330097087378633
2.483563106796116
0.09563106796116505
0.8821747572815535
0.1702621359223301
0.0
0.10846601941747573
0.578019417475728
2.081106796116505
3.5762330097087376
3.2700485436893203
0.0
6.744262135922332
0.0
1.919718446601942
4.569281553398058
4.696679611650485
5.985961165048546
4.120747572815534
4.805184466019417
0.7445436893203883
3.2428543689320395
0.8941456310679611
0.580126213592233
0.006679611650485438
0.0
1.0890970873786407
2.0829708737864077
0.0
0.0
0.25774757281553395
0.12098058252427188
0.0
2.9382912621359223
2.2678932038834954
7.292067961165048
7.887058252427186
7.087718446601943
5.715087378640777
0.0
1.6776601941747575
0.4648932038834952
0.050485436893203894
3.5592330097087377
5.62414563106796
0.5268252427184466
5.7166213592233
0.08406796116504851
0.08704854368932038
0.0
0.6895145631067963
0.9069611650485435
1.1865436893203882
8.229601941747573
9.01478640776699
7.759737864077669
2.8905436893203884
2.293718446601942
1.2418446601941748
5.891087378640776
4.236359223300972
0.06046601941747575
0.010174757281553395
1.5077766990291261
0.0
5.5676116504854365
5.092233009708739
9.27742718446602
8.617922330097088
8.080922330097088
2.8315728155339817
0.4087087378640777
2.560951456310679
0.18550485436893208
1.7331941747572819
1.9016796116504857
9.938388349514565
3.256116504854369
0.0024660194174757283
3.916009708737864
2.8616699029126216
0.2115242718446602
0.7188155339805824
2.1498252427184465
2.3154271844660195
10.31283495145631
8.932077669902913
10.023320388349514
9.901854368932039
3.640844660194175
1.3654563106796116
0.30707766990291263
2.6473883495145634
10.216640776699027
7.564029126213592
2.143320388349515
8.99823300970874
10.597796116504853
6.44795145631068
0.0
1.161029126213592
4.50631067961165
2.599825242718447
1.667388349514563
5.313097087378641
4.973300970873787
8.847466019417476
11.491660194174758
11.431941747572818
10.124048543689321
10.935689320388349
10.449388349514564
10.753737864077673
3.1598737864077675
12.24059223300971
9.67440776699029
3.59004854368932
9.84331067961165
6.605174757281554
8.457427184466018
0.31305825242718444
0.711135922330097
4.448592233009709
0.030291262135922332
6.410058252427183
5.484407766990292
3.7399126213592235
0.0
7.796543689320388
3.986087378640777
10.117407766990292
8.238446601941746
1.7473883495145632
3.5622815533980585
8.596291262135924
13.200126213592236
13.826339805825244
13.426640776699031
11.607155339805823
2.3277961165048544
5.954970873786407
3.8653106796116505
8.884446601941747
0.5826601941747573
0.49941747572815537
0.5737281553398059
3.7442233009708734
9.534203883495145
13.788932038834949
13.821640776699029
0.49038834951456317
12.548553398058251
14.04478640776699
14.385407766990292
13.865223300970873
13.565864077669906
11.308708737864078
11.320436893203881
9.259912621359224
7.6336407766990275
9.651504854368932
5.264708737864076
12.225038834951457
10.652233009708741
0.19630097087378642
4.7788252427184466
1.9460388349514564
2.49726213592233
1.2581844660194175
0.5432718446601942
7.306543689320389
4.152951456310679
3.514155339805825
4.563553398058252
1.5588349514563105
3.7071359223300973
7.136533980582525
1.458592233009709
7.669126213592232
3.584796116504854
5.954300970873787
4.534699029126214
4.997864077669902
7.303203883495145
7.2137475728155325
7.518621359223302
2.750398058252427
5.390009708737863
9.089135922330096
2.1666310679611653
9.910271844660196
14.388145631067962
14.452796116504857
7.8808155339805825
12.099155339805824
13.880466019417472
11.866572815533981
12.079961165048543
9.013611650485435
12.742398058252428
4.564543689320388
8.572213592233009
5.790058252427187
4.369504854368932
8.670660194174756
3.0823009708737867
0.09793203883495147
0.16082524271844661
4.623398058252428
0.5149514563106795
3.6546019417475737
2.154757281553398
9.431825242718448
11.901844660194174
8.195669902912622
6.287601941747574
11.585864077669903
8.96592233009709
2.842932038834952
5.5041941747572825
1.8736019417475727
1.6493786407766993
2.4724466019417477
3.1469320388349518
4.693941747572815
11.344543689320384
11.939504854368934
7.780601941747572
9.675174757281555
6.910359223300969
10.184912621359224
2.9394174757281557
10.47026213592233
8.531330097087377
1.877495145631068
2.288514563106796
5.301883495145633
4.833728155339806
4.965436893203884
1.6499320388349517
6.596514563106797
9.131466019417473
7.4164174757281565
11.200728155339803
9.294533980582525
6.213854368932038
1.2744174757281552
3.092233009708738
9.829699029126212
9.674718446601942
8.467058252427185
3.240271844660194
5.955864077669903
9.908504854368934
7.691252427184464
10.37701941747573
7.236388349514563
7.978417475728157
7.128077669902912
7.750990291262138
8.919077669902913
9.254941747572817
7.697805825242718
8.224019417475729
9.666951456310679
7.818514563106796
5.144980582524273
7.242689320388349
3.125368932038836
6.760941747572814
1.6880873786407764
6.126077669902912
7.651679611650485
6.958854368932038
8.06316504854369
0.40715533980582536
0.201252427184466
4.467485436893203
2.8358155339805826
4.803893203883495
0.9880970873786408
0.34842718446601934
0.0
0.09070873786407768
0.0
0.10245631067961168
0.4298446601941748
0.8690873786407768
0.0
0.20421359223300964
1.4869126213592232
4.661242718446602
0.0
1.8991941747572814
3.708864077669903
5.783019417475729
6.396572815533981
4.463048543689321
0.17400000000000004
0.06046601941747575
3.2065922330097085
2.7909320388349514
0.0
0.101252427184466
0.9601844660194175
0.0
2.120873786407767
0.5643398058252427
5.623116504854371
0.0
0.37607766990291264
1.9141941747572817
8.185
7.39814563106796
0.0
3.285466019417475
1.3404854368932038
5.793796116504854
2.193864077669902
0.030291262135922332
0.9165631067961165
0.45157281553398054
0.2835825242718447
0.9742621359223299
0.0
5.319223300970874
4.97452427184466
1.9260000000000002
0.06560194174757282
0.37949514563106795
0.0
5.690660194174757
0.33109708737864074
0.0
0.3325728155339806
0.8332815533980583
0.5988834951456311
4.898029126213593
4.470446601941748
0.6864951456310678
0.4061165048543689
0.6768349514563108
0.0
0.0
0.0
0.010980582524271842
0.1813980582524272
0.035349514563106796
0.0
0.0
0.0
0.0
0.0
1.1124660194174758
0.020106796116504847
0.8042621359223301
0.0
0.7627087378640778
0.010019417475728154
0.09672815533980582
0.41787378640776696
0.0
0.0
0.0
0.18166019417475726
3.879349514563106
1.2374271844660192
3.4868932038834957
3.971456310679612
0.34933009708737867
0.0
0.3315339805825243
0.0
2.0542718446601946
3.5799417475728155
0.6024271844660193
0.006679611650485438
0.8672718446601941
0.09070873786407768
0.28038834951456315
0.02274757281553398
0.2709805825242719
0.0
0.5623300970873786
0.0
2.624524271844661
0.5536019417475728
3.7416796116504862
0.0
0.0
2.4925533980582526
3.7958252427184465
0.0
0.0
0.0
0.0
0.9066213592233009
1.2027572815533982
1.5373300970873789
0.10752427184466022
0.6372330097087379
0.0
3.1834077669902916
0.0
0.3561747572815534
0.15123300970873782
1.264757281553398
0.009679611650485436
0.0773495145631068
0.38581553398058244
0.15114563106796114
4.988592233009709
3.1879029126213596
2.089747572815534
8.307873786407765
7.152165048543689
7.177728155339805
0.5027766990291261
0.0
6.399378640776699
7.903601941747573
8.800048543689323
8.038417475728158
6.762533980582524
0.0
0.2746310679611651
2.7230485436893215
0.5743689320388349
2.837582524271845
4.949699029126212
3.4615825242718445
6.755213592233009
0.06046601941747575
1.2301747572815533
0.8439902912621359
4.448194174757282
0.0785728155339806
2.324203883495146
9.108533980582523
8.753699029126214
2.599786407766991
0.06679611650485436
5.976912621359224
2.157
0.15114563106796114
0.36783495145631073
0.38134951456310684
0.861388349514563
5.26204854368932
5.2941650485436895
1.7141067961165048
3.8186504854368923
0.005048543689320389
2.4986019417475727
1.436611650485437
5.943291262135922
0.0
0.6858446601941747
0.6581941747572817
0.0
2.619320388349515
1.548126213592233
3.5315242718446602
3.8573203883495144
3.5874271844660193
0.003320388349514564
0.7718640776699028
0.0
1.321854368932039
0.0655631067961165
4.823184466019418
0.0024660194174757283
0.17518446601941748
10.153485436893204
7.911388349514563
5.556961165048543
3.712815533980583
9.714174757281556
1.1732038834951457
3.93135922330097
10.495805825242721
1.497485436893204
7.293262135922329
7.143699029126214
4.053223300970874
10.326961165048548
5.615504854368932
10.496679611650485
0.43468932038834945
3.9735242718446604
1.7543786407766986
2.443378640776699
9.357407766990292
10.681009708737864
0.019330097087378633
4.084388349514563
4.46083495145631
0.5994174757281554
4.043067961165049
1.4548446601941745
0.2960582524271845
5.010116504854369
1.678592233009709
4.5761067961165045
6.615320388349514
9.505504854368935
3.912815533980583
11.878572815533978
4.823922330097088
0.4472330097087379
0.003320388349514564
0.0
0.0
0.2832912621359224
0.010019417475728154
1.5323106796116508
1.3533106796116503
2.4474466019417473
11.735165048543688
3.0648640776699034
5.971592233009706
8.050009708737864
10.220077669902912
4.489679611650485
8.500174757281554
14.21109708737864
13.540067961165049
3.8064174757281553
2.0515825242718444
7.788766990291263
7.764902912621359
4.439796116504855
2.4182135922330104
6.7183786407767
0.522349514563107
2.383601941747573
2.294495145631068
13.384349514563104
14.4942427184466
9.70547572815534
14.072495145631068
13.937747572815535
9.730135922330097
5.457029126213591
3.1105436893203886
0.7025339805825245
5.4393398058252425
0.22819417475728157
0.8291359223300971
0.49313592233009707
9.903640776699032
7.787233009708737
13.027456310679614
12.838330097087379
6.209912621359223
6.698699029126214
5.4810388349514545
12.559067961165049
13.87087378640777
12.984592233009705
13.92028155339806
10.683543689320388
3.0058932038834953
10.078650485436892
9.252805825242719
11.776922330097092
6.136980582524274
1.3664368932038835
6.250349514563106
12.510310679611655
13.9058640776699
13.133757281553398
1.8570485436893205
9.516970873786407
10.174533980582526
5.8514563106796125
7.9099805825242715
1.8283009708737863
9.987766990291263
12.560349514563105
5.86416504854369
8.311951456310679
1.5544660194174755
0.7660582524271844
0.0
1.1418155339805824
7.622601941747572
9.93640776699029
10.859359223300972
9.97719417475728
6.368854368932039
9.659660194174759
3.2335728155339805
1.2206019417475729
12.555427184466017
7.762601941747572
6.097708737864076
9.67723300970874
11.14291262135922
10.293815533980581
8.188446601941749
3.6959611650485438
6.220339805825242
3.5500388349514576
10.311145631067959
10.622543689320391
10.521097087378642
7.753446601941747
11.861699029126212
11.61254368932039
11.630553398058254
3.728893203883495
6.026058252427183
5.890611650485438
5.275679611650486
9.8408640776699
3.647582524271845
4.828436893203883
9.848281553398058
0.10473786407766991
0.07568932038834951
3.1197087378640775
0.0024660194174757283
1.6308155339805823
0.16766019417475722
4.497941747572816
3.913087378640777
5.4271359223300975
1.9653883495145632
0.5324660194174756
7.433689320388349
0.3415533980582523
3.390029126213592
7.525766990291262
7.474679611650485
7.94773786407767
7.803310679611653
9.69447572815534
7.23073786407767
6.348077669902913
0.7625922330097087
9.098592233009708
0.3627669902912621
0.6030194174757282
7.096932038834951
5.610359223300971
1.2714660194174756
2.1103203883495145
0.4551941747572816
5.158262135922329
0.0024660194174757283
2.267223300970874
0.6373592233009708
8.76859223300971
2.704932038834951
3.5532233009708745
0.10074757281553398
0.9264660194174758
0.030291262135922332
0.1813980582524272
1.700203883495146
4.486932038834952
2.8316213592233006
6.028446601941747
5.368932038834951
4.675475728155339
4.602135922330097
5.230708737864077
1.6531747572815532
3.4299805825242715
5.3706893203883475
0.27967961165048544
0.6438932038834952
0.009679611650485436
5.533184466019416
1.420776699029126
5.211
1.9621844660194172
4.429300970873786
4.996019417475726
3.922514563106795
2.6756504854368934
0.1807378640776699
7.532621359223301
5.165708737864079
7.617796116504854
0.0
0.0
0.0
0.3083106796116505
0.08944660194174754
0.0
2.058145631067961
2.14473786407767
4.837669902912622
4.164368932038834
0.0
0.02364077669902912
0.17279611650485435
0.0
1.3940679611650488
0.48399029126213594
2.2255533980582523
2.683786407766991
5.865446601941748
6.210116504854368
5.904776699029124
0.1880776699029126
0.9841650485436894
0.0
0.003320388349514564
0.06046601941747575
1.8268737864077673
0.1740194174757281
0.1813980582524272
2.25247572815534
5.353252427184466
2.941223300970874
0.0
1.5753300970873791
0.20252427184466024
1.4143495145631069
0.0
0.12599029126213593
1.0487864077669904
0.0
2.3040291262135923
0.2609902912621359
0.0
0.06046601941747575
0.15475728155339805
0.21516504854368937
0.34402912621359216
0.0
0.8364757281553399
0.39303883495145636
0.2118349514563107
0.8696699029126215
0.09828155339805827
0.0
1.5867475728155338
0.16516504854368932
0.23462135922330096
0.0
0.0
0.0
0.0
0.5312815533980582
2.3306019417475725
3.4166116504854376
0.33273786407766986
3.1114951456310678
3.3678058252427188
0.07013592233009709
2.106621359223301
0.45403883495145625
0.09070873786407768
1.8941456310679612
0.18532038834951453
0.0
0.7021844660194174
0.473621359223301
0.38956310679611666
0.0
0.0
0.6405048543689321
0.0
0.5153300970873785
0.8968155339805822
0.0
3.004728155339805
0.0
0.5178349514563106
0.036932038834951456
0.0
8.516553398058253
1.9529417475728155
4.789883495145631
7.626126213592233
7.21768932038835
7.828718446601942
6.8536213592232995
7.322669902912621
6.172359223300969
2.6987572815533984
0.0024660194174757283
0.8954757281553397
0.3627669902912621
0.0
0.305747572815534
0.003320388349514564
0.6624466019417474
7.160718446601942
5.51914563106796
0.0
0.4308252427184466
5.690650485436895
0.0
2.7186213592232997
0.3011844660194175
6.931543689320388
3.589553398058252
5.36626213592233
8.302398058252427
1.8695436893203883
0.08586407766990292
4.943776699029126
8.280427184466019
2.8325922330097093
4.439621359223302
5.8529417475728165
7.759271844660194
9.292116504854368
8.76297087378641
8.425941747572816
7.939747572815536
4.275446601941748
1.4862330097087377
2.592165048543689
3.027407766990291
0.7240970873786408
0.4044660194174758
1.330631067961165
1.8949611650485438
0.0
0.0
0.0
0.09219417475728152
2.474912621359223
0.5105728155339806
0.06046601941747575
0.6189126213592233
0.4944077669902912
2.2904174757281552
1.5745631067961163
0.0
9.09652427184466
10.555388349514564
9.842990291262138
1.4345048543689323
3.0713883495145633
10.639533980582526
12.076271844660194
7.1452135922330084
12.077951456310684
8.68957281553398
11.92825242718447
12.14378640776699
12.372038834951454
11.85621359223301
12.287990291262139
4.139300970873786
12.450961165048541
3.3417961165048538
1.0985533980582525
5.717407766990292
0.37419417475728156
7.449631067961165
0.7118932038834952
1.6885339805825241
3.163155339805826
5.096106796116505
4.589174757281554
0.7263398058252427
2.7787184466019417
0.0
0.0
0.09407766990291262
4.282533980582524
5.378553398058252
4.601524271844661
8.348864077669901
7.754388349514562
5.349485436893201
0.0
1.2245242718446603
1.2581941747572816
0.030291262135922332
1.6566019417475728
4.932504854368932
0.49223300970873785
0.0
1.9838737864077673
1.406126213592233
4.510048543689321
9.667650485436893
6.065048543689322
4.291883495145631
0.007572815533980583
4.263436893203885
0.0
4.359466019417476
2.227883495145631
1.0141844660194175
9.391922330097087
6.500417475728155
12.468339805825241
6.840757281553398
0.6059029126213594
0.06046601941747575
0.0
1.1281262135922332
10.569116504854367
14.236621359223301
13.735873786407765
6.061679611650486
6.855495145631069
9.227699029126214
3.111339805825242
0.37492233009708736
0.653359223300971
6.549961165048544
1.2130679611650486
3.3651359223300967
5.792766990291263
13.15587378640777
2.9261553398058253
1.077611650485437
0.035349514563106796
0.25193203883495136
4.998359223300971
9.898514563106797
13.975106796116506
14.34552427184466
12.422417475728153
11.721708737864077
11.705398058252428
4.632116504854368
1.6418543689320382
1.5110000000000003
1.7067475728155337
0.06300970873786407
0.0
2.559135922330097
0.28642718446601945
3.8706893203883492
3.8338058252427185
10.793145631067961
10.11604854368932
12.789815533980583
0.5618252427184466
1.0390000000000001
0.2584271844660195
8.234970873786406
12.34826213592233
11.258281553398056
0.032815533980582526
5.890475728155342
10.00054368932039
2.0359902912621357
4.9033300970873785
1.976466019417476
6.298825242718446
6.532941747572817
0.6113300970873786
0.0
0.0
2.6111844660194174
3.1932233009708737
6.274135922330097
7.691271844660193
6.5330582524271845
7.202252427184466
7.802961165048544
7.482349514563108
6.305019417475731
9.18398058252427
12.08118446601942
12.113300970873789
10.064058252427184
0.4534466019417476
3.8791844660194172
6.238009708737865
7.870922330097086
7.837330097087379
4.6186310679611635
5.360009708737863
7.677970873786408
7.8431553398058265
4.842796116504855
0.5753106796116505
1.14647572815534
0.0
0.007572815533980583
0.12098058252427188
0.0
0.9721553398058251
0.0
0.9394368932038835
2.622378640776699
4.2179320388349515
0.0
0.0
0.12098058252427188
0.8857864077669902
0.21764077669902912
2.3015728155339805
3.9907864077669912
2.7880970873786413
0.7157475728155339
1.1350097087378639
1.2309223300970875
0.03785436893203883
4.238388349514564
3.996893203883495
6.157970873786407
1.3591650485436897
1.8890679611650485
0.0
2.428126213592233
3.1869320388349522
3.7496310679611655
0.4361165048543689
5.390019417475728
2.6915048543689326
0.10337864077669903
0.007572815533980583
0.24890291262135922
2.914427184466019
0.3254563106796116
0.21389320388349517
3.2420097087378648
5.319699029126214
7.462203883495145
2.265572815533981
0.5271456310679611
1.904067961165048
5.406660194174757
0.0
0.030291262135922332
1.4440485436893207
0.690504854368932
2.351203883495146
5.37931067961165
3.3579902912621358
0.17907766990291263
6.351941747572817
4.334902912621359
4.694223300970874
2.0209223300970875
1.5821359223300968
0.6285048543689321
1.8591747572815533
3.566883495145631
1.3945922330097085
0.3603398058252427
0.8306893203883494
0.2321067961165048
1.9551747572815539
6.619757281553399
3.9125825242718446
5.18547572815534
0.174252427184466
0.08738834951456312
0.0
0.0
0.6768349514563108
0.07032038834951455
0.0
0.0
1.5202135922330096
1.6066601941747578
0.46126213592233
0.7110097087378641
0.8975145631067961
2.0445436893203888
2.23526213592233
4.696980582524271
2.7170388349514565
2.498776699029126
0.6962330097087378
0.0
0.4254757281553398
0.6070679611650486
0.7903592233009709
0.5317475728155341
0.6908058252427184
0.0
0.24182524271844666
0.8623592233009707
0.9768058252427185
0.003320388349514564
0.48343689320388356
0.2321067961165048
0.0
0.0
1.7258349514563107
0.0
2.073029126213592
0.21626213592233015
0.019330097087378633
5.244514563106798
0.0
0.42325242718446593
0.0
0.0
0.34700000000000014
1.6063300970873784
1.385553398058252
0.0
0.0
1.2199223300970874
1.2184563106796116
2.1086310679611646
3.4259805825242715
0.27214563106796125
3.8425825242718443
0.0
2.387320388349514
2.0173689320388353
0.09070873786407768
5.002922330097086
3.83847572815534
0.21942718446601941
0.6491553398058253
0.0
2.449271844660194
0.0
0.013427184466019417
0.017766990291262132
0.0
1.2185533980582524
2.4693203883495145
0.0
0.08442718446601943
4.530902912621358
5.28268932038835
0.09672815533980582
2.532368932038835
0.0
0.01672815533980582
1.1911262135922331
6.838126213592232
7.073077669902914
8.415650485436894
0.6495825242718446
5.753019417475729
0.0
0.0
5.600553398058254
7.023262135922329
7.6186699029126235
7.809077669902913
5.320388349514563
8.475203883495144
5.9063300970873795
6.68201941747573
7.860281553398058
8.693766990291262
5.777359223300972
0.05363106796116505
0.8989126213592232
4.548728155339806
5.561504854368932
3.903436893203884
0.3430388349514563
4.084485436893204
3.1084660194174747
2.7819708737864084
0.006679611650485438
4.037029126213592
0.8047087378640778
0.4534466019417476
0.2709805825242719
0.0
2.936932038834952
0.9987961165048542
0.1987864077669903
0.0
8.198213592233012
6.457776699029127
0.2925436893203884
3.1614757281553403
0.06046601941747575
0.0
0.0
0.28014563106796114
0.07020388349514564
5.654766990291264
2.810864077669903
3.709660194174757
1.587135922330097
3.313106796116505
0.681368932038835
0.0024660194174757283
5.651941747572815
0.158747572815534
0.658631067961165
0.24217475728155347
0.005815533980582525
1.8855728155339806
5.669631067961167
8.414495145631069
3.159038834951457
3.02473786407767
4.482932038834952
5.90593203883495
1.7894368932038833
3.1679320388349517
3.705796116504855
0.18084466019417475
3.679067961165049
0.2635048543689321
3.74047572815534
0.0
8.923650485436893
11.264067961165052
11.027951456310682
9.631456310679612
9.399640776699028
1.05826213592233
3.197271844660194
10.676796116504853
0.391242718446602
4.148330097087379
0.04020388349514562
3.83616504854369
1.9980291262135916
9.73519417475728
1.6027087378640774
0.8134854368932039
2.7953398058252428
0.5091456310679611
3.583922330097087
10.378485436893204
1.9289514563106798
8.454737864077671
6.023155339805826
0.38455339805825245
3.1929902912621357
6.592776699029127
5.064932038834951
12.204009708737866
4.085048543689321
10.986582524271846
12.94526213592233
12.56631067961165
6.248504854368931
4.212563106796116
2.8547669902912625
0.006679611650485438
0.4337184466019417
5.742533980582526
12.883466019417474
13.857
10.420504854368936
0.9728932038834951
0.0
10.94831067961165
11.886728155339807
12.73080582524272
12.260815533980585
14.933427184466021
14.22714563106796
6.582495145631069
6.348135922330098
4.879203883495146
1.8011165048543687
3.8741067961165045
2.676660194174758
2.947378640776699
1.7724466019417473
0.34507766990291266
1.5920582524271845
6.535601941747572
5.310388349514561
0.6906116504854372
5.359242718446602
3.46483495145631
0.0
2.9106699029126224
2.9195145631067967
4.967233009708737
6.035873786407769
0.4333009708737865
0.10409708737864078
5.419951456310679
0.23858252427184468
0.05799029126213593
7.597466019417474
2.8280097087378633
9.603174757281552
12.980009708737864
14.366650485436894
14.325417475728154
6.889097087378642
13.215339805825241
1.6863980582524267
1.541563106796116
1.0810873786407766
1.9952524271844656
6.831650485436891
12.70449514563107
12.40140776699029
8.464805825242719
8.752737864077671
12.000145631067962
11.120213592233013
7.143708737864076
6.203961165048544
8.461077669902913
0.18172815533980582
1.9433495145631068
11.075097087378637
12.602398058252426
3.168281553398058
7.305611650485436
5.116553398058253
1.4571067961165052
9.705660194174758
2.8991359223300974
2.216728155339806
3.3383398058252425
4.754126213592232
6.316631067961163
5.94214563106796
0.33916504854368934
3.0790000000000006
2.912990291262136
10.22059223300971
5.6135436893203865
9.866941747572815
1.425116504854369
4.22435922330097
10.61193203883495
7.943242718446603
3.6623398058252428
3.4490388349514562
2.6170679611650485
1.2554660194174758
7.702145631067962
5.1212233009708745
6.490951456310681
8.826291262135921
7.036796116504854
0.44994174757281546
8.49031067961165
6.917980582524272
10.988388349514564
10.379038834951459
10.805543689320391
8.166126213592234
6.497805825242717
8.378009708737865
1.821485436893204
1.977572815533981
0.16963106796116506
5.883990291262134
4.069864077669902
0.0
6.692912621359223
7.910252427184467
7.395174757281553
5.664252427184466
6.34850485436893
2.5563495145631063
0.5446407766990291
1.2862718446601937
0.0
7.520572815533982
9.681029126213593
4.110815533980583
5.296466019417477
1.5151165048543689
3.035485436893204
5.326640776699028
5.412320388349514
6.177650485436895
6.728368932038834
5.777271844660194
8.38871844660194
7.165330097087379
8.761941747572815
1.364242718446602
7.046504854368933
7.850271844660194
1.939135922330097
1.8527669902912627
0.10037864077669902
2.310970873786408
3.5388737864077675
0.9911359223300972
1.684825242718446
6.462126213592234
5.388495145631068
2.559330097087379
1.8217475728155341
0.5414757281553398
0.0
0.0
3.720601941747573
5.868359223300972
5.817359223300972
3.8115145631067966
8.556757281553397
8.212660194174758
7.86755339805825
6.626737864077671
2.4813398058252423
0.8605631067961166
5.0822718446601955
0.7542233009708738
0.0
0.030291262135922332
0.5777087378640776
3.3999999999999995
4.10888349514563
0.0
2.3213106796116505
0.2746310679611651
0.029009708737864088
0.07310679611650486
0.8263203883495145
1.5608058252427182
0.1905825242718447
3.263728155339806
1.3392233009708734
2.1223009708737868
3.1750679611650474
3.915854368932039
0.02281553398058252
0.0
0.0
0.0
0.023417475728155338
0.006679611650485438
0.009679611650485436
0.2425242718446602
0.8610291262135922
0.0
1.1356310679611652
3.0064757281553405
0.0
0.0
0.0024660194174757283
2.4748737864077666
0.03403883495145631
7.005087378640778
1.7063883495145633
0.006679611650485438
0.09070873786407768
0.0
0.6341941747572816
0.020106796116504847
2.0960194174757283
0.1273106796116505
0.0
0.0
0.0
0.0
0.0
0.3982330097087379
0.0
0.6274466019417475
6.13431067961165
1.8964660194174758
1.45478640776699
0.0
0.0
0.0
0.0
0.12749514563106798
2.536368932038835
5.210466019417476
0.1746019417475728
0.0
0.1677864077669903
1.2871553398058253
0.0
0.5229514563106795
1.50152427184466
0.002592233009708738
0.603864077669903
0.06030097087378642
0.8591650485436896
0.1571359223300971
0.11179611650485437
0.4147087378640777
0.031504854368932037
0.15103883495145634
1.8858349514563109
0.0
0.0
0.45068932038834963
0.0
3.3978446601941736
0.0
0.9098155339805828
1.5544660194174762
5.118087378640776
1.7944368932038834
0.34583495145631066
3.4090970873786404
0.0
0.031504854368932037
0.19683495145631066
0.0
0.0
0.09432038834951458
2.0577281553398055
1.1628640776699029
7.259592233009711
1.986796116504854
0.8408252427184466
0.0
6.1772718446601935
7.556466019417477
4.477038834951456
1.160621359223301
5.194815533980582
0.7753203883495144
5.189640776699029
0.3236990291262135
0.0
3.5748543689320385
6.904796116504855
3.44121359223301
6.643728155339807
1.6158737864077672
4.603776699029127
8.54138834951456
8.654262135922329
3.3661553398058253
1.0340485436893203
1.5959126213592232
1.48852427184466
0.0
0.0
0.0
0.3899417475728155
0.40995145631067953
0.02007766990291262
1.0685728155339806
0.0
0.0
0.0
0.0
0.7506796116504854
4.029456310679612
5.846844660194174
7.0729417475728145
9.87252427184466
2.6510485436893196
3.787184466019418
0.8535339805825242
1.7471067961165052
0.0
8.257378640776698
1.740106796116505
0.0
1.489883495145631
3.675864077669903
2.0373009708737864
1.8405145631067963
7.502
6.281291262135923
0.0
0.0
0.0
1.6578349514563107
2.0424854368932035
1.1876213592233011
0.8917281553398058
0.0
4.999524271844659
4.370631067961166
6.832145631067961
0.2630970873786408
5.238815533980582
3.9673009708737865
2.5007378640776694
1.503009708737864
2.331466019417476
2.4759029126213594
4.126708737864078
1.320970873786408
2.3941262135922328
1.818087378640777
4.069883495145631
0.3301650485436893
6.206611650485438
2.6161747572815535
6.607252427184466
1.8059320388349513
10.844601941747575
11.623155339805827
12.197873786407769
3.232009708737865
6.146242718446602
4.058776699029126
2.739300970873786
5.362563106796118
5.7917475728155345
0.0
5.300446601941748
9.443320388349512
7.370902912621361
1.43326213592233
2.640864077669903
10.47118446601942
10.835699029126216
3.4019223300970878
3.7533009708737857
4.782825242718446
1.0650485436893202
7.708815533980583
10.37949514563107
3.364844660194175
13.703796116504853
13.582271844660193
8.558436893203883
2.7454854368932042
0.952766990291262
0.3562233009708738
4.86742718446602
3.9928834951456316
3.0014951456310683
6.428281553398059
3.8039417475728152
4.148145631067961
0.0052427184466019424
0.0
0.46487378640776694
12.23118446601942
14.500165048543693
0.6619126213592231
2.5640970873786406
5.255805825242719
12.143834951456311
14.022543689320388
11.606699029126215
10.105873786407766
0.8322524271844661
6.915660194174756
8.313106796116504
9.420864077669906
13.806223300970872
7.289106796116504
5.688300970873789
8.692883495145631
13.900766990291261
14.587048543689322
14.352640776699033
13.688621359223301
14.825873786407765
13.296572815533983
13.191495145631064
10.572203883495146
10.944543689320387
7.533106796116505
0.18294174757281556
3.518194174757282
3.925611650485437
5.7143592233009715
1.587359223300971
7.290466019417476
8.471242718446604
3.4114174757281557
11.041417475728156
5.394466019417476
10.713864077669903
9.494368932038835
3.6087184466019417
2.6742718446601947
9.498766990291262
2.789592233009709
6.999126213592232
2.6162233009708737
4.272135922330097
0.25632038834951454
2.4017766990291265
3.649145631067961
9.252174757281551
9.484398058252426
12.702184466019423
9.334339805825245
8.091466019417476
13.464310679611652
13.346466019417479
5.314485436893203
12.255844660194173
13.440349514563106
10.202825242718447
7.535893203883494
7.087067961165049
7.642660194174758
6.450291262135924
0.0
5.53616504854369
6.389669902912621
5.1025242718446595
6.799679611650486
5.391242718446601
1.0724174757281553
0.06284466019417474
2.847427184466019
6.904699029126213
0.06470873786407766
1.795728155339806
0.3173980582524272
5.226912621359223
1.4259514563106799
3.289660194174757
4.294504854368932
3.0063883495145634
0.37014563106796117
2.2548252427184465
0.1751359223300971
1.2088252427184465
1.4658155339805827
2.0439805825242723
10.05993203883495
6.034436893203884
5.038495145631068
6.343203883495145
9.157145631067962
7.713135922330101
8.693271844660195
0.13450485436893206
0.05602912621359226
2.938902912621359
0.07138834951456309
0.0
0.0
3.007009708737864
7.8953009708737865
7.799271844660194
5.977446601941748
7.38583495145631
2.781660194174757
4.82947572815534
9.014650485436894
5.16404854368932
0.8709126213592232
5.605708737864078
6.35883495145631
6.451029126213592
8.934922330097086
5.717737864077669
4.154757281553398
8.095941747572814
9.059873786407767
1.2624563106796118
1.647601941747573
0.6296893203883495
2.6327087378640774
8.292660194174758
3.498582524271846
2.944398058252427
7.2602912621359215
5.897592233009709
8.563640776699028
3.6753980582524273
0.0
5.5564271844660205
0.38163106796116497
0.3352718446601943
0.4427766990291263
0.0
1.9315631067961168
4.353582524271845
0.0
1.3999320388349517
4.26778640776699
0.0
0.37713592233009713
3.13816504854369
0.0
0.0
3.081330097087379
0.007970873786407767
0.14319417475728158
0.0
3.125058252427184
2.1124271844660196
0.46251456310679606
5.439058252427185
0.14270873786407764
6.570349514563107
1.7598932038834947
5.8778252427184485
2.4952038834951447
1.9091456310679609
0.10945631067961165
0.17595145631067963
5.407038834951457
0.0
0.552747572815534
1.2807572815533979
0.0
2.3586699029126215
1.3887864077669902
0.0
0.0
4.423378640776699
0.8460873786407768
1.4744466019417475
3.019165048543689
0.814485436893204
0.0
1.2872233009708738
2.774155339805825
6.563873786407766
0.0
0.023728155339805823
3.077815533980583
1.3336310679611654
4.904990291262136
0.2915728155339806
0.0
1.2689611650485437
2.2332912621359218
0.0
2.8106504854368928
0.05587378640776699
0.0
0.0
0.28291262135922335
0.0
2.7076116504854366
0.47851456310679613
0.4701650485436894
0.0
0.0
1.194728155339806
0.0
0.0
0.0
0.0
0.0
0.2830097087378641
4.207233009708738
0.1256990291262136
0.19643689320388347
0.11873786407766991
3.0429999999999997
2.7636504854368926
0.0
0.0
4.127766990291262
0.0
0.9005436893203882
4.425203883495145
0.0
0.0
0.0
0.6837572815533981
0.3720097087378641
0.8446213592233011
0.8345533980582525
0.0
0.0
0.0
0.0
0.0
5.059281553398058
0.26285436893203884
6.393436893203884
7.237563106796116
7.245174757281553
7.6344174757281555
6.540291262135924
5.254349514563106
0.0
0.0
0.0
1.5953106796116503
0.0
0.0
0.0
1.656660194174757
0.7017572815533981
0.08400000000000003
0.031504854368932037
0.0
0.0
0.06284466019417474
0.0
0.6479611650485436
0.0
0.0
0.8969611650485438
5.659194174757282
8.435388349514563
7.790174757281553
0.0
0.0
0.0
0.0
0.0
5.59888349514563
6.880359223300971
7.660233009708738
7.291669902912623
8.58104854368932
8.25642718446602
4.528048543689321
9.50983495145631
8.5252427184466
9.097155339805825
7.665388349514561
9.541825242718447
4.313281553398058
0.9265048543689318
0.0
0.31422330097087375
0.031504854368932037
3.705631067961165
4.039592233009708
2.7776213592233012
0.0
0.0
0.0
8.097019417475728
0.7606504854368932
4.529611650485436
4.534495145631068
4.291009708737864
2.9561359223300974
2.7051747572815543
0.2514271844660194
9.818718446601942
0.0
4.46511650485437
2.6720000000000006
8.329184466019417
6.563844660194174
0.2514271844660194
1.3120679611650485
5.1242427184466
1.5082233009708739
1.6435145631067962
7.025184466019419
0.7331747572815537
0.0
6.886388349514563
8.709834951456312
6.351048543689321
7.173077669902911
2.7325436893203885
10.827728155339802
11.387097087378642
12.051203883495143
8.229621359223302
10.588825242718446
12.836427184466018
13.206718446601942
12.652446601941747
1.3194660194174752
3.1423300970873784
5.8045533980582515
3.057757281553397
0.0
0.4085436893203883
0.49289320388349506
7.952019417475727
11.922310679611652
11.25246601941748
7.048194174757281
5.1713106796116515
0.031504854368932037
7.013310679611651
4.62140776699029
2.834019417475727
6.639077669902914
9.564368932038835
1.720699029126214
5.292184466019417
4.648262135922331
1.8959514563106799
0.4441067961165049
2.3378058252427185
6.264417475728155
11.119038834951455
12.394155339805822
4.186339805825242
7.498757281553398
0.0
0.02539805825242718
0.3908543689320388
6.163621359223302
0.28637864077669906
0.4907184466019417
3.2633592233009705
3.850873786407767
2.0490776699029123
7.59668932038835
2.8242038834951453
8.249873786407765
9.882339805825241
5.890388349514564
0.4302815533980581
1.5979223300970875
3.2369029126213587
0.0
1.6584951456310681
6.007776699029126
0.0205631067961165
1.1033009708737864
0.4741553398058252
5.4331262135922325
4.289883495145631
3.16840776699029
0.8958543689320386
2.0470388349514566
1.5098252427184466
8.829155339805824
2.0424660194174757
13.207135922330096
11.712135922330098
2.909514563106796
2.7374854368932033
5.405747572815534
9.371339805825244
14.884417475728153
14.8817572815534
10.036572815533983
0.048601941747572826
8.76795145631068
8.575893203883494
11.535553398058253
8.488796116504854
6.476757281553399
13.131165048543693
9.595339805825244
4.43595145631068
3.6572233009708732
3.597786407766991
9.749737864077668
3.7459417475728154
4.136679611650485
4.886194174757281
6.448786407766989
5.965621359223302
4.073300970873787
5.309873786407766
0.8670970873786409
0.2689223300970874
0.4716699029126215
2.391271844660194
0.10140776699029126
2.651330097087379
1.2039029126213592
1.5982427184466017
7.760747572815534
6.4226601941747585
6.564485436893205
6.995582524271845
8.001145631067963
0.41887378640776696
2.5257184466019416
7.475087378640777
2.1346504854368935
3.2441553398058245
3.556864077669902
3.6956310679611644
0.6455436893203883
10.145174757281554
0.4853300970873786
2.120805825242719
5.712398058252428
10.040349514563106
11.330893203883491
1.3912621359223298
3.398699029126213
0.8664951456310679
1.8855533980582526
3.1080388349514556
0.6566796116504855
0.2130485436893203
3.0306893203883494
6.309563106796115
9.952990291262134
6.778582524271847
9.23192233009709
8.403844660194174
1.4727864077669905
5.164883495145631
1.371650485436893
7.286533980582525
6.96754368932039
2.457660194174757
4.265378640776699
5.113757281553398
0.21897087378640773
0.5499126213592231
3.322854368932039
4.975504854368932
4.468019417475729
0.32950485436893207
3.9941165048543694
3.182067961165048
6.111961165048543
3.3472427184466023
1.1108252427184468
3.7902427184466014
5.953213592233009
2.6959611650485438
4.57947572815534
4.0512427184466
0.5091650485436893
7.670427184466018
8.885961165048544
8.385582524271845
8.771796116504854
2.9380873786407764
2.1973009708737865
5.190611650485438
6.1088252427184475
0.6813786407766992
8.594747572815534
8.560407766990291
1.8686601941747574
0.0
0.4490291262135923
3.702087378640777
0.0
0.5263495145631067
0.9526407766990291
4.027271844660194
7.747077669902912
3.810932038834952
0.02274757281553397
0.02007766990291262
0.3824854368932038
0.0
2.5074466019417474
6.476563106796116
3.3583300970873795
0.9829320388349516
0.301495145631068
3.3587087378640765
2.4610194174757285
0.0
0.0
0.0
0.9443883495145631
2.2599902912621364
0.583233009708738
0.6026504854368931
0.7139223300970874
0.591135922330097
0.1256990291262136
0.5727864077669902
0.5125631067961166
1.9381941747572815
0.19117475728155342
1.4100485436893209
0.380873786407767
0.1057864077669903
0.2645533980582525
0.0
0.1143883495145631
0.6356019417475728
0.0
0.002592233009708738
0.15080582524271843
0.0
0.76421359223301
0.0
0.03013592233009709
0.0
0.16085436893203886
2.5118252427184466
0.1734660194174757
4.869902912621359
0.8438058252427185
0.9930388349514565
0.010019417475728154
2.1888640776699027
2.6410000000000005
4.83378640776699
0.0
0.8555825242718448
0.0
2.5017378640776697
0.2915728155339806
0.10055339805825247
0.0
0.0
0.0
0.05587378640776699
0.0
0.0
1.1848252427184467
0.8824563106796114
0.5841165048543691
0.0
0.0
1.8705825242718443
0.0
0.0
2.7793398058252428
0.05587378640776699
0.4034466019417476
0.0
0.1283495145631068
0.063873786407767
0.0
0.30914563106796117
0.42871844660194175
3.4534563106796115
5.231310679611651
0.0
2.1627961165048544
1.2844174757281555
5.364970873786407
0.9194563106796115
0.0
0.018495145631067956
0.0
1.2129805825242719
0.824873786407767
0.6768446601941749
0.0052427184466019424
0.9326504854368931
1.253
0.0
0.6602427184466019
0.24009708737864083
2.2893106796116505
0.0
1.936378640776699
0.3999029126213592
0.1484854368932039
0.0
1.3442912621359222
1.1388155339805828
0.9001165048543691
0.5656213592233009
0.6565242718446603
3.2751941747572824
0.8443106796116503
0.0
0.3161553398058252
1.5100582524271844
0.0
5.48816504854369
8.134864077669901
8.779543689320388
7.122815533980583
0.09182524271844662
0.0
1.1060970873786407
1.9300194174757281
0.06284466019417474
3.5516213592233004
3.233815533980583
0.1728932038834951
0.4200194174757282
0.0
0.0
1.8747184466019418
1.6068155339805823
0.4190291262135922
4.059825242718447
0.0
0.0052427184466019424
4.9686213592233015
0.652970873786408
0.2645533980582525
4.480339805825242
7.483582524271846
0.0
1.6217864077669906
2.2333106796116504
0.0
1.2152718446601942
0.0
1.0208155339805824
3.9231747572815534
7.1194563106796105
2.9546990291262136
0.2945339805825242
0.21753398058252432
1.0303106796116506
0.1746019417475728
1.6304757281553404
0.013252427184466018
3.031019417475728
0.3931165048543689
3.1241941747572817
0.0
2.1231359223300976
0.11179611650485437
0.0
5.5877961165048555
8.483038834951456
3.1428058252427187
0.0
5.771106796116505
3.1599902912621354
0.0
0.06826213592233009
10.514504854368933
9.17645631067961
7.024223300970872
6.142242718446601
10.95404854368932
7.383572815533981
11.413368932038836
0.1106116504854369
6.45340776699029
10.506223300970875
5.046407766990292
7.783922330097086
7.9644368932038825
10.225883495145629
13.174834951456308
12.434970873786407
11.599019417475729
5.5477864077669885
0.0
5.382699029126214
3.6064174757281555
7.522834951456311
3.273165048543689
3.742019417475728
7.836126213592234
7.994990291262138
12.775349514563107
9.955504854368934
0.0
6.267650485436892
11.632873786407764
13.709398058252425
12.853640776699029
12.929466019417477
6.796572815533981
9.317378640776699
1.1909417475728155
3.8598543689320395
1.8542135922330099
0.11075728155339808
2.6636116504854357
6.902699029126212
7.066446601941747
13.23878640776699
5.118873786407766
8.971038834951456
12.779446601941745
8.54840776699029
5.38464077669903
5.761912621359223
7.245815533980582
4.327106796116504
4.124582524271845
2.0241456310679613
2.754854368932039
3.4044660194174754
2.437097087378641
0.1256990291262136
2.956378640776699
0.7095533980582523
2.5792330097087377
7.558912621359223
1.3895728155339806
2.9414854368932044
14.543699029126216
14.863310679611649
11.70238834951456
6.981067961165048
9.979553398058252
10.472
3.1177766990291254
0.0
3.2858543689320387
0.5173592233009707
0.12707766990291264
0.010019417475728154
0.0
1.587281553398058
2.3793495145631067
3.8315339805825244
7.791563106796115
6.494844660194176
3.3809708737864086
6.770213592233011
2.541932038834952
11.715436893203881
5.789067961165048
6.8993398058252415
9.176980582524273
6.320533980582522
7.681961165048544
13.436728155339809
8.449446601941748
6.57757281553398
4.3773495145631065
4.02752427184466
1.167514563106796
0.09432038834951458
0.10797087378640774
0.6810194174757283
0.7707864077669903
6.32721359223301
0.7854563106796117
4.156825242718447
10.143058252427185
2.5297961165048544
12.69661165048544
11.565893203883496
9.511553398058252
9.811514563106796
3.7028058252427187
10.069077669902912
9.35468932038835
12.601504854368931
1.4016699029126214
5.211844660194173
6.516718446601941
8.944097087378639
6.056932038834949
12.878883495145631
8.683718446601942
8.519893203883495
5.465990291262137
5.984466019417477
7.7330000000000005
11.330320388349516
13.270048543689319
11.966572815533981
10.404902912621361
11.353815533980582
12.699330097087378
3.371038834951457
1.4835533980582523
5.160456310679611
1.774145631067961
5.769854368932041
5.679660194174758
3.4883689320388345
3.195242718446602
0.10960194174757282
7.7024271844660195
8.443951456310678
5.199242718446603
9.284271844660195
4.178718446601942
2.352135922330097
2.219291262135922
6.1979223300970885
0.03407766990291262
7.286601941747572
9.41847572815534
6.887621359223302
11.019349514563107
10.00559223300971
1.4155533980582524
4.879077669902912
2.2795922330097085
2.9930194174757276
0.8551262135922333
0.24748543689320382
1.6634271844660198
2.4770388349514567
0.0
0.1571359223300971
0.0
8.524456310679613
1.9841650485436897
0.3285242718446602
0.0
3.63804854368932
4.054058252427184
2.9458543689320393
2.833223300970874
5.256407766990292
9.326398058252428
8.63073786407767
0.826359223300971
0.0
0.9298446601941748
0.1571359223300971
1.6992621359223299
3.2142330097087375
3.6604271844660192
6.537689320388351
0.0
0.0
6.425728155339806
0.9587766990291262
0.7843009708737863
0.0
0.07037864077669903
0.46251456310679606
0.585
0.0
0.5399999999999999
5.091640776699029
1.1838252427184466
0.0
0.0
1.5911844660194172
4.227970873786408
4.0870485436893205
5.753174757281554
2.7787475728155338
1.161980582524272
0.6635242718446603
1.1149417475728154
1.3913786407766986
8.339728155339806
8.060815533980582
3.528378640776699
3.317466019417475
4.010407766990292
6.7262621359223305
0.0
0.0
2.493048543689321
1.8388155339805825
0.0
0.0
0.9615533980582524
3.6849126213592225
0.1746019417475728
1.4561941747572815
0.0
3.073912621359224
1.81826213592233
0.0
0.031504854368932037
0.002592233009708738
0.0
0.8033106796116505
0.0
1.4546019417475728
0.0
0.0
0.0
0.0
0.0
0.4540388349514564
1.07926213592233
3.7544174757281548
0.0
2.7109999999999994
0.0
0.0
0.6234660194174758
0.11873786407766991
0.0
5.206776699029127
3.378533980582524
0.0
0.0
0.0
2.958844660194175
0.0
0.0
0.0
0.0
0.0
0.0
0.0
0.42598058252427184
3.587106796116505
0.774271844660194
0.0
0.0
0.05027184466019418
3.3459805825242714
2.551873786407768
0.630388349514563
0.0
0.0
0.0
0.42229126213592244
0.058485436893203874
4.020194174757282
0.2045242718446602
7.018388349514565
0.8795048543689321
0.6143009708737863
0.0
0.1676407766990292
0.9917766990291261
2.218533980582525
0.7943689320388351
0.47788349514563117
2.303728155339806
0.9181747572815534
1.3633592233009708
3.9588349514563106
7.10457281553398
7.443417475728156
5.148679611650486
0.0
0.5039611650485437
0.8546699029126212
0.9756796116504854
0.9150097087378641
0.9725825242718447
2.1163300970873786
0.09432038834951458
0.1816116504854369
1.8984563106796113
2.0856116504854367
1.1888155339805828
2.7491844660194173
0.9631650485436893
0.11179611650485437
4.845223300970874
2.0283300970873785
0.0
4.796514563106796
7.15288349514563
0.0
0.0
2.0538834951456315
2.6713689320388343
0.45050485436893206
0.0
0.0
3.498776699029126
1.957495145631068
0.6252524271844662
0.8680485436893203
0.0
0.8139320388349516
2.1517669902912626
0.6461262135922332
0.22184466019417476
8.478669902912621
8.419553398058254
0.002592233009708738
6.141611650485438
6.944349514563107
6.3556601941747575
2.6148252427184473
1.6607669902912618
5.850679611650485
0.09432038834951458
0.0
0.6032912621359223
7.002330097087379
2.8316601941747575
6.426300970873784
4.4621844660194165
0.3231359223300971
8.43
0.0
6.4956893203883475
9.705631067961164
9.84490291262136
7.017543689320386
1.185233009708738
9.006271844660194
4.977194174757282
2.697893203883495
3.665135922330098
0.2501262135922329
0.2559611650485437
0.0
1.1058155339805826
2.3522718446601947
2.7835048543689322
8.666553398058252
0.0
9.170407766990293
2.427941747572816
1.9551650485436893
1.1489611650485436
0.0
0.031504854368932037
0.1256990291262136
4.44890291262136
1.1525728155339807
3.815873786407767
2.5906407766990287
1.030097087378641
0.5563203883495147
9.325466019417478
4.26216504854369
0.0402135922330097
0.3715728155339806
0.0052427184466019424
7.685048543689322
3.8275436893203887
11.724553398058253
4.194436893203884
8.63395145631068
11.76826213592233
9.977058252427186
8.212961165048545
8.091563106796116
12.402660194174757
13.322048543689322
0.22350485436893205
1.6023786407766996
2.2319417475728156
9.069466019417476
3.628893203883495
11.62201941747573
13.85033009708738
13.188038834951456
12.720378640776701
12.32279611650485
11.423718446601944
12.02205825242718
14.152592233009708
14.552097087378643
14.536320388349512
14.384388349514564
13.300038834951454
10.491902912621361
13.434990291262137
9.139077669902914
7.051679611650485
11.450786407766989
10.921893203883494
3.9734174757281546
1.5726990291262133
2.537029126213592
6.399456310679614
7.525019417475729
3.567592233009709
4.8983786407766985
7.491300970873786
11.195922330097089
1.8989320388349518
10.913077669902911
14.727592233009712
10.099796116504852
9.430223300970873
14.068038834951455
14.782524271844657
12.176000000000002
14.203281553398057
14.047145631067961
7.448718446601943
0.6393300970873788
4.796058252427184
4.609271844660194
11.356514563106794
9.587135922330098
5.790961165048542
3.06985436893204
0.5376504854368932
8.04826213592233
1.9751650485436896
0.7412427184466018
0.5203203883495146
2.0267184466019414
12.471669902912623
12.944485436893203
10.593912621359221
3.931446601941748
2.99268932038835
4.303679611650486
5.945708737864078
9.481669902912623
7.062601941747572
7.105873786407768
2.187456310679612
6.501970873786407
7.667504854368934
6.5600485436893194
8.864135922330096
13.421951456310675
13.152669902912615
9.39783495145631
3.0912135922330095
6.214766990291261
2.4671844660194173
4.742611650485437
4.074067961165049
9.269281553398057
10.31114563106796
3.0726310679611646
3.9799902912621357
3.9237087378640787
0.9302233009708739
1.7349902912621362
6.479941747572816
11.424737864077668
7.996223300970876
4.144941747572815
1.3403883495145628
3.384291262135923
9.212514563106796
6.357495145631067
2.120330097087378
9.523320388349516
9.250640776699028
11.434165048543692
8.024718446601943
5.329669902912623
10.833776699029125
11.932640776699028
10.566436893203884
10.517650485436892
5.656048543689319
7.854582524271845
11.459631067961164
0.20745631067961165
0.7279708737864077
2.508067961165049
0.0
2.3287378640776697
10.099893203883495
8.393669902912622
0.308378640776699
1.1494660194174755
0.7945436893203884
4.922796116504855
4.639631067961166
9.58557281553398
6.468961165048544
10.6283786407767
9.970126213592232
2.424611650485437
4.2752524271844665
8.299796116504854
1.1890097087378642
3.38973786407767
0.06810679611650486
0.9533203883495146
6.433184466019418
9.670669902912621
5.347077669902913
8.027543689320389
7.087601941747574
7.313310679611651
0.24131067961165054
0.0
2.3759029126213598
1.8985533980582523
4.672601941747573
4.187330097087378
2.6334077669902913
0.31778640776699024
0.11489320388349517
1.8526601941747571
8.944864077669903
8.557300970873786
8.202922330097087
0.5606407766990291
0.031504854368932037
0.7578155339805824
0.0
2.9530291262135924
2.400330097087379
0.41587378640776695
0.23048543689320394
3.395330097087379
4.836844660194174
4.530669902912622
8.390796116504855
6.439932038834953
2.8217961165048546
1.4718737864077673
3.53216504854369
9.116495145631069
6.698533980582525
4.2340679611650485
3.12816504854369
3.6546990291262134
5.759067961165047
4.436339805825243
1.5879029126213593
0.8646116504854366
0.0
0.0
3.8402718446601947
0.0
2.3774951456310682
2.67226213592233
0.14319417475728158
0.34583495145631066
1.1401650485436894
5.1470873786407765
3.719233009708738
6.575126213592233
6.580776699029125
6.597669902912621
6.739349514563107
2.383097087378641
6.051466019417476
7.271504854368932
7.550737864077672
7.272815533980582
6.10671844660194
3.5124271844660186
3.2323786407766986
2.44542718446602
0.0
5.070708737864078
0.0
0.0
5.882582524271843
6.3583300970873795
6.363766990291264
5.3530485436893205
5.22221359223301
4.944058252427184
3.577990291262135
0.0
0.0
1.099126213592233
0.5329611650485437
0.0
3.2047281553398057
0.0
0.0
0.0
0.11873786407766991
0.0
1.4601165048543692
0.8034466019417478
0.2676601941747573
3.186009708737864
0.0
0.0
0.0
2.834203883495147
0.2427669902912621
4.4982815533980585
2.88342718446602
0.6837572815533981
0.0
0.0
0.6536601941747574
0.0
