3.5947720588235295
0.014132352941176471
4.069191176470588
3.078213235294118
5.038808823529412
2.659742647058824
0.28918382352941174
0.0
0.4923676470588236
0.008441176470588237
0.15259558823529412
0.9686691176470589
1.6667426470588236
0.8579117647058824
0.15387499999999998
0.0
4.341882352941177
5.458088235294118
2.6897058823529414
0.0
0.0
0.0
1.334544117647059
3.6965588235294113
0.01427941176470588
1.0381176470588236
0.0
0.4992794117647059
0.0
1.2222867647058824
1.2810367647058825
0.0
3.795397058823529
1.3699705882352942
2.910220588235294
5.896919117647059
0.30368382352941176
4.475286764705882
0.6019926470588236
4.640750000000001
0.0
0.0
0.0
0.002801470588235294
0.059117647058823525
0.0
0.0
0.0
0.0
0.23579411764705882
3.840625
4.613139705882353
0.0
1.4898235294117645
5.845808823529412
4.6599264705882355
4.37864705882353
9.605977941176471
5.386816176470588
1.1375367647058825
0.0
0.0
6.541772058823529
1.8984411764705882
3.5114926470588235
2.432735294117647
0.14715441176470587
4.223426470588235
0.0038161764705882356
2.9613823529411762
0.5519044117647058
0.0
0.6878529411764706
0.0
7.345470588235294
3.6475514705882355
0.9977941176470587
1.973095588235294
3.132051470588235
8.591448529411764
6.477801470588235
8.358441176470588
0.0
0.8447426470588235
1.7612867647058825
1.3281176470588236
0.0
0.0
0.09740441176470588
0.0
2.109463235294118
4.206544117647058
1.485875
0.1329779411764706
0.5002205882352941
0.0
0.055338235294117646
8.482624999999999
11.308875
11.69306617647059
0.42028676470588233
9.66269117647059
9.448566176470589
10.734529411764708
0.059117647058823525
0.0
9.432389705882352
4.431058823529412
0.4360955882352941
0.9115441176470588
0.416639705882353
0.998639705882353
2.7846617647058824
2.8803970588235295
2.253132352941176
3.0332720588235293
4.099397058823529
2.4793676470588233
2.0968161764705884
1.505764705882353
6.933683823529412
4.523044117647059
2.3607426470588235
3.2194926470588237
5.690845588235294
10.614316176470588
13.414514705882354
12.490970588235294
7.97827205882353
0.06494117647058824
1.1602720588235294
7.331191176470589
12.514992647058826
13.319073529411765
13.141838235294117
2.639764705882353
0.48287499999999994
6.024727941176471
0.6285220588235294
7.395441176470587
3.111419117647059
10.252992647058825
1.4143382352941176
6.8343308823529405
7.075588235294117
0.26044117647058823
10.836514705882353
12.655610294117647
10.81768382352941
13.434095588235293
8.471382352941177
8.837397058823528
11.943764705882352
12.71766176470588
8.123036764705883
0.002801470588235294
2.088625
3.325676470588235
5.553088235294118
9.935661764705882
7.134852941176471
6.9396764705882354
8.278992647058823
3.3149779411764704
1.9755882352941176
0.47389705882352945
4.581882352941176
0.11305882352941177
5.304051470588236
11.209786764705882
10.672279411764706
0.2011764705882353
0.6289485294117647
6.022492647058823
7.528154411764707
7.352830882352941
7.90847794117647
5.8153161764705885
7.212360294117647
3.910139705882353
4.4053602941176475
5.536889705882353
3.7546544117647063
4.431095588235295
9.291014705882352
3.2123161764705883
2.4382352941176473
7.350963235294118
0.430264705882353
0.8175808823529412
5.183926470588236
2.816735294117647
1.4450073529411764
6.459161764705882
1.8506911764705885
0.007654411764705882
1.7375588235294117
1.646330882352941
1.467080882352941
0.7562720588235294
2.3389779411764704
6.026948529411765
0.9920808823529412
2.5346544117647056
2.4316617647058827
5.044007352941176
5.343889705882353
8.116639705882351
6.513249999999999
5.652272058823529
5.477691176470588
3.850669117647059
1.7552205882352943
5.162404411764705
6.013492647058824
8.3625
8.05464705882353
8.209617647058824
6.932992647058824
4.067779411764707
0.5542941176470588
5.274058823529411
2.395669117647059
2.2609999999999997
8.775632352941175
3.3528308823529414
2.4157941176470588
7.6119779411764705
3.1073970588235293
7.141345588235294
1.0071838235294117
1.1639779411764706
2.3605441176470587
2.654110294117647
4.55852205882353
2.0124779411764706
2.9319044117647057
4.685066176470588
0.16116911764705882
9.352764705882352
10.983529411764707
10.858889705882355
9.449948529411763
6.957786764705882
4.392117647058823
2.574779411764706
6.892360294117647
11.019132352941176
9.462948529411763
3.5280661764705883
1.4918897058823528
6.988830882352941
6.51910294117647
5.085117647058824
2.123205882352941
8.09935294117647
5.148588235294118
9.297345588235293
5.803411764705882
4.638485294117648
3.9735955882352942
1.4499338235294117
4.9469779411764705
0.03627205882352941
0.8116102941176471
5.251992647058823
3.887566176470588
2.2535294117647062
3.0735220588235292
0.0
7.913713235294117
8.656507352941176
7.740161764705881
7.512551470588235
8.526720588235294
2.5640147058823533
0.2740367647058824
1.5859485294117648
1.334625
1.760014705882353
8.115007352941177
7.341875000000001
7.3006617647058825
7.455397058823529
4.325970588235295
0.8815294117647058
0.7778897058823528
0.15620588235294117
1.5199411764705884
2.299669117647059
7.860720588235294
8.113698529411765
1.1995588235294117
7.762588235294118
9.107169117647059
9.026911764705881
8.69539705882353
8.810676470588234
6.078647058823529
4.242742647058824
0.0
0.1947573529411765
2.1178161764705883
1.7747205882352943
3.782875
2.158419117647059
0.026742647058823527
0.6745220588235294
0.6348308823529412
3.9386544117647055
1.7191911764705883
2.3722573529411766
1.6135220588235293
6.7528235294117644
1.1863529411764706
3.2213455882352946
0.01977205882352941
0.0
0.0
0.8962279411764706
0.5499926470588236
0.07101470588235295
0.03247058823529412
0.1622794117647059
0.2868235294117647
0.45447794117647056
0.0
0.0
0.023676470588235292
0.2523455882352941
0.06494117647058824
3.0420294117647058
0.9523308823529412
0.0038161764705882356
1.1601470588235292
4.38575
4.67602205882353
0.7024264705882353
0.03247058823529412
0.45690441176470586
0.0
0.0
1.3035661764705884
0.04588970588235294
3.385264705882353
0.0
0.35438970588235297
0.7844117647058824
0.022602941176470586
0.0
0.06494117647058824
0.0
0.29714705882352943
1.8499852941176471
0.034404411764705885
0.0
0.11786764705882354
0.2679044117647059
0.876264705882353
0.09810294117647057
0.0
0.0
0.0
0.49376470588235294
0.36803676470588237
1.0353161764705883
2.4214632352941172
0.0
0.03247058823529412
0.0
0.0
0.06613235294117648
0.19806617647058825
0.10161029411764705
0.07101470588235295
1.0065220588235295
5.961816176470588
5.500154411764705
1.003279411764706
0.6493235294117647
5.131580882352941
3.8947058823529415
4.0960294117647065
0.9091764705882353
1.9056985294117648
0.3608529411764706
0.4682352941176471
0.04964705882352941
0.1979558823529412
1.821
4.948279411764705
1.3766691176470587
0.20243382352941175
0.0
0.0
1.563985294117647
0.0
0.5476691176470588
0.0
0.028264705882352942
0.022602941176470586
0.12566176470588236
0.08794852941176469
1.4395073529411766
0.29219117647058823
0.7882867647058824
0.1535220588235294
0.047330882352941174
1.5110000000000001
0.13013970588235296
0.002801470588235294
0.19474264705882355
0.05043382352941177
8.271125
8.815514705882352
8.852757352941175
8.853448529411764
8.629786764705882
8.10835294117647
7.123845588235294
7.5884632352941175
1.218985294117647
0.0
0.09548529411764706
0.9743676470588236
0.25795588235294115
7.582323529411764
0.014132352941176471
2.163727941176471
0.002801470588235294
1.5484926470588238
4.653375
5.908176470588235
0.18625735294117643
0.0
3.072911764705882
0.0
0.6375955882352942
0.6050955882352942
5.781
0.6206911764705881
1.8133235294117647
0.011470588235294118
1.1287132352941176
1.3780294117647058
0.4534411764705883
5.639566176470588
0.0
1.2418014705882352
3.0195808823529413
0.0
1.1799852941176472
2.985433823529412
3.3943014705882355
4.112169117647059
0.9276985294117647
0.23325
0.033426470588235294
0.14549999999999996
2.322419117647059
10.997794117647059
6.766110294117647
3.373625
3.9089779411764702
0.35653676470588236
0.0941470588235294
9.872963235294117
11.822794117647058
12.25533088235294
11.606757352941175
11.791411764705883
10.381235294117646
1.0799338235294116
2.412661764705883
2.8659117647058823
7.710029411764705
3.787551470588235
0.2802426470588235
0.1880294117647059
0.0
2.719588235294118
1.2253088235294118
0.10826470588235294
1.5158088235294118
8.649705882352942
8.747823529411765
1.2334191176470588
6.388860294117647
4.836999999999999
13.248242647058824
9.731926470588235
1.8555588235294118
0.0
8.730367647058824
13.543205882352941
13.848544117647059
13.958352941176472
13.98154411764706
13.982404411764707
12.854852941176471
13.057514705882355
8.042419117647057
9.509154411764705
12.005544117647059
8.485963235294117
11.47120588235294
7.289286764705883
12.739698529411765
0.6180955882352941
0.312375
10.260948529411765
7.635389705882353
2.4661250000000003
4.05675
0.02177205882352941
6.530639705882353
0.9395588235294117
8.463948529411764
8.461397058823529
12.023139705882352
13.042073529411764
11.420573529411763
5.819088235294117
5.478705882352941
0.8447426470588235
0.4097352941176471
3.5683676470588237
12.843183823529412
4.2180220588235295
5.906632352941177
5.098544117647059
4.461029411764706
2.235919117647059
2.824794117647059
3.640463235294117
7.245970588235294
1.2956029411764707
4.415544117647058
7.9111176470588225
2.967117647058824
3.7849264705882355
3.9881617647058825
3.564183823529412
0.8943088235294118
3.8853676470588234
2.6564779411764707
0.7256838235294116
0.7459632352941176
1.9435294117647057
3.8568382352941173
2.288455882352941
9.7545
1.960014705882353
1.2580514705882353
0.8848014705882353
0.4768088235294118
0.42276470588235293
0.6890514705882352
2.2791397058823533
0.707735294117647
0.19100735294117646
2.4775882352941174
3.2718970588235297
1.2764264705882353
0.0
0.6627426470588235
0.0
9.03935294117647
13.075992647058824
12.41197794117647
12.159911764705882
12.935257352941179
9.704345588235293
5.850036764705883
7.090948529411765
0.00563235294117647
6.352426470588235
9.11697794117647
10.172492647058823
5.1306691176470585
9.13816911764706
3.4672352941176467
6.1624485294117655
11.374742647058824
2.1184338235294113
2.624352941176471
2.775448529411765
7.922448529411764
2.939294117647059
4.9177205882352935
9.84081617647059
12.505169117647059
9.743823529411763
7.413323529411764
3.953904411764706
0.4864705882352941
1.4543823529411763
5.367566176470588
2.974786764705882
0.5672941176470588
3.88710294117647
7.121485294117647
11.17533088235294
8.937661764705881
3.122316176470588
4.594235294117647
4.429992647058824
1.3963382352941176
2.435154411764706
9.351661764705883
11.298441176470588
9.436595588235294
2.659808823529412
2.0474779411764708
10.074477941176472
10.68371323529412
0.6139926470588236
1.700985294117647
2.2769044117647055
1.1918382352941175
4.559176470588235
1.368860294117647
1.7048970588235293
7.603411764705881
2.3455073529411767
5.481904411764706
9.498919117647059
8.150514705882353
7.904213235294117
5.204426470588236
0.0
4.170485294117647
0.0
4.392242647058824
3.0999558823529414
7.862463235294118
4.83922794117647
2.1289926470588236
7.6100367647058835
4.356536764705883
7.446676470588236
3.8098529411764703
6.022110294117646
0.09810294117647057
0.0
2.6907132352941177
1.5314999999999999
2.9635514705882353
0.027492647058823528
1.395654411764706
0.0
1.3024558823529413
0.9282794117647059
0.0
0.07213970588235294
0.06494117647058824
5.5120514705882355
5.854
3.678830882352941
2.9577058823529416
0.0
0.0
0.03247058823529412
3.435264705882353
0.09740441176470588
6.898154411764707
4.86322794117647
4.313316176470588
1.0760514705882354
8.295808823529413
6.1525
0.2169558823529412
0.9353088235294118
0.1404338235294118
0.0
0.0
2.1265294117647056
1.6364264705882352
1.0839191176470588
0.08284558823529412
0.42070588235294115
0.7503455882352941
0.03247058823529412
0.0
0.0
0.06779411764705881
2.3190441176470586
1.8926029411764707
3.5275441176470586
1.333875
0.0
0.48344117647058826
0.29219117647058823
0.0
0.8388088235294119
3.410625
0.0
0.0
0.06494117647058824
5.570036764705883
0.0
1.650639705882353
0.0
0.42420588235294115
0.0
5.294654411764705
0.40092647058823533
1.1589044117647058
0.0
0.0
0.0
0.29995588235294113
0.05922794117647059
0.09740441176470588
1.9321617647058824
4.751941176470588
0.0
1.4066911764705883
0.03247058823529412
0.3020955882352942
3.1623823529411763
0.007654411764705882
0.09740441176470588
0.00563235294117647
0.8801249999999999
0.7104264705882353
3.3462794117647063
0.0
0.0
2.285948529411765
0.15527205882352943
0.0
0.0
0.9734779411764706
1.460095588235294
0.09740441176470588
2.0422058823529414
1.8508382352941177
0.0
0.0
4.589514705882353
0.0
1.6766544117647058
0.053514705882352936
1.4941544117647059
4.061485294117647
0.14644852941176473
0.0
0.11153676470588236
0.04098529411764706
1.5429779411764708
5.9684044117647055
3.009198529411765
4.628933823529412
0.0
4.311801470588235
0.9492647058823529
0.7692205882352942
4.306948529411764
7.26933088235294
6.597610294117646
6.671110294117646
6.468279411764705
0.0
0.0
0.8058970588235295
0.0
0.0
0.3246617647058823
0.008441176470588237
1.2896029411764705
3.2260882352941174
2.171220588235294
4.579676470588235
2.154058823529412
3.509610294117647
3.9505882352941173
0.08794852941176469
0.2646029411764706
0.0038161764705882356
0.026742647058823527
2.7139558823529417
3.075330882352941
1.9709485294117646
0.0
0.0
5.751676470588236
7.237507352941176
4.959066176470588
1.3811691176470589
0.4211985294117647
0.0038161764705882356
0.21911029411764704
0.9832352941176469
0.03247058823529412
0.35607352941176473
0.0
0.1390808823529412
0.0
1.163066176470588
1.6816617647058822
4.430073529411764
0.022919117647058822
6.087544117647059
2.088426470588235
0.49624999999999997
2.0270220588235297
0.48696323529411767
7.936808823529413
7.1526764705882355
8.12560294117647
0.5671911764705883
2.136110294117647
2.3015367647058826
1.8688455882352941
8.012220588235294
7.8471029411764714
3.5244044117647055
2.512742647058824
0.0
1.724110294117647
3.102176470588235
4.75760294117647
0.0
0.08459558823529412
5.157544117647058
9.594492647058825
2.5634338235294116
10.262330882352941
10.859882352941176
11.570330882352941
3.3970514705882353
2.5731470588235292
11.908955882352942
12.76175
11.347955882352942
8.24079411764706
9.994463235294116
0.17741176470588235
6.186345588235294
7.403823529411764
2.8038014705882355
4.491808823529412
11.380536764705884
5.280794117647059
4.051536764705882
0.0
3.5608382352941175
0.0
0.0
4.5296691176470585
6.9315661764705885
4.8245000000000005
1.3589779411764706
2.6044338235294116
0.3970514705882353
8.400713235294116
1.6420147058823529
10.997323529411764
12.727808823529411
10.917617647058824
8.789683823529412
6.024132352941176
2.2385882352941175
3.1246691176470587
7.808654411764705
4.232757352941177
8.788948529411766
9.912426470588237
11.055058823529412
8.095419117647058
1.2539117647058822
9.333367647058823
5.593161764705882
0.38135294117647056
0.7116323529411765
0.0038161764705882356
4.884066176470589
0.29338235294117654
4.4851544117647055
10.375529411764706
9.089919117647057
11.290404411764706
0.6451323529411764
0.002801470588235294
5.983073529411765
3.4641249999999997
9.02956617647059
6.671
0.8089338235294118
7.720558823529412
9.700095588235293
2.7269264705882352
13.279301470588237
7.1169705882352945
7.491088235294118
3.432389705882353
2.1229117647058824
0.0
0.1789264705882353
0.992595588235294
3.752345588235294
4.883786764705882
8.691639705882352
9.331286764705883
6.695507352941176
3.985022058823529
7.743316176470589
1.3483602941176471
0.0
1.8345294117647062
4.812757352941176
4.5426029411764715
1.294794117647059
5.769286764705883
0.7279779411764705
6.957742647058823
10.457558823529412
11.744558823529411
8.125154411764708
9.25206617647059
1.2700073529411764
4.592514705882352
1.7505661764705882
3.8857794117647066
0.5147132352941177
2.2422279411764703
5.28810294117647
0.22819117647058823
1.2810882352941177
0.5163602941176471
0.1622794117647059
4.650352941176471
1.7381838235294118
5.41502205882353
0.5044779411764706
0.7631323529411764
5.391213235294117
1.355764705882353
3.771088235294118
8.759235294117648
6.915205882352941
2.551625
2.8208014705882354
7.325727941176471
9.875345588235295
10.87904411764706
11.864639705882352
6.390904411764706
0.3648014705882353
0.06494117647058824
0.0
0.0
4.700823529411765
8.275220588235294
8.041639705882353
9.205411764705884
4.0704191176470585
4.811779411764706
7.623404411764705
0.9108823529411766
0.1764264705882353
4.848522058823528
0.0
3.2336397058823527
6.062926470588235
5.104330882352941
0.9874191176470587
1.074316176470588
7.7251249999999985
1.6434485294117647
8.112191176470589
8.64004411764706
5.6911249999999995
4.861750000000001
8.974397058823529
10.70878676470588
11.359117647058824
10.42733088235294
7.785477941176469
1.3625955882352943
2.4517279411764705
5.058911764705882
6.630830882352941
1.4370220588235294
7.57902205882353
3.2770220588235293
6.134485294117647
0.5173088235294118
2.5813897058823527
6.7250661764705875
4.682323529411765
0.21142647058823527
1.5620367647058824
5.689573529411765
4.235610294117647
7.746845588235294
4.931955882352941
3.5903308823529407
0.09740441176470588
0.03247058823529412
2.3508676470588235
7.351683823529412
5.951191176470589
1.6505735294117647
3.2366176470588237
3.5123602941176473
0.0
4.805308823529411
5.657257352941176
1.9697058823529412
4.376257352941177
4.049191176470589
1.1576985294117648
0.0
0.002801470588235294
3.423860294117647
0.0
3.129095588235294
0.3246617647058823
0.0
0.16970588235294115
0.0
2.5330514705882354
1.1036985294117645
0.08072058823529411
0.32646323529411764
0.07557352941176469
2.048485294117647
0.5500073529411765
1.9898676470588237
0.30518382352941176
1.6376397058823529
0.6528529411764705
0.002801470588235294
0.0
0.0
0.18607352941176472
4.856426470588235
4.998933823529412
5.229933823529412
2.1876029411764706
1.1650367647058824
4.8146691176470595
0.0
0.0
0.9207058823529413
3.714580882352941
0.8281691176470588
5.9197058823529405
4.226536764705882
0.0
1.2611470588235294
0.022602941176470586
0.0
0.30875735294117646
3.3435661764705884
2.9756691176470587
0.6094558823529411
0.0
0.0
1.0891911764705882
0.0
0.0
0.0
0.03247058823529412
0.7355588235294118
0.0
0.16866176470588234
0.0
1.067875
0.0
1.0374779411764707
2.141764705882353
0.0
0.5251029411764705
3.7017279411764705
0.0
0.0
0.9307058823529413
3.5701764705882355
0.0
1.5223014705882354
0.44969852941176475
0.9880441176470588
0.18938970588235296
0.047330882352941174
0.0
0.0
0.0
0.592875
0.0
0.023676470588235292
2.5056102941176475
0.10866911764705882
0.8136029411764706
0.15564705882352944
0.0
0.09810294117647057
0.5428823529411764
2.1044632352941175
3.5600882352941174
3.3015294117647063
0.0
6.749058823529412
0.0
2.0690661764705887
4.665257352941175
4.904426470588235
6.049573529411765
4.191154411764707
4.909889705882353
0.9113014705882353
3.219036764705882
1.084389705882353
0.7100514705882354
0.007654411764705882
0.0
1.142375
2.0004558823529415
0.0
0.0
0.2970514705882353
0.12986029411764707
0.0
3.029727941176471
2.4741544117647054
7.346544117647059
7.902794117647058
7.177698529411764
5.919669117647058
0.0
1.6589558823529411
0.4717867647058823
0.055102941176470584
3.8270367647058823
5.6930514705882365
0.5519191176470589
5.939308823529411
0.10231617647058823
0.1065
0.0
0.8296102941176471
0.9739485294117647
1.316235294117647
8.27439705882353
9.038367647058823
7.8095661764705895
2.893257352941176
2.433294117647059
1.300448529411765
6.060316176470588
4.298683823529411
0.06494117647058824
0.011294117647058824
1.4578161764705881
0.0
5.387448529411764
5.042860294117648
9.339014705882352
8.670654411764707
8.131242647058825
2.884360294117647
0.3942720588235294
2.5431176470588235
0.1725955882352941
1.72675
1.943558823529412
9.94755882352941
3.1448529411764703
0.002801470588235294
3.9719632352941177
2.8603676470588235
0.22920588235294118
0.6989338235294118
2.1918823529411764
2.3895073529411768
10.363316176470587
8.974426470588234
10.085647058823529
9.985110294117646
3.5894852941176474
1.3964191176470588
0.34862499999999996
2.9190073529411764
10.28160294117647
7.654411764705882
2.1099779411764708
9.1205
10.64779411764706
6.51652205882353
0.0
1.1479779411764706
4.447889705882353
2.546735294117647
1.6296323529411765
5.217080882352941
4.932779411764706
8.966029411764707
11.566654411764706
11.466227941176472
10.032698529411764
10.961272058823528
10.337036764705882
10.645161764705882
3.068132352941176
12.232286764705881
9.69539705882353
3.5356544117647064
9.921977941176472
6.562639705882353
8.334117647058823
0.29644117647058826
0.7013970588235294
4.4142205882352945
0.03247058823529412
6.448397058823529
5.501058823529412
3.5969411764705885
0.0
7.903845588235296
4.0005147058823525
9.973720588235294
8.110963235294117
1.811676470588235
3.5684264705882356
8.620308823529413
13.234654411764707
13.831036764705882
13.472720588235294
11.661779411764705
2.3081323529411764
6.029294117647059
3.987544117647059
8.904257352941176
0.6066029411764705
0.5557058823529412
0.5683382352941178
3.6942794117647058
9.51585294117647
13.827463235294116
13.840536764705883
0.5270661764705882
12.617242647058825
14.069411764705883
14.40335294117647
13.87575
13.602051470588234
11.430720588235294
11.2985
9.295985294117646
7.9005955882352925
9.931926470588238
5.489169117647059
12.202470588235295
10.601095588235294
0.230125
4.772661764705882
1.9325220588235292
2.5636691176470587
1.2965735294117646
0.5232720588235293
7.310735294117647
4.209786764705883
3.4184117647058825
4.529360294117647
1.6775073529411766
3.803698529411765
7.141286764705883
1.4716617647058825
7.730610294117647
3.6176323529411767
5.970404411764706
4.471316176470587
5.017779411764707
7.218485294117647
7.1335000000000015
7.622617647058823
2.776213235294118
5.323088235294118
9.00641911764706
2.1894117647058824
9.99283088235294
14.411455882352941
14.467875000000003
7.930375
12.156779411764704
13.908926470588236
11.801389705882354
12.11910294117647
9.007360294117646
12.659051470588235
4.688051470588236
8.600441176470587
5.69264705882353
4.436051470588235
8.65214705882353
3.224875
0.11528676470588234
0.17416911764705884
4.537705882352942
0.5196911764705883
3.651772058823529
2.2445955882352946
9.409374999999999
11.91920588235294
8.083514705882354
6.444382352941176
11.700602941176472
8.936889705882352
2.970139705882353
5.550330882352942
1.8950882352941179
1.5982573529411765
2.5140661764705885
3.1444191176470584
4.599264705882353
11.478963235294117
11.969301470588235
7.774419117647058
9.636426470588235
6.834242647058823
10.161095588235295
2.8991470588235293
10.457529411764707
8.500683823529412
1.825580882352941
2.256941176470588
5.232536764705882
4.803536764705882
4.873242647058824
1.7280588235294119
6.577573529411764
9.125389705882352
7.375205882352941
11.209669117647058
9.35783088235294
6.2253750000000005
1.2576102941176472
3.099522058823529
9.924867647058823
9.718397058823529
8.47585294117647
3.2809852941176465
5.80110294117647
9.732808823529412
7.4990073529411765
10.41433088235294
7.2334411764705875
7.984124999999999
7.04827205882353
7.827448529411764
9.005007352941178
9.306580882352941
7.789264705882354
8.350911764705884
9.677044117647059
7.818588235294118
5.037823529411765
7.19964705882353
3.14222794117647
6.776249999999999
1.6983529411764706
6.130705882352942
7.678551470588235
6.9964852941176465
8.188757352941177
0.4010955882352941
0.22347058823529414
4.443397058823528
2.9029264705882354
4.8934999999999995
0.9543750000000001
0.32125
0.0
0.09740441176470588
0.0
0.11072058823529411
0.43513235294117647
0.8694558823529412
0.0
0.2046323529411765
1.4315000000000002
4.653838235294118
0.0
1.9164926470588237
3.6916911764705884
5.792838235294118
6.413110294117647
4.571625
0.19086029411764707
0.06494117647058824
3.2682794117647056
2.7665588235294116
0.0
0.11911764705882355
1.0660514705882354
0.0
2.189125
0.5412573529411765
5.582639705882353
0.0
0.455514705882353
1.9098529411764706
8.186294117647058
7.377161764705882
0.0
3.2048161764705885
1.415419117647059
5.728213235294117
2.240191176470588
0.03247058823529412
0.8873823529411764
0.45831617647058825
0.27702205882352937
0.9461470588235293
0.0
5.200205882352941
4.811036764705882
1.8467941176470588
0.07945588235294118
0.3732573529411765
0.0
5.620669117647059
0.32976470588235296
0.0
0.35714705882352943
0.7587426470588234
0.7176691176470588
4.9001029411764705
4.5331029411764705
0.8402573529411765
0.4970441176470589
0.8284117647058825
0.0
0.0
0.0
0.012301470588235292
0.1947573529411765
0.03807352941176471
0.0
0.0
0.0
0.0
0.0
1.090514705882353
0.022919117647058822
0.7537499999999999
0.0
0.7015955882352941
0.011470588235294118
0.11831617647058824
0.47681617647058827
0.0
0.0
0.0
0.19624264705882352
3.8322573529411756
1.3074485294117648
3.5368161764705888
3.976220588235295
0.3762132352941176
0.0
0.31019852941176473
0.0
2.0190367647058824
3.5307500000000003
0.5921617647058823
0.007654411764705882
0.8215367647058823
0.09740441176470588
0.34317647058823525
0.027492647058823528
0.24523529411764708
0.0
0.5961029411764706
0.0
2.586220588235294
0.5599117647058823
3.6685514705882354
0.0
0.0
2.5098676470588233
3.8953455882352936
0.0
0.0
0.0
0.0
0.9663308823529413
1.1652867647058822
1.554455882352941
0.11646323529411765
0.6435073529411764
0.0
3.1717132352941175
0.0
0.36446323529411767
0.17815441176470587
1.1958161764705881
0.011794117647058823
0.09464705882352942
0.3592205882352941
0.1622794117647059
5.024558823529411
3.138073529411765
2.1700735294117646
8.338742647058822
7.166022058823529
7.252955882352942
0.6154117647058823
0.0
6.3935
7.923323529411766
8.819036764705881
8.120095588235294
6.750294117647059
0.0
0.29498529411764707
2.6490441176470587
0.6168088235294117
3.092779411764706
5.021102941176471
3.5238823529411762
6.745088235294117
0.06494117647058824
1.1744264705882355
0.9151176470588236
4.473595588235294
0.09162499999999998
2.3296397058823533
9.136000000000001
8.778330882352941
2.669580882352941
0.06333088235294117
6.00802205882353
2.2300220588235296
0.1622794117647059
0.3952058823529412
0.38687499999999997
0.8802132352941177
5.2209264705882354
5.210191176470588
1.723404411764706
3.7719779411764707
0.00563235294117647
2.4767058823529413
1.4207279411764706
5.971110294117647
0.0
0.6589632352941176
0.7104632352941177
0.0
2.630404411764706
1.5755735294117648
3.497470588235294
3.834176470588236
3.5388970588235296
0.0038161764705882356
0.835
0.0
1.405360294117647
0.07059558823529412
4.747838235294118
0.002801470588235294
0.1789264705882353
10.199573529411765
7.889757352941177
5.573735294117647
3.6593676470588234
9.69044117647059
1.1935220588235294
3.9146691176470587
10.534272058823529
1.4467352941176472
7.385014705882353
7.1683602941176465
4.029485294117647
10.282713235294118
5.5177499999999995
10.516727941176471
0.43807352941176475
3.9742500000000005
1.6924632352941176
2.4791838235294117
9.441235294117647
10.762948529411764
0.023676470588235292
4.128080882352941
4.466161764705881
0.6029705882352941
4.000897058823529
1.4716985294117648
0.30875735294117646
5.051360294117647
1.746095588235294
4.550941176470587
6.691301470588236
9.50696323529412
3.967529411764706
11.958838235294117
4.828058823529411
0.47113235294117656
0.0038161764705882356
0.0
0.0
0.25988970588235294
0.011470588235294118
1.5454191176470589
1.2915220588235294
2.458389705882353
11.847433823529414
3.1678235294117645
5.981801470588236
8.131117647058822
10.211529411764706
4.565433823529411
8.64704411764706
14.240970588235296
13.556823529411766
3.92014705882353
2.1744411764705887
7.86570588235294
7.677624999999999
4.721536764705882
2.414639705882353
6.768169117647059
0.5673676470588236
2.4266470588235296
2.296389705882353
13.376948529411765
14.522029411764706
9.779139705882352
14.08944117647059
13.884764705882352
9.746338235294118
5.4665
3.1359705882352937
0.7578529411764706
5.441801470588235
0.2549485294117647
0.8821029411764706
0.4950661764705883
9.965301470588237
7.720411764705883
12.997132352941177
12.885654411764706
6.255389705882353
6.721169117647058
5.38264705882353
12.605625
13.887492647058822
13.01020588235294
13.940286764705881
10.707088235294117
3.134441176470588
10.141448529411763
9.377007352941177
11.886948529411764
6.086566176470588
1.409191176470588
6.235713235294118
12.507661764705881
13.903823529411765
13.159029411764706
1.9615294117647057
9.627308823529413
10.238286764705883
5.896213235294119
8.021992647058823
1.8798676470588236
9.956669117647058
12.578308823529412
5.856463235294118
8.352823529411765
1.5884338235294118
0.7789779411764706
0.0
1.1165588235294115
7.638448529411763
9.856911764705883
10.872110294117647
10.115977941176471
6.519426470588235
9.764661764705883
3.2531176470588234
1.2991764705882352
12.614573529411764
7.709426470588235
6.043632352941176
9.70131617647059
11.210948529411764
10.362169117647058
8.16695588235294
3.872080882352942
6.184286764705882
3.733161764705882
10.351272058823529
10.675904411764705
10.53514705882353
7.715463235294116
11.875338235294116
11.633463235294117
11.666485294117647
3.7936323529411764
6.053044117647059
5.878816176470588
5.316786764705882
9.806102941176471
3.625058823529412
4.725838235294117
9.787264705882352
0.10413235294117647
0.08194117647058824
3.0979926470588235
0.002801470588235294
1.5767720588235297
0.1660808823529412
4.469544117647058
3.709845588235294
5.274941176470588
1.999941176470588
0.5613161764705882
7.340742647058823
0.3479705882352941
3.3643529411764708
7.609514705882353
7.592713235294117
7.939367647058823
7.867970588235293
9.719448529411764
7.240992647058825
6.462779411764707
0.9160588235294118
9.10745588235294
0.3895955882352941
0.5810882352941176
7.101867647058824
5.637367647058824
1.2244779411764706
2.1288382352941175
0.4443014705882354
5.117860294117647
0.002801470588235294
2.2784705882352942
0.6228088235294118
8.775904411764706
2.7513529411764703
3.4790220588235297
0.10886764705882354
0.8875661764705882
0.03247058823529412
0.1947573529411765
1.7940073529411766
4.544382352941177
2.833816176470588
6.141125
5.464345588235294
4.760088235294118
4.5905514705882355
5.3666470588235295
1.7418235294117648
3.4328161764705882
5.47175
0.30063970588235295
0.6594264705882352
0.011794117647058823
5.6063897058823535
1.4727573529411764
5.248463235294118
2.1446691176470587
4.479257352941176
5.087514705882352
4.045948529411765
2.9515955882352944
0.22066176470588234
7.561926470588236
5.182058823529411
7.617419117647059
0.0
0.0
0.0
0.34558823529411764
0.10043382352941177
0.0
2.030558823529412
2.0528970588235294
4.797095588235294
4.1500514705882345
0.0
0.026499999999999996
0.15844117647058825
0.0
1.3508676470588235
0.465139705882353
2.1923529411764706
2.7286102941176473
5.900191176470588
6.258198529411764
5.956624999999999
0.20243382352941175
1.0117500000000001
0.0
0.0038161764705882356
0.06494117647058824
1.8265000000000002
0.21304411764705883
0.1947573529411765
2.2363088235294115
5.401058823529412
3.028198529411765
0.0
1.5524411764705883
0.19146323529411766
1.3020882352941177
0.0
0.1355
0.9796029411764706
0.0
2.284110294117647
0.2530514705882353
0.0
0.06494117647058824
0.18938970588235296
0.25427941176470586
0.3418970588235294
0.0
0.8800955882352941
0.4220661764705882
0.20963235294117646
0.8610882352941177
0.10589705882352941
0.0
1.5862720588235295
0.14996323529411765
0.23506617647058822
0.0
0.0
0.0
0.0
0.5468970588235295
2.2458529411764703
3.4286470588235294
0.33946323529411765
2.99975
3.313125
0.07676470588235296
1.9891470588235294
0.4340735294117647
0.09740441176470588
1.8387426470588235
0.199125
0.0
0.657375
0.44618382352941177
0.42016176470588235
0.0
0.0
0.6424926470588236
0.0
0.5444926470588234
0.9008823529411766
0.0
2.9870955882352943
0.0
0.5473161764705883
0.040139705882352945
0.0
8.52097794117647
2.141985294117647
4.669213235294118
7.641992647058823
7.26508088235294
7.844852941176471
6.892441176470588
7.346022058823529
6.163264705882353
2.4968749999999997
0.002801470588235294
1.0879411764705882
0.3895955882352941
0.0
0.3714705882352941
0.0038161764705882356
0.6316470588235293
7.04564705882353
5.5925441176470585
0.0
0.4047941176470588
5.440330882352941
0.0
2.693080882352941
0.3313529411764705
6.90285294117647
3.6602867647058823
5.401735294117647
8.339485294117647
1.8798161764705883
0.09320588235294117
5.032573529411764
8.358169117647058
3.1760294117647057
4.6735
6.016904411764706
7.866132352941177
9.373139705882354
8.837955882352942
8.478904411764704
8.013301470588235
4.322338235294118
1.5194411764705882
2.7042867647058824
2.9590661764705883
0.7822352941176471
0.4068529411764706
1.3703529411764706
1.9043014705882353
0.0
0.0
0.0
0.09160294117647058
2.5053676470588235
0.5233088235294118
0.06494117647058824
0.6480735294117648
0.48725
2.3667573529411765
1.543779411764706
0.0
9.138507352941176
10.606080882352941
9.838125
1.394029411764706
3.107875
10.577860294117647
12.109691176470589
7.122169117647059
12.111514705882353
8.721860294117649
11.969044117647059
12.178213235294118
12.391786764705882
11.857970588235295
12.346250000000001
4.237264705882353
12.457169117647059
3.428279411764706
1.123845588235294
5.829375
0.4385514705882353
7.581352941176469
0.7307279411764707
1.742139705882353
3.20075
5.156029411764706
4.568338235294118
0.7507352941176471
2.847264705882353
0.0
0.0
0.10124999999999999
4.2747794117647056
5.528889705882354
4.56725
8.52410294117647
7.889683823529412
5.415419117647059
0.0
1.2998602941176471
1.3516838235294117
0.03247058823529412
1.7938014705882355
5.0821838235294114
0.48627205882352936
0.0
1.848845588235294
1.4248161764705882
4.55064705882353
9.509536764705883
6.036999999999999
4.295713235294118
0.008441176470588237
4.22466911764706
0.0
4.408919117647058
2.224272058823529
1.0462794117647058
9.495698529411765
6.627323529411765
12.42154411764706
6.737588235294118
0.629360294117647
0.06494117647058824
0.0
1.1793235294117645
10.547911764705884
14.274617647058824
13.722375000000001
6.046845588235294
6.871580882352941
9.203514705882352
3.1254411764705883
0.36761029411764706
0.7006176470588235
6.583676470588236
1.2982500000000001
3.372845588235294
5.786816176470588
13.126382352941178
2.9993676470588233
1.0578235294117648
0.03807352941176471
0.27115441176470584
5.078963235294117
9.921
13.991683823529414
14.355558823529412
12.441705882352942
11.780102941176471
11.620029411764706
4.598102941176471
1.6285
1.4768014705882355
1.67225
0.06779411764705881
0.0
2.461404411764706
0.3123455882352941
3.863529411764706
3.907992647058823
10.866375
10.134536764705883
12.848713235294117
0.5348308823529412
1.070845588235294
0.27237500000000003
8.257507352941175
12.353360294117646
11.280080882352943
0.03527205882352941
5.9737720588235295
10.05083088235294
2.0201617647058825
4.951705882352941
1.9692279411764706
6.3119926470588235
6.503970588235294
0.6569338235294118
0.0
0.0
2.583257352941177
3.193058823529412
6.418352941176471
7.695220588235295
6.614213235294118
7.327411764705881
7.903492647058823
7.472250000000001
6.23004411764706
9.300705882352943
12.119176470588236
12.155014705882353
10.094985294117649
0.48696323529411767
3.855169117647058
6.237058823529412
7.922198529411764
7.898316176470589
4.571176470588235
5.363375
7.661544117647059
7.882874999999999
4.954264705882353
0.5403161764705883
1.1971323529411766
0.0
0.008441176470588237
0.12986029411764707
0.0
0.9080955882352941
0.0
0.9921838235294118
2.5427279411764707
4.222551470588236
0.0
0.0
0.12986029411764707
0.9641470588235296
0.24817647058823525
2.3679264705882352
3.985279411764706
2.7928970588235296
0.7309411764705881
1.1569411764705881
1.242375
0.04098529411764706
4.128882352941177
4.098345588235294
6.203875000000001
1.4061985294117647
1.859735294117647
0.0
2.329125
3.2285367647058827
3.7366911764705883
0.4319264705882353
5.364808823529412
2.618558823529412
0.11153676470588236
0.008441176470588237
0.2610514705882353
2.856985294117647
0.34449264705882354
0.23952205882352942
3.174404411764706
5.410286764705882
7.572705882352942
2.3514485294117646
0.5553823529411764
1.8607941176470586
5.475970588235294
0.0
0.03247058823529412
1.4040661764705882
0.711375
2.300492647058823
5.324183823529412
3.4844411764705883
0.21863970588235293
6.458014705882353
4.435022058823529
4.774897058823529
2.312720588235294
1.6501764705882354
0.7692205882352942
1.7329044117647057
3.561970588235294
1.4695955882352942
0.3956617647058824
0.8709558823529411
0.2840588235294118
1.964735294117647
6.649580882352942
3.974286764705883
5.256088235294118
0.1894705882352941
0.10050735294117645
0.0
0.0
0.8284117647058825
0.08027941176470588
0.0
0.0
1.520191176470588
1.6441029411764707
0.4587867647058823
0.7188823529411765
0.9888529411764706
2.0677279411764706
2.2325220588235295
4.919499999999999
2.8815220588235295
2.6597132352941175
0.8520882352941177
0.0
0.520735294117647
0.7068014705882353
0.958720588235294
0.6509338235294119
0.669110294117647
0.0
0.2597279411764706
0.9531102941176472
1.058955882352941
0.0038161764705882356
0.5916985294117647
0.2840588235294118
0.0
0.0
1.772904411764706
0.0
1.970764705882353
0.22673529411764706
0.023676470588235292
5.216375
0.0
0.45447794117647056
0.0
0.0
0.4216323529411765
1.5648235294117647
1.3937132352941177
0.0
0.0
1.2188455882352942
1.2395367647058824
2.0541470588235295
3.4516985294117646
0.29219117647058823
3.832139705882353
0.0
2.3978529411764704
2.0617867647058823
0.09740441176470588
5.035455882352942
3.783580882352941
0.2680367647058824
0.7537279411764706
0.0
2.5964558823529416
0.0
0.01528676470588235
0.01977205882352941
0.0
1.2226323529411767
2.4819705882352943
0.0
0.08150735294117646
4.412301470588236
5.276647058823529
0.11831617647058824
2.428338235294117
0.0
0.019147058823529413
1.2460588235294117
6.850838235294118
7.017882352941177
8.405110294117646
0.6070661764705882
5.656713235294118
0.0
0.0
5.614941176470588
7.07775
7.6796764705882365
7.859933823529412
5.319801470588236
8.41877205882353
5.9266764705882355
6.7114779411764705
7.806220588235296
8.701544117647058
5.812463235294118
0.05922794117647059
0.8231838235294118
4.549073529411764
5.595742647058824
4.034463235294118
0.40403676470588235
4.179110294117646
3.0091102941176473
2.8613235294117647
0.007654411764705882
4.011036764705882
0.8049044117647058
0.48696323529411767
0.24523529411764708
0.0
2.9277279411764705
1.0234191176470588
0.22941176470588237
0.0
8.274345588235295
6.643992647058823
0.30024264705882353
3.2470514705882354
0.06494117647058824
0.0
0.0
0.2751691176470588
0.08566911764705883
5.662897058823529
2.863345588235294
3.648220588235294
1.578654411764706
3.3010294117647057
0.6780441176470589
0.002801470588235294
5.516286764705883
0.1708235294117647
0.6379852941176472
0.22447058823529412
0.006624999999999999
1.8110588235294118
5.672904411764706
8.420772058823529
3.1158382352941176
2.990551470588235
4.428911764705882
5.954911764705882
1.8100073529411762
3.207014705882353
3.7037720588235294
0.18331617647058823
3.626183823529412
0.25583088235294116
3.657882352941176
0.0
9.062919117647057
11.320867647058822
11.095426470588237
9.56614705882353
9.454867647058824
1.1008455882352939
3.159220588235294
10.703588235294118
0.4453823529411765
4.181147058823529
0.04588970588235294
3.799735294117647
2.0563823529411764
9.618661764705882
1.5996397058823528
0.8025882352941176
2.7624485294117647
0.5398529411764708
3.547926470588235
10.35047794117647
1.896029411764706
8.353441176470588
6.201448529411765
0.34905147058823527
3.2693014705882355
6.751169117647059
5.170713235294118
12.279316176470589
4.174551470588235
11.128198529411764
13.024205882352941
12.571147058823529
6.283977941176469
4.205558823529412
2.7634264705882354
0.007654411764705882
0.46602205882352943
5.760933823529412
12.97727205882353
13.891764705882352
10.41414705882353
0.9963088235294117
0.0
11.00652205882353
11.979338235294119
12.811676470588235
12.218044117647059
14.934764705882353
14.262558823529412
6.670301470588235
6.294602941176471
4.719198529411764
1.8563014705882355
3.878029411764706
2.651845588235294
2.9656029411764706
1.7021911764705882
0.3731985294117647
1.5392720588235296
6.554242647058823
5.4476691176470595
0.7308823529411765
5.487183823529413
3.4654926470588236
0.0
2.949632352941176
2.819455882352941
4.944713235294118
6.124058823529412
0.4515441176470588
0.11269117647058824
5.318529411764706
0.2384191176470588
0.07101470588235295
7.537941176470589
2.8706470588235296
9.442602941176471
13.042588235294117
14.392375
14.351176470588237
6.845970588235294
13.251617647058822
1.746845588235294
1.4653676470588235
1.0740220588235294
1.9845367647058823
6.896036764705882
12.724176470588235
12.36933088235294
8.38383088235294
8.764573529411765
11.946566176470588
11.140786764705883
6.934220588235294
6.153191176470589
8.438617647058823
0.21400735294117648
2.0660955882352945
11.121566176470587
12.541330882352941
3.231470588235294
7.146242647058823
5.120948529411765
1.4523455882352942
9.438970588235295
2.837580882352942
2.2245588235294114
3.4142794117647064
4.682007352941177
6.215441176470588
5.982764705882353
0.36670588235294116
3.0563970588235296
2.8748529411764703
10.32197794117647
5.645551470588235
9.928595588235295
1.4261102941176471
4.24029411764706
10.610720588235294
7.902588235294117
3.671419117647059
3.4149485294117645
2.6251838235294116
1.3633382352941177
7.526867647058824
5.092419117647059
6.591132352941177
8.848470588235294
7.1329191176470585
0.45993382352941176
8.492889705882352
6.864624999999999
11.009227941176471
10.479816176470589
10.880647058823529
8.213088235294117
6.460191176470588
8.393125000000001
1.8255661764705882
1.9338529411764707
0.16776470588235295
5.821786764705883
3.9544485294117653
0.0
6.67289705882353
7.908713235294118
7.435257352941177
5.788213235294117
6.456654411764706
2.64175
0.5316323529411764
1.3677132352941175
0.0
7.488794117647058
9.75743382352941
4.225558823529412
5.204470588235294
1.5696838235294115
3.0060367647058825
5.349676470588236
5.454000000000001
6.160647058823529
6.805051470588235
5.760014705882353
8.495272058823529
7.306095588235293
8.892279411764704
1.3540514705882354
7.050823529411765
7.833838235294118
1.9324558823529414
1.8899705882352942
0.10914705882352942
2.2924044117647058
3.540860294117647
0.9460073529411765
1.8189264705882353
6.422933823529412
5.407220588235295
2.4972132352941174
1.8357426470588236
0.6626764705882353
0.0
0.0
3.6947426470588236
5.996808823529412
5.903154411764706
4.012257352941176
8.578183823529415
8.24595588235294
7.928551470588235
6.757382352941176
2.5970367647058823
1.0532647058823528
4.999742647058824
0.9230735294117646
0.0
0.03247058823529412
0.5570735294117647
3.3301985294117644
4.069919117647059
0.0
2.240985294117647
0.29498529411764707
0.035470588235294115
0.07908823529411764
0.8435441176470588
1.513985294117647
0.17826470588235294
3.322330882352941
1.3224632352941175
2.0292941176470585
3.269816176470588
3.853073529411765
0.02540441176470588
0.0
0.0
0.0
0.026742647058823527
0.007654411764705882
0.011794117647058823
0.24460294117647058
0.9110367647058822
0.0
1.1197573529411766
2.930154411764706
0.0
0.0
0.002801470588235294
2.4683970588235296
0.04116911764705883
6.988235294117647
1.6539264705882355
0.007654411764705882
0.09740441176470588
0.0
0.5996176470588236
0.022919117647058822
2.1070514705882353
0.14525
0.0
0.0
0.0
0.0
0.0
0.3909852941176471
0.0
0.6107279411764706
6.12595588235294
1.8848382352941173
1.3614485294117649
0.0
0.0
0.0
0.0
0.141375
2.573095588235294
5.192941176470589
0.16945588235294118
0.0
0.1688235294117647
1.1824999999999999
0.0
0.5445000000000001
1.3803308823529414
0.0028897058823529414
0.7404705882352942
0.07406617647058823
0.8134117647058823
0.16914705882352943
0.10174264705882352
0.43772794117647057
0.03380882352941177
0.14441176470588232
1.862941176470588
0.0
0.0
0.4302794117647059
0.0
3.2440294117647057
0.0
0.8867573529411764
1.555764705882353
5.034132352941176
1.822595588235294
0.3170147058823529
3.4479852941176468
0.0
0.03380882352941177
0.24000735294117645
0.0
0.0
0.10145588235294119
2.1923823529411766
1.2517941176470588
7.249073529411764
1.9699485294117647
0.9442647058823529
0.0
6.174279411764706
7.628455882352942
4.615205882352941
1.2335441176470587
5.292088235294117
0.8153014705882353
5.40675
0.39299264705882353
0.0
3.6465073529411764
6.857301470588235
3.338801470588235
6.652904411764706
1.808580882352941
4.687448529411765
8.575522058823527
8.700889705882354
3.4009485294117647
1.1566838235294117
1.6251617647058823
1.632125
0.0
0.0
0.0
0.3661323529411765
0.44600735294117644
0.02466911764705882
1.1502867647058825
0.0
0.0
0.0
0.0
0.7690588235294118
3.9278602941176466
5.949419117647059
7.1471544117647055
9.932992647058823
2.736654411764706
3.734669117647059
0.8347867647058824
1.7427573529411764
0.0
8.089867647058824
1.7116691176470589
0.0
1.5502573529411763
3.6704264705882355
2.0103970588235294
1.7870514705882352
7.433147058823529
6.258676470588235
0.0
0.0
0.0
1.6873823529411764
2.217985294117647
1.4441764705882352
1.0789485294117647
0.0
5.000566176470588
4.360257352941177
7.030941176470589
0.24767647058823528
5.249441176470588
3.969389705882353
2.538455882352941
1.5076249999999998
2.2976397058823532
2.527080882352941
4.141639705882352
1.3725441176470587
2.4048602941176473
1.830558823529412
3.9984411764705885
0.31556617647058827
6.2759632352941175
2.661830882352941
6.663911764705882
1.819183823529412
10.891595588235294
11.684794117647058
12.186051470588234
3.2611617647058826
6.219080882352942
4.047477941176472
2.8003602941176475
5.292205882352941
5.643764705882353
0.0
5.3682058823529415
9.255624999999998
7.2574852941176475
1.465235294117647
2.626926470588235
10.533625
10.855551470588235
3.371389705882353
3.762029411764706
4.853661764705883
1.056544117647059
7.752455882352941
10.458492647058824
3.3230073529411768
13.772110294117647
13.598242647058823
8.518676470588234
2.7553088235294116
0.9700220588235294
0.38392647058823526
4.966764705882353
4.003375
2.966360294117647
6.497220588235295
3.789941176470588
4.125661764705882
0.005919117647058823
0.0
0.5041544117647059
12.165889705882353
14.52731617647059
0.6756102941176472
2.692257352941176
5.299235294117646
12.259419117647058
14.047639705882352
11.700683823529413
10.174970588235293
0.910625
6.989470588235294
8.231669117647058
9.367963235294116
13.841595588235295
7.4155588235294125
5.538536764705882
8.53791911764706
13.914573529411765
14.597874999999998
14.37785294117647
13.658286764705883
14.841154411764705
13.265235294117646
13.20385294117647
10.507735294117648
10.954544117647059
7.518375
0.19236029411764707
3.376389705882353
3.9259264705882355
5.633308823529411
1.5706544117647059
7.0896397058823535
8.408389705882355
3.467713235294118
11.011044117647058
5.289889705882352
10.7845
9.43464705882353
3.641345588235294
2.593985294117647
9.490801470588236
2.847448529411765
6.945330882352941
2.6034926470588236
4.239624999999999
0.24349264705882354
2.3746911764705882
3.6251544117647065
9.274169117647057
9.477669117647059
12.721426470588236
9.356191176470588
8.168338235294117
13.47025
13.365213235294117
5.307882352941176
12.244029411764707
13.445830882352942
10.18652205882353
7.560904411764705
7.24677205882353
7.700691176470587
6.5135000000000005
0.0
5.597330882352941
6.400845588235294
5.144683823529412
6.793992647058823
5.465794117647058
1.173470588235294
0.06768382352941178
2.8621764705882353
6.970345588235294
0.0733014705882353
1.765264705882353
0.33386029411764706
5.348183823529412
1.4153382352941175
3.2601764705882355
4.255764705882353
2.964926470588235
0.3891764705882353
2.2905294117647053
0.1902794117647059
1.2119779411764706
1.432294117647059
2.075948529411765
10.14860294117647
6.07172794117647
4.991676470588235
6.380485294117648
9.257132352941177
7.8457058823529415
8.695801470588234
0.15086764705882352
0.06705882352941175
2.8141985294117653
0.08530147058823528
0.0
0.0
3.051948529411764
7.956419117647058
7.893169117647059
6.005161764705882
7.347632352941177
2.74575
4.8472132352941175
8.997735294117646
5.316301470588236
0.9350735294117646
5.602117647058824
6.452683823529412
6.394551470588235
9.00378676470588
5.807610294117647
4.25764705882353
8.194176470588234
9.07727205882353
1.232029411764706
1.7011764705882353
0.6438161764705882
2.7019485294117644
8.37922794117647
3.4629191176470586
3.0183897058823526
7.324955882352941
6.07945588235294
8.610632352941176
3.7412794117647055
0.0
5.66235294117647
0.3930220588235294
0.30518382352941176
0.4781029411764706
0.0
1.8614485294117646
4.396308823529411
0.0
1.375904411764706
4.3467794117647065
0.0
0.4059779411764706
3.2696102941176473
0.0
0.0
3.086970588235294
0.008845588235294119
0.1355514705882353
0.0
3.0317647058823534
2.2440808823529412
0.568139705882353
5.460080882352941
0.17066176470588235
6.626919117647059
1.8946102941176473
6.012838235294119
2.4874044117647056
1.9444117647058823
0.13119117647058823
0.19710294117647062
5.348007352941176
0.0
0.5123014705882353
1.3514338235294119
0.0
2.2924852941176472
1.2865
0.0
0.0
4.335485294117647
1.035764705882353
1.7109044117647059
3.0254191176470586
1.0004705882352942
0.0
1.4211985294117644
2.804463235294118
6.580220588235295
0.0
0.026522058823529406
3.0098602941176473
1.337375
4.977404411764705
0.3581985294117647
0.0
1.163345588235294
2.2743235294117645
0.0
2.7485588235294114
0.050867647058823524
0.0
0.0
0.3045
0.0
2.702808823529412
0.4407279411764706
0.5106911764705881
0.0
0.0
1.2051764705882353
0.0
0.0
0.0
0.0
0.0
0.27766176470588233
4.259661764705883
0.13531617647058822
0.21183823529411766
0.11852205882352941
2.9522573529411766
2.698529411764706
0.0
0.0
4.03039705882353
0.0
1.0606397058823531
4.549610294117648
0.0
0.0
0.0
0.8398602941176471
0.4569852941176471
1.0374705882352941
1.025139705882353
0.0
0.0
0.0
0.0
0.0
5.115727941176471
0.2461544117647059
6.395463235294118
7.263713235294118
7.347735294117648
7.691330882352941
6.644875
5.297904411764707
0.0
0.0
0.0
1.607794117647059
0.0
0.0
0.0
1.6328455882352941
0.8610441176470589
0.0912279411764706
0.03380882352941177
0.0
0.0
0.06768382352941178
0.0
0.599014705882353
0.0
0.0
0.9044264705882353
5.76297794117647
8.450801470588235
7.849470588235293
0.0
0.0
0.0
0.0
0.0
5.619382352941177
6.896279411764706
7.692426470588236
7.419705882352941
8.573772058823529
8.360433823529412
4.725477941176471
9.56854411764706
8.646036764705883
9.145397058823528
7.771367647058823
9.589639705882353
4.327742647058823
0.949904411764706
0.0
0.33834558823529415
0.03380882352941177
3.6744411764705878
4.0079705882352945
2.7605
0.0
0.0
0.0
8.118051470588236
0.7358308823529411
4.522720588235295
4.496794117647059
4.259036764705883
2.9549632352941178
2.7395661764705883
0.27063235294117644
9.77358088235294
0.0
4.352764705882353
2.5970220588235295
8.437235294117647
6.603382352941176
0.27063235294117644
1.3194632352941176
5.128485294117647
1.4963161764705883
1.689514705882353
7.084419117647059
0.7792426470588235
0.0
6.842794117647058
8.830735294117646
6.410860294117647
7.108279411764706
2.79852205882353
10.817117647058824
11.475411764705882
12.118360294117647
8.35071323529412
10.579367647058822
12.859727941176473
13.229963235294118
12.686757352941177
1.4087279411764706
3.1603529411764706
5.910154411764706
3.0349558823529414
0.0
0.43980147058823527
0.5168455882352941
7.885323529411765
11.937610294117647
11.338536764705884
7.058860294117646
5.097955882352942
0.03380882352941177
7.074602941176471
4.649161764705883
2.8821250000000003
6.66689705882353
9.512492647058824
1.7316323529411766
5.254963235294118
4.715558823529412
1.9055808823529412
0.4423014705882353
2.3424558823529407
6.437022058823529
11.164367647058823
12.411691176470587
4.065279411764705
7.492125
0.0
0.030544117647058822
0.3797352941176471
6.218455882352941
0.29952941176470593
0.4918382352941175
3.1748823529411765
3.821404411764706
2.121691176470588
7.513058823529413
2.7546323529411763
8.269838235294118
9.877330882352942
5.940470588235294
0.4464191176470588
1.7368750000000002
3.1852352941176467
0.0
1.6323382352941176
5.934933823529413
0.024088235294117646
1.1358602941176468
0.45525
5.356757352941177
4.287
3.261345588235294
0.8532205882352942
2.0414558823529414
1.4929338235294116
8.81597794117647
2.0450220588235295
13.32160294117647
11.68877205882353
3.0745441176470587
2.8146323529411763
5.547397058823528
9.433213235294119
14.916411764705883
14.89197794117647
10.012463235294117
0.05766911764705882
8.806551470588234
8.54789705882353
11.526566176470588
8.620154411764707
6.4318382352941175
13.19616911764706
9.574632352941178
4.4596470588235295
3.6847426470588234
3.5593749999999993
9.693294117647058
3.726397058823529
4.139720588235295
4.94089705882353
6.4241029411764705
6.037316176470589
4.1069338235294115
5.307191176470589
0.850625
0.27091911764705884
0.46855147058823526
2.3286249999999997
0.10618382352941176
2.6618749999999998
1.2218529411764705
1.614875
7.72110294117647
6.353720588235294
6.507235294117646
7.097308823529411
7.9345147058823535
0.41322794117647055
2.5832352941176473
7.519963235294118
2.074213235294118
3.251683823529412
3.4790735294117647
3.711911764705883
0.6830147058823529
10.21510294117647
0.47588970588235296
2.0474852941176467
5.614044117647059
10.125874999999999
11.39205882352941
1.4300808823529412
3.3749264705882354
0.9340220588235295
1.8731176470588236
3.1814485294117647
0.6335294117647059
0.22004411764705883
3.114669117647059
6.293352941176471
9.982617647058824
6.776566176470588
9.321823529411764
8.552213235294118
1.4276470588235295
5.095286764705882
1.2946323529411767
7.281191176470589
6.9043970588235295
2.4643602941176472
4.1670661764705885
5.057117647058824
0.25875
0.5397058823529413
3.2429411764705884
4.955875
4.502294117647058
0.34908088235294116
4.002529411764706
3.2274191176470586
6.098419117647059
3.3485514705882355
1.0875588235294118
3.72527205882353
5.928110294117647
2.818
4.604830882352942
4.125139705882353
0.5271102941176471
7.867963235294117
8.945647058823528
8.459845588235297
8.771735294117647
2.961889705882353
2.2824485294117647
5.10489705882353
6.055919117647059
0.695110294117647
8.523411764705882
8.592029411764706
1.890235294117647
0.0
0.4434558823529412
3.679448529411765
0.0
0.5226470588235294
0.9889411764705883
4.191279411764706
7.8601029411764705
3.8190735294117646
0.027625
0.02466911764705882
0.42129411764705876
0.0
2.4947279411764707
6.4782279411764705
3.3806176470588234
1.0070220588235295
0.3155735294117647
3.3566470588235298
2.584536764705882
0.0
0.0
0.0
0.9783014705882351
2.3980735294117648
0.7163529411764705
0.7358676470588236
0.8769632352941177
0.7251838235294118
0.13531617647058822
0.5706176470588236
0.47760294117647056
1.9601838235294116
0.2059485294117647
1.4534117647058822
0.3741838235294117
0.10536029411764705
0.2570441176470588
0.0
0.10469852941176472
0.609985294117647
0.0
0.0028897058823529414
0.18526470588235291
0.0
0.9386911764705882
0.0
0.03707352941176471
0.0
0.19763235294117648
2.482852941176471
0.20351470588235296
4.765198529411765
0.8893676470588235
1.0005
0.012338235294117646
2.1086985294117646
2.6997720588235294
4.840139705882353
0.0
0.8467794117647058
0.0
2.5059632352941175
0.3581985294117647
0.12349264705882354
0.0
0.0
0.0
0.050867647058823524
0.0
0.0
1.1487794117647057
1.0170661764705882
0.648779411764706
0.0
0.0
1.8319632352941175
0.0
0.0
2.659558823529412
0.050867647058823524
0.4071102941176471
0.0
0.13827205882352941
0.05973529411764705
0.0
0.3202647058823529
0.4429779411764706
3.3484632352941177
5.263227941176471
0.0
2.144220588235294
1.2857573529411765
5.409933823529411
0.9324705882352942
0.0
0.020595588235294116
0.0
1.3406029411764708
1.0064338235294117
0.8298970588235294
0.005919117647058823
0.9022573529411766
1.2008235294117648
0.0
0.6715367647058824
0.24001470588235296
2.2844044117647058
0.0
1.9115588235294116
0.4121691176470588
0.1414411764705882
0.0
1.2447941176470587
1.0976911764705883
0.9523970588235295
0.6089558823529412
0.6603382352941176
3.2547867647058824
0.8161029411764705
0.0
0.294110294117647
1.5166176470588235
0.0
5.610088235294118
8.129882352941177
8.803125
7.173257352941177
0.10008823529411766
0.0
1.1536985294117645
1.8631323529411767
0.06768382352941178
3.5291911764705883
3.1896764705882354
0.15849999999999997
0.4153235294117647
0.0
0.0
1.8338676470588233
1.611705882352941
0.4232279411764706
3.9929264705882352
0.0
0.005919117647058823
4.841301470588235
0.6936691176470589
0.2570441176470588
4.526897058823529
7.615588235294118
0.0
1.5753382352941177
2.190889705882353
0.0
1.2525
0.0
0.9696691176470589
3.9183602941176465
7.251110294117647
2.957330882352941
0.28152205882352943
0.2070514705882353
0.9610367647058823
0.16945588235294118
1.6245294117647058
0.01472794117647059
2.9815955882352942
0.39684558823529414
3.134441176470588
0.0
2.1134264705882355
0.10174264705882352
0.0
5.530014705882354
8.565624999999999
3.2875882352941175
0.0
5.994647058823529
3.348316176470588
0.0
0.08291911764705884
10.552801470588236
9.036080882352943
7.059191176470588
6.163110294117647
10.96933088235294
7.3865147058823535
11.398955882352942
0.13588235294117648
6.599375
10.583992647058823
5.055860294117647
7.827389705882354
7.925514705882352
10.296463235294118
13.18204411764706
12.458875
11.644213235294117
5.546705882352941
0.0
5.528022058823529
3.608610294117647
7.5517279411764715
3.2711176470588232
3.821933823529412
7.80941911764706
8.078029411764705
12.781426470588235
10.07519117647059
0.0
6.431507352941176
11.591463235294116
13.732904411764705
12.876727941176469
12.93608088235294
6.861897058823529
9.536874999999998
1.2504117647058823
3.9072426470588235
1.9961323529411763
0.1279779411764706
2.6871470588235296
6.883338235294118
7.0632794117647055
13.279419117647057
5.127911764705882
9.133058823529412
12.842955882352939
8.741889705882352
5.376867647058824
5.840132352941176
7.283455882352941
4.305301470588236
4.06683088235294
1.9914117647058822
2.6910661764705885
3.2387941176470587
2.6327499999999997
0.13531617647058822
2.9053676470588234
0.7448455882352941
2.5283676470588237
7.5340735294117644
1.4953529411764706
2.869308823529412
14.546058823529412
14.87133088235294
11.737610294117648
6.821948529411764
10.01847794117647
10.541632352941175
3.090904411764706
0.0
3.3706985294117646
0.5124191176470587
0.11997058823529413
0.012338235294117646
0.0
1.590904411764706
2.3494264705882353
3.8930294117647057
7.720375
6.5791176470588235
3.37677205882353
6.7050808823529415
2.6094485294117646
11.736786764705883
5.718338235294118
6.869036764705882
9.105661764705882
6.465514705882352
7.609808823529413
13.407132352941176
8.410323529411766
6.665
4.424720588235294
3.952955882352941
1.1862573529411764
0.10145588235294119
0.10884558823529412
0.6620661764705882
0.8324926470588236
6.326404411764705
0.7791323529411764
4.224691176470588
10.121264705882353
2.4590441176470588
12.738419117647059
11.558286764705883
9.504499999999998
9.827235294117646
3.736477941176471
10.055117647058823
9.377514705882353
12.609404411764706
1.4816323529411766
5.2522352941176464
6.498625
8.92078676470588
6.065279411764706
12.891073529411765
8.689669117647059
8.572389705882351
5.471345588235294
5.872705882352942
7.871242647058824
11.310882352941176
13.268661764705882
11.96589705882353
10.481007352941177
11.37405882352941
12.720551470588234
3.3300955882352943
1.492433823529412
5.0629558823529415
1.7810735294117648
5.751838235294118
5.738330882352941
3.448029411764706
3.1782132352941184
0.11975735294117647
7.598161764705882
8.461264705882353
5.318970588235295
9.306382352941178
4.159580882352942
2.3292132352941173
2.240764705882353
6.163294117647058
0.036772058823529415
7.249198529411766
9.459404411764705
7.024029411764706
11.045286764705883
10.049389705882351
1.3940367647058824
4.8975
2.281669117647059
3.0053823529411763
0.9027279411764706
0.27711029411764704
1.6696617647058825
2.4314191176470588
0.0
0.16914705882352943
0.0
8.584139705882352
1.9650955882352945
0.31836764705882353
0.0
3.5302426470588237
4.036088235294118
2.9883823529411764
3.003404411764706
5.22260294117647
9.274066176470589
8.654382352941177
0.818360294117647
0.0
0.9599632352941176
0.16914705882352943
1.5889264705882353
3.2057426470588233
3.6035882352941173
6.510264705882353
0.0
0.0
6.4593750000000005
0.9585514705882353
0.9633897058823531
0.0
0.08647058823529412
0.568139705882353
0.6591176470588236
0.0
0.6524632352941176
4.98414705882353
1.2186911764705881
0.0
0.0
1.5475441176470588
4.22664705882353
4.057830882352941
5.741080882352941
2.742323529411765
1.1179264705882355
0.6771470588235294
1.154610294117647
1.4012499999999999
8.343183823529412
8.07779411764706
3.519360294117647
3.3754705882352942
4.057757352941176
6.752044117647059
0.0
0.0
2.5196470588235296
1.8475000000000001
0.0
0.0
0.9063308823529412
3.9286029411764702
0.16945588235294118
1.4057794117647058
0.0
2.941110294117647
1.7926985294117646
0.0
0.03380882352941177
0.0028897058823529414
0.0
0.7625441176470589
0.0
1.4736691176470589
0.0
0.0
0.0
0.0
0.0
0.4237205882352941
0.995154411764706
3.6362647058823527
0.0
2.6767205882352942
0.0
0.0
0.615639705882353
0.11852205882352941
0.0
5.226323529411765
3.485389705882353
0.0
0.0
0.0
2.973882352941177
0.0
0.0
0.0
0.0
0.0
0.0
0.0
0.4400588235294118
3.6034264705882357
0.9510147058823532
0.0
0.0
0.061764705882352944
3.6216029411764707
2.4896176470588234
0.6607058823529411
0.0
0.0
0.0
0.5187426470588236
0.05385294117647059
4.208713235294118
0.19383823529411767
6.934345588235295
0.9129191176470589
0.6451691176470588
0.0
0.15262499999999998
0.9655882352941176
2.3192867647058826
0.9757279411764707
0.46647794117647057
2.268154411764706
1.043279411764706
1.5276985294117646
3.9445220588235297
7.136867647058824
7.458602941176471
5.069308823529411
0.0
0.6143014705882353
1.049830882352941
1.1917132352941178
1.1239632352941178
1.1893235294117646
2.220036764705882
0.10145588235294119
0.18616911764705885
1.888720588235294
2.2060808823529414
1.3891985294117646
2.8495808823529414
1.182205882352941
0.10174264705882352
4.790904411764707
2.0142058823529414
0.0
4.66122794117647
7.1578897058823525
0.0
0.0
2.0893088235294117
2.7221985294117648
0.457125
0.0
0.0
3.508139705882353
1.9745808823529412
0.5997205882352941
0.8710294117647059
0.0
0.8310514705882353
2.133029411764706
0.6432279411764706
0.2355808823529412
8.616963235294119
8.439941176470589
0.0028897058823529414
6.1402720588235296
6.9297941176470585
6.2909926470588236
2.6605073529411767
1.6432794117647058
5.746558823529411
0.10145588235294119
0.0
0.6407867647058823
6.928816176470588
2.9098749999999995
6.388749999999999
4.477132352941176
0.3391985294117647
8.354411764705883
0.0
6.572830882352941
9.762382352941174
9.935088235294117
7.052014705882352
1.3196323529411764
9.071860294117648
4.95872794117647
2.7968382352941177
3.6528823529411762
0.27391911764705884
0.3094264705882353
0.0
1.0967867647058822
2.282610294117647
2.833529411764706
8.807926470588237
0.0
9.120007352941176
2.4211691176470587
1.9209411764705886
1.2491250000000003
0.0
0.03380882352941177
0.13531617647058822
4.450647058823529
1.1580073529411765
3.7618897058823526
2.578213235294118
1.0996691176470588
0.5434926470588236
9.421779411764707
4.2217352941176465
0.04940441176470588
0.4022205882352941
0.005919117647058823
7.633691176470588
3.9104117647058825
11.741139705882354
4.180852941176471
8.70916911764706
11.8285
10.119735294117648
8.277764705882353
7.999485294117646
12.39870588235294
13.326691176470588
0.20346323529411764
1.5835
2.240058823529412
9.060551470588235
3.694352941176471
11.705948529411765
13.858110294117647
13.239772058823531
12.73730882352941
12.235433823529414
11.43697794117647
12.00516911764706
14.168470588235294
14.547595588235295
14.536661764705883
14.394963235294117
13.279110294117647
10.648948529411765
13.444161764705882
9.16689705882353
7.15460294117647
11.398573529411763
10.845316176470588
3.919191176470588
1.7051838235294117
2.598588235294118
6.445941176470589
7.610588235294117
3.577742647058823
4.805654411764706
7.560279411764706
11.128073529411765
1.8333529411764706
10.942860294117647
14.752036764705885
10.128727941176471
9.461779411764706
14.060551470588237
14.78929411764706
12.26160294117647
14.229705882352942
14.095536764705882
7.465117647058824
0.6875661764705883
4.736132352941176
4.560963235294118
11.316676470588234
9.697514705882353
5.851713235294118
3.179889705882353
0.5962867647058824
8.026272058823528
2.0186617647058824
0.7052573529411765
0.5415882352941177
2.2058750000000003
12.485794117647059
13.042448529411764
10.598463235294119
3.9546838235294115
3.0103970588235294
4.399154411764706
6.032411764705882
9.652264705882354
7.140455882352942
6.992911764705883
2.157875
6.599764705882353
7.65789705882353
6.597691176470589
8.790779411764705
13.460330882352942
13.206220588235295
9.40072794117647
3.06225
6.256926470588235
2.5258014705882355
4.726764705882353
4.225448529411765
9.307801470588236
10.270727941176471
3.0107132352941175
4.038169117647059
3.8747352941176465
0.9653676470588235
1.7503602941176468
6.454426470588236
11.395345588235294
8.001580882352942
4.083874999999999
1.3163970588235294
3.5620882352941172
9.362647058823528
6.468727941176471
2.2190882352941177
9.551117647058824
9.31628676470588
11.489161764705882
8.072257352941179
5.445132352941177
10.87080882352941
11.959992647058826
10.62291911764706
10.499176470588235
5.626588235294117
7.952529411764705
11.458492647058824
0.23093382352941175
0.7481838235294118
2.415580882352941
0.0
2.3677132352941177
10.084470588235295
8.411213235294118
0.37469852941176474
1.1556323529411765
0.8707205882352941
5.003919117647059
4.715794117647058
9.566948529411764
6.523963235294118
10.683882352941177
9.97810294117647
2.5058897058823533
4.252514705882353
8.369794117647059
1.137860294117647
3.3818455882352945
0.0735514705882353
0.998389705882353
6.5050220588235295
9.727397058823529
5.374051470588236
8.077205882352942
7.241904411764705
7.412080882352941
0.29641911764705886
0.0
2.379205882352941
1.931941176470588
4.7085220588235295
4.174264705882353
2.4569117647058825
0.304985294117647
0.12562500000000001
1.8182426470588235
8.901529411764706
8.695485294117647
8.295610294117647
0.6218676470588236
0.03380882352941177
0.7786397058823529
0.0
2.9506249999999996
2.3529852941176475
0.40300735294117646
0.22022058823529414
3.3364485294117645
4.740286764705883
4.568654411764705
8.437441176470587
6.559007352941176
2.8848161764705886
1.4570367647058822
3.4917499999999997
9.122867647058824
6.7078750000000005
4.163514705882353
3.0273161764705883
3.712683823529412
5.830794117647059
4.613257352941177
1.5332720588235293
0.8491985294117648
0.0
0.0
3.9011470588235295
0.0
2.3468455882352943
2.6255882352941176
0.1355514705882353
0.3170147058823529
1.1253161764705883
5.140191176470588
3.756742647058824
6.586088235294119
6.735191176470588
6.689779411764706
6.796124999999999
2.5099485294117647
6.113676470588236
7.291073529411765
7.5654338235294105
7.292139705882353
6.123125
3.564691176470588
3.1747867647058823
2.4207573529411763
0.0
5.029676470588235
0.0
0.0
5.853088235294117
6.352323529411764
6.374404411764706
5.402426470588235
5.307441176470588
4.963816176470588
3.612080882352941
0.0
0.0
1.1369044117647058
0.6545661764705882
0.0
3.341720588235294
0.0
0.0
0.0
0.11852205882352941
0.0
1.386529411764706
0.807110294117647
0.2741397058823529
3.1859926470588236
0.0
0.0
0.0
2.8018529411764708
0.24294852941176467
4.542536764705883
2.9175808823529414
0.8398602941176471
0.0
0.0
0.8027720588235293
0.0
