3.4283797468354438
0.00669620253164557
3.7310126582278467
3.187379746835443
4.680405063291139
2.8081772151898736
0.11010126582278479
0.0
0.7771392405063292
0.0040886075949367095
0.05977215189873417
1.3202405063291143
1.376101265822785
0.6044177215189873
0.05769620253164558
0.0
4.37620253164557
5.296139240506329
3.2275822784810124
0.0
0.0
0.0
1.227987341772152
4.517632911392406
0.006075949367088608
1.2104556962025317
0.0
0.57
0.0
1.8878734177215188
1.6604050632911391
0.0
3.6955189873417718
1.5337088607594935
2.8004556962025315
5.729075949367089
0.08541772151898733
4.215848101265823
0.5305063291139241
4.190670886075949
0.0
0.0
0.0
0.0013544303797468358
0.02216455696202531
0.0
0.0
0.0
0.0
0.1478227848101266
2.829215189873417
4.2046455696202525
0.0
1.5694810126582281
5.691620253164556
4.600367088607595
4.17267088607595
9.384582278481014
5.893493670886076
1.348518987341772
0.0
0.0
6.225151898734178
2.743658227848101
2.9369493670886078
2.3242278481012657
0.2509873417721519
3.649886075949366
0.0015696202531645573
3.319531645569621
0.15241772151898736
0.0
0.2677088607594936
0.0
7.452481012658229
4.614746835443038
0.9132025316455694
1.1521518987341774
2.9590759493670884
8.823417721518988
6.7332911392405075
8.328696202531646
0.0
0.8783037974683545
2.0462911392405063
1.357645569620253
0.0
0.0
0.026898734177215184
0.0
2.3591898734177215
4.3293670886075954
0.939886075949367
0.05335443037974683
0.14531645569620255
0.0
0.018506329113924046
9.041721518987343
11.099101265822783
11.48207594936709
0.5410886075949366
9.406354430379745
9.369949367088608
10.418670886075951
0.02216455696202531
0.0
9.263569620253165
5.017962025316455
0.1667594936708861
1.1658987341772151
0.19258227848101267
1.057886075949367
3.2729367088607595
3.6196455696202525
2.5033797468354426
3.5479113924050636
3.9666202531645562
2.5055822784810124
1.7300253164556958
1.7410759493670884
8.182962025316456
4.570164556962026
2.7363417721518988
3.219721518987342
6.291253164556962
10.193278481012658
13.255734177215192
12.28859493670886
7.986
0.017936708860759487
1.039873417721519
6.88560759493671
11.820037974683544
12.88220253164557
12.828569620253166
2.6644303797468347
0.4290126582278481
5.274518987341772
0.697620253164557
7.944556962025318
2.8400886075949368
10.61907594936709
1.692607594936709
7.221164556962024
6.595708860759494
0.21211392405063292
10.23059493670886
11.975101265822783
10.060253164556963
13.443101265822783
8.689506329113923
8.783860759493672
11.794898734177215
12.80618987341772
8.394126582278481
0.0013544303797468358
1.6896835443037972
2.85606329113924
5.339443037974682
9.502075949367088
6.538240506329114
6.94654430379747
8.650987341772153
3.425632911392405
1.780886075949367
0.3653924050632912
5.9461645569620245
0.032936708860759494
4.823620253164558
11.463050632911392
10.484999999999998
0.07544303797468355
0.25031645569620253
5.064316455696204
7.333291139240507
6.7887848101265815
8.84472151898734
4.98679746835443
7.347518987341772
3.3198734177215194
4.600468354430379
6.201164556962025
3.991822784810127
5.109518987341772
10.029278481012657
3.080392405063291
2.063759493670887
7.4944556962025315
0.33924050632911396
0.7387088607594936
4.683594936708859
1.9069999999999996
0.4690506329113925
6.073025316455697
1.4165316455696202
0.003202531645569621
1.3955316455696205
1.524835443037975
1.557253164556962
0.49498734177215187
2.0067974683544305
6.814569620253165
0.7904430379746835
2.631025316455696
2.1676329113924044
4.658430379746834
5.514455696202532
7.712405063291139
6.275822784810127
4.761759493670886
5.675544303797469
3.5418481012658227
1.126898734177215
4.316632911392405
7.126645569620253
8.408632911392404
8.874000000000002
8.142227848101266
7.32167088607595
4.310708860759494
0.372987341772152
5.229063291139239
2.4134303797468353
1.5740506329113924
8.44045569620253
3.482784810126582
3.2708607594936714
7.221683544303798
3.20520253164557
7.559151898734179
1.0155696202531646
0.8313797468354429
2.169645569620253
2.3685696202531643
4.9317974683544294
1.266873417721519
2.707088607594937
5.317341772151898
0.04787341772151899
9.253772151898733
10.37173417721519
10.202215189873417
8.956000000000001
6.235088607594936
4.512037974683545
3.2148987341772157
7.362645569620253
10.582708860759494
9.622620253164557
3.253227848101266
1.3440759493670884
6.442215189873417
6.477468354430379
5.517810126582278
2.189075949367089
7.988784810126583
5.333
9.65574683544304
5.390582278481012
4.888518987341773
4.02840506329114
1.6764050632911394
4.752050632911391
0.010531645569620255
0.2240886075949367
4.759354430379747
4.447620253164557
1.8813924050632915
3.653721518987341
0.0
7.098037974683543
7.996303797468354
6.622848101265822
7.347582278481012
8.707113924050631
2.286417721518988
0.29243037974683544
1.0138860759493669
1.0695189873417723
1.4825569620253165
7.564835443037977
6.716835443037975
6.546886075949368
7.712784810126586
4.522101265822784
0.5412278481012658
1.0043924050632913
0.04946835443037975
1.5779873417721517
2.1290126582278486
7.669164556962024
7.764582278481011
0.3976962025316456
7.368443037974686
8.954316455696203
8.924253164556962
8.481506329113925
8.65137974683544
5.801696202531646
4.0143164556962025
0.0
0.05377215189873418
2.811481012658228
2.1262784810126583
3.434797468354431
2.7166455696202525
0.011240506329113926
0.5579113924050632
0.5258734177215189
4.573772151898735
1.6512025316455696
2.432544303797468
1.8617088607594938
7.026911392405063
1.0039113924050633
3.5448227848101275
0.009455696202531647
0.0
0.0
0.3456075949367089
0.5824810126582279
0.026594936708860754
0.008949367088607597
0.04482278481012659
0.10782278481012657
0.12546835443037974
0.0
0.0
0.00887341772151899
0.3524430379746835
0.017936708860759487
3.339455696202531
0.7945949367088608
0.0015696202531645573
1.097025316455696
4.89632911392405
5.351265822784811
0.9174810126582276
0.008949367088607597
0.4348101265822785
0.0
0.0
1.3414430379746838
0.019164556962025313
3.6228227848101255
0.0
0.1298607594936709
0.497506329113924
0.010772151898734178
0.0
0.017936708860759487
0.0
0.5032784810126583
1.926164556962025
0.014417721518987342
0.0
0.17668354430379746
0.42910126582278474
0.3052151898734177
0.16730379746835441
0.0
0.0
0.0
0.7713417721518987
0.38794936708860756
1.21
2.233329113924051
0.0
0.008949367088607597
0.0
0.0
0.026101265822784804
0.27532911392405063
0.03940506329113924
0.026594936708860754
0.30472151898734184
5.296265822784808
4.663962025316454
0.3819620253164557
0.2469113924050633
4.303430379746836
3.439126582278481
2.2584050632911397
0.34548101265822784
2.0983670886075947
0.5264683544303798
0.4119746835443038
0.020772151898734173
0.2016835443037975
2.1973037974683547
5.207379746835442
0.7024303797468354
0.07969620253164557
0.0
0.0
1.2155569620253162
0.0
0.29584810126582284
0.0
0.013531645569620252
0.010772151898734178
0.040329113924050634
0.03675949367088608
1.633987341772152
0.08070886075949367
0.9198987341772153
0.04470886075949368
0.01773417721518987
1.1865063291139237
0.04875949367088608
0.0013544303797468358
0.07875949367088605
0.01732911392405063
8.283278481012657
8.734443037974684
8.539126582278483
8.679506329113925
8.404417721518987
7.425632911392405
6.163189873417722
7.059025316455698
0.4569999999999999
0.0
0.030620253164556962
0.7625949367088607
0.09688607594936709
7.29632911392405
0.00669620253164557
1.9868607594936711
0.0013544303797468358
1.3710506329113925
4.472265822784811
6.58026582278481
0.26293670886075954
0.0
3.4601898734177223
0.0
0.24102531645569622
0.23263291139240502
5.100240506329113
0.7564303797468355
0.5920126582278481
0.00478481012658228
0.4226075949367089
1.120987341772152
0.3081518987341772
4.8387974683544295
0.0
1.1587974683544304
2.6486202531645566
0.0
1.4813291139240503
3.270632911392405
3.5817594936708863
4.311582278481012
1.5203544303797465
0.35087341772151903
0.014088607594936709
0.11949367088607595
1.676341772151899
10.843962025316454
6.881544303797471
3.5248101265822784
3.399898734177215
0.17072151898734178
0.03650632911392404
9.081
11.596037974683544
12.144797468354431
11.462354430379746
11.51979746835443
9.697772151898734
1.3747088607594935
2.662772151898735
3.142050632911393
6.770962025316456
3.382253164556962
0.360493670886076
0.06060759493670885
0.0
2.420430379746835
1.134987341772152
0.03959493670886076
1.9796455696202535
9.359367088607593
7.783569620253165
0.6816075949367089
6.286949367088607
4.30725316455696
13.063113924050631
9.163493670886076
1.4779493670886077
0.0
8.522582278481012
13.294670886075949
13.729025316455694
13.829354430379746
13.839265822784808
13.771658227848102
12.613189873417722
13.224962025316458
7.967240506329113
9.280303797468356
12.081493670886076
8.793050632911394
11.049202531645571
7.046177215189872
12.642354430379749
0.502759493670886
0.30929113924050633
10.22245569620253
7.8939367088607595
2.701139240506329
3.839772151898734
0.009848101265822785
5.9483797468354425
0.7938481012658227
7.724746835443041
8.40313924050633
11.70413924050633
12.923569620253167
11.114151898734178
5.646012658227849
4.985025316455697
0.9121139240506331
0.15605063291139246
4.348050632911393
13.81294936708861
4.0206708860759495
5.734316455696201
5.018025316455696
4.686481012658227
2.9842658227848102
3.3132911392405062
3.6980632911392406
7.825886075949366
1.171518987341772
4.174354430379748
7.5009746835443005
2.441632911392405
3.489025316455696
4.28126582278481
3.815936708860761
0.6691898734177215
4.37992405063291
2.8164810126582274
0.8571392405063293
0.7094556962025316
1.8302405063291143
3.4318987341772145
1.4285063291139242
10.021784810126583
1.7158607594936708
1.3672784810126581
1.1725443037974683
0.6335316455696202
0.2568860759493671
0.3365316455696203
2.1260253164556966
0.832379746835443
0.06140506329113923
3.2403544303797465
2.79946835443038
1.2404810126582282
0.0
0.25650632911392407
0.0
8.499683544303796
12.329025316455699
11.779151898734177
11.489696202531643
12.557240506329114
9.10067088607595
4.989696202531646
7.282189873417722
0.002708860759493671
5.926860759493671
8.631607594936709
9.842898734177217
5.15020253164557
7.719873417721519
3.2064177215189873
7.143493670886075
12.255999999999998
1.54726582278481
1.819898734177215
3.311886075949367
7.598784810126582
3.1025569620253166
5.474037974683545
9.016215189873419
12.429303797468352
9.653531645569618
7.604430379746836
3.296886075949367
0.1777974683544304
1.55026582278481
4.8592405063291135
2.4951518987341776
0.307126582278481
3.4251265822784807
6.978556962025316
10.904594936708861
8.431645569620251
2.722721518987342
4.146303797468353
4.473886075949366
1.7915316455696204
1.9092278481012652
8.938518987341771
11.016620253164557
8.920886075949367
1.7455316455696201
1.1047848101265823
9.204746835443038
10.412974683544302
0.5268227848101268
1.461607594936709
2.2657468354430383
1.252772151898734
4.824379746835444
1.2927594936708862
2.087088607594936
7.0083797468354465
2.16926582278481
4.58546835443038
9.229974683544306
7.592101265822788
7.216531645569619
4.7997848101265825
0.0
3.6108734177215176
0.0
4.079822784810127
3.1144177215189877
7.44326582278481
4.654278481012658
2.384430379746836
7.3949873417721514
5.092607594936709
7.697367088607593
3.540620253164557
5.660430379746836
0.16730379746835441
0.0
2.1966582278481015
1.3706582278481014
3.2399240506329114
0.01049367088607595
1.4993924050632912
0.0
1.4371772151898734
0.348379746835443
0.0
0.02843037974683545
0.017936708860759487
5.279721518987342
5.78106329113924
4.315215189873416
3.0011265822784803
0.0
0.0
0.008949367088607597
3.173746835443038
0.026898734177215184
7.7526582278481015
5.340835443037975
5.03953164556962
1.1565822784810125
8.225911392405065
6.10806329113924
0.0661139240506329
0.35097468354430383
0.056151898734177225
0.0
0.0
2.3465443037974683
1.7415569620253164
0.406746835443038
0.03110126582278481
0.12240506329113925
0.9213797468354429
0.008949367088607597
0.0
0.0
0.019278481012658225
2.428873417721519
2.2182151898734173
3.3842151898734176
0.929113924050633
0.0
0.24070886075949366
0.08070886075949367
0.0
1.284367088607595
3.740063291139241
0.0
0.0
0.017936708860759487
5.29246835443038
0.0
1.5258860759493673
0.0
0.5377215189873417
0.0
5.425962025316454
0.340873417721519
1.445126582278481
0.0
0.0
0.0
0.5046202531645569
0.020164556962025314
0.026898734177215184
1.8068987341772151
5.839835443037974
0.0
2.2180506329113925
0.008949367088607597
0.3655696202531645
3.635417721518988
0.003202531645569621
0.026898734177215184
0.002708860759493671
0.9621265822784809
0.42646835443037967
3.88740506329114
0.0
0.0
2.4357848101265818
0.04801265822784811
0.0
0.0
0.9899113924050631
1.784569620253165
0.026898734177215184
2.0415696202531652
1.9811012658227842
0.0
0.0
5.118898734177214
0.0
1.9477721518987345
0.022379746835443037
1.3996962025316457
5.152417721518987
0.11053164556962027
0.0
0.03360759493670886
0.013012658227848105
1.7534810126582276
5.345101265822785
3.6278607594936703
5.188189873417721
0.0
4.649632911392404
0.3634810126582278
0.288379746835443
4.441569620253165
6.745037974683544
6.546848101265823
6.8580886075949365
6.795759493670885
0.0
0.0
0.4345316455696203
0.0
0.0
0.08962025316455695
0.0040886075949367095
1.7734810126582277
3.673177215189874
1.821367088607595
4.316987341772152
1.4905443037974686
2.750164556962025
4.262126582278482
0.03675949367088608
0.09158227848101266
0.0015696202531645573
0.011240506329113926
2.986518987341772
3.163759493670886
0.8332151898734177
0.0
0.0
5.064101265822785
6.127708860759493
5.003949367088607
1.08526582278481
0.5578101265822784
0.0015696202531645573
0.3442025316455697
0.9780253164556963
0.008949367088607597
0.31148101265822786
0.0
0.18031645569620255
0.0
1.2488481012658226
2.3335569620253165
4.954202531645569
0.009594936708860762
6.140772151898735
1.842772151898734
0.42725316455696205
1.210481012658228
0.13445569620253164
7.528999999999999
6.414417721518986
8.17506329113924
0.15878481012658227
1.8308354430379754
2.7302151898734177
1.9630759493670886
7.557227848101267
8.230354430379746
3.5252405063291143
2.863759493670886
0.0
1.7032531645569622
3.33473417721519
3.978683544303798
0.0
0.03436708860759494
4.946936708860759
9.185873417721519
2.3527848101265816
9.992227848101267
10.408696202531644
11.452417721518987
3.273164556962025
3.0688860759493664
11.68258227848101
12.915582278481013
11.04574683544304
6.8645443037974685
9.397
0.2649113924050633
5.599949367088608
8.650911392405064
2.8299240506329113
4.516012658227848
11.357379746835443
5.778493670886077
3.7784050632911397
0.0
3.4901012658227852
0.0
0.0
4.347569620253166
7.3835569620253185
5.378632911392404
1.310632911392405
2.4605443037974686
0.40560759493670884
8.55473417721519
1.6254430379746836
10.734569620253163
12.076810126582279
10.475911392405065
8.13620253164557
5.4326708860759485
2.6579493670886074
3.37879746835443
7.739240506329115
4.140772151898735
8.5156582278481
9.549240506329113
11.16067088607595
7.615443037974685
1.297822784810127
9.423177215189874
5.459253164556963
0.25978481012658233
0.35859493670886083
0.0015696202531645573
4.676379746835443
0.1538987341772152
4.6066455696202535
9.559113924050635
8.514949367088606
10.210050632911393
0.5112911392405063
0.0013544303797468358
6.43940506329114
3.7701265822784813
8.48326582278481
6.405367088607595
0.9378607594936706
7.585822784810127
9.466620253164558
2.5810126582278476
13.069443037974684
7.5356202531645575
8.247962025316456
2.7344050632911396
1.9716455696202535
0.0
0.11951898734177216
1.219367088607595
4.086405063291139
5.061392405063291
8.079037974683546
8.57746835443038
5.405810126582278
3.859037974683545
6.911936708860758
1.317987341772152
0.0
1.8803037974683545
4.239000000000001
4.573468354430381
0.9342911392405064
6.3973037974683535
0.5070506329113923
8.090227848101263
11.12669620253165
11.251405063291141
7.525962025316456
8.555607594936708
0.6657848101265823
4.804443037974684
1.7744810126582278
3.9840886075949364
0.39387341772151896
2.5806329113924047
3.7047215189873417
0.06789873417721519
0.8531012658227849
0.3607215189873418
0.04482278481012659
4.54186075949367
1.4899367088607596
4.770506329113924
0.7018607594936709
0.7933417721518988
4.964734177215191
1.6047848101265823
2.8735063291139236
8.708708860759492
6.367784810126582
2.214721518987342
3.4012278481012657
7.513632911392405
9.469253164556962
10.477113924050633
11.613531645569621
6.0356075949367085
0.33544303797468344
0.017936708860759487
0.0
0.0
4.310126582278481
7.670101265822785
7.924075949367088
8.914582278481012
3.6143670886075947
5.316620253164557
7.4772025316455695
1.0525569620253168
0.05155696202531646
4.919924050632911
0.0
3.0307468354430385
5.720316455696203
4.804316455696204
0.7047974683544304
1.0811898734177214
7.5638607594936715
1.6761265822784808
8.10406329113924
8.087594936708859
6.348468354430381
5.440556962025315
9.068151898734179
10.428113924050633
11.167911392405063
9.58160759493671
7.3276835443038
1.3374556962025315
3.027860759493671
4.578544303797468
5.792873417721518
1.4543924050632908
7.446126582278483
2.701949367088608
6.3515189873417714
0.495632911392405
2.5031518987341776
5.759025316455695
4.94260759493671
0.06582278481012657
1.0055696202531648
5.559949367088607
4.311708860759493
7.256405063291142
4.305632911392405
3.581
0.026898734177215184
0.008949367088607597
1.3869999999999996
6.869569620253165
6.266797468354429
1.3913417721518988
3.510493670886077
3.0180506329113927
0.0
5.588493670886075
5.869556962025317
2.263607594936709
4.600594936708861
3.7520759493670877
1.450417721518987
0.0
0.0013544303797468358
3.8920506329113937
0.0
2.378075949367089
0.08962025316455695
0.0
0.1881518987341772
0.0
1.8395949367088609
1.311481012658228
0.03492405063291139
0.1267848101265823
0.0939367088607595
2.0865063291139245
0.1562151898734177
1.9028860759493669
0.44567088607594935
2.0005569620253167
0.32098734177215194
0.0013544303797468358
0.0
0.0
0.0668354430379747
5.521088607594936
4.984240506329114
5.17546835443038
1.8816075949367088
1.6600000000000006
4.003848101265822
0.0
0.0
1.121253164556962
3.989569620253165
1.2831898734177214
5.558443037974683
4.085999999999999
0.0
0.7004303797468355
0.010772151898734178
0.0
0.15531645569620256
3.4332405063291134
2.993367088607595
0.8003797468354432
0.0
0.0
0.9435696202531643
0.0
0.0
0.0
0.008949367088607597
0.2783544303797469
0.0
0.18794936708860757
0.0
1.0009620253164555
0.0
1.5044683544303796
3.0588354430379745
0.0
0.7064177215189874
4.671303797468355
0.0
0.0
0.4214683544303797
2.834455696202532
0.0
0.9314556962025315
0.16863291139240508
1.2648481012658226
0.07093670886075948
0.01773417721518987
0.0
0.0
0.0
0.2464683544303797
0.0
0.00887341772151899
2.5101898734177217
0.04649367088607595
1.2897215189873417
0.25498734177215193
0.0
0.16730379746835441
0.7988101265822786
1.8921392405063295
3.6546075949367096
3.0881518987341767
0.0
6.687797468354431
0.0
1.1274556962025315
4.219746835443038
3.5975063291139247
5.66679746835443
3.869556962025317
4.450063291139241
0.3416582278481013
3.9680126582278477
0.41250632911392415
0.2661645569620253
0.003202531645569621
0.0
0.7825189873417722
2.6902278481012663
0.0
0.0
0.17777215189873422
0.03588607594936709
0.0
2.3968101265822783
1.6822278481012656
7.0314556962025305
7.8284303797468375
6.647417721518987
4.610721518987341
0.0
1.7403797468354432
0.3405316455696203
0.019772151898734176
2.181772151898733
5.135784810126582
0.5393037974683546
4.4729620253164555
0.038632911392405066
0.0399113924050633
0.0
0.3245696202531646
0.2688860759493671
0.6602658227848102
8.016772151898737
8.86211392405063
7.44407594936709
2.9012784810126586
1.5974303797468357
0.7217215189873418
4.906417721518988
4.198468354430379
0.017936708860759487
0.005405063291139241
1.6807974683544307
0.0
6.158506329113924
5.279063291139241
8.891037974683544
8.347481012658227
7.75617721518987
2.71406329113924
0.46215189873417717
2.4165696202531644
0.26310126582278487
1.544911392405063
1.409215189873418
9.918025316455696
3.616037974683544
0.0013544303797468358
3.2578227848101267
2.5690506329113925
0.06820253164556962
0.9149873417721518
1.9209620253164557
1.8405316455696201
10.03873417721519
8.645569620253163
9.688037974683544
9.450582278481011
4.013772151898734
1.5160126582278481
0.11146835443037977
1.0720759493670886
9.883227848101267
6.988594936708862
2.3147341772151897
8.443113924050634
10.344367088607596
6.099658227848101
0.0
1.0995189873417721
4.519556962025318
2.6980632911392406
1.7298860759493668
5.5859240506329115
5.262873417721519
8.002265822784812
11.034632911392405
11.286354430379747
10.702848101265822
10.698974683544304
11.294253164556961
11.595848101265823
3.7185949367088607
12.270050632911394
9.717227848101263
3.594443037974683
9.432886075949368
6.54440506329114
9.05387341772152
0.4376202531645569
0.6893291139240508
4.532670886075949
0.008949367088607597
6.058303797468354
5.5210632911392405
4.467632911392404
0.0
7.298012658227848
3.628265822784809
10.949886075949367
8.751177215189873
1.394240506329114
3.5321518987341776
8.795063291139243
12.918025316455696
13.798772151898735
13.13453164556962
11.34798734177215
2.5181139240506325
5.850645569620252
3.2612784810126585
9.00301265822785
0.392
0.17087341772151898
0.6666329113924051
3.9655569620253166
9.722164556962024
13.595607594936707
13.659886075949368
0.14656962025316453
12.034291139240505
13.870367088607596
14.2470253164557
13.660341772151897
13.390797468354432
10.815886075949365
11.582898734177215
8.779443037974684
6.025240506329114
7.7467721518987345
4.07093670886076
12.332101265822784
11.265417721518986
0.0810253164556962
4.792
1.8986582278481012
1.8790632911392404
0.9488481012658229
0.6506962025316456
7.6310253164556965
3.778848101265822
4.180227848101267
4.711405063291139
1.0231645569620256
3.1904050632911387
6.801341772151898
1.2692025316455695
7.371797468354428
3.324430379746836
5.77373417721519
4.746835443037975
4.630531645569619
7.5182405063291124
7.641759493670886
7.001050632911392
2.8235696202531653
5.635860759493671
9.940025316455698
2.153088607594937
9.212392405063294
14.253430379746838
14.337253164556959
8.104506329113923
11.926949367088607
13.681911392405064
12.199088607594938
11.818405063291143
9.074101265822785
13.310797468354428
4.036886075949368
8.47632911392405
6.714835443037974
4.256151898734177
8.435518987341771
1.9250379746835435
0.0400253164556962
0.04924050632911393
5.350556962025316
0.4273417721518986
3.531012658227848
1.2685316455696203
9.607924050632912
11.74967088607595
8.596658227848101
5.2192911392405055
10.78226582278481
9.029455696202533
1.615139240506329
4.993316455696203
1.620113924050633
1.860772151898734
2.2399367088607596
3.342835443037974
5.138582278481013
10.440443037974685
11.77945569620253
8.030113924050632
9.725594936708863
7.919582278481012
10.168683544303796
3.179506329113924
10.547481012658226
8.706050632911392
2.06979746835443
2.3314430379746836
6.003835443037975
5.4745822784810105
5.3536455696202525
0.9172531645569619
6.888759493670888
8.941164556962026
7.507734177215191
11.044645569620256
8.892240506329113
5.582873417721519
1.271341772151899
2.7903544303797463
9.44618987341772
9.50601265822785
8.49748101265823
2.866670886075949
7.0693544303797475
10.457632911392405
8.814708860759493
10.195594936708861
7.437037974683544
7.768594936708862
7.9580506329113945
7.488443037974683
8.53045569620253
9.026658227848102
7.495215189873418
7.569506329113924
9.539911392405061
7.875088607594939
5.7672911392405055
7.224101265822787
2.719481012658228
6.800810126582277
1.623341772151899
6.177544303797467
7.480784810126584
6.5639367088607585
7.371696202531646
0.4716582278481013
0.07958227848101265
4.5964303797468355
2.342607594936709
4.663227848101265
1.2036075949367089
0.5133417721518986
0.0
0.026898734177215184
0.0
0.03278481012658228
0.3362025316455696
0.731898734177215
0.0
0.20246835443037978
1.750493670886076
4.75460759493671
0.0
1.5242911392405065
3.362291139240506
5.651455696202532
6.569215189873417
3.9080506329113907
0.1339493670886076
0.017936708860759487
3.122443037974684
3.172101265822785
0.0
0.04164556962025317
0.3229240506329114
0.0
2.3310632911392406
0.7200253164556963
6.1858607594936705
0.0
0.17359493670886075
2.295506329113924
8.185050632911391
7.518746835443038
0.0
3.676278481012658
0.6990126582278481
5.794493670886075
2.0167974683544307
0.008949367088607597
1.0318607594936704
0.3402025316455697
0.2868354430379747
1.0358101265822781
0.0
5.543050632911393
5.576341772151899
2.5201772151898734
0.030632911392405062
0.4701265822784809
0.0
6.1533924050632915
0.30430379746835434
0.0
0.09858227848101266
1.2644177215189876
0.28432911392405064
5.1286202531645575
4.150392405063291
0.3151012658227848
0.186379746835443
0.310620253164557
0.0
0.0
0.0
0.005620253164556963
0.05377215189873418
0.011607594936708862
0.0
0.0
0.0
0.0
0.0
1.1471012658227848
0.009594936708860762
1.0499367088607596
0.0
1.110113924050633
0.00478481012658228
0.04443037974683544
0.30925316455696206
0.0
0.0
0.0
0.06103797468354431
3.9109367088607603
0.6685443037974684
3.3095822784810127
4.296848101265823
0.10655696202531645
0.0
0.43621518987341773
0.0
2.2062658227848098
3.4566329113924046
0.5853291139240506
0.003202531645569621
1.0692784810126583
0.026898734177215184
0.1286962025316456
0.01049367088607595
0.41825316455696193
0.0
0.23910126582278476
0.0
2.553227848101266
0.44108860759493673
3.8552784810126597
0.0
0.0
2.4376075949367086
3.5184430379746834
0.0
0.0
0.0
0.0
0.34415189873417723
1.3146582278481012
1.2200759493670887
0.034936708860759495
0.556113924050633
0.0
3.1817088607594943
0.0
0.24196202531645572
0.07396202531645568
1.6010379746835441
0.004443037974683545
0.03550632911392405
0.519873417721519
0.04482278481012659
4.489025316455696
3.445873417721518
2.1202658227848104
8.089708860759496
6.886797468354428
6.806696202531646
0.23075949367088608
0.0
6.387974683544303
7.678253164556963
8.656063291139239
7.544886075949366
6.677835443037974
0.0
0.08203797468354432
2.929974683544304
0.17026582278481014
1.2943164556962026
4.971075949367088
3.640164556962025
6.463632911392406
0.017936708860759487
1.4459873417721518
0.2596075949367089
4.214151898734176
0.03113924050632912
2.073911392405063
8.961696202531645
8.575607594936711
1.8209240506329114
0.08986075949367088
5.238164556962023
2.1255443037974686
0.04482278481012659
0.11022784810126582
0.33025316455696196
0.5963164556962025
5.24467088607595
5.433873417721518
1.4750759493670886
4.235354430379748
0.002708860759493671
2.6327594936708865
1.3919873417721518
5.706101265822785
0.0
0.8275316455696204
0.2048607594936709
0.0
2.22440506329114
1.3060253164556963
3.6282911392405053
3.717253164556962
3.5385949367088614
0.0015696202531645573
0.23686075949367094
0.0
0.9361392405063289
0.02064556962025316
5.194088607594937
0.0013544303797468358
0.11951898734177216
9.855949367088606
8.189999999999998
5.29573417721519
4.19986075949367
9.519291139240506
0.9022151898734176
4.211417721518988
10.384949367088607
1.9112278481012657
7.084430379746836
6.810303797468355
4.380316455696204
10.636367088607594
6.195518987341773
10.193379746835443
0.4971265822784809
3.7642405063291156
2.0279113924050636
1.9047088607594937
9.017898734177216
10.240227848101267
0.00887341772151899
3.6902025316455696
4.412772151898734
0.5259746835443039
4.281936708860759
1.2727594936708864
0.15531645569620256
4.742455696202532
1.145632911392405
4.72092405063291
6.370949367088607
9.029708860759497
3.8016202531645558
11.360025316455697
4.804569620253165
0.20018987341772151
0.0015696202531645573
0.0
0.0
0.42406329113924046
0.00478481012658228
1.440278481012658
1.6350253164556965
2.6577215189873415
11.212316455696202
2.2689240506329114
6.007746835443038
7.874113924050634
10.272594936708861
4.198835443037974
7.747012658227848
13.991126582278481
13.521962025316455
3.307265822784811
1.6969873417721517
7.583936708860759
8.319101265822788
2.564151898734177
2.32546835443038
6.4509873417721515
0.3255569620253164
2.541240506329114
2.540860759493671
13.293949367088604
14.282594936708865
8.827974683544301
13.946987341772154
13.912506329113924
9.572898734177217
5.901607594936708
3.1372784810126575
0.37382278481012665
5.32187341772152
0.15956962025316457
0.6328481012658228
0.42313924050632906
9.662759493670888
8.05492405063291
13.029873417721518
12.381797468354431
5.932594936708861
6.723265822784809
5.8315949367088615
12.401873417721523
13.74646835443038
12.778177215189874
13.75806329113924
10.800607594936709
3.086594936708861
9.940531645569623
8.652037974683545
11.137012658227848
6.677708860759494
1.3673037974683548
6.677987341772151
12.486050632911395
13.803810126582277
12.96358227848101
1.0826202531645568
9.089481012658227
9.795278481012659
5.785417721518987
7.246987341772151
1.7980886075949367
10.194227848101267
12.446683544303797
5.967886075949368
7.870481012658227
1.1553544303797467
0.731620253164557
0.0
1.1512658227848103
7.388886075949367
10.43875949367089
10.984329113924053
9.301151898734178
5.161139240506329
9.029556962025316
2.9020253164556964
1.130240506329114
12.179088607594936
8.277999999999999
6.655417721518988
9.482443037974683
10.789025316455696
9.903683544303798
8.389721518987338
2.6553670886075946
6.2369367088607595
2.1606329113924048
10.185139240506329
10.262645569620254
10.203063291139241
8.054746835443037
11.734430379746838
11.441506329113924
11.398126582278481
3.4772025316455704
5.813088607594936
5.879329113924051
4.719974683544304
9.913848101265822
4.1339999999999995
5.941822784810127
10.195278481012657
0.10344303797468356
0.026012658227848102
3.079835443037975
0.0013544303797468358
1.9380379746835439
0.18956962025316457
4.694075949367089
5.136379746835443
6.480316455696203
1.8779746835443036
0.46145569620253163
7.997303797468353
0.313493670886076
3.687303797468354
7.286594936708861
6.846860759493671
7.967683544303798
7.7199367088607564
9.556278481012658
7.449278481012658
5.646139240506329
0.3591012658227848
9.016670886075948
0.10751898734177215
0.7428987341772153
7.254037974683544
5.242645569620253
1.4721898734177215
2.1275822784810132
0.48063291139240505
5.13353164556962
0.0013544303797468358
1.9106582278481017
0.671620253164557
8.786848101265821
2.2065316455696204
4.056430379746835
0.031670886075949374
1.1005822784810126
0.008949367088607597
0.05377215189873418
1.0154683544303797
3.7759746835443035
3.1201645569620253
5.579999999999999
5.191443037974683
4.394075949367088
4.5729999999999995
4.657683544303797
1.564860759493671
2.927772151898734
4.945556962025317
0.08468354430379747
0.4736455696202532
0.004443037974683545
5.188012658227849
1.2269493670886076
4.764088607594936
1.4979620253164556
4.612772151898733
4.786987341772151
3.656936708860759
1.3638227848101265
0.08307594936708859
7.368556962025316
5.279569620253165
7.668962025316457
0.0
0.0
0.0
0.10710126582278481
0.031278481012658226
0.0
2.062405063291139
2.7035696202531643
4.8846835443037975
4.548481012658227
0.0
0.01236708860759494
0.2563417721518987
0.0
1.4975696202531643
0.5507215189873418
2.402139240506329
2.2770506329113926
5.762911392405064
6.0106708860759515
5.704569620253165
0.0569240506329114
0.6338354430379748
0.0
0.0015696202531645573
0.017936708860759487
1.654974683544304
0.07987341772151899
0.05377215189873418
2.7268987341772153
5.0939999999999985
2.436848101265823
0.0
1.6397088607594938
0.2644303797468355
2.0529493670886074
0.0
0.03853164556962025
1.3922025316455697
0.0
2.662556962025316
0.28188607594936704
0.0
0.017936708860759487
0.07093670886075948
0.08888607594936711
0.304746835443038
0.0
0.3837341772151898
0.11655696202531643
0.20089873417721518
0.8014177215189875
0.030898734177215195
0.0
1.357367088607595
0.2522658227848102
0.2130379746835443
0.0
0.0
0.0
0.0
0.3735189873417722
2.681430379746835
3.09046835443038
0.23678481012658228
3.749734177215189
3.6388354430379763
0.02239240506329114
2.6568227848101262
0.5490632911392406
0.026898734177215184
2.0854556962025317
0.1349873417721519
0.0
0.9686708860759493
0.6206708860759492
0.12031645569620252
0.0
0.0
0.5290506329113923
0.0
0.22210126582278486
0.7455189873417721
0.0
2.8341139240506337
0.0
0.2235443037974684
0.012113924050632914
0.0
8.494772151898733
1.1277341772151899
5.908645569620252
7.608012658227849
7.000151898734177
7.809392405063291
6.7609240506329105
7.237860759493673
6.167443037974684
3.7826075949367084
0.0013544303797468358
0.4163544303797468
0.10751898734177215
0.0
0.14220253164556962
0.0015696202531645573
0.8948354430379748
7.743240506329113
5.343873417721519
0.0
0.6100253164556962
7.6755696202531665
0.0
2.976240506329114
0.11111392405063295
6.789898734177216
3.0437088607594935
4.961227848101265
8.26213924050633
1.7548227848101265
0.03139240506329114
4.472924050632911
7.827708860759494
1.027139240506329
3.2022278481012654
4.989708860759493
7.208645569620254
8.841050632911395
8.320088607594938
8.138291139240504
7.679101265822786
3.94820253164557
1.0657341772151898
1.873696202531645
3.2505316455696205
0.22678481012658225
0.3227088607594937
1.0402911392405063
1.7568987341772153
0.0
0.0
0.0
0.1032658227848101
2.535683544303797
0.5358101265822784
0.017936708860759487
0.3234556962025316
0.5708101265822784
1.991430379746835
1.8896075949367093
0.0
8.595215189873418
10.334113924050634
9.956265822784811
1.5975063291139238
3.0654683544303802
10.756303797468354
11.890392405063292
7.631734177215192
11.891455696202533
8.419860759493673
11.700367088607594
11.906886075949366
12.252063291139239
11.887898734177213
11.891835443037973
3.678696202531645
12.332607594936706
2.541544303797468
1.2181645569620256
4.972430379746836
0.23197468354430376
6.466822784810127
0.5674810126582279
1.767113924050633
2.5998354430379744
4.70932911392405
4.2667088607594925
0.7388607594936708
2.5736329113924046
0.0
0.0
0.028481012658227854
4.682835443037975
4.467974683544304
4.875949367088608
7.344936708860761
6.703113924050633
4.929734177215189
0.0
0.9910126582278482
1.100620253164557
0.008949367088607597
0.9142025316455695
3.7555063291139255
0.49083544303797466
0.0
2.776303797468354
1.1153037974683546
3.9303291139240506
10.692291139240508
6.215126582278481
4.299911392405064
0.0040886075949367095
4.800670886075949
0.0
4.145
2.215227848101266
0.6476708860759494
8.662430379746839
5.712721518987341
12.749784810126581
7.550392405063288
0.4704556962025317
0.017936708860759487
0.0
0.9345063291139242
10.399506329113924
13.996164556962023
13.751151898734175
6.301569620253166
6.8322784810126596
9.258835443037976
2.9590253164556968
0.3898481012658228
0.443367088607595
6.6351645569620255
0.592493670886076
3.3256708860759496
5.634962025316456
13.541139240506327
2.5281139240506336
1.068848101265823
0.011607594936708862
0.07655696202531645
4.635886075949367
9.472822784810127
13.920341772151904
14.228101265822781
12.259607594936709
11.375468354430378
11.911759493670887
5.030708860759494
1.746139240506329
1.6172531645569617
1.821291139240506
0.019278481012658225
0.0
3.1773164556962024
0.25135443037974675
4.045392405063291
3.1872025316455694
10.40846835443038
10.038341772151897
12.30653164556962
0.7202278481012658
0.7416455696202531
0.22645569620253164
7.837392405063293
12.389101265822786
10.990873417721518
0.010291139240506333
5.8389113924050635
9.898379746835444
1.9058734177215189
4.5635569620253165
2.061784810126582
6.327354430379748
6.804075949367089
0.18245569620253166
0.0
0.0
2.5639113924050636
3.347683544303797
5.926721518987341
7.856772151898735
6.133848101265821
6.785367088607596
7.367113924050634
7.329772151898735
6.6788354430379755
8.394556962025312
11.890962025316457
11.90767088607595
9.641683544303795
0.13445569620253164
3.5478481012658216
6.195696202531646
7.707455696202531
7.726962025316455
4.455303797468355
5.5429367088607595
7.609341772151899
7.540417721518987
3.768177215189873
0.7897215189873419
0.6989367088607595
0.0
0.0040886075949367095
0.03588607594936709
0.0
1.3108860759493675
0.0
0.41644303797468346
3.0673797468354436
4.287620253164557
0.0
0.0
0.03588607594936709
0.588126582278481
0.08024050632911392
1.7384177215189875
3.5896708860759503
2.4824430379746834
0.7229620253164556
0.8158987341772153
0.9837088607594938
0.013012658227848105
4.778696202531645
3.41746835443038
6.08953164556962
0.8167848101265824
2.1830126582278484
0.0
3.139620253164557
2.850974683544304
3.857949367088608
0.40140506329113923
5.135999999999999
2.84026582278481
0.03360759493670886
0.0040886075949367095
0.14921518987341775
3.4624810126582277
0.32694936708860756
0.08529113924050634
3.515962025316456
5.094443037974683
6.8238734177215195
1.8705822784810124
0.30105063291139245
2.1699367088607597
4.761531645569621
0.0
0.008949367088607597
1.6024177215189872
0.49017721518987345
2.4905822784810128
5.488151898734177
2.9828227848101263
0.08253164556962025
5.962291139240507
4.277481012658228
4.713303797468354
0.778759493670886
1.672784810126582
0.288379746835443
2.6144936708860764
3.7422531645569626
1.0877848101265821
0.1162405063291139
0.6902911392405062
0.10651898734177215
2.1570126582278486
6.468696202531644
3.4180886075949366
4.798316455696202
0.05565822784810127
0.04432911392405064
0.0
0.0
0.310620253164557
0.03358227848101266
0.0
0.0
1.3483037974683543
1.0917215189873417
0.4076075949367089
0.551746835443038
0.2945569620253165
2.358113924050633
2.6821265822784808
3.4628481012658225
2.0967848101265822
1.4944936708860757
0.31945569620253156
0.0
0.19521518987341774
0.3972531645569621
0.3645443037974684
0.2440379746835443
0.7490506329113925
0.0
0.07168354430379748
0.675379746835443
0.6942658227848101
0.0015696202531645573
0.22187341772151897
0.10651898734177215
0.0
0.0
1.520278481012658
0.0
2.6801772151898735
0.21903797468354425
0.00887341772151899
5.640544303797469
0.0
0.12546835443037974
0.0
0.0
0.16134177215189874
1.7824177215189871
1.5595189873417723
0.0
0.0
1.0404810126582278
0.9065569620253164
2.183025316455696
3.331924050632911
0.08070886075949367
4.094784810126582
0.0
2.4745696202531646
2.2812531645569623
0.026898734177215184
4.942987341772151
4.350924050632911
0.10081012658227846
0.2537215189873418
0.0
1.9381392405063291
0.0
0.00637974683544304
0.009455696202531647
0.0
1.202151898734177
2.0418227848101265
0.0
0.09262025316455695
4.908835443037975
5.194531645569619
0.04443037974683544
3.021278481012658
0.0
0.0079746835443038
0.6308607594936708
6.658772151898734
7.651101265822784
8.452000000000002
0.8714050632911393
6.144240506329114
0.0
0.0
5.701493670886076
6.750886075949368
7.265582278481013
7.529670886075949
4.980911392405063
8.651683544303799
5.84320253164557
6.410379746835442
7.898518987341775
8.615088607594936
5.749911392405062
0.020164556962025314
1.3531139240506327
4.822974683544303
5.15886075949367
3.4213924050632913
0.14420253164556962
3.650974683544304
4.080873417721519
2.9005949367088615
0.003202531645569621
3.984924050632911
0.7229113924050632
0.13445569620253164
0.41825316455696193
0.0
3.3006708860759493
0.7144177215189873
0.09037974683544303
0.0
7.732253164556963
5.444113924050633
0.3065949367088608
2.184367088607595
0.017936708860759487
0.0
0.0
0.2906075949367089
0.032379746835443035
5.449126582278479
2.5574936708860756
3.9375569620253175
1.5906835443037972
3.2928101265822787
0.6122784810126582
0.0013544303797468358
6.23593670886076
0.048835443037974685
0.8232151898734176
0.348126582278481
0.002962025316455697
2.3679113924050634
5.473556962025317
8.247886075949369
3.536240506329114
3.052556962025316
4.905291139240505
5.487037974683544
1.4258101265822787
2.775924050632911
3.375392405063291
0.20222784810126582
3.794367088607595
0.2832658227848101
4.002215189873418
0.0
8.440531645569623
11.035569620253163
10.688189873417722
10.214113924050633
9.150493670886075
0.9037721518987342
3.8584556962025323
10.251088607594937
0.14620253164556962
4.083215189873416
0.019164556962025313
3.690746835443038
1.5257215189873419
10.110924050632912
1.517
0.7920379746835442
2.844354430379746
0.4619113924050633
3.7806582278481025
10.995493670886075
2.340746835443038
8.5943417721519
4.812708860759494
0.5882025316455693
2.9069240506329113
5.607139240506329
4.8206835443037965
11.728493670886076
3.237582278481013
10.290759493670885
12.441696202531645
12.592164556962025
5.362797468354431
4.417443037974683
3.3217848101265823
0.003202531645569621
0.2892278481012659
5.577810126582279
12.371481012658228
13.601632911392407
10.544873417721519
0.8642784810126583
0.0
10.662569620253166
11.373556962025317
12.247354430379747
12.140810126582279
14.89029113924051
13.99798734177215
6.396063291139241
6.962506329113926
5.867518987341772
1.3874683544303796
3.5700759493670886
2.5871518987341777
2.9247594936708867
2.11473417721519
0.11073417721518988
1.8491772151898735
6.449911392405062
4.258810126582278
0.5178101265822784
4.892886075949366
3.2358987341772143
0.0
2.5509113924050637
3.644645569620254
4.951784810126584
4.672683544303796
0.3528227848101266
0.033227848101265826
5.987113924050632
0.20769620253164559
0.026594936708860754
7.743227848101265
2.8523037974683545
10.500708860759495
12.741708860759495
14.17498734177215
14.165924050632913
7.379797468354429
12.926151898734178
1.4467341772151898
1.8840632911392403
1.3224810126582276
2.0660886075949367
6.411101265822785
12.71560759493671
12.667759493670887
9.186063291139243
8.643227848101267
12.564151898734176
10.886164556962026
8.339329113924052
6.375177215189872
8.68992405063291
0.08115189873417722
1.183392405063291
10.918354430379747
12.839291139240508
2.8704683544303795
7.891556962025317
5.114898734177215
1.4113417721518988
11.255544303797468
3.0619240506329115
2.2190000000000003
3.1004303797468356
5.247683544303798
6.562063291139241
5.566987341772151
0.10721518987341773
3.071113924050633
2.7696075949367085
9.780784810126582
5.406493670886075
9.17686075949367
1.7161518987341768
4.219911392405063
10.67953164556962
8.167037974683545
3.7025316455696196
3.6868354430379755
2.7002405063291137
0.871126582278481
8.420898734177214
5.377607594936707
5.994481012658228
8.661189873417722
6.488430379746834
0.34467088607594937
8.57348101265823
6.986683544303797
10.625759493670886
9.880405063291137
10.409012658227848
7.922481012658229
6.53906329113924
8.641
1.7389746835443043
2.0169113924050635
0.1969240506329114
5.888898734177216
4.586962025316456
0.0
6.678063291139242
8.451886075949366
7.443468354430379
5.1371898734177215
5.887620253164556
1.8160126582278475
0.5753291139240506
1.1525569620253164
0.0
7.6211139240506345
9.222746835443038
3.7712784810126587
6.140354430379747
1.4974050632911393
3.365898734177216
5.64906329113924
5.451784810126581
6.247860759493672
6.478037974683545
6.247367088607596
7.883316455696204
6.4886582278481
7.991025316455699
1.3045443037974682
6.924987341772153
8.010417721518985
2.1276202531645567
1.481392405063291
0.03129113924050633
2.280708860759494
3.5950506329113927
1.1754050632911393
0.9876962025316458
6.442126582278481
5.500354430379747
2.993430379746836
1.589139240506329
0.2484556962025316
0.0
0.0
3.7470886075949363
5.330379746835443
5.659215189873418
2.537215189873417
8.444379746835446
8.070063291139242
7.558354430379746
5.954873417721519
2.558784810126583
0.39492405063291136
5.862164556962026
0.34605063291139243
0.0
0.008949367088607597
0.6479367088607595
3.7157088607594937
4.6912531645569615
0.0
2.6050253164556967
0.08203797468354432
0.013341772151898731
0.024683544303797468
0.5919367088607596
1.6959240506329114
0.2658227848101266
2.4104556962025314
1.6736835443037972
2.862886075949367
2.9010886075949367
3.8892911392405067
0.01217721518987342
0.0
0.0
0.0
0.011240506329113926
0.003202531645569621
0.004443037974683545
0.287873417721519
0.8683164556962026
0.0
1.0860759493670888
3.144772151898735
0.0
0.0
0.0013544303797468358
2.6392025316455694
0.0160379746835443
7.120164556962025
2.110455696202531
0.003202531645569621
0.026898734177215184
0.0
0.8022025316455698
0.009594936708860762
1.7058354430379743
0.06064556962025317
0.0
0.0
0.0
0.0
0.0
0.3884303797468355
0.0
0.7388734177215189
6.160164556962025
2.1921898734177216
1.9228354430379746
0.0
0.0
0.0
0.0
0.049924050632911394
2.302506329113924
5.38967088607595
0.18815189873417723
0.0
0.19616455696202528
1.8898227848101268
0.0
0.29092405063291144
2.229556962025317
0.0013544303797468358
0.27362025316455696
0.027253164556962025
1.0735696202531648
0.046088607594936715
0.16977215189873415
0.1931645569620253
0.009189873417721522
0.1830632911392405
1.785582278481012
0.0
0.0
0.5478227848101266
0.0
4.100139240506329
0.0
0.9526835443037974
1.3630253164556965
5.711139240506329
1.3607088607594937
0.5147215189873416
3.2921645569620255
0.0
0.009189873417721522
0.0900886075949367
0.0
0.0
0.027594936708860755
1.2169113924050636
0.3410632911392405
7.274443037974684
2.2200126582278483
0.29197468354430384
0.0
6.429544303797468
7.182101265822785
3.449113924050633
1.129860759493671
4.74879746835443
0.767746835443038
4.098227848101266
0.14932911392405065
0.0
3.1128860759493677
7.077911392405064
3.9883924050632915
6.531797468354431
1.2773291139240508
3.9698227848101273
8.38224050632911
8.33720253164557
3.196620253164557
0.5240253164556963
1.1527594936708863
0.5492025316455698
0.0
0.0
0.0
0.5297721518987343
0.12562025316455697
0.009088607594936711
0.3133797468354429
0.0
0.0
0.0
0.0
0.7265696202531645
4.9746962025316455
5.529291139240507
6.6986835443037975
9.563506329113926
2.3747215189873416
3.8016962025316463
0.9566329113924048
1.5461645569620253
0.0
9.056886075949368
1.7744430379746834
0.0
0.8524556962025316
3.53632911392405
1.9832911392405064
2.0674556962025314
7.906987341772151
6.0299240506329115
0.0
0.0
0.0
1.567518987341772
1.8328607594936708
0.5461392405063291
0.41370886075949365
0.0
4.999050632911392
4.380987341772154
5.687240506329115
0.36011392405063297
5.304974683544304
3.995177215189873
1.9859240506329119
1.426379746835443
2.509329113924051
2.066936708860759
3.8091265822784814
0.8052658227848101
2.0117594936708856
1.8189620253164551
4.4894430379746835
0.44801265822784814
5.966670886075948
2.250886075949367
6.351101265822783
2.132708860759494
10.547405063291139
11.277000000000003
12.254455696202532
3.4981012658227844
5.952468354430379
4.090797468354433
2.378873417721519
5.703911392405064
6.81413924050633
0.0
4.750518987341773
10.687379746835445
7.977772151898734
1.1342025316455693
2.5208987341772153
10.089063291139242
10.744164556962023
3.846810126582279
3.15546835443038
4.406835443037975
1.0846075949367089
7.347670886075949
10.16840506329114
3.5663544303797465
13.296721518987342
13.450569620253168
8.857772151898736
2.7209240506329118
0.8481265822784811
0.10691139240506328
4.607949367088608
4.254443037974684
3.1921518987341773
6.4049240506329115
3.5542025316455694
4.4726708860759485
0.0027594936708860763
0.0
0.3011012658227848
12.364962025316455
14.362063291139242
0.5478987341772152
1.306759493670886
4.216708860759494
11.288594936708861
13.868746835443035
11.149962025316455
9.858291139240505
0.6646962025316456
6.805670886075948
9.155708860759495
9.888405063291138
13.57988607594937
6.014835443037974
7.026683544303798
9.630962025316455
13.907658227848103
14.520911392405061
14.250974683544307
14.050151898734175
14.733316455696203
13.414379746835444
13.050303797468354
10.986291139240507
10.678974683544306
7.882911392405063
0.12755696202531647
4.44559493670886
3.8266202531645575
6.242746835443039
1.4986708860759494
8.162177215189875
9.375189873417721
3.234151898734178
11.285278481012657
6.47653164556962
10.301253164556963
10.218037974683543
3.327215189873418
3.0735949367088606
9.319291139240503
2.4673544303797468
7.572430379746832
2.746468354430379
4.497126582278481
0.3544556962025317
2.5309873417721516
3.81346835443038
9.160949367088605
9.406518987341773
12.55225316455696
9.16986075949367
7.547189873417721
13.41044303797468
13.243367088607593
5.288759493670885
12.353481012658227
13.404417721518989
10.493341772151897
7.931556962025316
6.17020253164557
7.2748987341772136
6.325379746835443
0.0
5.337734177215189
6.185860759493671
5.1550126582278475
6.47386075949367
5.4918607594936715
0.416
0.018417721518987344
2.505417721518987
6.659873417721519
0.025227848101265823
1.840987341772152
0.1631518987341772
4.302367088607594
1.4785569620253163
3.1036962025316455
4.651126582278481
3.1910506329113923
0.17703797468354432
1.6954430379746834
0.05473417721518988
1.0588101265822785
1.6135822784810128
1.804784810126582
9.633443037974683
5.972645569620253
4.876164556962026
6.350139240506329
8.748620253164557
7.1407594936708865
8.694227848101269
0.04583544303797468
0.026455696202531645
3.7185189873417728
0.03372151898734177
0.0
0.0
2.6620379746835443
7.721316455696206
7.586772151898732
6.105316455696203
7.51240506329114
3.0691898734177214
4.589265822784809
9.373278481012658
4.574696202531645
0.6566708860759495
5.686189873417721
6.106367088607594
6.820405063291138
8.659708860759492
5.403886075949366
3.9945569620253165
7.568417721518989
9.105075949367086
1.4175443037974682
1.5137848101265827
0.7051392405063293
2.1331265822784813
7.838227848101265
3.6183924050632914
2.4370632911392405
6.9614050632911395
5.002544303797469
8.323126582278483
3.8522278481012653
0.0
5.232886075949367
0.253126582278481
0.509126582278481
0.1378227848101266
0.0
2.3094430379746833
3.7422025316455696
0.0
1.4555822784810126
3.426303797468354
0.0
0.11064556962025315
2.387632911392405
0.0
0.0
2.6269873417721517
0.004164556962025318
0.17893670886075952
0.0
3.391721518987342
1.693493670886076
0.20894936708860762
5.192822784810127
0.06754430379746834
6.184240506329114
0.5162151898734177
5.173417721518988
2.405696202531646
1.778455696202532
0.051569620253164555
0.05956962025316456
5.884
0.0
0.7826075949367088
0.5840379746835442
0.0
2.7069367088607597
1.989303797468354
0.0
0.0
4.695126582278482
0.38462025316455695
0.5616455696202532
3.634367088607595
0.36805063291139234
0.0
1.1180886075949366
2.6767848101265823
6.519670886075949
0.0
0.012455696202531648
3.5724177215189883
1.3095822784810125
4.333974683544304
0.1317721518987342
0.0
1.8875443037974682
1.6147468354430379
0.0
2.8862911392405066
0.08487341772151898
0.0
0.0
0.08291139240506328
0.0
2.3780126582278482
0.6880886075949365
0.14268354430379745
0.0
0.0
0.9812151898734178
0.0
0.0
0.0
0.0
0.0
0.29331645569620246
4.098430379746835
0.036860759493670896
0.059468354430379754
0.10339240506329113
3.4615569620253166
2.8761645569620256
0.0
0.0
4.540544303797469
0.0
0.37181012658227847
3.893151898734177
0.0
0.0
0.0
0.30892405063291134
0.1680886075949367
0.3815696202531646
0.3771012658227848
0.0
0.0
0.0
0.0
0.0
4.677708860759494
0.352746835443038
6.161683544303797
7.229822784810125
6.678974683544302
7.334810126582278
5.990962025316456
4.762341772151899
0.0
0.0
0.0
1.2999240506329115
0.0
0.0
0.0
1.9063797468354429
0.31767088607594934
0.02951898734177215
0.009189873417721522
0.0
0.0
0.018417721518987344
0.0
0.9493797468354429
0.0
0.0
0.8290126582278482
4.861670886075949
8.419177215189874
7.547177215189874
0.0
0.0
0.0
0.0
0.0
5.546012658227848
6.894
7.7117088607594955
6.553797468354432
8.496759493670888
7.6928860759493665
3.3937721518987343
9.162696202531647
7.842911392405062
8.75392405063291
7.016645569620255
9.317455696202531
4.467341772151899
0.7080886075949367
0.0
0.09218987341772153
0.009189873417721522
3.8278481012658223
4.220911392405063
2.540341772151899
0.0
0.0
0.0
7.8919113924050635
0.9210000000000004
4.112253164556963
4.794050632911391
4.668936708860759
3.071025316455696
2.4238354430379747
0.07372151898734178
9.83206329113924
0.0
5.636291139240505
3.3984177215189884
7.798189873417722
6.159177215189874
0.07372151898734178
1.3187468354430378
5.19225316455696
1.416113924050633
1.4277974683544303
6.920898734177215
0.5296455696202531
0.0
7.160848101265821
8.210569620253166
6.219886075949367
7.362050632911392
1.9858607594936706
10.40548101265823
10.941759493670887
11.690177215189872
7.794683544303796
10.583240506329114
12.670227848101264
13.06040506329114
12.488708860759493
0.6918860759493671
3.6123417721518987
5.373506329113923
3.2260126582278486
0.0
0.11984810126582277
0.2875443037974683
7.989759493670887
11.919721518987341
10.991405063291142
6.861101265822786
5.993506329113924
0.009189873417721522
6.518632911392404
4.562898734177215
2.154506329113924
6.324227848101266
9.844924050632912
1.4803417721518985
5.495936708860761
4.055227848101265
1.8270886075949369
0.4837215189873418
2.070430379746835
5.211569620253163
10.519670886075948
11.943151898734177
4.8398607594936705
7.583974683544305
0.0
0.011848101265822787
0.4660253164556962
5.789493670886078
0.15489873417721517
0.4214556962025316
3.664240506329114
4.010050632911393
1.6212278481012659
7.579151898734178
3.2851139240506337
7.991962025316453
9.723696202531645
5.7093797468354435
0.42381012658227835
1.0436835443037977
3.4641645569620256
0.0
1.820632911392405
6.396974683544304
0.010037974683544304
1.0569873417721518
0.5528987341772151
5.637481012658228
4.456632911392406
2.920860759493671
1.0855569620253165
2.1683924050632917
1.6453291139240505
9.107177215189877
2.015721518987341
12.61659493670886
12.309012658227848
1.7471012658227842
2.3274810126582275
4.621620253164557
8.756531645569618
14.685177215189873
14.818177215189873
10.286341772151898
0.023291139240506326
8.603443037974685
9.359164556962025
11.808392405063293
8.023430379746836
6.997202531645568
12.859962025316454
9.811392405063293
4.430417721518988
3.648898734177215
3.6312151898734184
9.80607594936709
3.924873417721519
4.111898734177215
4.478822784810126
6.702265822784809
6.086468354430379
3.6524936708860753
5.1469240506329115
0.8747974683544303
0.2157848101265823
0.4931772151898734
2.9654683544303797
0.1057848101265823
2.302392405063291
0.9014683544303799
1.3874050632911392
7.986721518987342
6.803379746835443
6.920936708860759
6.409784810126583
8.871151898734176
0.47929113924050637
1.8596202531645574
7.552974683544305
2.593493670886076
3.293911392405063
3.8972784810126586
3.4860886075949375
0.5791772151898734
9.792873417721518
0.569645569620253
2.6577468354430382
6.236696202531646
9.704151898734178
10.97374683544304
1.2011645569620253
3.6073924050632917
0.4187088607594937
2.1244177215189874
2.310189873417721
0.7452278481012659
0.1309620253164557
2.4743924050632913
6.677822784810127
9.77593670886076
6.555392405063291
8.751569620253163
7.696443037974682
1.6815189873417717
5.271696202531645
1.786037974683544
7.206936708860762
7.3020759493670875
2.49446835443038
4.414518987341773
5.2811772151898735
0.08932911392405063
0.5846075949367089
3.5255316455696195
5.528430379746836
4.450848101265824
0.329253164556962
3.9990632911392394
2.452873417721519
6.485658227848102
3.8660126582278482
1.3947088607594935
4.0447594936708855
5.891645569620253
1.646746835443038
4.225835443037975
3.621645569620252
0.36540506329113925
6.567177215189874
8.563999999999998
7.925873417721519
8.710721518987343
2.5296835443037975
1.8223797468354432
5.490354430379747
6.203443037974684
0.5595696202531646
8.907696202531644
8.379088607594936
1.8351772151898735
0.0
0.5614556962025317
3.7559746835443035
0.0
0.5824810126582278
0.635
3.396987341772152
7.117126582278481
3.809379746835442
0.010518987341772153
0.009088607594936711
0.12359493670886075
0.0
2.5689367088607593
6.412582278481012
3.175924050632912
0.8617215189873417
0.31594936708860766
3.7946962025316457
2.0038101265822785
0.0
0.0
0.0
0.8807468354430377
2.1233924050632913
0.26356962025316455
0.2751645569620253
0.3225822784810128
0.26769620253164556
0.036860759493670896
0.5128227848101264
0.6986835443037975
1.6194303797468357
0.05664556962025317
0.8958734177215192
0.3929240506329114
0.10377215189873418
0.28362025316455697
0.0
0.17107594936708861
0.734139240506329
0.0
0.0013544303797468358
0.06821518987341772
0.0
0.3452658227848101
0.0
0.013632911392405063
0.0
0.07268354430379745
2.7828607594936705
0.06837974683544304
5.077468354430381
0.8614556962025316
1.0794683544303798
0.0045316455696202546
2.4937468354430385
2.9165316455696204
5.218088607594937
0.0
0.7986582278481014
0.0
2.739379746835443
0.1317721518987342
0.04546835443037976
0.0
0.0
0.0
0.08487341772151898
0.0
0.0
1.31046835443038
0.32896202531645574
0.4286202531645571
0.0
0.0
2.0839620253164557
0.0
0.0
3.2903164556962023
0.08487341772151898
0.32739240506329104
0.0
0.03817721518987342
0.08905063291139238
0.0
0.23397468354430387
0.26325316455696207
3.764379746835443
5.077658227848102
0.0
2.0128987341772144
1.5390126582278483
5.197481012658228
1.0721265822784811
0.0
0.00968354430379747
0.0
0.4831012658227848
0.3771012658227848
0.3068227848101266
0.0027594936708860763
1.107772151898734
1.466025316455696
0.0
0.5484050632911392
0.20792405063291142
2.5379746835443036
0.0
1.8813417721518992
0.2554177215189873
0.1817088607594937
0.0
1.9045696202531643
1.302253164556962
0.6415316455696203
0.16594936708860758
0.5349113924050634
3.1937215189873425
0.9329367088607596
0.0
0.43630379746835446
1.357164556962025
0.0
4.611101265822785
8.252582278481013
8.651974683544301
6.920556962025316
0.03369620253164557
0.0
0.5989113924050632
2.3065316455696205
0.018417721518987344
3.6498481012658233
3.3931518987341773
0.25735443037974687
0.39886075949367095
0.0
0.0
1.9271012658227846
1.3760253164556961
0.3282911392405063
4.41626582278481
0.0
0.0027594936708860763
5.649556962025317
0.26001265822784814
0.28362025316455697
3.767227848101265
6.698354430379746
0.0
1.7955189873417723
2.2309746835443036
0.0
0.7671645569620253
0.0
1.2621645569620252
3.740151898734177
6.384367088607595
2.9069620253164556
0.36934177215189873
0.27350632911392403
1.4000886075949366
0.18815189873417723
1.5255949367088606
0.0068987341772151906
3.034164556962025
0.32926582278481004
2.955126582278481
0.0
2.248620253164557
0.16977215189873415
0.0
6.079721518987342
8.195797468354431
2.4060253164556964
0.0
4.393772151898734
2.058835443037975
0.0
0.03137974683544304
10.460000000000003
10.61815189873418
6.638367088607596
5.734037974683545
10.922493670886077
7.404481012658229
11.537708860759494
0.04996202531645569
5.711468354430379
10.035911392405065
4.933240506329114
7.529379746835444
8.26888607594937
10.049772151898734
13.116037974683543
12.18846835443038
11.329240506329114
5.665873417721518
0.0
4.846556962025316
3.3612784810126572
7.454911392405063
3.2851392405063287
2.93453164556962
7.935151898734178
7.453481012658227
12.716999999999999
9.253708860759492
0.0
5.211113924050634
11.629949367088606
13.561810126582278
12.752962025316458
12.905278481012658
6.788329113924051
7.964164556962025
0.9554556962025319
3.4759367088607593
0.5438227848101266
0.047113924050632916
2.3174936708860763
7.275708860759493
6.929240506329114
13.012227848101265
5.113468354430379
8.308278481012659
12.465645569620253
7.303936708860759
5.56473417721519
5.24479746835443
7.251556962025315
4.44273417721519
4.280379746835442
2.1238101265822786
3.1996962025316456
4.232050632911393
1.2037974683544306
0.036860759493670896
3.0145443037974684
0.5143544303797468
3.263303797468354
7.334202531645567
0.4901139240506329
3.1316708860759497
14.500405063291138
14.808481012658227
11.493898734177217
8.159569620253164
9.488632911392406
10.495037974683544
3.795075949367089
0.0
2.843405063291139
0.4975569620253166
0.17703797468354426
0.0045316455696202546
0.0
1.6865949367088608
2.832860759493671
3.482088607594937
8.266506329113925
5.888417721518987
3.471708860759495
7.354405063291138
2.272886075949367
11.397999999999998
6.433620253164556
7.184303797468355
9.746354430379748
5.689063291139241
7.775582278481011
13.762329113924052
8.912848101265823
6.217037974683545
4.13106329113924
4.241164556962024
0.9756075949367091
0.027594936708860755
0.10416455696202531
0.8374556962025317
0.4778354430379747
6.935734177215188
0.7872658227848102
3.7289620253164544
10.477278481012657
2.820341772151898
12.582784810126581
11.897898734177216
9.414949367088607
9.981784810126582
3.6561265822784805
10.146594936708862
9.49487341772152
12.52340506329114
1.02026582278481
4.7712405063291135
6.79481012658228
9.118101265822782
6.189607594936709
12.823164556962025
8.622050632911392
8.325620253164557
5.821949367088608
6.657113924050632
6.755088607594936
11.362848101265824
13.282835443037975
11.908012658227847
9.847772151898733
11.407683544303795
12.557240506329114
3.9072405063291145
1.267367088607595
5.78526582278481
1.5711772151898733
6.002329113924051
5.2805063291139245
3.5349746835443034
3.425113924050632
0.03502531645569621
8.218329113924051
8.270582278481012
4.704974683544304
9.236215189873416
4.408468354430379
2.289670886075949
1.747607594936709
5.987670886075949
0.010556962025316459
7.396101265822784
9.28837974683544
6.26667088607595
10.866354430379747
9.806455696202534
1.6964430379746833
4.521987341772151
2.1499367088607593
2.770924050632911
0.7141139240506331
0.16931645569620252
1.6982405063291144
2.7645949367088605
0.0
0.046088607594936715
0.0
8.25140506329114
1.9786835443037976
0.3799620253164556
0.0
3.957075949367088
4.397569620253165
2.64306329113924
1.4086708860759496
5.327645569620254
9.39740506329114
8.466468354430381
1.029810126582278
0.0
0.9468481012658226
0.046088607594936715
2.284582278481013
3.206075949367089
4.267392405063291
6.7169113924050645
0.0
0.0
6.281354430379746
0.9112531645569623
0.35443037974683544
0.0
0.03186075949367089
0.20894936708860762
0.44715189873417727
0.0
0.25108860759493673
5.766594936708862
0.757987341772152
0.0
0.0
1.9523291139240504
4.28179746835443
3.741151898734177
5.852126582278481
2.9954683544303795
1.3823164556962024
0.4684556962025316
0.6736455696202531
1.1715189873417722
8.385746835443037
8.017278481012658
3.651405063291141
3.450367088607595
4.048189873417722
6.650911392405064
0.0
0.0
2.832430379746836
1.6650253164556958
0.0
0.0
1.3258734177215192
2.393556962025316
0.18815189873417723
1.7471392405063295
0.0
3.659620253164557
2.245227848101266
0.0
0.009189873417721522
0.0013544303797468358
0.0
0.988759493670886
0.0
1.1149493670886075
0.0
0.0
0.0
0.0
0.0
0.6123924050632912
1.5514177215189875
4.282278481012658
0.0
2.816911392405063
0.0
0.0
0.5948987341772152
0.10339240506329113
0.0
5.046645569620252
3.0212278481012658
0.0
0.0
0.0
2.684367088607595
0.0
0.0
0.0
0.0
0.0
0.0
0.0
0.2618607594936708
3.0511772151898735
0.34983544303797476
0.0
0.0
0.022670886075949366
1.8810506329113925
3.302303797468354
0.325493670886076
0.0
0.0
0.0
0.19083544303797467
0.08625316455696201
3.0232531645569622
0.2739367088607595
7.217405063291137
0.8583164556962025
0.32363291139240513
0.0
0.2546075949367088
1.044025316455696
2.3235822784810125
0.3589746835443038
0.5665189873417721
2.5822405063291143
0.40474683544303797
1.0878227848101265
4.675696202531645
7.041632911392403
7.488379746835444
6.1845063291139235
0.0
0.22273417721518982
0.38616455696202534
0.4452531645569619
0.4134556962025316
0.4428607594936709
2.212265822784811
0.027594936708860755
0.1217594936708861
1.7366582278481013
2.1346962025316456
0.7756202531645568
2.745594936708861
0.4357721518987342
0.16977215189873415
4.9904177215189875
1.9937848101265825
0.0
5.599949367088609
7.192658227848102
0.0
0.0
1.744341772151899
2.272506329113924
0.33754430379746836
0.0
0.0
3.1958354430379745
1.6099367088607595
0.7360126582278481
0.7424050632911391
0.0
0.5883924050632913
2.006329113924051
0.6052911392405061
0.13993670886075948
7.699455696202531
8.342354430379748
0.0013544303797468358
6.3508607594936715
6.895696202531647
6.873088607594937
1.9364683544303796
1.5912025316455696
6.097873417721519
0.027594936708860755
0.0
0.24845569620253163
7.78798734177215
2.986012658227849
6.431632911392404
4.3552911392405065
0.1669240506329114
8.635151898734177
0.0
5.869177215189873
9.53046835443038
9.351113924050633
7.0447721518987345
0.39774683544303796
8.680430379746838
5.126734177215189
1.8637974683544305
3.670898734177215
0.07815189873417723
0.11893670886075948
0.0
1.2620506329113923
2.5446075949367093
2.0586708860759497
7.825886075949368
0.0
9.294873417721519
2.9515063291139243
2.3406202531645564
0.34968354430379744
0.0
0.009189873417721522
0.036860759493670896
4.725455696202532
0.9591012658227847
4.38274683544304
2.6586455696202536
0.3706455696202532
0.6544556962025316
8.93207594936709
4.238822784810127
0.018126582278481008
0.11425316455696202
0.0027594936708860763
7.643632911392406
3.032037974683544
11.720075949367088
4.430582278481012
8.210354430379747
11.541506329113925
9.131379746835444
7.796468354430379
9.263113924050634
12.548797468354431
13.302113924050635
0.339379746835443
1.7421772151898736
2.1415949367088607
8.910379746835444
3.1332911392405056
11.133303797468356
13.80893670886076
12.854202531645571
12.636886075949366
12.755265822784809
11.494088607594936
12.136493670886075
14.040784810126581
14.574101265822785
14.497240506329113
14.319594936708862
13.273164556962024
9.71939240506329
13.254215189873419
8.824227848101266
6.329924050632911
12.066772151898734
11.524734177215194
4.179632911392405
0.9603797468354429
1.9522784810126586
5.742911392405064
6.6482658227848095
3.5340000000000003
5.585417721518988
7.338164556962026
11.506151898734174
2.3834810126582275
10.374316455696205
14.564101265822792
10.1296582278481
9.19687341772152
13.997215189873417
14.712708860759495
11.656493670886073
14.064443037974685
13.820227848101267
7.193582278481013
0.5845696202531645
4.715278481012659
5.094620253164558
11.664784810126582
8.846367088607595
5.233215189873418
2.4248227848101265
0.17949367088607593
7.351620253164558
1.651911392405063
0.9887974683544305
0.289620253164557
1.354873417721519
12.506215189873418
12.381531645569622
10.512898734177217
3.936050632911394
2.952189873417721
4.016126582278481
5.445759493670886
8.584012658227849
6.7143417721519
7.360645569620255
2.404341772151898
5.578443037974684
7.67867088607595
6.399265822784809
9.673025316455696
13.123202531645571
12.847987341772152
9.388670886075948
3.3865443037974683
6.246151898734177
2.483025316455696
4.767759493670887
2.8381645569620253
9.417835443037973
10.654025316455698
3.5009999999999994
3.6775822784810135
4.009746835443038
0.7105949367088608
1.6469367088607596
6.464151898734177
11.843632911392406
7.680721518987342
4.75273417721519
1.4359873417721516
2.4167974683544307
8.347822784810123
5.805113924050634
1.510481012658228
9.455949367088607
8.810430379746835
11.152075949367088
8.225645569620252
4.640835443037974
10.764316455696202
11.773303797468355
10.334708860759493
10.70712658227848
5.973974683544305
7.536924050632912
11.484683544303797
0.06878481012658227
0.6474430379746834
2.877556962025316
0.0
1.9465569620253167
9.997227848101264
8.730645569620254
0.1420632911392405
0.9567341772151899
0.24962025316455694
4.130253164556961
4.615227848101266
9.731835443037975
6.719582278481012
10.348354430379747
9.99306329113924
2.3466835443037977
4.581050632911392
7.821012658227848
1.4593417721518986
3.3990126582278473
0.02121518987341772
0.48503797468354426
6.0843670886075945
9.356696202531646
5.25460759493671
7.743506329113924
6.318518987341773
7.0196075949367085
0.10898734177215191
0.0
2.4077088607594934
1.9340126582278478
4.186443037974684
4.112493670886077
3.745620253164556
0.3670632911392404
0.037708860759493666
1.845518987341772
8.938455696202531
7.794746835443037
7.829012658227848
0.18355696202531646
0.009189873417721522
0.49610126582278474
0.0
2.8286962025316456
2.4224177215189875
0.4740379746835443
0.2730126582278482
3.5714936708860763
5.092822784810128
4.791632911392405
8.131620253164556
5.752772151898734
2.5637848101265823
1.476518987341772
3.7862405063291145
9.105683544303796
6.789582278481012
4.442278481012658
3.4626962025316455
3.5234177215189884
5.544607594936709
3.5047341772151896
1.8609746835443042
0.8808227848101265
0.0
0.0
3.7208734177215192
0.0
2.277518987341772
2.801708860759494
0.17893670886075952
0.5147215189873416
1.173746835443038
4.867341772151899
3.5830253164556964
6.602189873417721
5.734037974683544
6.226177215189874
6.526291139240507
1.5048481012658228
5.605037974683544
7.230253164556963
7.512797468354429
7.214860759493671
6.029012658227848
3.2326455696202525
3.2159873417721516
2.531303797468354
0.0
4.811430379746836
0.0
0.0
6.012835443037976
6.515367088607595
6.459696202531645
5.267721518987343
4.877037974683544
4.985822784810126
3.6130000000000004
0.0
0.0
0.6653544303797467
0.24072151898734176
0.0
2.624658227848102
0.0
0.0
0.0
0.10339240506329113
0.0
1.9572784810126587
0.7273924050632912
0.22016455696202533
2.95853164556962
0.0
0.0
0.0
2.6883924050632912
0.20937974683544305
4.382101265822784
2.683215189873417
0.30892405063291134
0.0
0.0
0.29527848101265824
0.0
