-1.58626865672
-2.22410447761
-6.49208955224
-2.43097014925
1.07574626866
1.50253731343
0.894104477612
-0.452835820896
-1.27470149254
-3.50746268657
-6.73037313433
-9.5873880597
-8.82194029851
-8.86
-8.1073880597
-4.25776119403
-5.26813432836
-6.535
-6.59402985075
-3.84962686567
-2.73791044776
1.86828358209
1.58313432836
1.0397761194
1.21425373134
-1.42082089552
-3.79313432836
-6.06425373134
-1.31373134328
3.87723880597
6.04164179104
-1.39492537313
2.47701492537
2.25089552239
1.24895522388
5.70813432836
4.79417910448
4.80134328358
4.11843283582
4.95544776119
5.91925373134
2.66388059701
2.50320895522
2.54880597015
1.53925373134
1.47940298507
4.41671641791
2.46373134328
1.44201492537
-0.00574626865672
1.10940298507
1.86343283582
1.48014925373
2.54985074627
1.815
1.9047761194
2.47985074627
-1.75529850746
-0.698880597015
2.96604477612
4.26514925373
2.40365671642
-0.197462686567
-0.594104477612
-0.260373134328
3.37597014925
5.01985074627
4.08925373134
4.24044776119
3.47365671642
3.32171641791
4.02880597015
3.78574626866
2.86291044776
4.16820895522
4.54656716418
5.67395522388
3.79791044776
-1.87
-3.14223880597
-1.26141791045
2.14417910448
2.83858208955
2.24365671642
5.2821641791
4.47492537313
8.53455223881
11.5342537313
5.94873134328
3.9547761194
6.22574626866
10.0490298507
4.3702238806
2.77731343284
1.74462686567
2.92044776119
3.08126865672
6.86649253731
2.9371641791
2.34947761194
2.98111940299
4.63641791045
6.17223880597
8.23164179104
10.2170895522
12.0425373134
12.6610447761
13.2344776119
6.88104477612
3.80611940299
0.945970149254
2.45276119403
3.03626865672
5.47119402985
4.26686567164
2.74552238806
5.00582089552
6.68037313433
6.01798507463
6.84664179104
10.8220149254
12.2755970149
7.05462686567
7.42791044776
5.24485074627
6.13634328358
10.3717164179
9.29156716418
7.13246268657
7.47873134328
9.005
11.6793283582
13.338880597
11.9641044776
10.4705223881
8.40440298507
8.49156716418
11.7081343284
13.3421641791
13.5658955224
13.9900746269
14.4802985075
8.17119402985
9.73134328358
9.14268656716
9.79962686567
12.0752238806
14.077238806
13.3610447761
13.5864179104
9.53641791045
10.3699253731
10.2581343284
11.6408955224
14.025
16.3970895522
17.8379850746
18.3800746269
15.0024626866
16.1208955224
15.6323880597
15.8415671642
14.5878358209
16.5228358209
19.928880597
22.0465671642
15.0737313433
14.922761194
13.88
12.4595522388
13.6161940299
10.9012686567
11.1625373134
10.6885074627
11.5652238806
11.5707462687
10.3218656716
11.1018656716
10.6692537313
9.86671641791
10.7902238806
11.9123134328
11.3235820896
11.6019402985
12.2623134328
13.9685820896
12.7255223881
14.2352238806
13.9169402985
14.2791044776
13.738880597
13.15
12.6119402985
11.0252985075
10.5926119403
13.2480597015
13.5271641791
11.4494776119
11.6878358209
13.1539552239
14.3141044776
14.897761194
11.1624626866
11.9544029851
15.2456716418
18.111641791
19.4052238806
20.7831343284
19.9464925373
19.7643283582
19.7885820896
15.7242537313
16.1248507463
17.608358209
21.3379850746
20.7482089552
19.1793283582
18.0879850746
15.1723880597
17.7376119403
17.306119403
14.2030597015
15.4200746269
17.7910447761
13.4514179104
13.3842537313
15.171119403
18.682238806
19.7531343284
18.8386567164
18.1823134328
14.8164925373
17.3467910448
14.616641791
10.5790298507
10.3059701493
9.93059701493
10.0179850746
12.7939552239
16.5990298507
17.0847014925
18.583358209
15.1035820896
13.0876119403
11.1156716418
10.8740298507
13.3064179104
16.8749253731
16.6020149254
12.4571641791
13.7751492537
15.7857462687
11.8649253731
11.8818656716
12.2341044776
14.453358209
11.248880597
12.5293283582
12.8625373134
13.7069402985
12.8229850746
13.1164925373
15.8968656716
17.4519402985
17.1898507463
17.6593283582
14.6192537313
15.2452238806
12.0873134328
10.4165671642
11.5994776119
11.5232089552
12.6364925373
11.5469402985
9.42380597015
9.95917910448
7.4521641791
9.74104477612
7.40746268657
9.42552238806
9.74910447761
7.24410447761
5.22455223881
3.65156716418
6.10194029851
5.69156716418
5.71828358209
5.09111940299
5.13171641791
9.15
9.90858208955
7.34141791045
4.41126865672
3.41701492537
6.24820895522
7.19388059701
8.18358208955
9.00462686567
6.1878358209
4.54320895522
9.56552238806
12.7347761194
9.42223880597
4.64731343284
2.69388059701
-0.732462686567
-3.84746268657
-4.05604477612
-4.31059701493
-3.18276119403
-1.76440298507
-1.43850746269
-0.582313432836
-0.867014925373
-1.94052238806
-0.367611940299
0.992164179104
2.12955223881
2.76611940299
5.52485074627
9.87313432836
10.283358209
7.14328358209
4.71753731343
7.33514925373
9.44768656716
9.7078358209
10.3770895522
9.22679104478
6.09373134328
2.09664179104
-1.15425373134
-0.331865671642
-0.751119402985
-2.46865671642
-6.8676119403
-6.51917910448
-3.9676119403
-4.05768656716
-2.02328358209
-3.63552238806
-9.48828358209
-6.65768656716
-3.57074626866
-1.67156716418
1.79194029851
2.27828358209
3.76164179104
7.26402985075
5.22276119403
1.20671641791
-0.31
-1.11880597015
-2.11462686567
-0.589701492537
2.04850746269
1.97179104478
6.76932835821
8.60164179104
5.98649253731
1.38902985075
-0.793805970149
-2.54276119403
0.152164179104
2.09440298507
2.0047761194
0.53
2.17470149254
4.79007462687
0.793507462687
-1.0002238806
-2.62253731343
-7.72858208955
-7.81992537313
-2.69753731343
-0.651641791045
-4.49641791045
-3.88940298507
-3.34626865672
-2.77082089552
-0.885298507463
-2.42380597015
1.29104477612
-0.631940298507
0.392462686567
-1.98656716418
-5.21358208955
-7.1321641791
-5.17313432836
-3.0821641791
-0.365820895522
-2.04492537313
-2.72641791045
-0.67947761194
-4.38358208955
-4.36320895522
-3.285
-2.74305970149
-0.940597014925
1.75350746269
1.06156716418
-0.508358208955
1.96134328358
5.61462686567
5.34850746269
4.87194029851
1.32291044776
-2.62179104478
-4.4573880597
-5.29186567164
-6.37082089552
-5.31440298507
-2.98052238806
-1.34305970149
-2.73059701493
-3.92671641791
-4.97067164179
-4.83
-5.33291044776
-4.97052238806
-2.34917910448
-0.884626865672
-1.79664179104
-1.34537313433
0.165
2.01753731343
2.92194029851
2.55835820896
-0.891119402985
-0.980597014925
2.56805970149
8.63104477612
9.70574626866
10.8620895522
10.6538059701
12.7482089552
9.12626865672
7.72992537313
5.17843283582
3.27529850746
2.77149253731
1.05805970149
0.973059701493
4.28970149254
5.75597014925
9.87365671642
9.28223880597
7.07492537313
9.87626865672
13.5090298507
8.91410447761
7.04835820896
9.40246268657
9.44179104478
11.3511940299
12.4799253731
13.0844029851
11.9132089552
11.7913432836
6.36888059701
4.59701492537
6.44589552239
11.2340298507
10.0757462687
9.81589552239
11.5296268657
12.6829104478
14.6182089552
13.3209701493
10.8173134328
10.697761194
6.08671641791
1.86828358209
1.42537313433
2.61798507463
3.24119402985
4.08671641791
3.14298507463
0.253805970149
3.43305970149
7.94529850746
12.1421641791
4.88186567164
4.10902985075
5.57298507463
8.63947761194
4.81014925373
4.02820895522
3.92940298507
4.73529850746
5.99462686567
7.04850746269
12.8391791045
14.0124626866
15.9479850746
19.0268656716
16.3730597015
14.6917910448
15.3457462687
13.0478358209
13.552238806
14.1984328358
10.5026865672
12.1536567164
16.4111940299
19.2820895522
20.1363432836
14.3943283582
13.5161940299
11.0402238806
10.7873134328
12.0895522388
9.64850746269
10.6255970149
12.7835820896
15.6614925373
19.0073880597
19.591119403
21.94
15.542238806
12.0397761194
15.0250746269
16.7138059701
17.0011940299
18.7179104478
17.3067164179
14.4021641791
17.0379850746
13.8595522388
12.966119403
19.2004477612
21.043880597
12.608880597
9.9123880597
8.55597014925
8.35768656716
9.88313432836
10.2536567164
11.8107462687
14.0415671642
14.4573134328
15.3223134328
14.4624626866
16.3147014925
19.9391044776
10.2980597015
11.575
14.4714179104
16.3685820896
14.177761194
13.6842537313
15.9320149254
17.4863432836
18.635
20.7907462687
21.4280597015
22.1479104478
19.776119403
17.913358209
16.238880597
16.2236567164
14.2191791045
16.748358209
14.8420149254
11.041119403
10.7834328358
12.933358209
13.891641791
15.3541791045
14.6531343284
13.2411940299
11.6855970149
12.5024626866
14.141641791
15.0204477612
17.5024626866
14.902238806
15.8829104478
18.4263432836
18.585
19.5963432836
21.0662686567
21.8063432836
22.2189552239
20.1212686567
18.3067164179
18.2210447761
15.0637313433
14.8423880597
16.1817910448
17.5446268657
18.927238806
19.5395522388
15.5120149254
11.6232835821
12.986119403
13.2441791045
12.2710447761
12.253880597
11.0970149254
11.5764179104
13.4986567164
12.5511940299
13.4855970149
13.6593283582
12.9025373134
12.4003731343
12.3200746269
12.7907462687
12.9205970149
13.1526865672
11.6141791045
12.2607462687
12.5505970149
13.3194776119
14.9641044776
16.6326865672
15.5609701493
15.4623134328
16.3107462687
15.5912686567
12.0251492537
10.687238806
12.1723134328
14.443358209
13.0942537313
15.4618656716
11.9970895522
17.4303731343
17.0617164179
17.2749253731
11.4982835821
10.498880597
11.5453731343
14.0529850746
10.3982835821
9.96962686567
10.5019402985
9.90425373134
11.4086567164
11.8241044776
9.73694029851
9.90402985075
10.831641791
15.4378358209
11.731119403
10.1887313433
12.5251492537
7.34097014925
6.23649253731
4.55358208955
4.53268656716
4.80708955224
4.70813432836
3.24089552239
5.71447761194
10.6485820896
8.14694029851
8.25007462687
4.41679104478
3.03664179104
3.48402985075
1.08902985075
3.67619402985
5.56843283582
4.47171641791
5.72447761194
7.3647761194
6.37873134328
10.137761194
10.3293283582
11.3382835821
9.50671641791
9.9071641791
4.92029850746
4.87044776119
0.0301492537313
-0.156940298507
-0.926940298507
-0.760373134328
-0.829850746269
2.06582089552
4.22044776119
3.05694029851
-0.71328358209
-1.96985074627
0.754029850746
6.76611940299
7.00537313433
11.3300746269
9.58134328358
11.0841791045
9.72850746269
1.78679104478
0.301343283582
2.02044776119
3.43701492537
1.1471641791
2.10619402985
0.839402985075
-0.0407462686567
-0.851940298507
-1.8328358209
1.42111940299
0.117313432836
0.496343283582
1.05723880597
1.7623880597
-0.924925373134
-2.57567164179
-1.20179104478
-5.07417910448
-10.0573134328
-0.28671641791
-3.98313432836
-8.82171641791
-10.5852238806
-6.75067164179
-9.5473880597
-6.80873134328
-6.33880597015
-1.5221641791
-1.68037313433
-1.85902985075
-0.90171641791
-2.03925373134
-6.87798507463
-3.36276119403
1.26902985075
3.32298507463
5.38455223881
4.03373134328
3.63298507463
6.60671641791
7.52753731343
7.27753731343
-5.77940298507
-9.68440298507
-9.00052238806
-9.80373134328
-14.927761194
-8.13462686567
-9.82402985075
-12.7174626866
-14.3929850746
-7.81082089552
-5.12231343284
-6.59111940299
-3.91514925373
-3.61567164179
-3.08940298507
-2.88268656716
-0.959104477612
-0.126119402985
-1.27111940299
-1.45276119403
0.763134328358
0.828208955224
-1.07343283582
2.10134328358
5.60074626866
0.95947761194
-2.64552238806
-3.39962686567
-3.54552238806
-2.73097014925
-1.3402238806
1.63194029851
2.66485074627
2.65619402985
2.32014925373
3.00014925373
3.70731343284
3.18223880597
2.50335820896
1.38664179104
1.51029850746
-0.437611940299
0.365820895522
-0.666343283582
-3.875
-2.30104477612
-2.13970149254
-1.20425373134
-3.22731343284
-4.46873134328
-3.77514925373
-3.31947761194
-1.45947761194
1.68820895522
5.90947761194
2.74417910448
6.33380597015
4.30388059701
0.428208955224
0.429850746269
0.686044776119
1.93134328358
0.922835820896
4.43119402985
1.69835820896
2.68529850746
0.840895522388
3.51514925373
5.74970149254
4.29895522388
2.27686567164
2.62843283582
0.846940298507
1.89149253731
2.63664179104
3.75298507463
3.10910447761
3.59335820896
5.24402985075
6.77492537313
8.5671641791
7.76156716418
6.59462686567
4.01007462687
2.60014925373
7.68350746269
9.72865671642
6.69485074627
7.03686567164
9.49582089552
11.4982089552
9.46201492537
3.39753731343
1.39164179104
1.54320895522
1.02447761194
0.61223880597
0.708507462687
2.3497761194
5.84544776119
8.88843283582
6.84932835821
6.03305970149
7.36955223881
7.75089552239
8.29850746269
7.47559701493
6.6778358209
5.64932835821
7.06888059701
7.37276119403
8.2528358209
7.13537313433
4.11425373134
4.06902985075
4.4221641791
3.76432835821
9.17432835821
10.017761194
7.02164179104
8.34776119403
5.07880597015
8.53268656716
9.63626865672
8.44380597015
7.55992537313
10.0311940299
12.2573134328
14.0125373134
16.1257462687
17.763880597
15.4426119403
15.1870149254
14.2626119403
15.7804477612
15.046119403
13.9626865672
11.538358209
10.3349253731
12.608880597
16.1045522388
19.4198507463
11.8006716418
12.992761194
15.8806716418
18.7769402985
20.8841791045
22.4197761194
22.3496268657
22.883358209
22.707238806
20.6576119403
19.7820149254
18.2010447761
16.1414925373
16.7800746269
15.0973134328
12.4195522388
10.3326119403
9.79768656716
9.66268656716
10.4642537313
11.9047761194
13.2408955224
12.6330597015
13.5151492537
15.0632835821
17.5448507463
15.502238806
14.6914179104
17.9421641791
16.1791044776
14.2510447761
13.166641791
12.2902238806
13.4244029851
15.0591044776
18.9119402985
19.4413432836
14.0148507463
14.9753731343
15.9434328358
15.9202985075
17.9360447761
20.8463432836
20.8930597015
21.7158208955
21.8519402985
22.2409701493
22.2306716418
22.1252238806
20.976641791
18.5890298507
18.1250746269
17.5173134328
20.97
20.8979104478
17.7282835821
17.3935820896
18.1371641791
17.9250746269
14.5329850746
14.1979850746
15.6847761194
19.6640298507
21.7958955224
21.4303731343
21.0339552239
22.1220149254
22.5039552239
18.6576865672
18.7298507463
18.28
18.5267910448
18.3410447761
18.2829850746
16.6685820896
16.8202985075
21.0264179104
18.0060447761
15.8330597015
18.3567164179
18.262761194
15.7931343284
18.0759701493
14.7486567164
12.0756716418
12.8120895522
13.9594776119
14.722238806
14.4026865672
14.7424626866
18.0055223881
14.3632835821
14.4440298507
13.7312686567
15.0735074627
14.3779104478
13.4289552239
11.8235820896
12.4555970149
15.9071641791
19.9180597015
17.9852238806
15.0302238806
14.9817910448
15.312238806
16.8546268657
18.0348507463
17.5879850746
16.7659701493
16.5802238806
18.0751492537
18.6662686567
18.4019402985
17.6705223881
17.2434328358
17.9691044776
18.5237313433
11.0019402985
9.10208955224
11.8800746269
14.3231343284
15.1901492537
11.8591044776
13.1273880597
13.2302238806
13.2953731343
12.1935074627
13.7092537313
12.4985820896
9.91813432836
10.125
10.8480597015
7.50470149254
9.13567164179
8.94888059701
8.90723880597
9.3771641791
9.03246268657
9.49373134328
9.31082089552
8.37619402985
6.18798507463
7.8128358209
9.52559701493
8.98970149254
8.93597014925
9.4921641791
9.39104477612
10.7089552239
7.21037313433
4.38895522388
6.79388059701
10.0623880597
10.0986567164
7.1623880597
8.14417910448
5.79276119403
8.89186567164
9.125
8.91
7.78902985075
5.18865671642
1.17917910448
2.79768656716
9.11044776119
11.4108955224
9.4402238806
8.17395522388
6.87723880597
5.75597014925
2.39320895522
1.22328358209
1.02731343284
2.8428358209
7.87708955224
6.70902985075
5.69194029851
4.98880597015
7.05910447761
9.88731343284
7.11462686567
6.08843283582
5.13014925373
4.35686567164
2.08708955224
1.29537313433
0.159029850746
-0.116791044776
0.269402985075
-0.0892537313433
0.171194029851
0.607014925373
2.51873134328
3.66425373134
7.90298507463
5.91425373134
6.13134328358
2.41320895522
0.659029850746
0.587462686567
-1.39253731343
4.56992537313
4.78350746269
0.918880597015
-0.0190298507463
-0.406791044776
3.6326119403
2.95402985075
1.84582089552
-0.373134328358
-1.95186567164
0.0784328358209
1.74567164179
4.87268656716
1.89320895522
1.26447761194
0.490597014925
-1.63380597015
-2.90873134328
-0.225895522388
4.62104477612
6.71776119403
8.22402985075
8.86902985075
3.8102238806
2.13582089552
2.76865671642
5.29052238806
6.33746268657
1.75567164179
2.16791044776
0.00738805970149
2.79597014925
5.16156716418
5.72597014925
2.3347761194
-0.209104477612
-0.166343283582
2.12320895522
2.81656716418
-0.219328358209
-1.69373134328
0.619701492537
5.71634328358
8.55686567164
7.19447761194
6.17052238806
1.90798507463
0.711492537313
4.33037313433
0.291940298507
-0.97
-2.01895522388
-1.15805970149
0.205074626866
-0.679328358209
-4.13164179104
-3.1578358209
-4.45776119403
-3.88208955224
-3.17619402985
-5.45507462687
-6.15447761194
-5.45604477612
-7.27970149254
-4.30417910448
-5.1121641791
-2.45850746269
-0.551567164179
-5.71402985075
-7.54134328358
-5.2321641791
-3.06455223881
0.755970149254
4.79373134328
4.58253731343
2.7578358209
0.707089552239
1.36067164179
0.241417910448
1.46171641791
3.8978358209
5.57962686567
6.7073880597
4.26447761194
5.06746268657
4.39850746269
2.85134328358
0.243208955224
2.51044776119
7.44305970149
7.33246268657
4.58059701493
6.22932835821
9.21223880597
8.79402985075
8.07910447761
7.61156716418
1.84888059701
4.90119402985
5.54529850746
2.44805970149
0.162835820896
1.73708955224
-0.46052238806
1.50014925373
3.46611940299
5.56126865672
7.10373134328
3.84932835821
2.8871641791
2.55940298507
3.32111940299
3.7276119403
3.39626865672
5.91895522388
5.76940298507
8.77992537313
8.60328358209
3.70373134328
2.49455223881
3.66529850746
5.85328358209
9.05194029851
13.0192537313
14.5643283582
11.1420149254
10.6510447761
13.9003731343
9.00313432836
11.9517164179
8.76044776119
11.9256716418
13.5465671642
9.7471641791
10.4832835821
9.48701492537
11.4076865672
10.693880597
8.30305970149
7.61582089552
7.41410447761
8.8047761194
11.5086567164
11.0469402985
9.87641791045
9.26880597015
7.5776119403
9.07037313433
10.3089552239
8.92455223881
12.2469402985
14.0570895522
14.3861940299
13.1959701493
11.1782089552
8.9926119403
14.3894029851
13.5504477612
10.0608955224
8.91104477612
8.7973880597
9.10626865672
9.34634328358
7.38171641791
8.32619402985
9.05067164179
10.1114925373
14.8903731343
17.9305223881
14.8911940299
16.0667164179
19.5161940299
15.3032089552
12.0239552239
14.6451492537
18.6195522388
17.8837313433
15.3470895522
15.4925373134
18.002238806
16.9096268657
14.4211940299
10.8275373134
9.66111940299
9.02432835821
12.6351492537
16.4887313433
18.351641791
18.957238806
20.707238806
20.4178358209
20.951641791
19.115
18.655
14.5853731343
12.0573880597
13.3305223881
15.541641791
13.0840298507
15.1581343284
18.2661940299
19.1052238806
20.8336567164
20.837761194
20.3653731343
21.5618656716
21.9514925373
22.7903731343
23.837238806
22.8608208955
18.6352985075
15.3363432836
19.7694029851
20.8728358209
23.1635074627
19.8569402985
17.0073880597
13.4978358209
13.2344029851
18.8000746269
21.6450746269
18.5956716418
20.782238806
24.9232835821
24.1104477612
20.3579850746
18.4929850746
20.1330597015
24.216119403
20.8292537313
15.5969402985
13.4443283582
12.4671641791
12.4776119403
13.473358209
15.8148507463
19.2587313433
19.6855223881
18.7625373134
18.1276119403
18.3523134328
13.235
12.536641791
16.5369402985
18.052761194
18.0775373134
19.6884328358
21.4640298507
22.0161940299
20.5949253731
19.0470895522
19.5179104478
20.5573134328
20.8642537313
19.9319402985
19.0509701493
16.5205970149
16.4292537313
16.6864179104
18.3067164179
18.1568656716
17.7773134328
13.595
14.5537313433
15.5756716418
12.3908208955
9.74843283582
12.1443283582
15.0948507463
13.8447014925
12.1500746269
10.5720149254
10.1623880597
13.082761194
15.2397014925
11.8134328358
11.1835820896
13.1106716418
14.5952238806
10.9286567164
12.1808208955
11.3703731343
11.1342537313
16.5228358209
10.15
10.4176119403
14.6076865672
15.4985074627
14.4369402985
11.0468656716
8.9623880597
12.0423880597
16.3712686567
17.3221641791
15.1850746269
11.762238806
11.0599253731
10.0714925373
9.50246268657
11.8535074627
8.28350746269
8.44089552239
11.2001492537
10.8118656716
10.6853731343
8.60940298507
7.12059701493
8.31507462687
9.26865671642
6.24417910448
4.29865671642
2.49544776119
2.81343283582
4.58902985075
4.64194029851
6.79544776119
8.21597014925
5.76619402985
2.55776119403
1.87947761194
5.37029850746
6.74902985075
7.99805970149
5.44768656716
7.69343283582
8.16835820896
6.41388059701
5.33679104478
5.61313432836
5.59970149254
4.18820895522
2.09813432836
-0.648059701493
-2.45298507463
-5.17223880597
-4.03365671642
-0.393059701493
1.23343283582
-0.186791044776
1.59037313433
0.248880597015
0.0441044776119
-1.63470149254
-2.04425373134
-2.14470149254
6.06835820896
10.8995522388
9.05470149254
5.17544776119
3.94231343284
-1.01313432836
-4.2002238806
-5.39865671642
-4.65597014925
-3.43052238806
-2.39552238806
-0.875597014925
-3.04470149254
-1.42873134328
0.726119402985
-1.19231343284
-5.40164179104
-7.81492537313
-5.65052238806
-5.30268656716
-7.09940298507
-7.75776119403
-2.00037313433
1.31955223881
2.7273880597
4.05992537313
3.46656716418
4.1421641791
6.71992537313
8.0826119403
9.05373134328
4.90425373134
3.48902985075
6.79141791045
5.55208955224
3.06059701493
2.58343283582
2.49970149254
3.74014925373
3.18388059701
0.762910447761
-0.290597014925
1.24791044776
1.24776119403
0.514850746269
-0.872388059701
-1.51223880597
0.980373134328
2.00037313433
2.6771641791
4.30082089552
0.336044776119
1.81313432836
2.87179104478
-0.266194029851
-0.830149253731
-2.195
-4.52440298507
-4.63604477612
0.157388059701
0.228731343284
-3.3128358209
-3.54686567164
0.165
1.34179104478
2.22820895522
2.39305970149
1.18589552239
1.11619402985
3.5297761194
2.37455223881
3.46119402985
3.5623880597
2.56686567164
1.93873134328
0.670671641791
-0.0101492537313
-0.557835820896
1.795
-1.77268656716
-2.4521641791
-1.50208955224
-2.76694029851
-5.42902985075
-5.46888059701
-6.19917910448
-4.29701492537
-2.92253731343
0.952388059701
-0.237537313433
-0.287537313433
-0.304402985075
-1.17850746269
1.58888059701
0.804328358209
-0.19671641791
0.327462686567
-0.437089552239
-0.538358208955
-0.0159701492537
-1.38186567164
0.362686567164
4.21656716418
2.58567164179
-0.13276119403
-2.36537313433
-2.59388059701
-1.21671641791
-0.413507462687
1.0997761194
1.87768656716
2.87343283582
0.910298507463
1.60223880597
0.448358208955
-0.535447761194
-0.701641791045
1.64141791045
1.86171641791
2.68694029851
4.74604477612
3.71417910448
4.71940298507
5.45888059701
8.06395522388
4.76835820896
2.1578358209
2.15194029851
1.03686567164
-0.826194029851
-0.171268656716
0.513208955224
1.8078358209
1.96126865672
3.43194029851
4.38492537313
3.43559701493
4.61067164179
6.52119402985
3.59888059701
5.58708955224
8.79514925373
12.2558208955
4.23589552239
3.36820895522
4.6171641791
6.26910447761
9.39604477612
11.7217164179
14.317761194
11.2689552239
10.7576119403
10.2993283582
11.2386567164
6.32223880597
3.9123880597
6.62291044776
7.10902985075
6.22082089552
10.6567910448
10.581641791
13.3441044776
14.6434328358
12.9608208955
4.98097014925
4.79171641791
5.87910447761
6.28455223881
6.86940298507
5.2521641791
6.90134328358
8.86059701493
10.0070149254
12.7761940299
11.6487313433
13.3652238806
14.3864925373
13.5503731343
10.2999253731
9.64485074627
10.6221641791
8.73559701493
10.8501492537
11.7302238806
10.6847014925
8.13582089552
9.23447761194
8.28537313433
10.828358209
13.9004477612
14.527238806
19.3380597015
10.9875373134
12.793358209
9.73253731343
11.1294776119
12.1419402985
10.4514925373
13.4923134328
11.1856716418
13.0143283582
15.8658208955
13.5450746269
10.9344029851
11.0413432836
12.6843283582
15.4255970149
17.0497014925
20.8087313433
17.9705223881
15.9545522388
11.5654477612
10.0032089552
10.6682835821
10.6381343284
15.8856716418
11.6728358209
9.41888059701
10.203880597
12.6897014925
12.1264179104
9.63141791045
10.6153731343
11.0317910448
11.6720149254
15.1351492537
17.3380597015
21.6593283582
24.0890298507
24.8499253731
17.6960447761
15.1200746269
14.5498507463
13.2691791045
12.2894029851
11.6440298507
12.511119403
13.2764925373
12.9500746269
13.2318656716
13.6671641791
13.462761194
15.2923134328
16.0067910448
13.5570895522
14.0043283582
14.2426865672
18.4475373134
21.3047014925
22.7286567164
15.0314179104
17.4371641791
20.5908208955
17.7757462687
15.8782835821
13.6980597015
14.8530597015
16.3223880597
15.6354477612
15.1156716418
14.1197761194
15.3251492537
15.0878358209
15.9405970149
15.1847014925
15.0138059701
15.2505223881
15.5076865672
17.0773134328
17.4909701493
17.9768656716
17.9391791045
18.4532835821
18.6562686567
17.0644776119
16.2414179104
16.3863432836
16.0349253731
16.356641791
16.6347014925
17.2344029851
17.8132089552
16.6070149254
18.1550746269
15.8206716418
9.75432835821
8.71768656716
8.31529850746
9.09156716418
10.5582089552
10.2223880597
10.3919402985
11.6875373134
12.7865671642
14.5900746269
13.976119403
12.4178358209
11.505
12.228880597
11.7364925373
12.2926865672
11.487238806
8.91111940299
8.33067164179
7.72358208955
8.49731343284
8.63276119403
9.38365671642
9.66962686567
12.2510447761
13.5937313433
14.6273134328
9.67917910448
9.70470149254
9.54291044776
10.4053731343
9.56768656716
8.7276119403
10.1529850746
13.3341044776
13.1852238806
11.9211940299
10.1624626866
9.08313432836
10.1937313433
10.3178358209
7.79328358209
9.50552238806
12.8586567164
12.9641044776
9.02097014925
6.54835820896
8.12970149254
11.0552985075
8.7021641791
12.4292537313
7.82335820896
5.16447761194
4.60985074627
8.88089552239
8.6671641791
5.39820895522
6.55597014925
3.86395522388
5.1776119403
4.92664179104
5.94343283582
5.28731343284
5.26619402985
7.34141791045
6.01164179104
6.58097014925
7.53291044776
4.7121641791
3.52440298507
1.01432835821
0.260820895522
0.820298507463
1.74007462687
3.83402985075
1.78231343284
2.96141791045
4.95388059701
9.25574626866
10.0201492537
7.92365671642
8.05253731343
5.08208955224
2.83708955224
3.75895522388
4.45134328358
0.796865671642
-0.557462686567
-1.11820895522
1.32708955224
1.72649253731
1.70052238806
2.42186567164
1.9721641791
3.6423880597
3.4723880597
3.81820895522
4.25970149254
2.83059701493
0.506343283582
0.971641791045
1.8771641791
2.0473880597
2.53805970149
2.20992537313
1.00805970149
4.66671641791
3.33097014925
0.622313432836
1.74059701493
0.738731343284
-0.143656716418
0.223582089552
0.168805970149
-2.05798507463
-2.50492537313
-2.52664179104
-4.59320895522
-0.966641791045
-5.9628358209
-6.51059701493
-10.7310447761
-10.3126865672
-12.1597761194
-12.9162686567
-13.4925373134
-10.5310447761
-9.98037313433
-11.8985074627
-8.7297761194
-12.0541791045
-12.3968656716
-9.65305970149
-8.36641791045
-9.1321641791
-10.9156716418
-7.45507462687
-4.14828358209
1.69873134328
5.1873880597
0.350895522388
-1.05104477612
0.27447761194
2.82746268657
-3.60597014925
-3.58059701493
1.03626865672
2.94492537313
4.0428358209
7.16626865672
6.12940298507
-0.692910447761
-1.37656716418
-0.600373134328
0.555373134328
-3.24619402985
-4.88835820896
-7.33320895522
-10.2213432836
-12.5461940299
-13.2482089552
-11.6880597015
-9.35694029851
-10.0023880597
-6.3421641791
-6.48417910448
-10.1108208955
-11.1712686567
-7.75104477612
-1.91835820896
-2.5971641791
-1.70843283582
2.3176119403
2.58044776119
2.54649253731
2.72455223881
1.87335820896
2.74462686567
3.50514925373
4.06470149254
5.01537313433
5.10895522388
3.99492537313
3.18813432836
3.83664179104
1.95425373134
0.0916417910448
0.47671641791
0.745074626866
1.0447761194
-0.482014925373
-0.328208955224
0.469776119403
-0.501641791045
-2.30805970149
-0.586940298507
0.461567164179
1.89305970149
4.04164179104
3.21813432836
3.02925373134
5.83649253731
6.46843283582
3.435
1.24425373134
2.99514925373
8.15940298507
7.79276119403
9.16082089552
10.5287313433
11.1737313433
14.387238806
14.0739552239
10.07
8.93082089552
8.99559701493
7.53798507463
6.68298507463
6.34626865672
4.44694029851
4.97902985075
5.00932835821
4.94201492537
4.98567164179
6.31641791045
8.39791044776
10.2031343284
10.271641791
12.4702238806
11.6638059701
4.08537313433
3.60723880597
1.85470149254
1.13708955224
1.65328358209
2.14940298507
3.05455223881
5.62902985075
6.80873134328
4.25731343284
3.70126865672
6.08179104478
8.90925373134
12.7323134328
16.372238806
11.3829850746
11.0773880597
11.0976119403
12.7684328358
14.6702238806
17.7726119403
14.0326119403
11.3774626866
15.4889552239
14.3118656716
15.9447761194
16.0179850746
15.4805223881
13.3336567164
10.4096268657
10.457761194
12.6067910448
16.6640298507
19.6121641791
20.0802238806
15.7547761194
11.937238806
14.0353731343
16.1018656716
16.1978358209
16.6255970149
17.7788059701
18.8517910448
18.1637313433
17.0995522388
15.0935820896
8.1078358209
9.28201492537
8.75395522388
9.74701492537
9.87925373134
9.24559701493
10.7652238806
9.45111940299
9.68604477612
9.17164179104
11.6132089552
14.7896268657
11.1432089552
13.1501492537
13.7017164179
12.4458955224
13.4897761194
11.3149253731
10.8315671642
11.3371641791
11.6526119403
13.0329850746
15.2078358209
14.2840298507
14.2060447761
16.612238806
19.1253731343
20.026641791
17.1732089552
13.7864925373
12.1778358209
12.8776119403
13.5352238806
14.6543283582
16.2503731343
18.9506716418
22.646641791
17.696119403
17.4190298507
16.6562686567
19.3068656716
16.5091044776
15.3815671642
12.0284328358
14.7513432836
14.9508208955
16.7823134328
19.4654477612
18.7503731343
16.4205970149
18.3328358209
16.5691044776
16.0841791045
13.9591791045
14.505
14.9678358209
15.0538059701
13.7334328358
15.7257462687
12.0624626866
11.4575373134
13.63
17.0198507463
14.4073880597
15.5698507463
15.9602238806
19.3397761194
22.6780597015
19.388880597
16.7232089552
12.8986567164
12.132761194
15.3405970149
14.3664925373
15.8694029851
17.1513432836
14.176641791
16.892238806
12.8936567164
12.7660447761
11.9128358209
12.9721641791
14.8887313433
15.7674626866
18.1718656716
15.316119403
12.7223134328
12.896119403
12.3479104478
12.8523880597
8.64768656716
9.35111940299
9.47992537313
8.82768656716
10.5460447761
13.0055970149
13.0949253731
14.8875373134
13.0235074627
10.4081343284
10.4414925373
14.4782835821
15.0252985075
17.4789552239
16.0314925373
18.3314925373
17.7114179104
15.783880597
13.1741044776
12.5035820896
11.3941791045
12.2973134328
12.093880597
11.2209701493
11.973358209
13.7329850746
15.1863432836
18.1424626866
17.9181343284
14.4523134328
12.0965671642
12.5908208955
9.15164179104
9.44126865672
11.1512686567
13.3356716418
8.04268656716
6.68276119403
10.3707462687
9.55888059701
8.39119402985
9.54634328358
8.67619402985
6.22141791045
5.21350746269
5.11873134328
4.63425373134
5.255
4.06559701493
4.67865671642
3.60485074627
1.8247761194
1.76
2.92201492537
0.0783582089552
1.28156716418
3.51701492537
2.51432835821
0.605298507463
2.44276119403
9.12753731343
2.42537313433
5.27485074627
7.2426119403
12.0551492537
5.26246268657
0.403208955224
-0.680671641791
-0.469402985075
-0.329701492537
-1.71029850746
-2.81141791045
-3.25201492537
-4.53910447761
-5.16604477612
-4.53164179104
-3.76985074627
-4.02208955224
-4.40910447761
-2.36813432836
-3.1147761194
-5.16194029851
-2.71171641791
-1.86589552239
-3.89417910448
-0.309552238806
2.49268656716
5.05955223881
8.10514925373
9.39947761194
9.59895522388
5.44776119403
7.06544776119
6.00089552239
6.51350746269
3.08828358209
1.43582089552
-0.911641791045
-1.00350746269
1.96604477612
7.00865671642
7.96305970149
6.47686567164
5.13470149254
3.2247761194
4.61649253731
2.64365671642
2.4528358209
2.33835820896
3.12037313433
5.99962686567
6.1497761194
1.14111940299
-2.65059701493
-4.24276119403
-6.18074626866
-9.26059701493
-6.79343283582
0.916119402985
2.86985074627
-2.53082089552
-1.10559701493
0.776567164179
-2.92858208955
-3.93111940299
-5.42582089552
-2.74149253731
2.34589552239
1.72067164179
4.42746268657
2.95544776119
1.28164179104
0.00089552238806
-4.12776119403
0.788731343284
7.18753731343
3.10194029851
3.46701492537
3.74
4.32574626866
0.681791044776
-0.373507462687
-3.74634328358
-4.05201492537
-2.6797761194
-2.51268656716
-0.340597014925
0.607611940299
2.44380597015
-0.332611940299
-2.20335820896
-4.79089552239
-5.78925373134
-6.79559701493
-9.55753731343
-11.2350746269
-13.852238806
-4.37559701493
-5.12320895522
-7.74910447761
-7.52955223881
-5.57373134328
-5.01
-4.23611940299
-6.02134328358
-6.44626865672
-7.92425373134
-8.92552238806
-11.7571641791
-11.0531343284
-10.5168656716
-11.2567910448
-9.41552238806
-10.3767164179
-9.4221641791
-6.25007462687
-3.45320895522
-3.91410447761
-2.32559701493
-1.80358208955
3.08626865672
3.83447761194
1.30701492537
1.41873134328
-0.050671641791
0.913731343284
1.99641791045
1.68089552239
1.92910447761
2.65850746269
4.99902985075
4.69097014925
5.51082089552
5.28380597015
4.32
4.77813432836
2.37649253731
4.35813432836
3.25917910448
3.51447761194
2.91470149254
3.04253731343
7.52462686567
7.42679104478
4.55865671642
2.79179104478
5.77402985075
4.89708955224
4.42925373134
3.48828358209
1.10701492537
1.07156716418
3.18791044776
7.57365671642
6.94208955224
3.83679104478
-0.762910447761
-3.89104477612
-3.23335820896
-0.783208955224
2.91664179104
8.71268656716
7.53014925373
6.17492537313
5.15850746269
3.73619402985
4.9723880597
8.33507462687
6.24485074627
7.99059701493
8.98567164179
10.2270895522
10.0402238806
10.7492537313
12.4002238806
14.365
9.73082089552
13.0461940299
16.36
18.5110447761
14.6415671642
16.5746268657
15.6223134328
11.9414925373
9.80208955224
10.9379104478
12.1308955224
12.9048507463
13.3812686567
14.7535820896
12.025
9.34626865672
10.7985820896
15.0245522388
17.2825373134
16.1052238806
17.7379850746
17.3709701493
14.3745522388
17.3480597015
11.006641791
13.3476119403
17.3858208955
17.5359701493
10.3905223881
8.65820895522
8.24791044776
9.27708955224
10.3929850746
9.20074626866
12.281641791
7.78507462687
7.99820895522
7.51641791045
7.77380597015
10.0592537313
14.4670895522
17.0128358209
10.5459701493
12.5470149254
14.1102985075
17.6643283582
20.7147761194
22.733880597
21.3098507463
18.1135820896
19.8144776119
21.4274626866
18.0542537313
18.221641791
19.4589552239
16.1276119403
17.9209701493
19.4856716418
20.9778358209
20.9711940299
18.782238806
18.741119403
20.2336567164
21.7671641791
22.7441044776
20.7764925373
20.7648507463
16.2979850746
13.2747761194
12.7060447761
12.5036567164
12.2529850746
12.3814179104
11.9851492537
11.9252238806
13.7532089552
16.6253731343
19.5302238806
20.738358209
14.3106716418
13.7985820896
14.4244776119
16.3253731343
18.1111940299
15.557238806
11.6374626866
12.8514925373
16.068358209
17.5464179104
19.8074626866
20.6614179104
17.6992537313
20.7239552239
16.9142537313
21.3173880597
24.9049253731
21.8287313433
16.3317164179
17.7810447761
19.3176119403
15.4570895522
17.1120895522
19.6593283582
19.9131343284
17.472238806
17.6409701493
18.2629104478
18.7532835821
17.9262686567
16.577238806
13.9025373134
12.7971641791
10.8185074627
12.2110447761
14.4281343284
12.3443283582
10.7923880597
11.5345522388
14.8061940299
11.8732089552
11.2094029851
10.1176119403
10.3182089552
10.5253731343
10.162761194
12.6195522388
11.2944029851
9.50470149254
10.2485820896
12.4865671642
11.1892537313
10.4044776119
8.39007462687
7.85723880597
9.5971641791
10.257238806
11.2550746269
16.5017910448
14.3523880597
8.26350746269
8.10029850746
6.8671641791
7.37291044776
9.42052238806
10.623880597
11.7355223881
12.3763432836
11.0202238806
7.72634328358
8.93619402985
9.84895522388
10.5170895522
12.6545522388
12.4194029851
12.2473134328
12.507761194
10.6665671642
9.02201492537
11.1569402985
13.1505970149
12.5001492537
11.9329104478
10.5854477612
9.59805970149
10.8494029851
10.6591791045
10.3998507463
13.8754477612
11.8529104478
13.2367164179
11.3194776119
9.265
7.6547761194
7.95514925373
6.91574626866
11.1185820896
4.69067164179
4.27089552239
7.06753731343
6.57768656716
3.92970149254
6.73298507463
5.2252238806
3.02365671642
6.07604477612
9.7402238806
3.59895522388
3.36955223881
4.40164179104
5.03985074627
5.65164179104
2.99313432836
4.1302238806
1.95873134328
6.31910447761
7.70164179104
7.82619402985
6.17097014925
6.04731343284
7.58171641791
9.90798507463
9.70059701493
7.00313432836
8.20544776119
5.47074626866
3.26828358209
6.1721641791
4.0373880597
5.85111940299
8.81164179104
7.52619402985
3.29335820896
-0.292611940299
-1.7026119403
-1.77537313433
-1.00149253731
3.18694029851
3.88805970149
4.35955223881
5.02156716418
4.4876119403
4.24589552239
5.83425373134
4.23604477612
2.9078358209
1.40574626866
-0.0685820895522
0.387313432836
2.49888059701
1.30753731343
2.52597014925
2.58014925373
4.9826119403
1.2221641791
0.561268656716
0.236119402985
-3.9697761194
-3.93723880597
-5.03037313433
-5.46246268657
-0.94947761194
0.501268656716
2.10910447761
6.61074626866
6.38134328358
5.66358208955
5.36395522388
0.894104477612
-4.37044776119
-2.76171641791
1.28462686567
-0.533358208955
-6.34634328358
-6.41634328358
-3.67388059701
-10.236641791
-15.3170149254
-13.7858208955
-15.9503731343
-15.5864925373
-13.7565671642
-11.4509701493
-8.39246268657
-9.2752238806
-6.47649253731
-8.39753731343
-7.29544776119
-3.45679104478
-0.184850746269
0.746268656716
0.0817910447761
-1.23776119403
-6.67932835821
-2.52425373134
-8.72313432836
-15.2
-12.4696268657
-10.3182835821
-9.35985074627
-5.50059701493
-0.387611940299
1.34805970149
2.29447761194
1.39186567164
2.2226119403
5.01813432836
3.22567164179
1.85813432836
2.11253731343
1.08029850746
0.468358208955
0.000223880597015
-1.72843283582
-2.2347761194
-2.95947761194
-3.17746268657
-2.14276119403
-2.41067164179
-0.0997014925373
-3.67104477612
-6.35186567164
-5.18492537313
-1.75410447761
3.56305970149
5.49447761194
2.48559701493
-2.88671641791
-10.9432835821
-9.70888059701
-7.63014925373
-7.01507462687
-8.72082089552
-6.1147761194
-4.90932835821
-3.8947761194
-3.96029850746
-4.75559701493
-3.7876119403
-3.54723880597
-1.85104477612
-1.27649253731
-0.355149253731
1.2802238806
-0.185
-0.757835820896
-0.0352985074627
0.264104477612
3.18253731343
6.545
7.32835820896
5.46985074627
7.95067164179
5.08320895522
2.24791044776
1.31208955224
2.80074626866
2.0697761194
2.91276119403
8.03179104478
7.5747761194
7.50305970149
7.22067164179
11.847238806
10.1164925373
9.13186567164
6.52992537313
4.9826119403
2.49164179104
3.88544776119
6.62708955224
7.95134328358
7.9497761194
10.1605970149
11.2026119403
13.0302238806
9.76194029851
7.41843283582
8.32417910448
9.81992537313
12.28
14.8100746269
12.8032835821
9.41589552239
11.5932089552
15.2370149254
15.3397014925
12.8791044776
12.4055970149
6.84365671642
5.24067164179
7.19268656716
6.66097014925
7.46537313433
8.53082089552
12.0952238806
9.02902985075
8.58149253731
7.79231343284
4.71402985075
6.44880597015
7.80089552239
6.23223880597
7.24425373134
9.65313432836
11.83
6.71567164179
5.34858208955
6.93373134328
9.00156716418
11.8029850746
13.4873134328
14.6420149254
12.4429850746
10.252238806
8.42432835821
10.2023880597
11.6970149254
13.0758955224
11.9567910448
12.778358209
11.7544029851
11.9791044776
14.1459701493
15.0124626866
11.041119403
11.1436567164
12.1952985075
13.5049253731
12.5525373134
12.4385074627
13.2762686567
10.5237313433
8.97559701493
8.64597014925
9.19082089552
11.4851492537
13.0051492537
11.93
13.3449253731
13.5691791045
11.9879104478
12.3934328358
14.0314179104
17.0423134328
18.855
21.9863432836
23.161641791
19.9073134328
17.0982835821
18.9223880597
18.0442537313
17.6071641791
19.1762686567
21.4065671642
16.7285074627
14.2554477612
14.9335820896
19.9042537313
17.1703731343
14.532238806
17.7564179104
20.5975373134
20.9993283582
18.147761194
14.9728358209
16.1159701493
14.8053731343
14.801641791
16.0951492537
15.5241791045
15.2912686567
12.5967910448
10.5039552239
11.742761194
11.9174626866
14.0615671642
14.4255223881
14.1732835821
14.1035820896
12.0420895522
13.0867164179
11.4520895522
10.321119403
9.75149253731
12.3618656716
14.3679104478
13.096119403
12.79
13.2691044776
15.3296268657
16.2644029851
17.3978358209
14.8365671642
15.0478358209
20.3676865672
17.4867910448
17.1594029851
17.8104477612
19.0029850746
19.8969402985
18.3296268657
19.8096268657
15.2500746269
13.4287313433
14.0505970149
14.0147761194
14.8939552239
14.818358209
12.7482835821
17.7111940299
17.0307462687
17.2791791045
18.3349253731
15.9029104478
13.3245522388
13.842761194
11.8934328358
12.913358209
14.3195522388
13.1471641791
17.9640298507
18.038358209
15.233358209
11.9570895522
14.2938059701
18.0035820896
17.592238806
15.0901492537
17.2051492537
18.8279850746
18.4242537313
16.0473134328
11.3679104478
9.76828358209
8.97895522388
7.31298507463
5.69014925373
5.24402985075
6.47701492537
7.45343283582
7.25171641791
6.54805970149
8.42798507463
13.5270895522
13.6932835821
10.4991044776
9.0897761194
7.80313432836
12.4570895522
11.4317910448
6.0176119403
8.42425373134
9.04865671642
13.3882089552
12.9164925373
8.72843283582
7.7247761194
7.41141791045
7.36179104478
8.47582089552
8.34947761194
7.05298507463
7.37373134328
4.69186567164
5.6071641791
8.53619402985
7.90925373134
7.57895522388
6.85470149254
7.1571641791
8.70805970149
8.41291044776
6.63537313433
3.51559701493
2.71298507463
5.02537313433
3.21485074627
1.07514925373
3.71746268657
4.24902985075
6.9228358209
6.06089552239
6.39910447761
3.50455223881
4.23440298507
8.07895522388
7.04805970149
7.6976119403
6.91746268657
4.54776119403
4.36776119403
3.80380597015
3.22552238806
0.991641791045
0.745895522388
1.28171641791
1.43328358209
1.60007462687
1.12291044776
-0.372611940299
0.634626865672
-0.0166417910448
-0.738731343284
-2.37126865672
0.140298507463
-2.34992537313
-3.39507462687
-8.09828358209
-9.4371641791
-3.87813432836
0.370746268657
-0.142835820896
-3.28231343284
-4.56791044776
-1.2078358209
3.13888059701
8.07514925373
11.2913432836
5.9352238806
7.14223880597
6.92126865672
4.53171641791
0.330970149254
-1.10298507463
0.638358208955
3.67686567164
5.98776119403
7.69828358209
6.90164179104
7.16014925373
6.80440298507
5.75686567164
7.95858208955
5.57873134328
5.81940298507
9.08820895522
6.74820895522
3.22335820896
2.61320895522
1.36746268657
2.69044776119
1.96470149254
-0.31052238806
-0.899402985075
-0.0930597014925
1.88932835821
2.81156716418
2.8197761194
1.78574626866
1.66753731343
0.207537313433
1.67947761194
1.36865671642
0.403432835821
3.59708955224
6.52455223881
5.8128358209
2.36223880597
5.13649253731
6.19850746269
3.48925373134
2.61970149254
3.3647761194
4.73462686567
4.80925373134
5.8347761194
4.70776119403
4.15156716418
1.63694029851
0.817014925373
2.12186567164
1.5652238806
1.22395522388
0.662985074627
-0.474925373134
-0.465223880597
0.0757462686567
1.52686567164
1.78917910448
2.36067164179
2.13186567164
0.37276119403
0.985298507463
3.42
1.88059701493
-0.884925373134
-1.14194029851
-1.05731343284
-0.574179104478
-0.958208955224
-0.251417910448
-1.96410447761
-1.13097014925
0.483731343284
0.194328358209
-0.472089552239
-0.05
0.263880597015
-2.05350746269
-2.35029850746
0.810671641791
2.23880597015
0.967014925373
0.334626865672
-1.0778358209
4.14589552239
4.66910447761
0.950597014925
-0.669402985075
2.46104477612
6.4397761194
7.34231343284
6.21694029851
5.57194029851
4.94201492537
3.84910447761
3.4573880597
3.51485074627
4.36358208955
5.52320895522
8.28365671642
5.00223880597
3.47917910448
3.8952238806
5.85574626866
5.8473880597
5.97708955224
8.73835820896
10.6629850746
7.37291044776
0.751343283582
2.46350746269
5.82343283582
9.52328358209
4.0452238806
4.72820895522
7.14589552239
11.7278358209
10.7594776119
13.2114925373
14.9900746269
10.3030597015
10.9194776119
7.88649253731
1.66149253731
2.62097014925
5.35201492537
5.99171641791
9.77932835821
4.84649253731
9.41119402985
12.2805970149
12.94
10.6464179104
10.612761194
10.5884328358
12.1585820896
13.0779850746
15.3341044776
14.4376119403
15.6565671642
14.7857462687
13.4426119403
16.9308208955
17.6319402985
18.2955970149
17.5244776119
16.9937313433
15.6235820896
9.99746268657
11.8229850746
7.24850746269
7.4321641791
8.96634328358
11.8306716418
15.1273880597
18.2448507463
19.5741044776
17.8550746269
15.2132089552
13.2418656716
13.3311940299
10.8689552239
11.3376865672
12.3720895522
15.3879104478
13.6224626866
11.4856716418
9.83626865672
11.6070149254
12.6375373134
14.2651492537
15.8138059701
14.4734328358
12.6915671642
15.8006716418
17.3075373134
16.8803731343
15.7715671642
16.5849253731
17.8955223881
13.1407462687
12.5725373134
14.5531343284
13.013358209
12.0396268657
13.5864925373
14.516641791
16.5348507463
16.2044776119
17.142761194
18.0462686567
19.3555223881
16.6130597015
13.8717164179
15.3009701493
17.9371641791
18.4538059701
17.361641791
17.0821641791
16.4111940299
14.8892537313
17.0273880597
19.6085820896
16.3578358209
15.5117910448
13.2912686567
13.2051492537
11.6862686567
13.6663432836
12.9597014925
14.7203731343
17.6988059701
17.6157462687
21.0656716418
23.7937313433
16.7305970149
16.9458208955
18.8702238806
15.3392537313
16.4675373134
14.6641044776
14.0502238806
15.206641791
18.6318656716
15.4208955224
12.1125373134
14.1181343284
15.5753731343
17.5770149254
20.018880597
21.1226865672
19.9562686567
20.9190298507
19.6932089552
19.9796268657
17.9380597015
20.2825373134
19.867238806
16.3017164179
15.6732835821
18.2919402985
18.1710447761
15.4256716418
13.4173880597
13.6744029851
13.0093283582
14.0117910448
12.8189552239
12.6880597015
15.541641791
20.7710447761
16.3342537313
13.2924626866
15.4402238806
16.3196268657
13.548880597
11.5636567164
13.6747761194
14.5099253731
13.2519402985
12.4635820896
13.6556716418
13.8201492537
15.3949253731
15.1236567164
13.2434328358
9.17664179104
9.54455223881
10.7964179104
10.6009701493
12.062761194
13.1721641791
11.9906716418
12.047238806
10.1641791045
11.8114179104
11.8044029851
11.5443283582
13.1349253731
15.0364179104
14.9362686567
15.5335074627
10.7479104478
8.73813432836
8.48798507463
9.8373880597
9.50485074627
9.99694029851
10.4732089552
9.21679104478
7.28664179104
8.34917910448
14.8908208955
8.63365671642
7.23141791045
10.9079850746
11.4379850746
12.3751492537
13.0223880597
11.4351492537
11.7579850746
13.158880597
11.5029850746
10.3918656716
8.44179104478
7.71320895522
7.85
8.98656716418
7.07425373134
7.19634328358
11.6526865672
11.3830597015
3.54291044776
0.577537313433
3.32179104478
6.08955223881
3.16641791045
-1.37970149254
-1.73865671642
-2.7926119403
-1.1676119403
0.835597014925
2.20567164179
2.82626865672
5.78962686567
7.88432835821
7.28910447761
6.82231343284
6.60619402985
8.07768656716
6.02007462687
4.01328358209
7.05485074627
2.25164179104
-0.141343283582
-4.4847761194
-7.49276119403
-2.45902985075
0.714253731343
3.22440298507
3.21246268657
3.28395522388
1.18328358209
3.2628358209
1.8502238806
2.85925373134
-1.88641791045
0.151119402985
5.28208955224
3.83791044776
2.29417910448
0.797537313433
2.56888059701
2.2297761194
7.21305970149
6.05470149254
4.04514925373
4.35291044776
3.24201492537
-2.32694029851
-4.62686567164
-1.92694029851
2.00365671642
4.24380597015
-1.02947761194
2.47186567164
5.59664179104
5.95373134328
5.31574626866
4.56932835821
5.98798507463
6.04373134328
6.32992537313
5.02850746269
2.9423880597
3.01104477612
4.76126865672
3.5523880597
-0.495
1.37335820896
2.65380597015
2.38350746269
3.3173880597
7.29582089552
6.60425373134
5.10529850746
0.964925373134
5.80791044776
2.7821641791
3.16910447761
3.29485074627
4.63917910448
1.84097014925
1.30134328358
-0.239253731343
-1.33440298507
2.46626865672
3.83410447761
1.12067164179
-0.684104477612
-1.81813432836
-1.35208955224
-1.70402985075
-3.29395522388
-0.612910447761
0.536044776119
0.914253731343
0.0840298507463
-1.47313432836
-1.7376119403
-2.39955223881
0.449402985075
5.14514925373
4.08597014925
1.93082089552
0.95552238806
1.10589552239
0.53171641791
2.32634328358
2.47380597015
2.95843283582
2.9778358209
1.85111940299
1.14626865672
6.87835820896
10.1008955224
6.30402985075
0.68828358209
2.04201492537
2.90350746269
3.37097014925
5.23410447761
2.21582089552
2.05619402985
1.89671641791
3.64179104478
4.21902985075
5.61067164179
5.19574626866
7.50029850746
8.73029850746
9.29402985075
4.63835820896
4.58619402985
6.86007462687
8.2102238806
6.95425373134
6.13611940299
5.03059701493
4.92156716418
6.26410447761
4.24805970149
1.20985074627
3.54358208955
3.78417910448
4.53171641791
8.58768656716
3.94440298507
5.7871641791
5.3947761194
5.99679104478
10.1711940299
13.0239552239
9.03291044776
11.157761194
11.3770895522
6.40350746269
2.21059701493
2.04194029851
1.8128358209
1.43597014925
5.95641791045
5.28380597015
6.78776119403
6.75417910448
9.21298507463
13.6737313433
13.0124626866
10.405
9.06194029851
6.86888059701
8.65917910448
4.67455223881
4.80156716418
3.72940298507
6.05007462687
8.15731343284
6.4897761194
6.47201492537
9.64447761194
12.7851492537
5.07417910448
3.03
3.30119402985
5.21567164179
5.68805970149
8.80626865672
11.5325373134
13.0703731343
12.8797761194
15.6039552239
8.11052238806
7.15253731343
9.87925373134
14.8618656716
11.3105223881
11.4088059701
9.92694029851
9.42873134328
9.41455223881
11.3119402985
13.2658955224
15.2847761194
17.0959701493
18.3623134328
17.9715671642
17.5101492537
15.5203731343
16.8469402985
17.6667164179
17.9246268657
18.3070895522
15.9837313433
16.7335074627
16.1026865672
13.2730597015
9.29029850746
12.9086567164
9.88402985075
9.63268656716
8.25731343284
8.45537313433
9.64858208955
8.19679104478
9.85432835821
12.2400746269
16.3911940299
13.7367164179
15.636641791
16.4652985075
16.7999253731
15.7555970149
14.8797014925
16.9742537313
18.238358209
18.7241791045
20.4625373134
19.7385074627
16.2462686567
17.2905223881
16.9150746269
18.6691791045
20.1749253731
18.0919402985
12.9956716418
14.7017164179
13.6500746269
16.5908955224
14.862238806
13.4451492537
17.8858208955
21.852238806
22.7450746269
23.0241791045
18.7729850746
17.9052238806
16.913880597
16.0930597015
18.1340298507
17.1423880597
12.637761194
14.798358209
13.7829850746
14.2989552239
13.8500746269
12.8452985075
16.3501492537
18.2018656716
21.6619402985
19.9426119403
19.908358209
19.0394776119
19.5887313433
16.8355970149
15.8164925373
17.7385074627
16.7076865672
13.0632089552
11.1118656716
11.5518656716
14.2920149254
14.25
15.4592537313
17.9060447761
18.6667164179
16.7593283582
16.6598507463
18.1543283582
18.3697761194
17.6564179104
18.3650746269
18.8344029851
21.3710447761
23.2667164179
17.8437313433
16.5554477612
19.1289552239
20.6835074627
22.5207462687
21.5503731343
15.7552238806
16.2745522388
14.3455970149
13.6190298507
13.25
9.96529850746
11.4485820896
12.1778358209
14.7305970149
13.3025373134
12.4109701493
9.95664179104
11.5339552239
10.3165671642
12.1879850746
15.1320895522
15.8469402985
16.1939552239
15.9532835821
16.1002985075
15.3325373134
13.4044776119
13.125
13.9005970149
16.5967910448
16.978880597
18.5311940299
17.4395522388
17.1088059701
18.0729850746
17.7596268657
14.121119403
13.2689552239
12.6298507463
12.5392537313
8.53753731343
9.63119402985
9.95723880597
11.5947761194
11.3793283582
10.5441791045
7.56425373134
6.30619402985
8.25694029851
8.38970149254
7.76514925373
7.53537313433
7.53671641791
7.40962686567
8.02611940299
10.3134328358
11.4221641791
7.9126119403
6.80805970149
7.30559701493
7.88723880597
8.72007462687
9.65231343284
10.0642537313
15.7525373134
14.437238806
13.595
13.0004477612
11.9555970149
12.5411940299
12.6744029851
11.0708955224
10.2305970149
11.9684328358
9.90947761194
10.3025373134
9.8973880597
9.74014925373
7.73813432836
6.76447761194
5.37074626866
2.74276119403
4.42992537313
3.81880597015
4.54089552239
4.47582089552
3.79843283582
2.38731343284
1.48149253731
3.0497761194
0.804328358209
0.171865671642
-1.13820895522
-1.27074626866
1.44298507463
3.56134328358
0.559328358209
-0.825895522388
0.635074626866
-5.48850746269
-0.380447761194
3.13447761194
0.421567164179
-3.65552238806
-4.06537313433
-3.8978358209
-2.90492537313
-2.16641791045
-1.03470149254
0.997462686567
1.68425373134
0.846567164179
-1.09649253731
0.81671641791
-3.55604477612
-2.62805970149
0.25052238806
4.89910447761
9.14440298507
7.70313432836
12.253880597
9.49985074627
10.3551492537
6.73686567164
7.5802238806
11.4273134328
8.26671641791
4.19768656716
4.7047761194
2.61395522388
-0.567985074627
-2.26514925373
-2.16156716418
-2.86910447761
-3.07052238806
-2.16402985075
-1.68268656716
-1.44723880597
-2.10582089552
-2.48395522388
-1.02402985075
-1.75253731343
-2.48574626866
-1.5723880597
0.991119402985
1.07723880597
1.72813432836
0.760074626866
-0.647537313433
1.18388059701
2.97074626866
6.82731343284
5.7852238806
2.03582089552
1.8778358209
3.29485074627
6.13291044776
4.16873134328
5.9552238806
3.42485074627
6.96410447761
3.08611940299
3.65925373134
4.94649253731
2.76552238806
5.22686567164
7.3323880597
5.71179104478
6.23895522388
5.94955223881
3.97537313433
3.28619402985
3.35141791045
9.43037313433
7.37291044776
2.77358208955
2.36776119403
2.76746268657
1.5978358209
0.95671641791
3.92888059701
0.825223880597
0.411865671642
2.27619402985
8.19089552239
9.37179104478
9.67544776119
9.43634328358
5.45835820896
6.92014925373
9.71097014925
11.0414925373
5.65992537313
1.42417910448
4.88731343284
1.67074626866
-0.218208955224
2.35813432836
3.55373134328
4.705
6.10507462687
7.76223880597
7.53186567164
5.39552238806
7.82917910448
11.9691044776
7.42507462687
4.73402985075
6.09350746269
6.1952238806
7.36552238806
8.48828358209
9.22268656716
11.27
9.7828358209
11.0451492537
9.63567164179
6.86552238806
7.3023880597
3.12089552239
2.4626119403
3.80611940299
3.79828358209
7.22597014925
6.79320895522
9.00514925373
10.3669402985
11.471641791
6.09097014925
2.60067164179
1.74962686567
5.1252238806
5.22380597015
3.78246268657
2.955
5.43955223881
6.01059701493
6.92365671642
8.25873134328
5.47701492537
4.19992537313
3.99358208955
4.13850746269
5.17559701493
6.7273880597
9.98298507463
10.8644029851
10.1670895522
8.955
8.44074626866
8.22537313433
10.3412686567
6.93395522388
5.7547761194
9.97768656716
12.8579104478
14.7497761194
16.8144776119
15.641119403
15.8835074627
17.0088059701
17.1165671642
16.4388059701
13.796641791
14.8120149254
14.106119403
11.4417164179
10.0832835821
10.4376119403
10.031641791
13.2050746269
14.7850746269
14.3552238806
10.2079850746
12.4167164179
14.3256716418
15.0018656716
15.1852985075
16.7363432836
13.8573880597
8.96917910448
9.2852238806
10.1229104478
8.16335820896
10.4769402985
12.5404477612
15.2708955224
17.3052238806
13.0646268657
12.2561940299
11.3282835821
12.4762686567
13.31
13.201641791
9.76186567164
9.61604477612
10.7698507463
11.8067164179
12.5749253731
12.3108955224
12.1623134328
12.5217910448
13.5232089552
16.1017164179
16.4785074627
18.8273134328
15.5296268657
15.5164925373
14.0455223881
12.8987313433
14.7473880597
17.4419402985
20.8236567164
20.238358209
19.6097014925
18.851641791
20.1524626866
14.61
13.0167164179
12.6796268657
14.8774626866
14.3655970149
11.4
11.811119403
17.4214179104
15.6094029851
12.1600746269
13.5470895522
18.3512686567
17.5623134328
14.5094776119
16.2608208955
19.6463432836
15.1726119403
13.5731343284
14.4351492537
18.3865671642
19.8465671642
16.3793283582
13.7308208955
13.4393283582
14.2014179104
17.598358209
19.8767164179
22.3097014925
19.7454477612
19.4769402985
21.3446268657
23.2359701493
22.0789552239
22.8661940299
23.8148507463
23.0776119403
15.5808955224
13.4254477612
15.1387313433
17.3092537313
17.186641791
19.2047014925
22.6642537313
21.1694776119
17.0726119403
18.8108208955
15.5978358209
13.18
13.4565671642
15.8197014925
16.1162686567
12.7900746269
13.4717910448
16.1326119403
18.5681343284
19.5194776119
19.0823880597
19.3625373134
19.9985074627
20.641119403
19.3226119403
14.7908955224
11.6737313433
14.3923134328
14.3018656716
12.7526865672
10.8356716418
12.3608208955
10.0635820896
12.421119403
11.9910447761
9.93029850746
11.7493283582
12.6573880597
11.1175373134
11.5579850746
10.5123134328
9.70529850746
10.1902985075
11.2363432836
13.0894776119
9.31485074627
8.21544776119
9.03604477612
10.908358209
9.71141791045
8.50246268657
8.50850746269
7.60656716418
9.35014925373
11.8676865672
15.646641791
12.1140298507
11.2697761194
12.7164925373
8.88
9.97671641791
13.8963432836
10.7717164179
7.20776119403
6.02731343284
7.45559701493
8.04276119403
11.7281343284
12.4359701493
14.2644776119
14.8558208955
14.5946268657
13.8801492537
12.3549253731
11.1167910448
10.4732089552
5.78791044776
4.78507462687
4.51641791045
4.16417910448
7.35097014925
8.20843283582
8.07067164179
8.67447761194
4.36552238806
6.79119402985
8.86679104478
7.53671641791
5.8652238806
5.02335820896
2.38402985075
1.38895522388
2.69223880597
3.96895522388
2.82619402985
2.8102238806
3.48888059701
6.81708955224
6.75686567164
6.39507462687
8.78664179104
6.87298507463
7.6976119403
10.1732835821
6.3773880597
4.06656716418
5.5552238806
2.11044776119
1.54186567164
0.341268656716
0.984626865672
1.92119402985
3.21350746269
1.89201492537
1.99589552239
1.37328358209
-1.85656716418
-3.06880597015
0.825820895522
2.13268656716
3.35828358209
-0.964253731343
-3.23753731343
-4.145
-3.63365671642
-1.67895522388
-0.240373134328
-0.608955223881
0.593656716418
0.86671641791
-0.785895522388
-2.79305970149
-1.69679104478
-2.77529850746
-2.26298507463
-2.66582089552
-0.455298507463
1.15582089552
2.01074626866
2.85492537313
1.26895522388
1.08828358209
1.79380597015
2.74776119403
1.89350746269
7.3852238806
4.96768656716
3.12059701493
