-1.34645833333
-1.91708333333
-6.35083333333
-2.23
1.22958333333
1.691875
1.09479166667
-0.250208333333
-1.01916666667
-3.18854166667
-6.444375
-9.51895833333
-9.11
-8.86
-8.21479166667
-3.98270833333
-5.0425
-6.67020833333
-6.72541666667
-3.82479166667
-2.60166666667
2.06
1.80166666667
1.194375
1.445
-1.17083333333
-3.63583333333
-5.97958333333
-1.13479166667
4.10020833333
6.284375
-1.20375
2.675
2.49854166667
1.4275
5.94416666667
5.04708333333
5.049375
4.326875
4.984375
6.14541666667
2.87791666667
2.74416666667
2.79520833333
1.7025
1.64479166667
4.649375
2.71208333333
1.709375
0.212291666667
1.23541666667
1.93354166667
1.52625
2.57416666667
1.841875
1.815
2.41458333333
-1.69854166667
-0.401458333333
3.24916666667
4.55583333333
2.67041666667
0.111041666667
-0.352083333333
-0.0964583333333
3.605625
5.28916666667
4.32875
4.44479166667
3.72041666667
3.53166666667
4.32875
4.083125
3.02479166667
4.37604166667
4.65583333333
5.76666666667
3.98375
-1.63666666667
-2.906875
-1.0725
2.2425
2.95666666667
2.400625
5.424375
4.67979166667
8.74416666667
11.8222916667
6.24583333333
4.230625
6.455625
10.2875
4.69083333333
3.08604166667
2.046875
3.233125
3.31645833333
7.09145833333
3.22520833333
2.60541666667
3.26645833333
4.86520833333
6.28916666667
8.32145833333
10.2716666667
12.01125
12.635
13.2677083333
7.17541666667
4.04895833333
1.215625
2.701875
3.29
5.80854166667
4.55125
2.99895833333
5.34083333333
6.99979166667
6.30291666667
6.9975
11.01625
12.5483333333
7.27875
7.710625
5.54770833333
6.37395833333
10.514375
9.50708333333
7.28229166667
7.76229166667
9.204375
11.8185416667
13.5714583333
12.22
10.7404166667
8.62833333333
8.64729166667
11.8929166667
13.56625
13.7377083333
14.1547916667
14.6291666667
8.433125
9.91479166667
9.41041666667
10.0802083333
12.1691666667
14.1383333333
13.5470833333
13.7908333333
9.825
10.6308333333
10.5108333333
11.908125
14.33
16.6333333333
17.9841666667
18.5202083333
15.1408333333
16.3483333333
15.7985416667
16.0227083333
14.8002083333
16.6485416667
20.0085416667
22.1558333333
15.3366666667
15.203125
14.1639583333
12.7729166667
13.8320833333
11.1572916667
11.4360416667
10.93625
11.7725
11.8508333333
10.6016666667
11.2820833333
10.9208333333
10.1177083333
11.0735416667
12.1941666667
11.5866666667
11.8502083333
12.4835416667
14.2447916667
12.9310416667
14.4466666667
14.1329166667
14.5552083333
14.0291666667
13.4579166667
12.8579166667
11.29
10.8425
13.485
13.7754166667
11.7722916667
11.9764583333
13.4204166667
14.536875
15.1252083333
11.391875
12.1785416667
15.3864583333
18.1529166667
19.5277083333
20.8904166667
20.0964583333
19.9266666667
19.99375
15.986875
16.2770833333
17.69125
21.389375
20.78
19.3854166667
18.3266666667
15.4258333333
17.899375
17.4722916667
14.400625
15.545
17.9047916667
13.7160416667
13.611875
15.2525
18.7983333333
19.84
18.9333333333
18.2375
14.9375
17.66
14.9260416667
10.8464583333
10.5991666667
10.2152083333
10.184375
12.8241666667
16.6658333333
17.2020833333
18.8529166667
15.3702083333
13.3679166667
11.3389583333
10.9925
13.2854166667
16.9347916667
16.7897916667
12.6670833333
13.8441666667
15.9127083333
12.09625
12.1327083333
12.4945833333
14.7127083333
11.4958333333
12.8385416667
13.1179166667
13.8147916667
12.94875
13.2216666667
15.9025
17.4620833333
17.2339583333
17.76
14.7770833333
15.3954166667
12.2925
10.5720833333
11.718125
11.6072916667
12.7802083333
11.7402083333
9.593125
10.2208333333
7.54666666667
9.87979166667
7.61770833333
9.65541666667
9.9275
7.49708333333
5.42791666667
3.798125
6.32479166667
5.90041666667
6.003125
5.29791666667
5.23770833333
9.15
10.094375
7.59791666667
4.67354166667
3.53916666667
6.40083333333
7.23270833333
8.385625
9.22875
6.46041666667
4.76104166667
9.76416666667
12.92
9.70208333333
4.86666666667
2.92041666667
-0.464583333333
-3.54708333333
-3.75333333333
-3.994375
-2.889375
-1.52729166667
-1.226875
-0.647083333333
-0.708125
-1.81333333333
-0.1075
1.2525
2.38729166667
3.08354166667
5.75395833333
10.1360416667
10.5364583333
7.43708333333
4.97645833333
7.40166666667
9.71104166667
9.95979166667
10.6347916667
9.458125
6.31125
2.34145833333
-0.969583333333
-0.0902083333333
-0.5125
-2.19125
-6.64104166667
-6.234375
-3.69854166667
-3.88520833333
-1.87729166667
-3.42833333333
-9.42083333333
-6.485
-3.29479166667
-1.37916666667
2.04083333333
2.40854166667
3.97395833333
7.52916666667
5.5025
1.4325
-0.0710416666667
-0.953333333333
-1.88604166667
-0.429375
2.304375
2.25166666667
7.03791666667
8.87666666667
6.24104166667
1.67041666667
-0.576666666667
-2.31645833333
0.324166666667
2.30208333333
2.30729166667
0.822708333333
2.42854166667
5.08166666667
1.08791666667
-0.710416666667
-2.37395833333
-7.654375
-7.67979166667
-2.51770833333
-0.448333333333
-4.34958333333
-3.72875
-3.17395833333
-2.53895833333
-0.627291666667
-2.16604166667
1.50020833333
-0.424166666667
0.616875
-1.72166666667
-5.07770833333
-7.135625
-5.29104166667
-3.0625
-0.16375
-1.89625
-2.63395833333
-0.502916666667
-4.415625
-4.58583333333
-3.5475
-2.96104166667
-1.069375
1.986875
1.29916666667
-0.259375
2.16479166667
5.83791666667
5.62875
5.143125
1.61208333333
-2.39020833333
-4.26645833333
-5.10666666667
-6.24833333333
-5.20520833333
-2.83875
-1.11708333333
-2.46208333333
-3.62875
-4.720625
-4.60375
-5.16875
-4.82270833333
-2.15291666667
-0.686041666667
-1.75166666667
-1.18854166667
0.447916666667
2.23416666667
3.12541666667
2.7325
-0.638125
-0.7375
2.785
8.93333333333
9.99916666667
11.1433333333
10.82625
13.045625
9.39875
8.04875
5.47104166667
3.46229166667
2.93125
1.29375
1.26208333333
4.62354166667
5.921875
10.02625
9.52583333333
7.29645833333
10.1495833333
13.729375
9.15395833333
7.19125
9.54083333333
9.51416666667
11.44625
12.6033333333
13.1072916667
11.9054166667
11.7604166667
6.611875
4.850625
6.59625
11.2316666667
10.16125
9.87833333333
11.5591666667
12.7216666667
14.7491666667
13.480625
10.9310416667
10.6866666667
6.35125
2.18708333333
1.69770833333
2.9025
3.43083333333
4.26583333333
3.43708333333
0.469166666667
3.66020833333
8.095625
12.350625
5.185
4.405
5.86291666667
8.91291666667
5.080625
4.336875
4.16145833333
5.02416666667
6.32375
7.20145833333
13.0022916667
14.2083333333
15.9979166667
19.2329166667
16.6102083333
14.8391666667
15.555625
13.301875
13.7602083333
14.3847916667
10.7860416667
12.3004166667
16.4620833333
19.3797916667
20.2645833333
14.6797916667
13.7397916667
11.2633333333
11.0514583333
12.3714583333
9.87708333333
10.8039583333
12.9677083333
15.8483333333
19.1239583333
19.6966666667
22.0185416667
15.6827083333
12.2789583333
15.2725
16.910625
17.1977083333
18.95875
17.6264583333
14.6672916667
17.2
14.0879166667
13.1910416667
19.4564583333
21.29625
12.9047916667
10.2110416667
8.833125
8.68666666667
10.1264583333
10.52875
12.0485416667
14.22375
14.674375
15.4825
14.5895833333
16.4779166667
20.03375
10.5777083333
11.88
14.7160416667
16.4916666667
14.4266666667
13.9627083333
16.1572916667
17.6477083333
18.77
20.9035416667
21.4979166667
22.300625
19.9129166667
18.1952083333
16.52875
16.4704166667
14.470625
17.0285416667
15.109375
11.256875
11.0110416667
13.1516666667
14.1070833333
15.5775
14.9195833333
13.49
11.9647916667
12.810625
14.3741666667
15.2810416667
17.691875
15.0483333333
15.9216666667
18.555625
18.6347916667
19.7464583333
21.1366666667
21.9141666667
22.274375
20.22875
18.5072916667
18.4485416667
15.260625
15.0254166667
16.3479166667
17.660625
19.005
19.60875
15.6735416667
11.8777083333
13.113125
13.3939583333
12.4985416667
12.5552083333
11.3414583333
11.8072916667
13.7439583333
12.6722916667
13.68
13.9125
13.1429166667
12.5708333333
12.4527083333
12.8108333333
13.0120833333
13.2914583333
11.7266666667
12.34375
12.57625
13.256875
14.8885416667
16.6979166667
15.6627083333
15.5225
16.4191666667
15.661875
12.23875
10.8995833333
12.3916666667
14.6770833333
13.2608333333
15.6308333333
12.13875
17.6641666667
17.2483333333
17.40125
11.684375
10.6002083333
11.7125
14.0883333333
10.6020833333
10.1702083333
10.7089583333
9.97604166667
11.4741666667
11.98625
9.99291666667
10.2052083333
11.049375
15.625625
12.0333333333
10.3783333333
12.7035416667
7.54604166667
6.55145833333
4.786875
4.81875
5.0075
4.92604166667
3.405625
5.67270833333
10.7927083333
8.41770833333
8.489375
4.615625
3.23166666667
3.711875
1.15791666667
3.898125
5.768125
4.66583333333
6.00520833333
7.62291666667
6.54375
10.4104166667
10.510625
11.5597916667
9.66395833333
10.1077083333
5.19
5.18354166667
0.245833333333
0.119166666667
-0.680208333333
-0.545625
-0.568958333333
2.2125
4.47208333333
3.35125
-0.3975
-1.83041666667
0.935833333333
7.0075
7.08583333333
11.57125
9.77270833333
11.3627083333
9.96875
2.09458333333
0.576041666667
2.27208333333
3.69375
1.349375
2.375625
1.01083333333
0.204583333333
-0.615
-1.63354166667
1.66604166667
0.376875
0.732916666667
1.26625
1.906875
-0.635416666667
-2.40479166667
-1.05875
-4.92041666667
-10.045
-0.048125
-3.878125
-8.65875
-10.6004166667
-6.71625
-9.3675
-6.61916666667
-6.26291666667
-1.49479166667
-1.53833333333
-1.73625
-0.673125
-1.81895833333
-6.84479166667
-3.38958333333
1.35041666667
3.54208333333
5.57895833333
4.17520833333
3.87625
6.78916666667
7.81895833333
7.57708333333
-5.54354166667
-9.43458333333
-8.68541666667
-9.585625
-15.2014583333
-8.22604166667
-9.943125
-13.2233333333
-15.1795833333
-8.686875
-5.845
-7.24145833333
-4.27395833333
-4.13041666667
-3.39729166667
-2.989375
-0.82875
0.0439583333333
-1.065625
-1.19916666667
0.959166666667
1.04333333333
-0.782916666667
2.33208333333
5.89770833333
1.17083333333
-2.59958333333
-3.23770833333
-3.42458333333
-2.78604166667
-1.41875
1.705
2.81104166667
2.821875
2.435625
2.965
3.67833333333
3.21166666667
2.523125
1.48833333333
1.69645833333
-0.164375
0.513333333333
-0.430416666667
-3.59291666667
-2.070625
-1.979375
-1.03666666667
-2.9475
-4.28520833333
-3.58
-3.17958333333
-1.320625
1.81666666667
6.14666666667
2.99708333333
6.5775
4.60520833333
0.643333333333
0.713958333333
0.828958333333
2.02875
0.998125
4.69895833333
2.01354166667
2.93104166667
1.073125
3.83208333333
6.04645833333
4.59625
2.48291666667
2.86
1.01625
2.13354166667
2.82375
3.95020833333
3.301875
3.68166666667
5.24875
6.70583333333
8.57041666667
7.871875
6.82916666667
4.26479166667
2.864375
7.77458333333
9.85104166667
6.96375
7.09541666667
9.501875
11.6510416667
9.75958333333
3.61666666667
1.70145833333
1.78645833333
1.305625
0.9025
0.900833333333
2.48520833333
6.00354166667
9.09375
7.10541666667
6.27645833333
7.588125
8.0325
8.48458333333
7.63833333333
6.79875
5.93895833333
7.26958333333
7.6525
8.53604166667
7.440625
4.35458333333
4.396875
4.70208333333
4.00416666667
9.3775
10.319375
7.26645833333
8.525625
5.33666666667
8.716875
9.82291666667
8.69604166667
7.8225
10.095625
12.2879166667
14.0383333333
16.2022916667
17.8083333333
15.6170833333
15.280625
14.45
15.9202083333
15.2820833333
14.2095833333
11.7775
10.5975
12.7945833333
16.17625
19.5525
12.0316666667
13.210625
16.115
18.914375
20.9164583333
22.4677083333
22.3408333333
22.889375
22.79
20.7660416667
19.9316666667
18.3116666667
16.3227083333
16.93625
15.2491666667
12.6460416667
10.6366666667
10.095
9.93645833333
10.6779166667
12.07875
13.43
12.9279166667
13.7645833333
15.2016666667
17.6691666667
15.7933333333
14.9752083333
18.0729166667
16.44625
14.55
13.399375
12.513125
13.705625
15.3204166667
19.048125
19.6402083333
14.289375
15.2320833333
16.14375
16.1216666667
18.0120833333
20.9875
20.999375
21.8622916667
22.0154166667
22.4477083333
22.3704166667
22.3035416667
21.16625
18.81125
18.3545833333
17.79375
21.1295833333
21.0575
17.9097916667
17.6191666667
18.3170833333
18.1897916667
14.8279166667
14.4347916667
15.8789583333
19.8264583333
21.9720833333
21.6885416667
21.2179166667
22.2735416667
22.79625
18.875
18.945625
18.505625
18.7747916667
18.581875
18.5522916667
16.9110416667
16.9191666667
21.2070833333
18.20625
16.128125
18.5395833333
18.44125
15.9845833333
18.3227083333
14.94375
12.3485416667
13.1258333333
14.23875
14.8825
14.6589583333
15.0179166667
18.2125
14.5927083333
14.5847916667
13.753125
15.1583333333
14.593125
13.7129166667
12.0185416667
12.5610416667
15.9279166667
19.9647916667
18.1877083333
15.24
15.1570833333
15.3720833333
16.9183333333
18.109375
17.655625
16.8285416667
16.549375
18.04125
18.60875
18.3352083333
17.6852083333
17.306875
18.0416666667
18.786875
11.20875
9.23104166667
12.0364583333
14.425
15.4052083333
11.9679166667
13.2739583333
13.234375
13.42875
12.3420833333
13.8258333333
12.6429166667
10.0666666667
10.3541666667
11.0595833333
7.669375
9.38208333333
9.20479166667
9.13416666667
9.62520833333
9.31125
9.685625
9.58229166667
8.700625
6.384375
7.98416666667
9.6375
9.10083333333
9.063125
9.63208333333
9.58854166667
10.76625
7.41395833333
4.45791666667
6.8825
10.2070833333
10.29375
7.37583333333
8.41291666667
5.79583333333
8.94604166667
9.175
8.91
7.92604166667
5.378125
1.32666666667
2.78666666667
9.151875
11.6658333333
9.69666666667
8.31791666667
6.9725
6.01625
2.568125
1.400625
1.25020833333
3.110625
8.159375
7.013125
5.96729166667
5.22104166667
7.21895833333
10.118125
7.29416666667
6.33604166667
5.36354166667
4.58291666667
2.26708333333
1.47916666667
0.429583333333
0.0420833333333
0.197916666667
-0.210208333333
0.305416666667
0.637708333333
2.68520833333
3.74270833333
8.160625
6.154375
6.40875
2.68729166667
0.894791666667
0.809166666667
-1.13041666667
4.81291666667
5.04395833333
1.16208333333
0.240416666667
-0.104583333333
3.89375
3.264375
2.08166666667
-0.150625
-1.696875
0.226458333333
1.90375
5.13520833333
2.15291666667
1.55520833333
0.738958333333
-1.58020833333
-2.92395833333
-0.0129166666667
4.81479166667
6.99458333333
8.41145833333
9.13729166667
4.08083333333
2.35645833333
3.05375
5.56541666667
6.62604166667
2.04083333333
2.43604166667
0.259791666667
3.04979166667
5.47541666667
6.05041666667
2.67416666667
0.0579166666667
0.104166666667
2.43645833333
3.125625
-0.189375
-1.89458333333
0.693125
5.94166666667
8.84979166667
7.48083333333
6.449375
2.15208333333
0.98375
4.598125
0.5675
-0.727916666667
-1.79333333333
-0.915625
0.422083333333
-0.452916666667
-3.923125
-2.96708333333
-4.20854166667
-3.59708333333
-2.904375
-5.27145833333
-5.945
-5.17854166667
-7.15416666667
-4.086875
-5.29875
-2.23416666667
-0.287916666667
-5.51916666667
-7.39895833333
-5.194375
-3.08229166667
0.862083333333
4.96875
4.8175
3.034375
0.907708333333
1.56395833333
0.347083333333
1.52916666667
4.195
5.92416666667
7.03666666667
4.40979166667
5.156875
4.68604166667
3.10729166667
0.383958333333
2.5775
7.626875
7.55895833333
4.74625
6.36875
9.47583333333
9.0625
8.34645833333
7.89270833333
2.1375
5.21645833333
5.82354166667
2.77104166667
0.376666666667
2.03541666667
-0.24625
1.74708333333
3.74083333333
5.85083333333
7.33708333333
4.08833333333
3.12541666667
2.76145833333
3.600625
3.99375
3.64979166667
6.11
6.06416666667
8.98875
8.79291666667
3.97041666667
2.74875
3.93979166667
6.11270833333
9.23958333333
13.1691666667
14.7954166667
11.3320833333
10.813125
13.985
9.20083333333
12.098125
8.98979166667
12.0110416667
13.7227083333
9.91645833333
10.6254166667
9.666875
11.4810416667
10.9458333333
8.60291666667
7.90791666667
7.67
8.9525
11.6939583333
11.24875
10.1245833333
9.46875
7.835
9.37395833333
10.57875
9.17854166667
12.4154166667
14.283125
14.6077083333
13.380625
11.41
9.14
14.5435416667
13.7547916667
10.35
9.131875
9.01666666667
9.34041666667
9.64229166667
7.625
8.59875
9.33166666667
10.331875
14.93625
18.0539583333
15.1333333333
16.2220833333
19.6364583333
15.4427083333
12.2704166667
14.8033333333
18.7439583333
18.09375
15.540625
15.6579166667
18.12375
17.1627083333
14.673125
11.1102083333
9.95020833333
9.27083333333
12.9135416667
16.7102083333
18.5741666667
19.14
20.9179166667
20.5920833333
21.1395833333
19.2866666667
18.8620833333
14.8141666667
12.2672916667
13.5652083333
15.8089583333
13.3283333333
15.3260416667
18.4139583333
19.210625
20.9927083333
20.9058333333
20.4354166667
21.6979166667
21.9858333333
22.8358333333
23.9395833333
22.9877083333
18.8554166667
15.5579166667
19.92
21.0085416667
23.2072916667
20.031875
17.12375
13.7425
13.419375
18.8077083333
21.6425
18.7297916667
20.8554166667
24.9477083333
24.1266666667
20.508125
18.684375
20.275
24.2260416667
21.0352083333
15.8760416667
13.7216666667
12.7345833333
12.735
13.7277083333
16.00375
19.460625
19.80375
18.8722916667
18.2235416667
18.4904166667
13.4975
12.7410416667
16.5710416667
18.1829166667
18.1825
19.7652083333
21.525
22.0864583333
20.6766666667
19.165
19.6233333333
20.7247916667
21.043125
20.0477083333
19.043125
16.653125
16.5772916667
16.6760416667
18.2685416667
18.2895833333
18.035
13.86375
14.8972916667
15.840625
12.555625
9.98645833333
12.2591666667
15.3372916667
14.0872916667
12.4654166667
10.8854166667
10.4360416667
13.3016666667
15.4120833333
12.0779166667
11.4366666667
13.3560416667
14.8127083333
11.118125
12.32125
11.5635416667
11.183125
16.5725
10.31125
10.3529166667
14.4079166667
15.41125
14.4033333333
11.1566666667
9.04
12.1304166667
16.6160416667
17.3883333333
15.3964583333
12.04375
11.289375
10.3579166667
9.7425
12.1545833333
8.57833333333
8.75875
11.33625
10.99875
10.9310416667
8.88895833333
7.41625
8.56458333333
9.48604166667
6.496875
4.46791666667
2.56854166667
2.70229166667
4.61520833333
4.81458333333
6.92020833333
8.295
5.93833333333
2.706875
1.959375
5.66541666667
7.0125
8.11604166667
5.505
7.64666666667
8.154375
6.27875
5.131875
5.22104166667
5.18979166667
3.77979166667
2.13020833333
-0.552916666667
-2.275625
-5.03520833333
-3.84291666667
-0.235625
1.40125
0.018125
1.79479166667
0.512291666667
0.278125
-1.41145833333
-1.90520833333
-2.05625
6.20895833333
11.1204166667
9.32145833333
5.38875
4.226875
-0.732916666667
-3.986875
-5.19458333333
-4.76208333333
-3.73270833333
-2.64895833333
-0.756458333333
-2.95520833333
-1.26166666667
0.947916666667
-0.981875
-5.275
-7.80020833333
-5.540625
-5.226875
-7.24458333333
-7.97520833333
-2.16208333333
1.42625
2.81395833333
4.28916666667
3.58
4.36625
6.95541666667
8.20666666667
9.26083333333
5.17083333333
3.77041666667
7.11770833333
5.74875
3.19520833333
2.89604166667
2.80729166667
4.01458333333
3.47916666667
1.00125
-0.0279166666667
1.49291666667
1.47479166667
0.789375
-0.615
-1.32479166667
1.22291666667
2.25625
2.94333333333
4.55708333333
0.599166666667
2.06791666667
3.159375
0.0122916666667
-0.579166666667
-2.029375
-4.30270833333
-4.4575
0.366666666667
0.486666666667
-3.159375
-3.33208333333
0.320833333333
1.49895833333
2.46875
2.61104166667
1.39791666667
1.30708333333
3.79729166667
2.6125
3.750625
3.80875
2.75770833333
2.28020833333
0.931875
0.26375
-0.315208333333
2.06458333333
-1.43
-2.18020833333
-1.25666666667
-2.48833333333
-5.226875
-5.32833333333
-6.036875
-4.133125
-2.8025
1.20145833333
-0.041875
-0.0920833333333
-0.02625
-0.916875
1.78604166667
1.03833333333
0.0266666666667
0.499791666667
-0.316458333333
-0.360416666667
0.279166666667
-1.21541666667
0.576458333333
4.47458333333
2.84895833333
0.160625
-2.086875
-2.32541666667
-1.02333333333
-0.167083333333
1.36354166667
2.09291666667
3.02541666667
1.0375
1.82583333333
0.669375
-0.30375
-0.558541666667
1.74729166667
1.92916666667
2.78020833333
4.93979166667
3.92166666667
5.00479166667
5.72041666667
8.37104166667
5.04458333333
2.36833333333
2.35895833333
1.19833333333
-0.631458333333
0.0772916666667
0.709583333333
2.04333333333
2.16479166667
3.65770833333
4.63020833333
3.638125
4.87270833333
6.79125
3.81083333333
5.766875
8.87729166667
12.379375
4.464375
3.54208333333
4.73979166667
6.39208333333
9.44416666667
11.7116666667
14.3554166667
11.3414583333
10.925
10.3827083333
11.366875
6.52541666667
4.15916666667
6.90333333333
7.32854166667
6.35354166667
10.7564583333
10.781875
13.5277083333
14.84375
13.1216666667
5.22375
5.04083333333
6.11083333333
6.52958333333
7.145625
5.534375
7.09770833333
9.11583333333
10.1470833333
12.9558333333
11.92
13.536875
14.556875
13.7810416667
10.5391666667
9.871875
10.7477083333
8.99854166667
11.1220833333
11.9291666667
10.9466666667
8.38958333333
9.50520833333
8.555625
11.0860416667
14.1316666667
14.75
19.543125
11.244375
13.001875
10.01125
11.448125
12.4
10.7758333333
13.6920833333
11.371875
13.17
16.05625
13.7877083333
11.2472916667
11.308125
12.9285416667
15.579375
17.125625
20.95125
18.146875
16.2135416667
11.8485416667
10.3122916667
10.9533333333
10.851875
16.080625
11.9441666667
9.67916666667
10.5139583333
12.8704166667
12.315625
9.90875
10.9247916667
11.335
11.8820833333
15.3208333333
17.4916666667
21.7252083333
24.1758333333
24.9697916667
17.9833333333
15.3125
14.7966666667
13.5122916667
12.588125
11.9385416667
12.7664583333
13.5416666667
13.205625
13.4575
13.8322916667
13.6166666667
15.406875
16.0885416667
13.7920833333
14.3066666667
14.485625
18.6414583333
21.4016666667
22.8252083333
15.2052083333
17.5908333333
20.6689583333
18.005625
16.0595833333
13.9189583333
14.983125
16.5327083333
15.8814583333
15.3225
14.2941666667
15.5302083333
15.1558333333
15.995
15.3104166667
15.108125
15.310625
15.5902083333
17.1635416667
17.57875
18.046875
17.9564583333
18.4475
18.7725
17.3141666667
16.4504166667
16.5735416667
16.1016666667
16.480625
16.8545833333
17.471875
18.035625
16.764375
18.3804166667
16.0472916667
10.0135416667
8.95041666667
8.59833333333
9.30708333333
10.77625
10.4758333333
10.6408333333
11.8929166667
12.95625
14.7714583333
14.1820833333
12.65875
11.7045833333
12.4275
11.9235416667
12.5264583333
11.7514583333
9.173125
8.55583333333
7.98645833333
8.77625
8.884375
9.61979166667
9.76791666667
12.2777083333
13.7941666667
14.8585416667
9.91979166667
9.92166666667
9.760625
10.5708333333
9.80854166667
9.00145833333
10.41875
13.5522916667
13.361875
12.0810416667
10.3585416667
9.19020833333
10.4370833333
10.4920833333
7.84833333333
9.688125
13.0858333333
13.1872916667
9.25666666667
6.769375
8.36270833333
11.280625
8.87395833333
12.610625
7.96645833333
5.27666666667
4.59104166667
8.98729166667
8.60208333333
5.184375
6.321875
3.66104166667
5.29833333333
5.0975
6.203125
5.26083333333
5.098125
7.15645833333
5.96041666667
6.41416666667
7.53
4.69479166667
3.4125
0.980833333333
0.335416666667
1.013125
1.86916666667
4.061875
1.94875
3.13041666667
5.18791666667
9.47291666667
10.26375
8.17020833333
8.30104166667
5.30854166667
3.049375
3.910625
4.47833333333
0.505625
-0.834166666667
-1.13833333333
1.42229166667
1.97458333333
1.93979166667
2.51354166667
2.12354166667
3.83333333333
3.72625
4.154375
4.50458333333
2.94520833333
0.579166666667
1.079375
2.1
2.26645833333
2.75020833333
2.43020833333
1.251875
4.925
3.59041666667
0.833125
1.98104166667
1.03729166667
0.0227083333333
0.486666666667
0.437291666667
-1.79854166667
-2.26979166667
-2.22833333333
-4.34979166667
-0.748333333333
-5.715625
-6.26270833333
-10.48875
-10.1004166667
-11.911875
-12.7058333333
-13.4804166667
-10.2885416667
-9.83833333333
-12.0164583333
-8.56291666667
-11.8610416667
-12.1383333333
-9.66416666667
-8.5575
-9.28208333333
-11.4797916667
-7.773125
-4.105625
1.85166666667
5.34083333333
0.598541666667
-0.761666666667
0.555625
3.00041666667
-3.32875
-3.31208333333
1.215
3.07770833333
4.28604166667
7.449375
6.45604166667
-0.484166666667
-1.29166666667
-0.635
0.720833333333
-3.004375
-4.65083333333
-7.11708333333
-9.91229166667
-12.330625
-13.2804166667
-11.8583333333
-9.36291666667
-9.84270833333
-6.30208333333
-6.32083333333
-9.9475
-11.2108333333
-7.74333333333
-1.69291666667
-2.29708333333
-1.49958333333
2.371875
2.345625
2.49416666667
2.65583333333
1.84666666667
2.80083333333
3.69625
4.32291666667
5.29020833333
5.32854166667
4.2375
3.40020833333
4.04104166667
2.19645833333
0.349166666667
0.725
0.861041666667
1.075
-0.307916666667
-0.074375
0.689166666667
-0.246458333333
-2.02416666667
-0.332083333333
0.733958333333
2.08458333333
4.14791666667
3.34125
3.18479166667
6.02291666667
6.7625
3.68041666667
1.580625
3.324375
8.46395833333
8.03604166667
9.34708333333
10.8377083333
11.3685416667
14.4983333333
14.1835416667
10.3735416667
9.13979166667
9.239375
7.79479166667
6.87645833333
6.60854166667
4.74395833333
5.25395833333
5.321875
5.243125
5.20625
6.39666666667
8.508125
10.2902083333
10.4054166667
12.5010416667
11.784375
4.339375
3.86854166667
2.09708333333
1.349375
1.90354166667
2.45666666667
3.365
5.913125
7.095625
4.58625
3.95729166667
6.3325
9.10208333333
12.8820833333
16.618125
11.6777083333
11.3179166667
11.3602083333
12.9429166667
14.8133333333
17.8902083333
14.2516666667
11.4983333333
15.593125
14.4733333333
16.153125
16.2252083333
15.64625
13.5433333333
10.680625
10.7347916667
12.8410416667
16.7585416667
19.6889583333
20.2454166667
15.9789583333
12.1939583333
14.2729166667
16.29875
16.4185416667
16.8210416667
17.9089583333
18.9895833333
18.335
17.26
15.3616666667
8.384375
9.56833333333
9.04604166667
10.0260416667
10.1197916667
9.51541666667
10.9635416667
9.75
9.93958333333
9.44291666667
11.8191666667
14.9620833333
11.3675
13.4227083333
13.9404166667
12.7329166667
13.755625
11.5897916667
11.0483333333
11.625625
11.9610416667
13.3022916667
15.4347916667
14.443125
14.4397916667
16.7222916667
19.3135416667
20.1975
17.3164583333
13.9910416667
12.3322916667
13.14375
13.7727083333
14.8704166667
16.395625
19.0360416667
22.7372916667
17.8972916667
17.551875
16.8225
19.380625
16.7014583333
15.6241666667
12.26875
14.95625
15.1897916667
16.8466666667
19.493125
18.801875
16.648125
18.46625
16.8302083333
16.3627083333
14.1870833333
14.721875
15.1847916667
15.2870833333
14.003125
15.9835416667
12.291875
11.691875
13.8722916667
17.144375
14.6172916667
15.65125
16.1039583333
19.4354166667
22.6872916667
19.5352083333
16.8591666667
13.1277083333
12.3335416667
15.4535416667
14.5829166667
16.0435416667
17.2464583333
14.29625
17.0572916667
13.1370833333
12.9820833333
12.0841666667
13.011875
14.9239583333
15.76375
18.273125
15.5489583333
12.8660416667
13.1135416667
12.5929166667
13.084375
8.945
9.65
9.72208333333
9.04270833333
10.670625
13.0433333333
13.135
14.9391666667
13.22625
10.6254166667
10.6658333333
14.735625
15.1277083333
17.5160416667
16.12875
18.4633333333
17.94125
15.9429166667
13.31
12.633125
11.4577083333
12.2772916667
12.1241666667
11.2597916667
11.9464583333
13.6283333333
15.2625
18.196875
17.990625
14.555625
12.1870833333
12.6945833333
9.35791666667
9.68333333333
11.4329166667
13.564375
8.20791666667
6.85
10.6327083333
9.73541666667
8.57208333333
9.78291666667
8.94125
6.38104166667
5.283125
5.12354166667
4.785625
5.32645833333
4.08416666667
4.68958333333
3.496875
1.58625
1.93729166667
3.03020833333
0.3025
1.46541666667
3.70770833333
2.728125
0.805416666667
2.40333333333
9.41020833333
2.690625
5.50416666667
7.45145833333
12.3058333333
5.55291666667
0.694791666667
-0.377916666667
-0.193125
-0.12
-1.52125
-2.71770833333
-3.06583333333
-4.25125
-4.92958333333
-4.34020833333
-3.554375
-3.84895833333
-4.24416666667
-2.313125
-2.87708333333
-4.99125
-2.455
-1.64770833333
-3.770625
-0.290416666667
2.36854166667
5.00520833333
8.18458333333
9.54458333333
9.751875
5.70979166667
7.29770833333
6.163125
6.75208333333
3.37770833333
1.73333333333
-0.740416666667
-0.844166666667
2.14770833333
7.27041666667
8.26958333333
6.76729166667
5.42333333333
3.48916666667
4.87479166667
2.74979166667
2.22541666667
2.40729166667
3.32145833333
6.22104166667
6.43958333333
1.33083333333
-2.51541666667
-4.00770833333
-6.03083333333
-9.1825
-6.60125
1.09833333333
3.06229166667
-2.32979166667
-0.878541666667
1.04208333333
-2.658125
-3.68770833333
-5.22270833333
-2.58208333333
2.55625
1.98125
4.70083333333
3.2325
1.559375
0.257083333333
-3.98416666667
0.985625
7.43520833333
3.41854166667
3.76020833333
4.07375
4.55541666667
0.968125
-0.108125
-3.49583333333
-3.73854166667
-2.49479166667
-2.3675
-0.155208333333
0.842916666667
2.651875
-0.168333333333
-2.00166666667
-4.61458333333
-5.6375
-6.57895833333
-9.34145833333
-10.99375
-13.625
-4.08583333333
-4.87520833333
-7.800625
-7.43041666667
-5.360625
-4.88083333333
-4.07375
-5.78979166667
-6.19583333333
-7.73625
-8.7225
-11.6772916667
-10.95375
-10.4095833333
-11.3127083333
-9.205625
-10.2072916667
-9.41354166667
-6.11458333333
-3.285
-3.616875
-2.14791666667
-1.566875
3.265
3.96020833333
1.51583333333
1.63666666667
0.118958333333
1.08479166667
2.16395833333
1.91583333333
2.13479166667
2.86020833333
5.25520833333
4.83770833333
5.6625
5.41791666667
4.41083333333
4.95104166667
2.63458333333
4.65333333333
3.52083333333
3.754375
3.22395833333
3.34416666667
7.82916666667
7.735625
4.82041666667
3.08333333333
6.01166666667
5.16770833333
4.610625
3.73583333333
1.32395833333
1.31729166667
3.46854166667
7.65916666667
6.96291666667
3.95541666667
-0.49875
-3.59520833333
-2.91520833333
-0.51625
3.199375
8.95083333333
7.745625
6.41354166667
5.39375
3.99
5.28604166667
8.60541666667
6.56479166667
8.23895833333
9.19791666667
10.3979166667
10.161875
10.9879166667
12.6397916667
14.5366666667
9.91354166667
13.1872916667
16.50375
18.6885416667
14.82375
16.7452083333
15.7825
12.1570833333
10.093125
11.21875
12.3735416667
13.1304166667
13.5220833333
14.8489583333
12.254375
9.56416666667
10.9164583333
15.1689583333
17.4583333333
16.3220833333
17.97
17.6066666667
14.6285416667
17.475
11.1889583333
13.4897916667
17.4954166667
17.6795833333
10.6302083333
8.875625
8.56104166667
9.50020833333
10.5925
9.39729166667
12.465625
8.03041666667
8.26979166667
7.79145833333
8.054375
10.2795833333
14.6408333333
17.1333333333
10.8077083333
12.88625
14.4414583333
17.905
20.938125
22.9279166667
21.4702083333
18.3020833333
19.9933333333
21.6254166667
18.21875
18.329375
19.6954166667
16.4014583333
18.0977083333
19.6375
21.09
21.1047916667
19.0172916667
18.9491666667
20.3675
21.838125
22.9358333333
21.0422916667
20.9722916667
16.551875
13.5379166667
13.0179166667
12.7452083333
12.51125
12.6489583333
12.1875
12.1641666667
13.9679166667
16.753125
19.6535416667
20.891875
14.5979166667
14.0620833333
14.586875
16.4954166667
18.2470833333
15.7577083333
11.9358333333
13.0902083333
16.276875
17.7314583333
19.9160416667
20.8145833333
17.8516666667
20.8941666667
17.093125
21.4395833333
24.9764583333
22.0533333333
16.5570833333
17.8785416667
19.47375
15.624375
17.1366666667
19.8020833333
20.0145833333
17.718125
17.830625
18.4591666667
18.883125
18.1483333333
16.673125
14.0158333333
12.95625
11.0695833333
12.363125
14.59125
12.5977083333
10.9666666667
11.6939583333
15.0747916667
12.170625
11.4464583333
10.369375
10.6285416667
10.7979166667
10.4529166667
12.896875
11.5483333333
9.78916666667
10.35
12.665625
11.47125
10.62875
8.51208333333
7.87875
9.621875
10.3977083333
11.420625
16.715625
14.303125
8.41833333333
8.22854166667
7.02270833333
7.40666666667
9.37479166667
10.6316666667
11.8622916667
12.5472916667
11.1527083333
7.863125
9.00375
9.9325
10.5716666667
12.7427083333
12.4835416667
12.1091666667
12.5141666667
10.7797916667
9.02895833333
11.1110416667
13.295625
12.7727083333
12.16
10.745
9.665
10.9529166667
10.7422916667
10.3835416667
13.815625
11.7695833333
13.3135416667
11.54625
9.514375
7.871875
8.22270833333
7.20770833333
11.301875
4.98208333333
4.49833333333
7.335
6.860625
4.06
6.94229166667
5.35229166667
3.15
6.32375
9.94416666667
3.77770833333
3.59625
4.71791666667
5.348125
5.91604166667
3.15041666667
4.32916666667
2.04125
6.40041666667
7.720625
7.971875
6.16041666667
5.99479166667
7.466875
9.95520833333
9.88020833333
7.25333333333
8.490625
5.756875
3.47666666667
6.40145833333
4.294375
6.14958333333
9.06729166667
7.79916666667
3.52729166667
-0.388333333333
-1.9425
-1.90375
-0.95125
3.34833333333
3.939375
4.52729166667
5.18166666667
4.64145833333
4.40458333333
5.883125
4.34625
3.06645833333
1.665625
0.217291666667
0.634791666667
2.7375
1.56958333333
2.84166666667
2.8475
5.25166666667
1.501875
0.823125
0.472708333333
-3.63395833333
-3.68208333333
-4.76125
-5.198125
-0.718333333333
0.757291666667
2.34479166667
6.91708333333
6.65854166667
5.91145833333
5.5425
1.0175
-4.16416666667
-2.6
1.52958333333
-0.308333333333
-6.01166666667
-6.14604166667
-3.451875
-10.11625
-15.03875
-13.48625
-15.9422916667
-15.7302083333
-13.5229166667
-11.4
-8.38041666667
-9.36916666667
-6.73458333333
-8.74416666667
-7.57354166667
-3.49583333333
-0.0722916666667
0.97375
0.36
-1.0
-6.63041666667
-2.25145833333
-8.48229166667
-15.2939583333
-12.9
-10.765
-9.71666666667
-5.68041666667
-0.446875
1.44958333333
2.52916666667
1.624375
2.41708333333
5.16666666667
3.41375
1.9825
2.14625
1.29625
0.608333333333
0.187916666667
-1.499375
-1.98541666667
-2.72020833333
-2.93145833333
-1.89875
-2.28104166667
0.122291666667
-3.43916666667
-6.20916666667
-5.07166666667
-1.70645833333
3.690625
5.66104166667
2.42458333333
-3.07354166667
-10.75125
-9.61270833333
-7.57375
-6.86395833333
-8.58145833333
-5.90333333333
-4.6425
-3.74541666667
-3.779375
-4.54708333333
-3.591875
-3.37520833333
-1.698125
-1.005
-0.119791666667
1.51416666667
0.0466666666667
-0.490625
0.222708333333
0.520833333333
3.38354166667
6.75354166667
7.491875
5.64541666667
8.224375
5.388125
2.51979166667
1.60291666667
3.09791666667
2.28875
3.16791666667
8.36
7.78791666667
7.75291666667
7.423125
12.0164583333
10.3670833333
9.28104166667
6.77208333333
5.175625
2.73354166667
4.11416666667
6.79
8.105625
8.15416666667
10.2952083333
11.221875
13.1108333333
10.0433333333
7.73708333333
8.57083333333
9.93541666667
12.3002083333
14.8602083333
13.0266666667
9.59729166667
11.6395833333
15.330625
15.4614583333
13.060625
12.4860416667
7.06104166667
5.48958333333
7.416875
6.96729166667
7.67979166667
8.64541666667
12.1429166667
9.19395833333
8.84916666667
8.04166666667
4.96979166667
6.72875
8.065625
6.526875
7.43583333333
9.783125
11.9864583333
7.01708333333
5.645625
7.20416666667
9.23208333333
11.9420833333
13.6233333333
14.7727083333
12.6425
10.491875
8.65354166667
10.4508333333
11.9160416667
13.3154166667
12.2
13.01
12.004375
12.1847916667
14.390625
15.31875
11.31625
11.4120833333
12.3716666667
13.6791666667
12.6908333333
12.4989583333
13.5339583333
10.67625
9.2575
8.93333333333
9.47375
11.6875
13.2558333333
12.1554166667
13.5285416667
13.7789583333
12.2266666667
12.6697916667
14.2483333333
17.2914583333
19.1225
22.1383333333
23.2547916667
20.1170833333
17.284375
19.0835416667
18.2785416667
17.841875
19.3304166667
21.57375
16.96875
14.455625
15.1864583333
20.0510416667
17.3714583333
14.7158333333
17.836875
20.7395833333
21.1085416667
18.4277083333
15.2272916667
16.3489583333
15.0397916667
15.040625
16.2870833333
15.7020833333
15.4470833333
12.8597916667
10.81375
12.0027083333
12.1939583333
14.2739583333
14.5783333333
14.444375
14.4052083333
12.215
13.2820833333
11.7347916667
10.625625
9.965
12.498125
14.60875
13.255
13.0727083333
13.4102083333
15.4858333333
16.4027083333
17.6014583333
15.116875
15.200625
20.4658333333
17.6397916667
17.3614583333
17.9783333333
19.07375
19.945625
18.4858333333
19.9954166667
15.5575
13.6954166667
14.3064583333
14.3235416667
15.12
14.95
12.8497916667
17.8133333333
17.1541666667
17.3497916667
18.341875
16.0833333333
13.5627083333
14.060625
12.1110416667
13.0677083333
14.4860416667
13.3491666667
18.20375
18.2597916667
15.4264583333
12.183125
14.3666666667
18.0060416667
17.7235416667
15.2022916667
17.35375
18.8291666667
18.550625
16.24125
11.6004166667
9.994375
9.10125
7.50916666667
5.83729166667
5.37541666667
6.59625
7.58416666667
7.40666666667
6.60625
8.465
13.6225
13.876875
10.7375
9.381875
7.949375
12.4445833333
11.6158333333
6.19958333333
8.66208333333
9.24375
13.6525
13.1579166667
8.89270833333
7.74208333333
7.42708333333
7.50604166667
8.58770833333
8.55416666667
7.23375
7.6025
4.80583333333
5.71479166667
8.66395833333
8.034375
7.76833333333
7.001875
7.23916666667
8.8675
8.65125
6.93979166667
3.67895833333
2.53354166667
5.29791666667
3.32708333333
1.05791666667
3.73729166667
4.31583333333
7.19416666667
6.323125
6.69625
3.703125
4.52291666667
8.31083333333
7.35395833333
7.96958333333
7.18479166667
4.8275
4.64458333333
4.07041666667
3.455
1.22416666667
0.904583333333
1.481875
1.720625
1.87291666667
1.35958333333
-0.200416666667
0.939375
0.313125
-0.483125
-2.26645833333
-0.198125
-2.46895833333
-3.14479166667
-8.06395833333
-9.45458333333
-3.795
0.597291666667
0.024375
-3.04145833333
-4.43604166667
-1.13583333333
3.21645833333
8.2275
11.489375
6.205625
7.40979166667
7.17333333333
4.75
0.275833333333
-1.266875
0.774791666667
3.88291666667
6.24458333333
7.995625
7.14979166667
7.41479166667
7.02833333333
6.04291666667
8.23666666667
5.87104166667
6.04583333333
9.35229166667
7.00375
3.50375
2.86020833333
1.62666666667
2.86375
2.22270833333
-0.15625
-0.890625
-0.181458333333
1.95854166667
2.965
3.00375
2.01458333333
1.74854166667
0.220833333333
1.845
1.61145833333
0.662916666667
3.79875
6.79645833333
6.11145833333
2.531875
5.28020833333
6.48645833333
3.77104166667
2.92229166667
3.614375
5.023125
5.11395833333
6.113125
4.97666666667
4.41604166667
1.88375
1.09354166667
2.35041666667
1.85625
1.47020833333
0.841666666667
-0.279791666667
-0.314166666667
0.102083333333
1.66416666667
2.08770833333
2.648125
2.39958333333
0.627083333333
1.26395833333
3.70604166667
2.156875
-0.626458333333
-0.88
-0.815
-0.309375
-0.683333333333
0.02
-1.693125
-0.828125
0.79625
0.4475
-0.16375
0.2225
0.494791666667
-1.79083333333
-2.12916666667
1.065625
2.52958333333
1.21854166667
0.494583333333
-0.926666666667
4.35666666667
4.95395833333
1.18083333333
-0.496041666667
2.69875
6.61208333333
7.60979166667
6.52625
5.86041666667
5.20125
4.044375
3.70979166667
3.789375
4.63791666667
5.80395833333
8.58895833333
5.268125
3.75479166667
4.03625
5.97104166667
6.10979166667
6.259375
8.95958333333
10.8083333333
7.575625
0.982083333333
2.67041666667
5.93291666667
9.69229166667
4.305625
4.88333333333
7.25479166667
11.84
10.9272916667
13.3558333333
15.0689583333
10.4666666667
11.1627083333
8.05604166667
1.90729166667
2.79770833333
5.51541666667
6.20833333333
10.0110416667
4.94583333333
9.49583333333
12.4291666667
12.94
10.821875
10.8002083333
10.8029166667
12.25
13.215
15.4685416667
14.634375
15.8233333333
14.9375
13.71875
17.1810416667
17.8916666667
18.5489583333
17.7447916667
17.1941666667
15.810625
10.1835416667
12.025625
7.49375
7.64145833333
9.15729166667
11.9539583333
15.3002083333
18.3260416667
19.700625
17.9689583333
15.4008333333
13.535
13.5916666667
11.1116666667
11.6179166667
12.666875
15.6522916667
13.918125
11.739375
10.09
11.8158333333
12.8497916667
14.3777083333
15.985
14.6860416667
12.9158333333
15.9110416667
17.3641666667
17.011875
15.8977083333
16.7870833333
18.0625
13.3891666667
12.8689583333
14.8114583333
13.2104166667
12.3316666667
13.8666666667
14.7929166667
16.7458333333
16.3516666667
17.230625
18.2475
19.5314583333
16.7841666667
14.1252083333
15.5827083333
18.2014583333
18.6954166667
17.5822916667
17.3327083333
16.6570833333
15.1616666667
17.20875
19.750625
16.516875
15.63
13.5233333333
13.473125
11.9327083333
13.924375
13.2397916667
14.9214583333
17.8083333333
17.719375
21.2804166667
23.9427083333
16.9558333333
17.0960416667
18.96875
15.6116666667
16.6329166667
14.8941666667
14.2635416667
15.2966666667
18.6458333333
15.5804166667
12.325
14.2327083333
15.738125
17.69625
20.0316666667
21.1722916667
20.09625
20.9747916667
19.868125
20.17
18.1433333333
20.3639583333
19.9729166667
16.4297916667
15.6966666667
18.2679166667
18.2785416667
15.7075
13.7020833333
13.955625
13.2204166667
14.2147916667
13.1285416667
12.960625
15.7233333333
20.9908333333
16.5441666667
13.50875
15.5445833333
16.4347916667
13.86375
11.8035416667
13.964375
14.644375
13.4154166667
12.5335416667
13.7716666667
13.8589583333
15.4002083333
15.2845833333
13.5108333333
9.43458333333
9.78729166667
11.0739583333
10.8485416667
12.345
13.451875
12.26625
12.318125
10.4127083333
11.8191666667
12.0285416667
11.8297916667
13.3804166667
15.3427083333
15.088125
15.7516666667
11.011875
8.89979166667
8.57395833333
9.863125
9.525625
10.1483333333
10.6920833333
9.390625
7.60229166667
8.65645833333
15.131875
8.85166666667
7.31229166667
11.0241666667
11.5145833333
12.4441666667
13.183125
11.6210416667
11.899375
12.9939583333
11.5060416667
10.581875
8.59895833333
7.799375
8.02041666667
9.20833333333
7.21
7.39
11.7235416667
11.5333333333
3.67395833333
0.663958333333
3.54145833333
6.388125
3.42458333333
-1.128125
-1.585
-2.77
-1.14541666667
0.732083333333
2.24333333333
2.89520833333
5.841875
7.933125
7.25729166667
7.08395833333
6.89208333333
8.33520833333
6.24645833333
4.08166666667
7.28916666667
2.5075
0.09375
-4.17583333333
-7.281875
-2.320625
0.859166666667
3.4625
3.43375
3.50229166667
1.45291666667
3.46729166667
1.81520833333
2.81375
-1.800625
0.261666666667
5.50833333333
4.11875
2.57979166667
1.03375
2.82916666667
2.42020833333
7.45958333333
6.356875
4.31395833333
4.66145833333
3.535625
-2.11479166667
-4.47458333333
-1.74041666667
2.27041666667
4.48708333333
-0.793333333333
2.71770833333
5.9
6.229375
5.5575
4.66770833333
6.22645833333
6.26958333333
6.53875
5.16666666667
3.10020833333
3.21479166667
4.95645833333
3.7075
-0.516458333333
1.49979166667
2.93791666667
2.51666666667
3.57645833333
7.57375
6.700625
5.33125
1.00104166667
6.01875
2.97458333333
3.31020833333
3.57291666667
4.904375
2.09770833333
1.53208333333
-0.359791666667
-1.289375
2.65729166667
4.07041666667
1.305625
-0.665
-1.838125
-1.60791666667
-2.071875
-3.52791666667
-0.623541666667
0.662916666667
0.770625
0.0816666666667
-1.50666666667
-1.71229166667
-2.38270833333
0.653958333333
5.40479166667
4.246875
1.739375
0.840625
1.05895833333
0.467916666667
2.548125
2.754375
3.2625
3.25145833333
2.125625
1.38270833333
7.12708333333
10.3397916667
6.51979166667
0.7925
2.164375
3.11083333333
3.53041666667
5.529375
2.50791666667
2.32458333333
2.14145833333
3.93333333333
4.521875
5.85645833333
5.40583333333
7.76520833333
8.74291666667
9.35791666667
4.936875
4.78104166667
6.97770833333
8.27666666667
7.204375
6.38270833333
5.34979166667
5.19291666667
6.36791666667
4.47583333333
1.34354166667
3.63208333333
3.85791666667
4.77479166667
8.88583333333
4.23020833333
6.08541666667
5.63
6.07145833333
10.125625
12.9804166667
9.08145833333
11.1033333333
11.3108333333
6.62666666667
2.455625
2.36854166667
2.03416666667
1.59666666667
6.23395833333
5.50208333333
7.00958333333
6.81708333333
9.31458333333
13.9204166667
13.14875
10.5797916667
9.29145833333
7.12020833333
8.904375
4.9125
4.97375
3.96125
6.26333333333
8.29041666667
6.75541666667
6.74395833333
9.73375
12.9279166667
5.166875
3.305625
3.58375
5.44854166667
5.83416666667
8.87875
11.6139583333
13.1616666667
12.9770833333
15.7004166667
8.38083333333
7.385
10.001875
14.9460416667
11.47875
11.5945833333
10.1845833333
9.68666666667
9.60333333333
11.3960416667
13.29375
15.3514583333
17.2125
18.4139583333
18.0285416667
17.7039583333
15.7464583333
17.0325
17.8308333333
18.0616666667
18.3808333333
16.1175
16.8327083333
16.24125
13.4091666667
9.455
12.9827083333
10.078125
9.85083333333
8.50125
8.6975
9.87666666667
8.50020833333
10.0883333333
12.3779166667
16.4789583333
13.9420833333
15.865625
16.5954166667
16.96125
15.82
15.045
17.11
18.3747916667
18.9114583333
20.5991666667
19.9095833333
16.3964583333
17.53
17.1464583333
18.784375
20.3191666667
18.384375
13.27375
14.9404166667
13.8966666667
16.796875
15.1258333333
13.7322916667
18.0472916667
22.0241666667
22.8945833333
23.2270833333
18.9920833333
18.130625
17.103125
16.3108333333
18.3179166667
17.3925
12.945625
15.1133333333
14.06125
14.5622916667
14.0714583333
13.0466666667
16.444375
18.2289583333
21.7033333333
19.9714583333
20.0247916667
19.1083333333
19.8035416667
17.0295833333
15.9375
17.8158333333
16.9004166667
13.301875
11.409375
11.7908333333
14.593125
14.4291666667
15.534375
18.0120833333
18.78
16.9020833333
16.8202083333
18.2510416667
18.6127083333
17.9422916667
18.5033333333
19.053125
21.4527083333
23.4047916667
18.06125
16.584375
19.1570833333
20.74875
22.51
21.7464583333
15.9289583333
16.3435416667
14.5725
13.7758333333
13.521875
10.2145833333
11.7364583333
12.315
14.785625
13.3814583333
12.640625
10.164375
11.710625
10.3791666667
12.2302083333
15.2127083333
15.9979166667
16.3604166667
16.0835416667
16.3135416667
15.4822916667
13.5435416667
13.3127083333
14.1316666667
16.833125
17.0839583333
18.5191666667
17.6025
17.1914583333
18.0877083333
17.816875
14.2477083333
13.41875
12.785625
12.693125
8.74291666667
9.804375
10.20125
11.8547916667
11.6370833333
10.8804166667
7.72645833333
6.23395833333
8.13395833333
8.50083333333
8.01458333333
7.80645833333
7.78354166667
7.69645833333
8.24791666667
10.578125
11.735625
8.13375
7.04416666667
7.42104166667
7.80958333333
8.61395833333
9.64520833333
10.2022916667
15.984375
14.4541666667
13.57375
13.1208333333
12.01125
12.611875
12.5889583333
11.1975
10.52375
12.2533333333
10.0772916667
10.4579166667
10.1245833333
9.92875
8.010625
7.02166666667
5.63145833333
2.960625
4.671875
4.019375
4.74604166667
4.46770833333
3.59270833333
2.12354166667
1.24791666667
3.100625
0.977291666667
0.315
-1.129375
-1.53270833333
1.045625
3.2275
0.710833333333
-0.563125
0.8725
-5.22583333333
-0.0177083333333
3.47333333333
0.598541666667
-3.735625
-4.22125
-4.270625
-3.42895833333
-2.78270833333
-1.37416666667
1.200625
1.88625
1.00604166667
-1.00104166667
1.02375
-3.35520833333
-2.49375
0.446875
5.1375
9.398125
7.95333333333
12.3679166667
9.74666666667
10.6229166667
6.99375
7.8225
11.685
8.491875
4.50208333333
4.91208333333
2.47020833333
-0.724791666667
-2.05375
-1.86291666667
-2.618125
-2.855
-1.96916666667
-1.55125
-1.20625
-1.82854166667
-2.26791666667
-0.844791666667
-1.53270833333
-2.40729166667
-1.52833333333
1.07895833333
1.30020833333
1.93354166667
0.954166666667
-0.526041666667
1.351875
3.23145833333
7.11833333333
6.05583333333
2.34083333333
2.17708333333
3.58125
6.43770833333
4.410625
6.21395833333
3.68916666667
7.23854166667
3.3925
3.92083333333
5.224375
2.98041666667
5.47541666667
7.59375
5.87333333333
6.495625
6.25708333333
4.14604166667
3.23354166667
3.23354166667
9.64645833333
7.61895833333
2.9925
2.57520833333
3.069375
1.86145833333
1.20020833333
4.23770833333
1.06375
0.675
2.498125
8.508125
9.62520833333
9.78708333333
9.588125
5.42270833333
6.86520833333
9.67520833333
11.2991666667
5.9225
1.67854166667
5.15145833333
1.98395833333
0.068125
2.670625
3.87916666667
5.04020833333
6.449375
8.11166666667
7.68125
5.70708333333
8.11333333333
12.288125
7.62020833333
4.77395833333
6.14854166667
6.235625
7.29145833333
8.378125
9.119375
11.3183333333
10.0260416667
11.315
9.838125
7.13083333333
7.57708333333
3.41645833333
2.66583333333
4.023125
4.07854166667
7.54166666667
6.890625
9.033125
10.4039583333
11.5875
6.35791666667
2.85666666667
1.91
5.346875
5.50395833333
4.0775
3.13791666667
5.62041666667
6.248125
7.23729166667
8.511875
5.708125
4.47270833333
4.21979166667
4.3775
5.41541666667
6.96833333333
10.2260416667
11.0616666667
10.3925
9.23958333333
8.68958333333
8.43020833333
10.48
7.221875
5.98875
10.0983333333
12.99125
14.8266666667
16.959375
15.865625
15.94875
17.0489583333
17.1966666667
16.6022916667
13.946875
14.939375
14.23875
11.690625
10.2595833333
10.6077083333
10.1975
13.2764583333
14.920625
14.5808333333
10.4097916667
12.5477083333
14.4785416667
15.0966666667
15.3208333333
16.8129166667
14.0672916667
9.21229166667
9.445
10.231875
8.38625
10.6235416667
12.5858333333
15.3366666667
17.3341666667
13.3654166667
12.5252083333
11.636875
12.698125
13.52125
13.4497916667
10.0077083333
9.83208333333
11.0054166667
12.0595833333
12.7966666667
12.5827083333
12.4004166667
12.7833333333
13.6922916667
16.2566666667
16.6427083333
19.00875
15.7370833333
15.775
14.3327083333
13.1197916667
14.9333333333
17.6241666667
20.9083333333
20.3752083333
19.8722916667
18.9797916667
20.3320833333
14.9058333333
13.275
12.9639583333
15.0925
14.6747916667
11.69
12.04875
17.6929166667
15.8720833333
12.4466666667
13.783125
18.436875
17.69875
14.73
16.3625
19.7875
15.4610416667
13.8635416667
14.6372916667
18.5152083333
19.9127083333
16.5447916667
13.94
13.6875
14.3645833333
17.7329166667
19.9714583333
22.375625
19.8789583333
19.658125
21.4010416667
23.3452083333
22.15875
22.9289583333
23.8758333333
23.225
15.8395833333
13.63875
15.2335416667
17.434375
17.365625
19.3354166667
22.6908333333
21.3270833333
17.24125
18.971875
15.8252083333
13.4222916667
13.6389583333
16.0808333333
16.4252083333
13.0983333333
13.7429166667
16.325625
18.579375
19.5835416667
19.24875
19.42375
20.04
20.7114583333
19.415
14.99625
11.936875
14.6254166667
14.5089583333
12.9670833333
11.064375
12.5645833333
10.2933333333
12.6908333333
12.24
10.1725
11.961875
12.8679166667
11.2152083333
11.5891666667
10.725625
9.87083333333
10.3547916667
11.51625
13.3289583333
9.589375
8.51625
9.19729166667
11.0760416667
9.99208333333
8.73458333333
8.66791666667
7.814375
9.48625
11.939375
15.8227083333
12.3110416667
11.4360416667
12.8472916667
9.03625
10.199375
14.18375
11.05875
7.503125
6.11375
7.57895833333
8.00333333333
11.4410416667
12.2652083333
14.189375
14.791875
14.5920833333
13.9945833333
12.52875
11.11875
10.5910416667
6.06833333333
4.9275
4.42604166667
4.05416666667
7.28416666667
8.38333333333
8.296875
8.96416666667
4.51208333333
7.058125
9.15041666667
7.80104166667
6.11458333333
5.28583333333
2.60291666667
1.58625
2.92541666667
4.2375
3.048125
2.95395833333
3.56645833333
6.93958333333
6.94895833333
6.60375
9.01583333333
7.1275
7.951875
10.375625
6.650625
4.34208333333
5.84041666667
2.30520833333
1.65604166667
0.540208333333
1.19479166667
2.05520833333
3.38458333333
2.00625
2.24958333333
1.56770833333
-1.62291666667
-2.86895833333
0.945625
2.33354166667
3.65395833333
-0.735625
-3.04229166667
-4.04041666667
-3.5375
-1.63020833333
0.0127083333333
-0.368125
0.837083333333
1.10770833333
-0.529791666667
-2.52375
-1.43833333333
-2.52145833333
-2.00583333333
-2.40520833333
-0.195416666667
1.40791666667
2.15520833333
2.97604166667
1.51125
1.3275
2.03708333333
3.01020833333
2.17125
7.6225
5.15895833333
3.22770833333
