-0.972708333333
-3.05416666667
-4.09645833333
-2.24291666667
0.666041666667
0.7925
0.741041666667
-0.319375
-1.24958333333
-3.26875
-6.22583333333
-7.89791666667
-3.76708333333
-4.04125
-4.09895833333
-3.99125
-3.56416666667
-2.295625
0.390416666667
-1.79270833333
-1.56229166667
1.73
1.13604166667
1.06708333333
0.754791666667
-0.25875
-1.5175
-4.27333333333
-1.17666666667
3.55270833333
5.480625
4.93416666667
2.47166666667
2.74916666667
4.10479166667
5.21875
4.74770833333
4.15854166667
4.87979166667
8.43104166667
6.68
4.08541666667
2.34229166667
2.909375
4.27020833333
2.48020833333
4.01916666667
3.636875
1.40604166667
1.58458333333
4.66604166667
7.495625
7.37729166667
8.12729166667
8.17791666667
8.97020833333
8.14041666667
4.03479166667
-1.11770833333
2.28041666667
3.934375
2.54979166667
1.38291666667
-0.587291666667
1.634375
3.25729166667
5.26625
6.85291666667
6.64833333333
3.85479166667
2.96208333333
3.898125
2.67354166667
4.34729166667
5.22770833333
7.90083333333
8.25979166667
6.985625
1.351875
-2.19833333333
-0.263333333333
5.46583333333
6.944375
2.460625
9.29458333333
7.45166666667
8.908125
12.6372916667
9.179375
5.13416666667
8.6575
10.6247916667
9.31895833333
2.193125
1.61791666667
3.44083333333
5.64979166667
9.315
5.88270833333
4.61791666667
3.05354166667
6.17416666667
11.0441666667
14.10875
16.9375
18.4716666667
19.3314583333
19.0258333333
11.8002083333
6.52666666667
1.9575
4.80333333333
4.92395833333
5.278125
5.47145833333
2.98270833333
5.93666666667
7.61895833333
7.46729166667
9.29125
14.01625
14.7045833333
10.96625
9.84020833333
7.90791666667
9.22458333333
14.5210416667
12.1189583333
9.91729166667
10.4141666667
13.44875
16.5783333333
18.2025
16.2316666667
13.92625
11.2379166667
12.45625
15.0352083333
17.0464583333
17.8060416667
19.0783333333
19.3852083333
12.321875
13.9677083333
11.3160416667
10.6289583333
16.9929166667
20.6141666667
16.750625
17.509375
11.3589583333
13.3597916667
11.8047916667
13.7141666667
15.5054166667
19.3302083333
21.7575
23.1839583333
18.5702083333
18.3070833333
18.3314583333
17.4183333333
17.4995833333
20.7385416667
23.9195833333
26.2639583333
20.530625
17.3879166667
15.9335416667
14.3677083333
15.501875
13.3145833333
12.5310416667
13.4395833333
14.5102083333
13.4504166667
12.3822916667
13.4785416667
13.8779166667
10.0472916667
11.7429166667
13.7614583333
12.486875
12.271875
14.3114583333
16.621875
15.2816666667
17.8727083333
15.819375
14.750625
14.6783333333
13.3622916667
12.7341666667
12.0029166667
10.7941666667
13.8735416667
13.901875
12.2525
12.9585416667
15.6754166667
13.713125
14.8479166667
13.344375
15.4275
20.7777083333
23.5202083333
24.2570833333
25.4083333333
24.088125
23.30375
22.9052083333
17.97375
19.8225
22.8947916667
27.0291666667
26.3047916667
23.2220833333
19.7708333333
17.9141666667
22.7708333333
20.3358333333
16.8422916667
18.4058333333
21.63125
17.728125
16.8679166667
20.330625
24.1097916667
25.120625
23.515625
22.6258333333
19.0760416667
18.0654166667
17.074375
13.0672916667
10.6002083333
11.194375
14.1016666667
18.790625
21.7127083333
20.6020833333
20.4279166667
17.18875
13.7654166667
12.789375
16.501875
19.8716666667
21.816875
19.15125
15.086875
19.0589583333
21.204375
15.8066666667
11.7804166667
12.7595833333
15.1695833333
13.6575
11.5295833333
13.7004166667
18.0685416667
17.4560416667
17.754375
21.9354166667
24.12625
22.5825
21.5752083333
16.5614583333
18.8554166667
13.8235416667
14.173125
15.7791666667
17.1872916667
16.8914583333
13.9125
12.4641666667
11.6608333333
12.658125
13.1085416667
11.0354166667
9.2425
11.5264583333
8.55979166667
6.97229166667
6.34708333333
6.22854166667
7.4775
5.07916666667
6.645625
7.99645833333
11.0085416667
12.8652083333
7.97208333333
6.16375
6.09
9.36520833333
11.7160416667
8.76479166667
8.47583333333
8.13229166667
6.51291666667
9.91958333333
15.420625
11.9289583333
6.46833333333
4.17395833333
2.16333333333
-2.68333333333
-4.83583333333
-5.024375
-4.148125
-2.62333333333
-1.159375
2.00604166667
2.01208333333
-0.482708333333
-1.11541666667
0.160833333333
1.68458333333
1.57145833333
6.88458333333
8.89583333333
9.4675
9.1975
4.51541666667
9.53520833333
9.493125
8.91395833333
10.293125
9.78291666667
7.01145833333
4.3275
0.2
-0.800208333333
-1.12291666667
-2.22333333333
-4.67104166667
-7.40604166667
-3.19166666667
-2.35791666667
-0.705208333333
-0.183541666667
-6.01229166667
-6.251875
-4.26416666667
-1.95520833333
1.12916666667
2.27979166667
3.70166666667
6.8575
8.04708333333
2.53645833333
0.376458333333
-0.993125
-1.18625
0.114166666667
1.284375
1.006875
6.69270833333
7.3225
6.88333333333
3.54041666667
-0.703333333333
-1.49166666667
0.105
1.27791666667
1.37208333333
0.997708333333
1.30104166667
5.05
2.033125
-1.16666666667
-2.81604166667
-4.413125
-6.27020833333
-2.94666666667
-0.995208333333
-1.62916666667
-3.990625
-2.34854166667
-2.72041666667
-0.936666666667
-2.77770833333
0.596875
-0.0341666666667
0.533958333333
-0.906666666667
-2.85145833333
-2.11125
-0.615416666667
0.543541666667
0.0214583333333
-0.110833333333
-1.51104166667
-0.103541666667
0.763958333333
2.39604166667
3.018125
2.65208333333
3.53708333333
1.705
0.723333333333
-0.74875
2.12479166667
4.92520833333
5.07791666667
4.518125
2.80104166667
1.69833333333
-2.32458333333
-3.41770833333
-2.8075
-2.31145833333
-0.35125
-0.894166666667
-2.394375
-4.205625
-3.88
-3.67145833333
-2.49395833333
-2.38354166667
-1.09208333333
-0.31875
1.905625
2.235625
0.909791666667
2.596875
3.143125
2.72229166667
1.29979166667
-0.842708333333
3.240625
7.958125
8.506875
9.90354166667
10.3525
13.278125
10.6214583333
9.26770833333
5.29229166667
7.38458333333
6.38833333333
2.591875
1.47770833333
3.81
9.43854166667
13.4810416667
14.8622916667
7.76104166667
10.8827083333
15.2008333333
12.715
12.3697916667
14.175625
13.975625
15.8891666667
15.0091666667
19.0470833333
16.9502083333
17.4052083333
11.4166666667
5.23458333333
10.4979166667
17.929375
14.1708333333
15.0872916667
17.8285416667
19.12625
19.7329166667
17.2629166667
16.0564583333
17.4925
11.41375
4.16333333333
4.27375
2.89895833333
6.49083333333
7.320625
4.759375
2.45583333333
7.03854166667
12.5479166667
16.829375
9.61583333333
5.31479166667
4.96916666667
8.31541666667
7.176875
6.39416666667
6.43625
6.03770833333
7.006875
8.16104166667
16.605625
16.9445833333
21.4179166667
23.3985416667
23.0110416667
20.2110416667
18.9145833333
14.3222916667
16.2308333333
19.2597916667
12.88125
16.9497916667
21.6666666667
24.4029166667
24.7558333333
18.464375
16.6639583333
13.1089583333
11.43875
13.5275
10.3472916667
13.3210416667
14.0604166667
19.171875
23.8389583333
23.8829166667
27.0429166667
20.4754166667
13.8116666667
16.7133333333
19.0379166667
20.1645833333
21.4827083333
18.2847916667
16.7491666667
20.5329166667
18.0416666667
16.97875
21.2816666667
24.25
18.9258333333
10.9352083333
8.493125
8.64020833333
11.5429166667
11.8795833333
13.920625
17.526875
17.7175
19.330625
17.5383333333
20.5477083333
22.4460416667
20.184375
12.4658333333
16.945625
20.034375
17.9254166667
16.3214583333
18.8752083333
21.2279166667
22.41
25.195625
25.9658333333
26.365
22.9022916667
19.3489583333
18.5833333333
18.375
15.8666666667
18.251875
17.1816666667
12.7558333333
11.751875
13.6502083333
14.1775
17.8377083333
15.0764583333
16.3245833333
11.0835416667
12.9322916667
15.3939583333
15.9408333333
20.15125
18.5204166667
20.7445833333
20.4175
24.3758333333
23.5408333333
25.7989583333
26.6372916667
26.9166666667
26.109375
20.420625
19.0972916667
16.2379166667
14.9229166667
18.9904166667
22.3375
24.0489583333
24.848125
20.050625
14.615625
17.4489583333
15.089375
12.6152083333
14.2097916667
11.7833333333
13.311875
15.7227083333
16.358125
15.121875
14.3285416667
14.5891666667
14.941875
16.4833333333
17.5183333333
16.8070833333
17.1091666667
16.1222916667
17.4052083333
18.5141666667
20.6697916667
21.458125
20.233125
19.831875
20.1458333333
21.0439583333
19.1389583333
16.1747916667
13.0941666667
15.085
14.4333333333
16.0329166667
18.6083333333
14.9997916667
18.3258333333
18.435
21.4854166667
15.9641666667
15.6995833333
15.2616666667
17.4208333333
14.7339583333
9.96479166667
12.3225
15.4491666667
15.4666666667
13.6566666667
11.0104166667
10.696875
10.6195833333
18.4608333333
14.3754166667
12.4414583333
16.188125
11.6397916667
9.96708333333
3.89520833333
4.18645833333
6.11541666667
4.56125
5.97458333333
7.75479166667
11.4095833333
9.464375
8.368125
6.4875
4.37708333333
3.79541666667
2.85208333333
3.271875
6.93395833333
5.28208333333
5.56541666667
7.77354166667
6.90270833333
11.44
11.2822916667
10.97875
10.88
9.85354166667
8.669375
5.40666666667
2.38604166667
-0.311041666667
-0.93
1.47020833333
-1.8575
2.33645833333
4.26479166667
2.90375
0.967291666667
0.947916666667
1.65416666667
6.86541666667
9.05291666667
10.8833333333
10.461875
10.0983333333
9.735
8.07854166667
-0.3425
1.18604166667
2.6725
2.17583333333
1.36
1.32020833333
0.441458333333
-0.644583333333
-1.58333333333
1.44479166667
-0.334166666667
-0.575833333333
0.3075
2.214375
1.43833333333
-2.039375
-1.053125
-1.63041666667
-6.62875
0.799375
0.175208333333
-6.88479166667
-8.41645833333
-3.72541666667
-8.23104166667
-6.65770833333
-5.28333333333
0.039375
-0.654166666667
-1.60166666667
-1.29229166667
-1.820625
-3.76708333333
-1.08354166667
2.39645833333
3.730625
5.42708333333
4.82041666667
3.103125
6.51416666667
6.8975
6.27479166667
5.91020833333
-8.59020833333
-9.909375
-9.24854166667
-9.4
-5.18604166667
-5.91479166667
-6.065
-4.72354166667
3.05645833333
3.841875
3.50604166667
1.296875
3.88458333333
2.82625
-0.30125
0.0222916666667
-0.386875
-0.605
-1.25729166667
0.322916666667
0.582083333333
-0.908958333333
1.2825
5.12354166667
3.66895833333
1.07125
-0.363125
-0.0102083333333
2.30708333333
3.275625
2.366875
3.84416666667
4.45833333333
3.28583333333
6.86020833333
8.29125
6.61604166667
7.56375
2.73354166667
2.67375
-0.66375
1.674375
0.663958333333
-3.42708333333
0.264166666667
1.398125
2.456875
-2.12895833333
-1.07020833333
-1.95854166667
0.754791666667
1.60125
2.30708333333
6.71354166667
4.06958333333
6.905
6.92625
2.89104166667
2.99395833333
3.47145833333
6.03125
3.01979166667
4.84625
3.83145833333
3.130625
1.85229166667
3.481875
7.57645833333
4.51770833333
2.1575
4.64479166667
2.52416666667
1.72958333333
4.240625
5.41479166667
4.87604166667
8.93854166667
11.311875
13.4120833333
15.7154166667
10.9489583333
9.76145833333
5.41770833333
3.95645833333
13.773125
14.2022916667
9.32208333333
12.7325
16.4977083333
17.9170833333
8.521875
8.395
2.203125
3.010625
1.79958333333
1.82833333333
2.59958333333
6.435
9.86479166667
12.3545833333
9.93020833333
9.3175
10.635
11.090625
11.489375
11.668125
11.5479166667
7.57791666667
10.713125
9.50770833333
9.898125
7.7475
5.74125
4.97020833333
6.26104166667
5.909375
11.9920833333
10.3310416667
8.546875
12.145625
7.49208333333
12.2720833333
13.7314583333
10.80125
10.31125
14.84625
17.56625
19.6195833333
21.8495833333
23.5854166667
19.6727083333
20.8666666667
17.5060416667
20.8689583333
16.7275
15.3220833333
14.380625
12.2210416667
16.7616666667
21.95375
24.5629166667
17.3929166667
16.3797916667
19.6125
24.0116666667
26.2847916667
27.6325
28.2252083333
28.6335416667
28.1379166667
24.3347916667
23.713125
23.0729166667
20.0458333333
21.05375
16.7385416667
15.2985416667
11.2954166667
11.2845833333
11.4854166667
12.5747916667
15.9139583333
18.06625
14.8227083333
16.145625
18.4854166667
20.7477083333
18.1
15.573125
21.888125
19.1383333333
16.71375
15.8235416667
15.3916666667
16.1177083333
16.9704166667
23.0291666667
24.44375
16.4489583333
17.06
18.7347916667
19.39875
23.0766666667
26.0595833333
24.521875
26.19625
25.6320833333
25.71375
27.1247916667
28.18875
25.0997916667
21.243125
21.3452083333
19.57875
25.0729166667
26.053125
19.825
18.09875
19.775
21.021875
15.309375
16.0647916667
17.5154166667
23.91
25.5841666667
26.440625
25.3108333333
26.8695833333
26.36875
20.9714583333
21.0404166667
21.3108333333
20.9525
21.1414583333
20.553125
19.5797916667
21.8410416667
26.6339583333
21.3589583333
19.0833333333
23.2927083333
22.0041666667
18.7514583333
21.903125
18.1235416667
14.183125
13.83
16.8358333333
18.5847916667
17.29125
16.1827083333
21.3372916667
17.5316666667
18.2539583333
20.0391666667
20.9235416667
17.8764583333
14.2379166667
14.024375
18.605625
23.2002083333
25.6954166667
20.974375
18.303125
19.1664583333
20.5822916667
22.5864583333
23.1347916667
23.2097916667
22.3835416667
22.920625
25.7189583333
26.115
26.2808333333
24.5491666667
23.264375
23.6104166667
21.2360416667
16.155625
12.891875
16.4727083333
18.3029166667
21.9447916667
16.0635416667
18.09
19.2754166667
16.043125
12.9872916667
17.3533333333
15.9110416667
14.7772916667
11.751875
11.4889583333
9.55625
8.54208333333
7.96354166667
8.64416666667
9.1875
8.671875
10.100625
9.30041666667
8.085
8.163125
7.97708333333
10.9291666667
11.5027083333
11.708125
12.245
14.9725
14.0602083333
9.37416666667
8.39104166667
10.1058333333
10.6375
11.3433333333
8.28208333333
7.39875
8.33604166667
11.555625
13.4729166667
11.1966666667
10.1341666667
7.98354166667
4.63770833333
6.85229166667
12.194375
12.0470833333
9.65270833333
10.76125
8.13625
8.10666666667
3.84479166667
2.444375
0.690416666667
1.83375
8.00541666667
7.8625
5.624375
5.50958333333
6.86541666667
10.234375
10.1125
6.78479166667
5.80020833333
4.66416666667
2.99645833333
1.76666666667
-0.00708333333333
-0.0139583333333
2.99895833333
3.359375
2.35604166667
2.53625
2.494375
4.974375
8.91458333333
5.33333333333
8.21854166667
1.71270833333
0.808333333333
0.138333333333
-1.16958333333
6.19833333333
7.97645833333
2.33708333333
-0.400833333333
-1.68916666667
4.230625
1.77708333333
1.27458333333
-0.0445833333333
-2.28520833333
-0.0816666666667
1.258125
4.04104166667
3.34979166667
0.673958333333
0.605
0.459791666667
-0.381875
-0.163125
5.63479166667
6.78541666667
9.39875
9.743125
6.551875
2.04208333333
1.92291666667
4.30333333333
5.84958333333
4.32229166667
2.68104166667
0.703125
2.11729166667
3.795
4.54291666667
3.18958333333
-0.905416666667
-1.09125
0.770625
1.4625
2.285625
3.491875
1.92916666667
5.61416666667
8.12458333333
6.774375
5.98979166667
4.8275
-0.333125
6.185
0.41375
-0.274166666667
-1.064375
-1.26
-0.250833333333
-0.579583333333
-2.17833333333
-2.49895833333
-4.128125
-5.04708333333
-4.060625
-3.30375
-4.8
-3.92041666667
-4.71145833333
-2.26083333333
1.17395833333
-1.24458333333
-1.22958333333
-1.895
-3.71291666667
-0.519375
2.515
4.3225
4.81875
5.01791666667
3.36791666667
0.937708333333
2.83770833333
3.615625
5.30104166667
5.10895833333
4.031875
5.80145833333
5.43604166667
9.084375
5.103125
4.929375
4.23291666667
8.34583333333
10.0658333333
7.87520833333
7.5725
9.14020833333
8.90770833333
8.16125
8.68354166667
7.33770833333
5.675
5.039375
7.356875
3.60145833333
0.350625
1.20166666667
0.823125
2.959375
2.66395833333
5.37833333333
8.476875
5.83458333333
3.66270833333
4.05291666667
4.09270833333
5.34458333333
4.50604166667
8.49854166667
6.41416666667
9.79895833333
12.9375
4.45125
3.92916666667
3.393125
5.47020833333
13.4091666667
17.9033333333
18.870625
16.5395833333
14.02375
17.9741666667
14.0710416667
17.5485416667
11.6166666667
17.4220833333
17.6547916667
12.7733333333
14.81375
12.8377083333
16.5210416667
13.4795833333
10.2241666667
7.936875
8.78625
12.9414583333
15.615
11.75
12.6866666667
12.5202083333
9.15083333333
11.0902083333
13.2525
9.47041666667
15.8285416667
15.95125
20.453125
19.675
14.6627083333
11.7179166667
18.0827083333
21.3172916667
10.795
8.176875
8.62125
9.045
9.22395833333
7.36770833333
9.69020833333
9.01416666667
13.1847916667
20.4410416667
21.9264583333
18.32
19.3008333333
24.2891666667
19.2427083333
14.684375
19.5827083333
24.8720833333
21.406875
18.2502083333
19.275
21.898125
19.4427083333
17.1679166667
13.33375
10.9120833333
10.6239583333
14.2508333333
19.4858333333
21.8020833333
23.4797916667
24.474375
24.931875
25.7110416667
22.1945833333
21.8327083333
18.0964583333
13.5904166667
14.2947916667
17.1679166667
14.28125
18.769375
21.6114583333
23.10625
24.833125
26.0704166667
24.6989583333
24.93375
27.574375
28.22
28.4295833333
27.4791666667
23.36125
18.46125
24.68875
27.6875
29.5470833333
25.9795833333
19.8116666667
16.635
16.8270833333
25.511875
28.2183333333
22.8147916667
25.9458333333
31.4820833333
29.699375
25.3122916667
21.39625
24.599375
30.4845833333
25.710625
18.9389583333
14.7797916667
13.1870833333
12.1189583333
13.9108333333
18.7495833333
23.111875
24.2220833333
24.1995833333
22.9866666667
23.3489583333
15.9989583333
14.6825
23.2304166667
22.6722916667
22.69875
24.830625
27.359375
27.7316666667
27.3175
23.9135416667
24.575
23.5564583333
24.8197916667
24.996875
24.7104166667
20.3160416667
21.5558333333
23.3558333333
25.67
22.3045833333
20.5595833333
16.9077083333
15.3552083333
20.1372916667
15.9579166667
13.590625
16.5722916667
16.2177083333
15.9097916667
12.2264583333
9.590625
11.2529166667
14.5858333333
19.3477083333
14.0364583333
13.2420833333
13.8254166667
15.6825
14.846875
13.176875
14.3472916667
16.9685416667
21.5891666667
17.1027083333
17.1004166667
22.9245833333
22.6177083333
20.6995833333
16.3791666667
13.9977083333
13.325
16.8875
21.7554166667
18.3122916667
12.476875
12.965625
10.1927083333
10.0139583333
11.1135416667
9.92416666667
8.04625
15.9533333333
13.2810416667
11.1997916667
10.6122916667
6.85833333333
8.123125
11.09625
7.27375
6.36041666667
7.12229166667
9.68270833333
9.85333333333
7.766875
9.78354166667
13.68625
8.386875
5.56875
6.70979166667
5.03875
6.64375
10.0489583333
10.035625
10.8347916667
13.0691666667
12.0891666667
12.2664583333
13.99125
14.3325
11.8929166667
7.54416666667
3.15583333333
0.60625
-1.50020833333
-3.86604166667
-0.0252083333333
1.40770833333
0.249583333333
1.413125
0.4025
0.768333333333
-0.5375
-0.336041666667
-0.43375
8.049375
10.2654166667
11.795625
6.63333333333
4.97791666667
0.933958333333
-2.995625
-4.58083333333
-0.970416666667
3.129375
3.554375
0.692291666667
-0.43125
-1.555
0.266666666667
1.58270833333
-2.35020833333
-6.315625
-5.015625
-4.18291666667
-1.8975
-3.53208333333
1.160625
1.594375
3.64395833333
3.46020833333
3.97166666667
3.75145833333
5.93770833333
8.676875
10.3077083333
7.01020833333
2.805625
5.20166666667
5.61354166667
5.38270833333
2.058125
1.11229166667
2.67104166667
3.15583333333
0.957916666667
-0.564166666667
0.188333333333
0.494166666667
0.0964583333333
-0.66
-1.41145833333
0.487291666667
1.03458333333
3.11645833333
7.07020833333
1.29395833333
1.42770833333
3.91291666667
-0.748541666667
-0.730416666667
-0.206875
-3.36125
-4.17583333333
-0.469166666667
0.0533333333333
-1.45333333333
-3.4625
0.603541666667
1.8925
1.793125
1.84958333333
0.8975
0.462083333333
2.72395833333
2.2675
2.25395833333
5.65854166667
2.9925
4.4175
-0.157916666667
-0.334375
-0.627083333333
1.88729166667
-0.935208333333
-1.84875
-0.015
-1.139375
-2.4775
-0.740416666667
-2.79229166667
-1.94708333333
0.664583333333
1.76729166667
-0.0566666666667
1.76354166667
-1.23708333333
-1.9075
1.74854166667
0.766875
0.814166666667
2.24833333333
2.71875
0.253125
-0.296666666667
1.18333333333
0.56
5.01708333333
3.26604166667
1.53458333333
-1.57770833333
-0.159166666667
3.35208333333
2.05520833333
1.36208333333
4.11916666667
6.96583333333
2.726875
4.27416666667
2.98458333333
2.49625
3.64395833333
7.20791666667
7.38291666667
8.53666666667
7.49333333333
5.41458333333
7.066875
5.97125
8.17895833333
7.161875
4.41291666667
4.27375
1.58770833333
-0.408958333333
-0.540416666667
1.12395833333
3.280625
3.35875
3.34583333333
5.334375
4.64916666667
6.72208333333
8.61520833333
4.48645833333
9.70375
13.8908333333
17.3516666667
10.8314583333
6.21854166667
9.29
11.318125
14.13375
17.795
19.986875
15.8360416667
15.2039583333
16.0541666667
15.6029166667
10.29625
5.89541666667
9.89520833333
9.60104166667
9.810625
15.3045833333
12.339375
16.5377083333
16.95625
15.7679166667
11.318125
6.63104166667
8.13916666667
8.14104166667
8.901875
4.83916666667
7.11791666667
8.97416666667
13.945
18.6079166667
14.5827083333
18.2547916667
20.9266666667
15.83875
12.9366666667
12.890625
14.839375
8.880625
13.0004166667
15.1560416667
11.2935416667
8.824375
10.2375
8.49916666667
12.6916666667
17.3145833333
16.9922916667
23.045625
17.6320833333
15.7679166667
11.3633333333
13.294375
15.48875
10.633125
17.6004166667
13.951875
17.433125
19.7585416667
15.95625
11.688125
11.4491666667
14.74875
19.2127083333
22.35125
25.319375
23.3885416667
18.4395833333
14.528125
12.23
11.5875
12.3316666667
19.3985416667
15.46375
11.7158333333
12.7508333333
17.2489583333
16.1233333333
10.2820833333
10.275625
11.0739583333
15.2802083333
20.1810416667
22.8983333333
27.336875
29.6004166667
31.1829166667
23.5414583333
18.051875
14.87
14.8089583333
12.9160416667
11.0916666667
11.8722916667
14.4652083333
13.686875
15.795
16.9995833333
17.299375
20.1527083333
20.9595833333
15.3504166667
14.4383333333
14.2072916667
23.06625
26.8147916667
27.5258333333
21.7327083333
20.3608333333
25.893125
20.7552083333
18.9947916667
16.7477083333
18.6720833333
19.575
15.2358333333
14.6735416667
13.9960416667
16.8495833333
19.3489583333
20.62
19.1716666667
20.10125
20.243125
19.79375
21.8441666667
22.1904166667
23.563125
24.4672916667
25.1716666667
24.9285416667
17.121875
18.0983333333
19.7833333333
20.894375
20.7495833333
18.891875
19.3
21.28875
21.1360416667
19.5522916667
17.0691666667
13.7972916667
8.054375
7.903125
8.40104166667
10.4672916667
9.74125
9.82145833333
11.7866666667
15.8683333333
18.9358333333
13.9095833333
12.8125
11.75625
14.5516666667
13.4266666667
12.745625
14.5989583333
10.6629166667
9.54770833333
7.91458333333
9.05083333333
8.3175
11.1885416667
14.1277083333
17.6958333333
14.2183333333
17.46
12.4033333333
11.2460416667
11.8945833333
13.864375
9.76208333333
9.99541666667
9.70895833333
13.1502083333
12.9772916667
13.3664583333
11.3375
11.4379166667
9.96208333333
12.6720833333
13.3508333333
14.3710416667
14.0047916667
13.671875
11.9810416667
8.461875
7.84291666667
10.8452083333
10.2720833333
12.9375
11.589375
8.88104166667
9.33270833333
10.3825
15.10625
11.190625
14.591875
10.6372916667
7.185
5.90958333333
6.92916666667
10.9002083333
10.841875
11.7139583333
11.065
11.6247916667
11.7525
8.84375
9.66291666667
7.08625
2.12875
1.22833333333
1.67
3.073125
3.445625
2.85520833333
4.32625
10.354375
11.0991666667
11.13375
7.37145833333
6.58333333333
3.634375
4.45979166667
8.31666666667
7.70041666667
6.27104166667
2.59166666667
3.6725
0.872916666667
1.94104166667
4.11666666667
3.68791666667
3.87708333333
3.44833333333
2.326875
3.75875
4.74333333333
3.559375
1.32916666667
2.72791666667
1.459375
1.78645833333
2.60208333333
0.428541666667
3.64583333333
4.51791666667
0.953541666667
0.720416666667
1.97666666667
-0.65375
0.029375
-0.611041666667
-1.75145833333
-2.83708333333
-3.24041666667
-4.38541666667
-1.231875
-1.504375
-6.614375
-8.606875
-9.75770833333
-11.7895833333
-12.6325
-10.2247916667
-11.1820833333
-7.88020833333
-7.55458333333
-7.12520833333
-9.48166666667
-11.6095833333
-7.49958333333
-4.36270833333
-5.226875
-2.79229166667
-3.40645833333
-3.31833333333
1.89458333333
4.87145833333
4.64625
-0.985625
-0.820416666667
2.84333333333
1.61958333333
-3.41916666667
1.17708333333
4.88354166667
4.27729166667
6.499375
6.233125
3.40208333333
2.45208333333
5.94208333333
1.61229166667
-0.23625
-4.36645833333
-6.19895833333
-9.705625
-10.8275
-8.53520833333
-4.68604166667
-4.21708333333
-6.89708333333
-1.35729166667
-2.06729166667
-6.545625
-5.48666666667
-3.211875
-2.13375
-1.89166666667
0.287083333333
6.16041666667
9.98854166667
6.96229166667
8.25708333333
6.57208333333
6.161875
4.15541666667
5.76541666667
6.04854166667
5.36791666667
4.383125
3.295625
6.01791666667
3.42854166667
1.04770833333
0.644791666667
4.98625
6.73333333333
1.35020833333
-0.214791666667
0.744166666667
-0.349583333333
-2.67270833333
-0.422708333333
1.03979166667
4.640625
8.40916666667
6.57625
5.05020833333
7.28479166667
6.72666666667
5.11875
1.7975
1.87
8.32291666667
8.27583333333
10.3016666667
10.5489583333
15.28875
19.9185416667
18.3075
13.6452083333
11.494375
11.2572916667
9.34270833333
10.0170833333
7.980625
4.744375
8.92520833333
4.02645833333
6.17208333333
6.11520833333
11.6285416667
13.4575
15.710625
16.471875
18.7602083333
15.5466666667
9.51854166667
6.41166666667
3.315
4.35354166667
2.33145833333
2.85666666667
3.730625
8.00625
7.575
4.79875
4.98041666667
7.07333333333
11.0491666667
15.4214583333
18.14625
15.5172916667
15.2708333333
12.151875
16.6691666667
19.4866666667
22.5266666667
17.655625
14.556875
19.7995833333
17.9429166667
19.8035416667
18.80375
19.5083333333
17.1389583333
10.9425
11.889375
16.271875
22.1352083333
24.8710416667
26.0308333333
18.8229166667
12.65625
17.1216666667
19.50375
18.769375
20.5183333333
22.6354166667
23.984375
21.9129166667
20.42375
17.441875
12.1466666667
9.1825
10.0002083333
11.105
12.2883333333
9.0875
13.4604166667
11.0252083333
11.3322916667
10.2041666667
14.5529166667
17.4804166667
13.5766666667
15.4145833333
16.735625
14.2602083333
16.2427083333
12.331875
11.3752083333
14.0883333333
11.6164583333
13.5820833333
18.2883333333
17.3664583333
16.9102083333
21.4735416667
23.3277083333
23.9364583333
22.756875
17.2122916667
13.9460416667
14.1120833333
14.891875
17.3379166667
20.109375
23.6977083333
27.843125
22.3520833333
21.6852083333
20.7641666667
24.0260416667
18.9691666667
17.1525
14.739375
16.0047916667
16.886875
21.9254166667
25.0429166667
24.7797916667
18.5654166667
23.6679166667
17.1814583333
17.8729166667
16.4770833333
17.88
17.0704166667
17.418125
15.5108333333
19.849375
14.26375
13.6325
15.22
21.7089583333
19.873125
20.0335416667
18.0558333333
23.631875
28.626875
25.063125
21.2208333333
15.7202083333
14.829375
19.1172916667
16.645625
19.4204166667
23.0304166667
18.5370833333
21.1672916667
14.8520833333
16.239375
15.6885416667
18.8804166667
20.339375
22.4666666667
22.9114583333
18.7016666667
16.4404166667
14.2547916667
13.194375
13.4354166667
11.8785416667
10.8335416667
8.79854166667
11.51
15.101875
18.0739583333
18.8508333333
21.0508333333
14.4035416667
11.8085416667
11.5066666667
14.6564583333
19.568125
23.129375
20.1758333333
21.5677083333
20.678125
18.7977083333
17.4341666667
17.1416666667
15.5460416667
19.83
17.3872916667
16.850625
18.901875
21.3039583333
18.07875
22.4877083333
22.6535416667
18.3685416667
15.1804166667
13.3595833333
12.6895833333
11.16
10.3833333333
14.60625
12.6633333333
9.38354166667
11.1104166667
11.04375
9.37041666667
9.24395833333
8.2475
8.155625
9.70604166667
10.8545833333
7.26770833333
10.49375
8.998125
10.41375
10.7929166667
9.07583333333
5.88416666667
6.58583333333
2.53
1.374375
3.94270833333
3.32395833333
2.94291666667
6.51333333333
11.8125
6.20958333333
5.47791666667
6.73875
12.6258333333
9.46875
0.687708333333
-1.12229166667
-0.771666666667
0.00729166666667
0.033125
0.0529166666667
-1.978125
-4.271875
-5.87625
-4.61
-4.21770833333
-3.27979166667
-3.61125
-1.40833333333
-1.21208333333
-4.27625
-3.57625
-1.93395833333
-2.03875
0.467708333333
4.3425
6.97416666667
9.72104166667
9.97104166667
11.6514583333
9.01958333333
6.09625
6.02875
6.25458333333
4.8225
1.14666666667
0.565833333333
-0.80625
1.5225
6.26541666667
7.85041666667
5.06229166667
4.61
4.46416666667
3.73041666667
4.191875
8.07604166667
5.62166666667
3.123125
5.64229166667
5.38854166667
4.035
-2.18520833333
-3.83208333333
-3.515625
-5.7575
-6.99041666667
1.59958333333
2.66479166667
1.56020833333
-1.51229166667
-0.0827083333333
-0.812291666667
-3.98958333333
-4.22145833333
-1.38895833333
2.03520833333
0.965833333333
4.17583333333
4.93791666667
1.63520833333
-0.451875
-1.9125
1.61770833333
6.591875
5.95708333333
2.28708333333
2.66291666667
3.86916666667
2.57395833333
-1.124375
-2.2575
-4.94291666667
-1.54854166667
-0.611666666667
0.0675
-0.00458333333333
2.54791666667
1.40395833333
-1.65958333333
-3.575625
-3.80875
-5.83729166667
-7.61270833333
-9.31208333333
-13.1960416667
-5.49458333333
-3.77895833333
-2.83270833333
-4.98541666667
-4.99145833333
-2.49333333333
-3.24083333333
-4.02416666667
-6.12770833333
-6.406875
-7.82416666667
-7.42
-7.98270833333
-7.53166666667
-5.72333333333
-6.50041666667
-7.08895833333
-3.75395833333
-3.289375
-1.80875
-2.76604166667
-0.895833333333
-1.95916666667
2.88375
4.2925
3.32166666667
2.08645833333
0.995
1.429375
1.58270833333
1.42166666667
1.436875
2.31270833333
6.26833333333
7.81833333333
10.4152083333
10.171875
10.7572916667
7.26291666667
4.72270833333
4.124375
4.86395833333
7.01625
4.31875
3.53520833333
7.91375
9.0625
5.80916666667
3.55895833333
7.041875
6.95791666667
6.44791666667
3.87354166667
1.87541666667
0.313333333333
3.329375
11.2977083333
10.1172916667
6.61791666667
1.49333333333
-3.29729166667
-1.65729166667
1.52666666667
3.03791666667
11.6872916667
11.435
8.46729166667
6.47083333333
5.5225
5.70104166667
8.82083333333
9.52729166667
8.496875
12.1091666667
13.3639583333
11.873125
13.900625
14.6891666667
17.9004166667
12.7814583333
17.4689583333
21.4008333333
23.21
18.0545833333
20.3266666667
20.5770833333
14.88875
12.5672916667
12.8145833333
11.800625
15.855
17.7402083333
19.81
13.9652083333
13.8972916667
15.1029166667
19.0595833333
22.596875
17.714375
20.6504166667
19.344375
17.1454166667
21.4385416667
16.0827083333
18.0995833333
22.718125
22.0335416667
14.79625
10.5377083333
8.70416666667
11.7554166667
13.0279166667
11.940625
15.9045833333
10.7289583333
10.0922916667
7.0425
7.614375
11.7897916667
18.53875
21.5027083333
15.4883333333
13.2860416667
15.4166666667
19.78625
23.9766666667
27.4289583333
26.7627083333
20.2597916667
22.7441666667
24.1485416667
22.51
22.6783333333
22.788125
18.375625
21.663125
23.606875
25.465625
25.1870833333
21.8579166667
22.1677083333
24.97875
27.0160416667
27.2797916667
23.5535416667
23.9554166667
18.7920833333
15.416875
13.9129166667
15.0427083333
12.980625
14.8166666667
15.378125
13.5460416667
17.1870833333
20.7920833333
24.5508333333
24.8185416667
18.5654166667
15.4677083333
18.5222916667
20.2202083333
22.1783333333
19.4920833333
13.5366666667
14.3327083333
18.0035416667
20.90875
24.4052083333
25.7970833333
21.9589583333
25.425625
21.5889583333
26.839375
30.4629166667
25.374375
19.7589583333
23.934375
25.1302083333
19.4483333333
22.5560416667
24.3016666667
24.5972916667
19.3227083333
20.935625
21.8133333333
24.578125
20.9020833333
21.7320833333
17.106875
14.8147916667
12.42875
16.2058333333
15.2835416667
14.5454166667
12.3579166667
14.5977083333
17.9783333333
12.71
14.143125
11.90625
9.546875
11.72875
10.20375
13.4770833333
13.8179166667
11.5539583333
15.3275
16.5079166667
13.0633333333
14.3004166667
12.9616666667
13.449375
15.4827083333
12.9347916667
12.2416666667
17.8914583333
18.265625
15.7275
8.03229166667
10.0172916667
12.6277083333
15.940625
16.85
16.5497916667
15.1185416667
14.2291666667
12.10875
13.558125
13.1089583333
16.75625
17.084375
16.555625
20.9197916667
18.410625
15.1277083333
14.4452083333
18.4164583333
14.683125
13.6195833333
12.985
14.3789583333
15.213125
14.2858333333
14.3929166667
15.9158333333
20.3770833333
19.6614583333
16.910625
12.535625
12.7377083333
9.86708333333
10.2875
6.58
12.4691666667
8.39708333333
5.99625
6.8375
6.19291666667
7.14020833333
6.73333333333
8.295625
6.671875
5.379375
9.385625
8.71395833333
3.62229166667
3.72333333333
3.87708333333
7.224375
5.388125
5.746875
5.18166666667
8.2875
11.0483333333
9.328125
11.3972916667
9.270625
11.61
12.1797916667
10.8941666667
7.85145833333
6.72645833333
6.839375
3.70270833333
6.02375
5.483125
4.55479166667
7.65875
7.65791666667
4.98729166667
4.07541666667
4.51229166667
2.30395833333
0.252916666667
3.341875
6.50145833333
5.56708333333
6.533125
4.86270833333
4.57958333333
8.870625
6.05395833333
4.37291666667
2.12541666667
-0.679166666667
-0.167291666667
2.49479166667
0.835416666667
2.18875
1.56104166667
4.63125
6.87291666667
-0.330416666667
-0.538333333333
-1.68604166667
-4.64020833333
-5.30604166667
-6.15583333333
-1.26083333333
-0.718125
1.179375
4.97041666667
5.43833333333
4.78645833333
5.315
6.29395833333
-1.38125
-1.96041666667
0.258125
0.093125
-3.41729166667
-6.57583333333
-3.96145833333
-4.859375
-12.856875
-13.915
-12.29875
-10.94125
-12.8445833333
-10.3195833333
-7.086875
-6.3275
-2.43166666667
-2.838125
-3.27333333333
-1.69041666667
0.0295833333333
0.496666666667
-0.822083333333
-1.01479166667
-2.17666666667
-2.16208333333
-4.0075
-10.503125
-3.11916666667
-1.479375
-1.6525
-0.825
1.011875
1.795
1.39104166667
2.42604166667
3.23458333333
4.994375
4.82229166667
3.35583333333
3.92270833333
3.02375
0.560625
0.241666666667
-1.86458333333
-2.47458333333
-2.89125
-3.425625
-2.48916666667
-1.996875
0.190833333333
-0.865625
-2.42083333333
-1.07833333333
0.981666666667
4.06229166667
5.405
5.469375
2.1075
-3.34041666667
-4.94645833333
-2.37625
-2.98833333333
-4.761875
-3.3475
-3.60333333333
-0.2675
-0.469583333333
-1.38541666667
-0.516458333333
0.06
0.950208333333
-0.550416666667
-0.575416666667
1.86791666667
-0.131041666667
-0.28125
1.21875
1.42145833333
3.483125
6.025
7.43854166667
8.17541666667
8.0175
8.45708333333
4.20083333333
2.75083333333
3.63104166667
4.57104166667
3.16
11.5889583333
9.320625
10.7889583333
10.1441666667
15.8127083333
13.249375
11.3054166667
9.28020833333
9.635
3.64145833333
6.02041666667
9.81333333333
10.760625
8.643125
13.6054166667
16.8329166667
17.8835416667
13.0560416667
8.1975
11.9433333333
15.6389583333
19.07125
20.159375
16.125625
13.55125
17.734375
22.1004166667
20.139375
16.1958333333
19.3897916667
11.4704166667
4.81520833333
6.88520833333
6.67166666667
10.6502083333
13.3379166667
18.94375
17.30875
9.99604166667
8.02520833333
8.099375
8.6975
8.97125
8.80729166667
11.1964583333
13.1783333333
14.8633333333
10.4016666667
6.524375
8.14770833333
10.6129166667
16.2064583333
18.0195833333
19.489375
15.8147916667
12.0922916667
8.71729166667
9.74916666667
14.6858333333
15.8189583333
12.3547916667
13.2485416667
13.1814583333
14.2114583333
15.59125
15.8179166667
13.613125
13.9347916667
15.7589583333
18.4975
15.3947916667
14.748125
15.41125
12.1908333333
10.3939583333
11.1320833333
9.559375
13.9283333333
14.8477083333
14.2472916667
16.1733333333
15.1277083333
13.0214583333
14.4025
15.70125
19.6147916667
20.98625
26.591875
28.3854166667
22.6289583333
19.9908333333
23.0497916667
21.14125
21.2602083333
23.80875
25.808125
19.0916666667
17.2327083333
17.8983333333
24.2029166667
20.74625
17.4439583333
22.6747916667
24.8279166667
25.1283333333
21.5264583333
18.046875
19.42625
16.8764583333
17.5508333333
19.5704166667
19.42625
18.9410416667
15.1410416667
11.8110416667
12.84
11.77875
14.5329166667
17.4879166667
13.7183333333
15.11375
12.4247916667
15.0560416667
14.6522916667
12.38375
13.0995833333
15.8514583333
17.6760416667
14.0241666667
13.8633333333
17.390625
18.3054166667
18.6589583333
20.7520833333
16.2866666667
17.085625
25.3439583333
20.045625
19.8772916667
21.7758333333
24.7097916667
25.7502083333
20.325
21.679375
18.7495833333
14.4127083333
15.4741666667
13.8410416667
15.2429166667
18.1597916667
16.731875
22.8320833333
20.9508333333
22.758125
24.5752083333
18.5016666667
15.7677083333
16.5239583333
14.728125
16.99375
16.94625
14.2179166667
19.1908333333
18.2564583333
18.2129166667
13.8454166667
19.5452083333
22.770625
21.518125
17.2608333333
19.071875
24.0614583333
22.7589583333
18.146875
14.3822916667
12.4208333333
11.8816666667
9.59145833333
9.109375
8.10541666667
10.8854166667
12.0916666667
11.9029166667
11.5389583333
12.14625
18.103125
16.4675
11.7602083333
11.00625
11.3747916667
17.60875
14.2652083333
9.75
7.99229166667
10.455
13.6214583333
16.8370833333
10.9558333333
12.5570833333
13.8070833333
10.1441666667
9.915625
9.01229166667
7.52583333333
7.28291666667
7.1425
8.74083333333
10.86375
11.6908333333
9.76104166667
10.3716666667
11.366875
8.35125
8.76604166667
5.92583333333
5.24833333333
7.42145833333
6.07666666667
5.108125
3.62208333333
6.23354166667
5.255
6.70854166667
6.28479166667
6.71395833333
4.63270833333
3.163125
8.684375
6.82
7.11479166667
6.25895833333
5.135625
3.41854166667
2.76416666667
3.14875
1.420625
0.872708333333
1.61958333333
0.453125
0.742083333333
1.15166666667
0.166666666667
0.0466666666667
-1.4025
-0.331875
-1.17520833333
4.86916666667
3.20333333333
-1.439375
-4.08708333333
-5.34770833333
-3.345625
0.557083333333
-0.00208333333333
-1.27520833333
-2.85770833333
-0.303333333333
4.00291666667
7.945625
11.3710416667
9.40541666667
5.89979166667
5.89083333333
6.57083333333
3.97145833333
3.439375
1.34020833333
3.31833333333
5.16479166667
6.59833333333
6.87604166667
7.37354166667
7.43333333333
4.955625
9.066875
5.92895833333
5.73895833333
8.62875
9.01375
4.10041666667
2.7675
2.12166666667
2.83770833333
3.45833333333
2.69958333333
3.00104166667
3.36625
4.199375
3.230625
3.67895833333
2.69416666667
3.41458333333
2.02083333333
2.05458333333
1.33125
0.292083333333
4.126875
6.501875
4.97125
4.91020833333
5.72041666667
6.40625
3.76395833333
1.720625
3.674375
4.39708333333
3.82916666667
6.124375
4.38145833333
6.30208333333
2.744375
0.149583333333
2.56625
1.84333333333
1.08520833333
0.934791666667
1.88770833333
2.65625
5.618125
5.03479166667
0.996875
1.614375
1.93354166667
1.66041666667
0.806458333333
4.219375
2.48854166667
-0.478333333333
-1.98125
-1.86833333333
-1.710625
0.0739583333333
-0.55375
-1.678125
-0.971666666667
-0.20625
-0.441458333333
0.173125
-0.295
0.591666666667
-1.20729166667
1.196875
0.442291666667
1.86916666667
2.12625
1.08166666667
1.46104166667
4.595
4.98770833333
3.21416666667
3.41875
3.89208333333
7.39270833333
8.12208333333
6.45375
5.32166666667
5.263125
4.32854166667
4.53875
3.21020833333
5.680625
5.26375
10.695625
6.74708333333
2.82291666667
8.69770833333
10.7022916667
7.77333333333
5.15958333333
10.9489583333
13.7045833333
10.7583333333
4.33541666667
5.69625
10.7477083333
13.7654166667
8.25104166667
9.07354166667
13.1314583333
17.4872916667
12.6016666667
17.5945833333
21.0308333333
14.9814583333
13.57875
11.9841666667
4.91541666667
7.03729166667
9.57791666667
9.58208333333
12.4483333333
8.581875
13.945625
16.158125
18.6566666667
14.1752083333
13.2647916667
14.3333333333
16.1420833333
17.39
20.1572916667
14.8116666667
20.238125
20.5204166667
17.5814583333
20.9075
21.50625
21.32625
21.701875
21.4641666667
18.6227083333
13.508125
13.89375
10.961875
10.2514583333
12.1647916667
16.9270833333
19.815
23.39375
24.7935416667
24.0935416667
19.3329166667
17.271875
17.3647916667
13.9333333333
13.8902083333
13.5989583333
18.02875
16.0470833333
12.9210416667
9.94583333333
13.521875
14.709375
17.659375
19.6485416667
16.5141666667
13.90875
20.4208333333
23.089375
21.1795833333
19.8975
20.2360416667
21.43625
15.6747916667
12.21625
17.6070833333
16.1539583333
13.0145833333
14.031875
14.8404166667
18.8477083333
19.1279166667
21.8979166667
22.529375
23.6660416667
22.779375
16.0785416667
16.821875
20.900625
23.41875
21.301875
20.1835416667
19.8295833333
17.8064583333
21.7647916667
24.8983333333
20.193125
20.141875
14.3597916667
14.18875
11.5902083333
14.8216666667
13.5935416667
18.02
21.9970833333
19.9852083333
24.063125
27.7733333333
22.0427083333
21.2791666667
26.171875
18.9847916667
20.595625
18.6747916667
17.583125
19.7829166667
24.6247916667
18.118125
15.1152083333
18.2729166667
19.8066666667
22.260625
26.1652083333
27.0075
24.9302083333
25.8727083333
23.37375
24.338125
21.9677083333
26.6564583333
25.241875
21.2366666667
21.6685416667
25.7477083333
24.26
17.166875
15.98375
15.31375
16.3533333333
17.393125
13.8647916667
14.7533333333
16.1195833333
23.8658333333
20.3158333333
17.1954166667
20.5670833333
23.3339583333
15.2645833333
11.900625
15.3041666667
16.3016666667
17.428125
17.7175
18.48
20.2335416667
21.8679166667
18.3616666667
14.6354166667
11.633125
10.591875
11.89125
11.04875
13.300625
14.700625
11.7658333333
12.42
11.32875
17.1447916667
13.3579166667
11.1697916667
12.295625
15.7347916667
18.145
17.69625
13.3972916667
12.0404166667
13.0529166667
14.8333333333
13.2814583333
10.8091666667
12.00625
10.1491666667
9.01416666667
8.77395833333
15.579375
15.348125
8.006875
11.5752083333
15.8175
15.393125
16.0591666667
11.74875
13.1285416667
17.671875
15.740625
10.885625
11.8947916667
12.9210416667
8.95708333333
8.426875
8.91979166667
8.35958333333
15.4410416667
12.8452083333
9.55333333333
3.39541666667
4.345625
4.999375
4.683125
0.352708333333
1.660625
3.4925
3.51104166667
6.000625
6.538125
7.20875
7.31520833333
9.57041666667
10.790625
8.090625
5.879375
7.226875
7.316875
7.19479166667
6.393125
5.434375
0.404791666667
-2.52479166667
-5.91208333333
-2.27
0.757083333333
2.60208333333
2.621875
3.02666666667
1.771875
4.7125
3.74520833333
4.73854166667
2.15916666667
0.430416666667
6.66416666667
4.58375
1.67791666667
1.37229166667
1.69645833333
3.46083333333
6.985625
6.89479166667
3.77541666667
3.44770833333
3.73479166667
0.890208333333
-2.25104166667
-2.09833333333
1.08104166667
5.149375
1.651875
1.87708333333
4.15520833333
4.771875
6.48458333333
5.39229166667
5.925
5.15041666667
5.755
6.44354166667
4.886875
2.39520833333
4.34125
4.82541666667
3.903125
2.51020833333
2.3325
2.91229166667
2.795
6.425625
8.070625
6.32375
4.028125
5.99333333333
6.12083333333
5.86645833333
3.15041666667
3.93875
2.78
1.97458333333
4.09708333333
1.99604166667
2.44645833333
3.82729166667
3.26125
2.87104166667
1.55583333333
5.46666666667
5.74458333333
2.41208333333
0.9575
0.824166666667
4.249375
4.804375
1.660625
0.889791666667
0.284166666667
0.260416666667
4.54583333333
6.22895833333
7.82708333333
7.78708333333
5.09354166667
3.87583333333
2.68520833333
2.93333333333
2.84041666667
2.165
3.285
3.30625
6.3125
9.46104166667
9.368125
4.6075
2.81416666667
3.40104166667
3.7525
5.456875
3.26583333333
1.11958333333
1.95354166667
2.80583333333
3.72666666667
6.30416666667
5.68104166667
8.25125
14.9975
15.2175
8.48583333333
7.613125
11.57625
13.00125
8.54479166667
8.45791666667
6.08833333333
5.45729166667
8.15291666667
7.26
5.18729166667
8.7875
7.62916666667
5.08479166667
8.92520833333
7.06020833333
5.705625
8.10083333333
12.695625
17.2654166667
20.3552083333
13.665625
18.6689583333
17.7679166667
11.423125
3.978125
2.051875
3.41958333333
1.33416666667
7.20166666667
6.41333333333
8.80291666667
12.02625
11.9629166667
16.0777083333
17.6108333333
11.5491666667
10.7366666667
6.33104166667
8.78041666667
7.1875
8.36416666667
5.056875
9.27
10.9564583333
7.956875
7.10395833333
14.67
16.4010416667
11.8241666667
3.839375
2.61729166667
8.23020833333
9.14229166667
13.8560416667
16.3275
18.3045833333
17.6227083333
20.7729166667
13.9145833333
10.3941666667
15.3377083333
20.656875
14.5970833333
13.3335416667
11.7525
12.309375
12.8320833333
16.7777083333
19.4679166667
20.259375
21.9666666667
24.041875
23.2604166667
21.23625
19.2733333333
21.6529166667
23.134375
23.386875
23.7977083333
20.0491666667
21.876875
20.3014583333
20.2929166667
13.4583333333
16.9141666667
12.8570833333
12.8145833333
10.44625
11.610625
13.536875
11.5447916667
13.3852083333
16.1372916667
21.688125
16.4083333333
19.1364583333
20.2947916667
20.5145833333
21.0666666667
19.15625
21.53125
22.1910416667
22.530625
24.4041666667
25.8541666667
18.73
19.876875
20.1410416667
23.7708333333
25.1495833333
23.573125
15.313125
16.66875
16.89
19.825
15.9079166667
13.2202083333
20.2252083333
25.8122916667
27.6570833333
27.9152083333
24.303125
19.9452083333
20.3054166667
19.144375
21.6085416667
20.905625
14.6425
14.6139583333
16.2902083333
17.0160416667
16.680625
16.5560416667
22.306875
24.3160416667
27.5033333333
25.448125
25.6333333333
23.9727083333
22.841875
20.288125
20.0033333333
23.0435416667
22.068125
15.7141666667
13.3283333333
13.03125
16.1679166667
17.9264583333
21.7245833333
22.9775
23.03375
20.3772916667
20.6429166667
23.43625
22.364375
19.530625
22.603125
23.03375
26.7260416667
30.6414583333
21.405625
21.8225
25.5845833333
26.789375
29.1454166667
25.9539583333
20.1810416667
21.7133333333
16.2877083333
14.93375
15.549375
10.4004166667
12.38
17.00125
20.39875
17.504375
13.700625
10.8966666667
14.68625
15.0502083333
18.08125
20.3027083333
21.2283333333
21.0958333333
19.8047916667
19.383125
20.125
15.1485416667
15.8395833333
14.276875
16.2304166667
21.645625
24.5770833333
23.176875
22.1727083333
23.5158333333
23.4141666667
17.2766666667
13.216875
15.6854166667
14.9733333333
11.4954166667
12.4425
11.1295833333
11.150625
11.5008333333
10.0064583333
11.0683333333
13.66375
16.4041666667
11.21625
7.825
6.79270833333
6.83145833333
7.67541666667
8.79479166667
10.2747916667
10.4885416667
10.2033333333
8.85166666667
11.2529166667
14.82875
16.7485416667
14.9683333333
11.2685416667
17.47
19.151875
19.6254166667
16.10375
14.593125
16.96375
18.466875
17.39375
10.1991666667
13.0304166667
10.9235416667
10.9770833333
12.3252083333
9.85104166667
8.420625
6.68625
4.96854166667
4.05604166667
4.68770833333
6.024375
6.390625
9.654375
11.5025
10.1716666667
9.27020833333
6.26270833333
3.70104166667
3.28520833333
3.3725
5.94354166667
9.43270833333
9.331875
6.448125
-0.915208333333
0.497083333333
-1.09270833333
-0.87625
2.08333333333
3.46395833333
2.14083333333
1.45916666667
3.25333333333
5.053125
7.54583333333
5.89979166667
2.57833333333
1.33229166667
2.75291666667
0.1
0.733958333333
-0.583541666667
-2.535625
0.343541666667
5.5775
9.10395833333
8.073125
13.4704166667
13.185625
9.85645833333
9.55375
7.698125
10.4285416667
9.9275
5.46833333333
5.30145833333
8.706875
5.981875
0.0791666666667
-3.36041666667
-3.64020833333
-2.19104166667
-2.56375
-1.41270833333
-1.49708333333
-2.771875
-1.68791666667
-1.0725
-1.55729166667
-0.337708333333
-0.886666666667
0.9925
1.070625
0.962083333333
3.32458333333
0.0783333333333
1.39791666667
2.27645833333
5.51229166667
6.17520833333
2.41625
1.09375
2.16125
5.06645833333
4.59604166667
6.063125
5.26729166667
9.049375
6.08333333333
3.71958333333
6.551875
3.47291666667
4.90520833333
7.73416666667
7.78854166667
6.39416666667
9.089375
5.8925
9.286875
11.06125
10.1029166667
11.466875
3.93708333333
3.685
4.49291666667
2.37604166667
0.524166666667
3.61708333333
1.53625
1.215
3.81916666667
7.23979166667
9.87729166667
13.6570833333
12.9008333333
13.056875
13.6270833333
15.2060416667
12.704375
9.10208333333
1.43604166667
5.41916666667
6.33583333333
0.412083333333
1.71125
2.18854166667
3.38854166667
4.75729166667
7.32104166667
10.9070833333
7.80875
8.124375
14.435
11.7495833333
10.11375
10.3327083333
12.8339583333
14.90875
17.1689583333
17.6510416667
17.124375
10.9554166667
11.5608333333
12.9177083333
9.56083333333
9.461875
5.45104166667
4.73895833333
5.76895833333
3.09979166667
6.868125
11.6414583333
15.0745833333
17.805
16.870625
11.5566666667
5.74645833333
5.38354166667
7.82125
7.11354166667
5.73583333333
7.12770833333
9.45333333333
7.94604166667
9.7625
10.4495833333
8.41333333333
5.25916666667
6.75875
7.285
7.28166666667
8.72020833333
12.2995833333
14.3154166667
13.596875
9.96666666667
10.3954166667
10.2129166667
15.0135416667
9.08875
8.358125
14.4979166667
17.953125
20.9210416667
21.2260416667
19.8291666667
21.519375
22.9979166667
23.510625
22.5847916667
19.54625
20.110625
20.5654166667
15.08375
14.5958333333
14.5389583333
14.3252083333
18.6754166667
19.2679166667
18.3764583333
13.5652083333
17.4254166667
19.1614583333
19.641875
18.8570833333
21.5195833333
17.4110416667
11.1097916667
13.669375
15.2645833333
10.2954166667
15.4116666667
18.2589583333
20.4433333333
23.6147916667
16.5079166667
15.1697916667
13.173125
15.241875
16.4035416667
12.8372916667
12.1027083333
12.6666666667
10.6460416667
12.32375
13.1802083333
12.2845833333
11.9272916667
12.68875
16.9758333333
20.2766666667
20.169375
22.9245833333
17.7702083333
18.0464583333
16.1764583333
15.42125
19.0777083333
21.0070833333
26.1808333333
25.4254166667
23.39875
25.5629166667
24.186875
18.0714583333
16.1829166667
13.815
17.7064583333
15.6535416667
13.645625
14.38875
18.134375
17.9354166667
14.1216666667
17.1441666667
23.6195833333
22.685
18.7641666667
22.834375
25.4916666667
18.21
14.08125
18.561875
23.7777083333
25.2675
20.9702083333
17.89625
17.2129166667
17.74875
22.9022916667
25.1814583333
28.724375
23.8045833333
24.5589583333
27.15125
28.4625
27.8075
29.46125
31.0816666667
29.9854166667
20.3141666667
17.1670833333
19.9260416667
22.555625
20.3241666667
24.4885416667
29.77875
27.4683333333
23.2704166667
22.3277083333
18.1264583333
16.421875
15.9502083333
18.4554166667
17.8741666667
12.0085416667
16.15
19.108125
24.5816666667
25.7608333333
21.7325
23.9504166667
26.001875
27.2475
24.4335416667
19.4972916667
11.0508333333
16.133125
13.83625
15.4947916667
13.1754166667
14.5141666667
11.2939583333
14.3325
13.6475
10.1583333333
13.8141666667
14.75625
14.99875
16.9845833333
12.5727083333
14.5535416667
15.3366666667
12.8129166667
16.2541666667
10.4814583333
9.41979166667
10.5566666667
13.656875
10.6322916667
9.956875
11.0620833333
10.4666666667
12.6695833333
16.3720833333
17.01375
15.53875
14.07125
15.7033333333
13.196875
11.1902083333
13.6539583333
13.9872916667
7.80020833333
10.4333333333
10.8502083333
14.7516666667
20.6695833333
19.65125
21.5916666667
21.5477083333
18.1972916667
16.1477083333
14.4704166667
17.4522916667
13.4591666667
9.04729166667
8.65895833333
12.7316666667
11.9404166667
14.6385416667
10.8927083333
9.32166666667
8.71625
7.78854166667
7.60354166667
8.13770833333
7.83666666667
5.885625
4.756875
2.98041666667
1.84833333333
3.04541666667
3.766875
3.06541666667
5.5625
5.37604166667
6.85979166667
7.61
6.56166666667
7.97791666667
7.97291666667
6.7625
9.84395833333
8.713125
3.39125
5.85416666667
3.113125
2.36
0.797916666667
1.02916666667
3.28729166667
3.15479166667
4.808125
1.47979166667
2.26333333333
0.254583333333
-2.1
0.879166666667
1.5675
2.74979166667
1.25333333333
-0.296666666667
-0.919375
-2.42104166667
0.955625
-0.0925
-1.43395833333
-0.162291666667
0.18
-0.175
-3.47020833333
-3.0275
-2.351875
-2.9725
-3.22375
-1.506875
-0.011875
1.6775
3.24729166667
1.820625
0.00708333333333
1.29104166667
2.950625
1.114375
7.963125
7.90229166667
3.70791666667
