-1.53
-3.81
-4.84
-2.73
0.2
0.23
0.18
-0.78
-1.88
-3.95
-7.03
-8.12
-3.33
-4.06
-3.61
-4.48
-4.09
-2.18
1.0
-1.66
-1.78
0.93
0.42
0.57
-0.01
-0.84
-2.3
-4.76
-1.63
2.98
4.78
4.27
1.88
2.09
3.53
4.51
3.99
3.33
4.13
7.77
6.06
3.34
1.45
2.31
3.59
1.73
3.24
3.13
0.58
0.68
3.75
6.57
6.44
7.2
7.71
8.52
7.56
4.74
-1.84
1.51
2.98
1.68
0.53
-1.23
0.79
2.47
4.39
5.97
5.92
3.09
2.34
2.8
1.87
3.84
4.56
7.22
7.86
6.84
0.66
-2.7
-0.77
5.14
6.56
1.99
8.6
6.53
8.22
11.69
8.49
4.13
7.84
9.67
8.74
1.4
0.79
2.37
4.54
8.38
5.15
3.7
2.12
5.31
10.17
13.29
16.12
17.76
18.62
18.36
11.47
5.8
1.01
3.79
4.03
4.25
4.54
2.34
4.89
6.63
6.69
8.66
13.23
13.93
10.31
9.16
6.98
8.5
13.89
11.41
9.82
9.54
12.6
15.95
17.52
15.59
13.31
10.41
11.54
14.15
16.14
16.88
18.23
18.67
11.74
13.35
10.77
9.95
16.25
19.94
16.1
16.68
10.63
12.48
11.22
12.81
14.53
18.44
20.93
22.42
17.7
17.39
17.76
17.05
16.7
20.03
23.27
25.6
20.19
16.63
15.21
13.5
14.75
12.57
11.77
12.66
13.78
12.59
11.63
12.7
13.13
9.08
10.92
12.83
11.62
11.36
13.45
15.82
14.47
17.19
15.03
13.95
13.88
12.32
11.95
11.17
9.71
13.06
13.14
11.41
12.05
14.99
13.04
14.12
12.72
14.66
20.07
22.79
23.58
24.8
23.37
22.59
22.26
17.3
19.07
22.33
26.44
25.92
22.56
18.96
17.22
22.15
19.32
16.27
17.78
20.95
17.07
16.06
19.68
23.37
24.48
22.75
22.01
18.69
17.18
16.09
12.23
9.83
10.32
13.31
18.03
20.95
19.9
19.55
16.43
12.82
11.89
15.69
19.25
21.04
18.34
14.33
18.19
20.51
15.56
10.95
11.82
14.27
13.02
10.53
12.78
17.27
16.91
17.14
21.38
23.55
22.03
20.88
16.37
18.18
13.48
13.47
15.14
16.66
16.16
13.05
11.64
10.89
12.07
12.56
10.3
8.45
10.95
7.78
6.22
5.77
5.53
6.92
4.38
5.67
7.22
10.84
12.58
7.33
5.32
5.09
8.83
11.33
8.17
7.91
7.63
5.63
9.45
14.77
11.35
5.65
3.44
1.46
-3.36
-5.5
-5.77
-4.86
-3.21
-1.75
2.28
2.07
-0.71
-1.77
-0.61
0.84
0.77
6.3
8.14
8.73
8.59
3.71
9.03
8.84
8.27
9.67
9.18
6.45
3.83
-0.44
-1.49
-1.75
-2.81
-5.49
-8.11
-4.01
-3.06
-1.26
-0.77
-6.46
-6.73
-5.01
-2.64
0.5
1.98
3.15
6.25
7.36
1.82
-0.38
-1.53
-1.8
-0.31
0.6
0.07
5.97
6.59
6.16
2.96
-1.4
-2.24
-0.21
0.76
0.65
0.16
0.62
4.28
1.25
-2.08
-3.54
-5.06
-6.77
-3.33
-1.44
-2.24
-4.64
-3.06
-3.26
-1.52
-3.49
-0.06
-0.53
-0.09
-1.53
-3.28
-2.36
-0.55
0.5
-0.58
-0.88
-1.89
-0.4
0.8
2.58
3.31
2.67
3.38
1.22
0.18
-1.46
1.55
4.32
4.39
3.62
2.15
1.67
-3.12
-4.09
-3.33
-2.99
-0.97
-1.62
-3.16
-5.01
-4.54
-4.31
-3.18
-2.91
-1.65
-0.84
1.45
1.42
-0.02
1.83
2.26
2.18
0.93
-1.67
2.65
7.1
7.74
8.96
9.77
12.38
9.8
8.37
4.53
6.57
5.71
1.81
0.49
2.8
8.75
12.76
14.18
7.08
9.89
14.28
12.24
11.71
13.42
13.54
15.47
14.52
18.86
17.05
17.2
11.43
4.54
9.96
17.28
13.79
14.42
17.19
18.43
19.08
16.77
15.42
16.76
10.88
3.23
3.25
2.1
5.62
6.82
3.95
1.66
6.33
11.86
16.3
8.81
4.28
4.19
7.55
6.52
5.6
5.8
5.32
6.02
7.72
15.86
16.1
20.65
22.62
22.3
19.49
18.04
13.4
15.69
18.53
12.16
16.18
20.9
23.69
24.01
18.04
15.84
12.25
10.65
12.78
9.68
12.74
13.38
18.65
23.16
23.18
26.32
20.24
13.36
15.98
18.31
19.51
20.71
17.4
15.92
19.92
17.31
16.16
20.43
23.48
18.4
10.06
7.73
7.73
10.8
11.17
13.13
16.82
16.9
18.57
17.04
19.98
21.82
20.05
11.65
16.11
19.51
17.42
15.47
18.13
20.45
21.68
24.61
25.32
25.53
22.38
18.57
17.86
17.68
15.18
17.42
16.34
12.21
11.01
12.8
13.37
16.97
14.43
15.62
10.24
11.93
14.64
15.09
19.36
18.0
20.19
19.6
24.14
22.84
25.17
25.91
26.15
25.41
19.9
18.23
15.63
14.52
18.25
21.67
23.42
24.2
19.46
13.93
16.63
14.45
12.04
13.27
11.04
12.56
14.87
15.72
14.22
13.54
13.7
14.37
15.69
16.76
16.12
16.43
15.33
16.7
17.79
20.03
20.85
19.77
19.22
19.51
20.4
18.73
15.54
12.28
14.21
13.44
15.34
17.91
14.35
17.69
17.75
20.87
15.44
15.06
14.57
16.77
14.65
9.37
11.35
14.84
14.7
13.05
10.44
9.97
9.97
17.83
13.83
11.75
15.54
11.12
9.65
3.1
3.3
5.38
3.94
5.11
7.77
10.94
8.98
7.71
5.82
3.62
3.08
2.33
2.61
6.24
4.83
4.6
6.97
6.1
10.54
10.75
10.32
10.16
9.13
8.14
4.42
1.59
-1.18
-1.67
0.76
-2.5
1.97
3.42
2.03
0.37
0.19
0.93
6.17
8.45
10.26
9.72
9.24
9.11
7.44
-1.18
0.5
1.92
1.46
0.59
0.61
0.15
-1.26
-2.16
0.79
-1.02
-1.17
-0.32
1.68
0.97
-2.86
-1.39
-1.98
-6.91
0.27
-0.43
-7.12
-8.47
-3.51
-8.75
-7.15
-5.42
-0.08
-0.8
-1.96
-1.81
-2.44
-4.31
-1.25
2.19
3.06
4.93
4.14
2.5
5.94
6.21
5.42
5.24
-9.35
-10.79
-9.94
-9.45
-4.98
-6.39
-5.2
-3.05
5.26
5.27
5.09
2.34
5.3
3.93
0.19
-0.11
-0.81
-1.19
-1.9
-0.23
0.01
-1.53
0.54
4.42
2.99
0.92
-0.77
-0.66
2.2
3.07
2.15
3.0
3.86
2.62
6.52
7.71
6.18
6.95
2.44
2.19
-1.22
1.42
0.09
-4.09
-0.55
0.57
1.64
-2.93
-1.66
-2.7
0.24
0.88
1.87
5.95
3.32
6.23
6.23
2.1
2.02
3.09
5.22
2.29
4.0
3.19
2.13
1.07
2.44
6.49
3.61
1.41
3.58
1.51
0.8
3.47
4.4
3.98
8.07
10.58
12.69
14.7
9.97
8.98
4.73
3.11
12.91
13.38
8.49
11.89
15.8
17.11
7.74
7.49
1.19
2.11
0.84
0.71
1.69
5.57
9.02
11.56
9.29
8.5
9.86
10.24
10.85
10.83
10.52
6.8
9.86
8.74
9.12
6.99
4.99
3.99
5.33
4.96
11.26
9.47
7.63
11.66
6.68
11.62
12.86
10.03
9.41
14.09
16.78
18.89
21.19
22.83
19.06
20.19
16.86
20.2
16.11
14.63
13.62
11.23
16.09
21.16
23.84
16.73
15.68
18.98
23.35
25.53
26.97
27.48
27.83
27.38
23.73
22.98
22.35
19.43
20.5
16.32
14.57
10.42
10.43
10.67
11.93
15.33
17.52
14.06
15.36
18.0
20.09
17.17
14.77
21.15
18.4
15.84
15.03
14.72
15.22
16.02
22.38
23.82
15.63
16.29
17.93
18.76
22.34
25.27
24.04
25.48
24.84
24.89
26.38
27.45
24.33
20.6
20.6
18.75
24.48
25.2
19.17
17.44
19.01
20.28
14.54
15.16
16.74
23.12
24.83
25.68
24.4
25.98
25.54
20.01
20.09
20.54
20.03
20.47
19.76
18.9
21.05
25.87
20.62
18.2
22.57
21.3
17.99
21.09
17.34
13.27
12.88
15.98
17.88
16.45
15.26
20.5
16.74
17.45
19.35
20.25
17.01
13.45
13.33
17.78
22.48
25.12
20.28
17.64
18.35
19.98
21.76
22.45
22.57
21.71
22.27
25.08
25.56
25.7
23.78
22.47
22.86
20.66
15.4
12.15
15.71
17.68
21.22
15.41
17.32
18.56
15.71
12.32
16.8
15.1
14.05
10.89
10.92
9.01
7.82
7.21
7.83
8.33
7.75
9.58
8.53
7.12
7.54
7.42
10.11
10.69
10.98
11.72
14.59
14.03
8.87
7.86
9.56
10.21
10.74
7.69
6.73
8.13
11.19
12.98
11.03
10.24
7.54
3.84
6.29
12.09
11.25
8.9
9.94
7.67
7.76
3.09
1.6
0.01
1.1
7.22
7.07
4.7
4.77
6.38
9.5
9.49
5.97
5.09
4.27
2.24
1.17
-0.57
-0.54
2.99
4.1
2.59
2.8
2.12
4.82
8.38
4.61
7.6
0.95
0.11
-0.49
-1.73
5.51
7.25
1.62
-1.01
-2.47
3.69
0.95
0.52
-0.55
-2.84
-0.37
0.86
3.23
2.75
-0.21
-0.23
0.16
-0.46
-0.62
5.06
6.06
8.85
9.07
5.93
1.25
1.2
3.51
5.08
3.73
1.93
-0.02
1.4
2.88
3.79
2.28
-1.73
-1.97
-0.02
0.63
2.01
4.06
1.8
5.0
7.26
6.07
5.18
4.05
-1.29
5.36
-0.41
-1.08
-1.97
-1.8
-1.0
-1.21
-2.73
-3.14
-4.74
-5.81
-4.82
-4.1
-5.49
-4.64
-5.37
-3.1
1.06
-1.45
-1.9
-2.63
-4.71
-1.52
1.8
3.58
4.31
4.24
2.36
0.24
2.22
3.08
4.68
4.03
3.1
4.75
4.7
8.18
4.52
4.08
3.38
7.64
9.17
7.13
6.71
8.53
7.97
7.33
7.88
6.52
4.94
4.21
6.54
2.74
-0.46
0.21
0.1
1.99
1.96
4.42
7.67
5.05
2.66
3.24
3.2
4.37
3.45
8.02
5.51
9.24
12.43
3.66
2.99
2.51
4.6
12.49
17.24
18.12
15.85
13.38
17.2
13.71
16.8
11.03
16.78
16.95
12.18
14.23
12.18
15.87
13.0
9.34
7.06
7.73
12.24
14.92
11.23
11.95
11.81
8.35
10.31
12.49
8.71
15.19
15.21
19.98
19.02
13.86
11.09
17.35
20.66
9.99
7.51
8.15
8.44
8.28
6.65
8.95
8.08
12.61
19.76
21.22
17.56
18.56
23.55
18.81
13.95
18.77
24.24
20.67
17.67
18.58
21.19
18.57
16.34
12.58
10.17
10.01
13.34
18.64
21.02
22.65
23.66
24.09
24.92
21.51
21.02
17.6
12.9
13.7
16.47
13.68
17.99
20.81
22.35
24.18
25.51
23.73
24.2
26.85
27.48
27.69
26.69
22.81
18.0
23.9
27.01
28.97
25.27
19.47
16.09
16.15
24.95
27.7
22.35
25.39
30.94
29.28
24.86
20.86
23.93
29.92
25.06
18.14
13.87
12.46
11.42
13.08
17.9
22.33
23.52
23.42
22.25
22.6
15.36
14.01
22.6
21.98
21.97
24.11
26.68
27.06
26.74
23.21
23.7
22.87
24.01
24.34
24.05
19.72
20.84
22.68
25.04
21.68
19.71
16.12
14.36
19.41
15.26
12.87
16.0
15.43
15.25
11.28
8.72
10.49
14.06
18.7
13.2
12.52
13.16
15.1
14.07
12.5
13.66
16.36
21.0
16.7
16.61
22.53
22.49
20.47
16.55
13.5
12.99
16.0
21.06
17.56
11.66
12.29
9.36
9.22
10.27
9.02
7.07
15.21
12.49
10.43
9.75
5.92
7.48
10.21
6.48
5.46
6.52
9.32
9.52
7.27
9.0
13.27
7.97
4.95
6.45
4.22
5.68
9.69
9.42
10.83
12.69
12.69
12.49
14.79
15.18
12.79
8.07
2.45
-0.06
-2.23
-4.44
-0.51
1.04
-0.38
0.8
-0.23
-0.19
-1.44
-0.95
-0.8
7.55
9.5
11.24
6.03
4.27
0.21
-3.67
-5.34
-1.12
3.7
3.94
0.56
-1.05
-2.15
-0.21
1.13
-3.12
-6.5
-5.51
-4.65
-1.77
-3.21
1.58
1.07
3.55
2.68
3.45
3.11
5.25
8.13
9.74
6.46
2.02
4.29
5.04
5.3
1.41
0.25
1.87
2.43
0.18
-1.07
-0.49
-0.14
-0.58
-1.3
-2.12
-0.15
0.3
2.46
6.34
0.59
0.75
3.14
-1.53
-1.65
-0.92
-3.83
-4.6
-1.1
-0.49
-2.15
-4.27
0.18
1.21
1.12
1.15
0.33
-0.06
1.86
1.58
1.4
4.99
2.42
3.78
-0.88
-1.04
-1.35
1.23
-1.77
-2.58
-0.81
-2.04
-3.09
-1.21
-3.2
-2.49
0.0
0.85
-0.66
1.68
-2.03
-2.65
1.08
0.24
-0.04
1.24
1.84
-0.35
-1.14
0.65
0.01
4.08
2.57
0.56
-2.5
-0.97
2.57
1.22
0.42
3.16
6.16
2.15
3.71
2.33
1.61
2.75
6.45
6.51
7.69
6.45
4.5
6.01
4.91
7.24
6.36
3.54
3.26
1.05
-0.89
-1.2
0.51
2.43
2.46
2.42
4.46
3.85
5.76
7.86
3.88
8.78
13.0
16.49
10.41
5.47
8.46
10.42
13.45
17.05
19.11
15.07
14.41
15.27
14.84
9.45
5.13
9.03
8.81
9.53
14.6
11.94
15.88
16.22
15.33
10.9
5.71
7.35
7.53
8.15
4.06
6.67
8.17
13.45
17.91
13.87
17.61
20.24
15.09
12.41
12.32
14.23
8.22
12.31
14.53
10.54
8.18
9.51
7.52
11.69
16.62
16.23
22.17
17.16
15.1
10.75
12.53
14.54
9.78
16.84
13.17
16.78
18.98
15.47
11.06
10.79
13.94
18.56
21.67
24.67
22.8
17.73
13.84
11.59
10.78
11.68
18.66
15.04
10.93
11.84
16.66
15.39
9.4
9.4
10.12
14.66
19.43
22.2
26.7
28.97
30.54
23.25
17.4
14.31
14.16
11.97
10.24
11.18
13.67
13.07
15.13
16.45
16.62
19.57
20.34
14.92
13.56
13.48
22.18
26.08
26.89
21.78
19.74
25.32
20.38
18.26
16.05
17.98
18.83
14.54
14.04
13.53
15.79
18.53
19.79
18.55
19.54
19.58
19.07
21.08
21.36
22.88
23.81
24.46
24.29
16.1
17.15
19.04
20.22
19.88
17.92
18.61
20.52
20.45
18.72
16.37
13.31
7.38
7.06
7.67
9.94
9.03
9.07
11.05
15.09
18.23
13.25
12.29
11.02
13.83
12.82
12.01
13.79
9.87
8.9
7.09
8.11
7.57
10.18
13.63
17.23
13.33
16.73
11.68
10.46
11.22
13.33
8.96
9.12
8.71
12.38
12.36
12.65
10.55
10.79
9.09
11.79
13.06
13.8
13.4
13.09
11.28
7.71
7.16
10.09
9.63
12.19
11.0
8.06
9.15
10.07
14.71
11.62
15.16
11.69
7.22
5.83
6.11
10.81
11.18
12.16
11.36
12.18
11.59
8.17
9.53
6.87
2.14
0.61
1.32
2.37
3.23
2.5
3.79
9.8
10.44
10.4
6.6
5.92
2.96
3.99
7.93
8.3
7.3
3.07
4.02
0.33
1.66
4.14
3.7
3.58
2.71
1.39
3.01
4.35
3.58
1.09
2.42
0.88
1.18
1.89
-0.29
2.91
3.86
0.12
0.0
1.02
-1.07
-0.7
-1.33
-2.43
-3.39
-3.88
-5.14
-1.82
-1.99
-7.33
-9.25
-10.38
-12.27
-13.38
-10.59
-11.85
-7.9
-7.32
-7.61
-9.95
-12.26
-7.64
-4.21
-5.03
-1.47
-2.71
-3.42
1.38
4.38
4.22
-1.69
-1.53
2.17
1.28
-4.37
0.63
3.97
3.5
5.71
5.43
2.61
1.78
5.64
1.01
-0.82
-5.13
-6.48
-10.58
-11.53
-9.15
-5.17
-4.7
-7.49
-1.88
-2.74
-7.45
-6.34
-3.61
-2.82
-2.5
-0.48
5.47
10.06
6.67
7.89
6.58
5.91
3.48
4.81
5.24
4.56
3.72
2.7
5.41
2.73
0.48
-0.14
4.6
6.2
0.82
-1.21
0.05
-0.94
-3.33
-1.1
0.29
3.53
7.67
5.53
4.15
6.44
5.95
4.28
0.72
0.98
7.44
7.5
9.5
9.74
14.55
19.17
17.67
13.16
10.79
10.55
8.59
9.29
7.13
3.88
7.95
3.11
5.23
5.58
10.89
12.59
15.03
15.93
18.68
15.01
9.06
5.63
2.6
3.55
1.4
1.68
2.73
7.16
6.7
4.01
4.07
6.18
10.35
14.8
17.44
14.74
14.44
11.36
15.97
18.91
22.11
17.15
13.62
19.09
17.16
19.26
17.96
18.83
16.23
10.34
11.09
15.58
21.48
24.1
25.32
17.99
12.18
16.35
18.7
17.91
19.66
21.94
23.3
21.34
19.73
16.81
11.49
8.3
9.1
10.25
11.44
8.28
12.85
10.25
10.55
9.52
13.85
16.88
13.08
14.68
16.0
13.49
15.49
11.57
10.71
13.26
10.76
12.91
17.52
16.71
16.13
20.76
22.57
23.24
22.09
16.52
13.38
13.37
14.32
16.65
19.34
22.93
27.19
21.96
21.03
20.1
23.35
18.36
16.27
13.96
15.28
16.13
21.21
24.43
24.31
17.81
23.06
16.53
17.15
15.61
17.25
16.42
16.75
14.8
19.08
13.55
12.88
14.23
20.98
19.33
19.31
17.74
23.28
27.95
24.53
20.94
15.01
14.12
18.75
15.8
18.72
22.41
17.93
20.62
14.13
15.42
15.03
18.09
19.54
21.88
22.26
18.02
15.82
13.61
12.15
12.76
11.29
9.99
8.11
10.66
14.29
17.37
18.4
20.6
13.76
11.21
10.9
14.03
18.9
22.52
19.54
20.95
20.19
18.18
16.73
16.72
14.78
19.4
16.83
16.2
18.3
20.7
17.42
21.84
21.91
17.89
14.65
12.71
12.38
10.35
9.44
13.94
12.09
8.65
10.35
10.21
9.13
8.57
7.54
7.37
8.97
10.36
6.74
10.07
8.67
10.1
10.96
10.05
6.45
5.95
2.53
0.99
3.44
2.43
2.0
6.07
11.13
5.37
4.79
5.98
11.93
8.77
-0.15
-1.88
-1.74
-0.73
-0.57
-0.22
-2.6
-4.93
-6.43
-4.9
-4.69
-3.64
-4.25
-1.63
-1.77
-4.72
-4.2
-2.73
-2.79
0.38
4.51
7.08
9.26
9.53
11.09
8.37
5.44
5.48
5.63
4.15
0.37
-0.11
-1.39
1.04
5.57
7.12
4.2
3.84
3.74
3.02
3.68
8.05
5.58
2.42
5.04
4.71
3.29
-2.59
-4.22
-4.19
-6.06
-7.6
1.08
1.93
1.16
-2.05
-0.87
-1.4
-4.78
-4.73
-1.83
1.35
0.36
3.51
4.13
0.88
-1.16
-2.56
1.05
5.83
5.25
1.55
1.79
3.2
2.02
-1.97
-2.98
-5.93
-2.26
-1.61
-0.65
-0.62
2.03
0.84
-2.08
-4.18
-4.03
-6.44
-8.3
-10.14
-13.74
-6.28
-4.61
-3.2
-5.53
-5.68
-3.07
-3.92
-4.66
-6.74
-7.15
-8.66
-8.25
-8.71
-8.2
-5.99
-7.26
-7.8
-4.33
-3.9
-2.2
-3.36
-1.46
-2.78
2.41
3.74
2.66
1.31
0.51
0.81
1.06
0.79
0.71
1.64
5.42
6.96
9.56
9.12
9.83
6.5
3.88
3.14
4.24
6.33
3.24
2.56
7.09
8.11
4.87
2.67
6.22
6.02
5.56
3.24
1.32
-0.43
2.44
11.27
10.22
6.58
1.0
-4.21
-2.58
0.59
2.11
10.82
10.69
7.5
5.65
4.58
4.67
7.94
8.91
7.54
11.43
12.71
11.41
13.1
13.81
17.18
12.34
16.94
20.68
22.5
17.36
19.6
20.09
14.16
11.73
11.94
11.17
15.27
17.07
19.1
13.3
13.21
14.39
18.33
21.94
16.91
19.88
18.61
16.43
20.71
15.69
17.46
21.92
21.25
14.24
9.73
7.71
10.91
12.32
11.25
15.12
10.14
9.33
6.16
6.77
11.26
17.77
20.75
15.13
12.19
14.25
18.92
23.33
26.68
26.15
19.63
22.17
23.4
21.9
22.11
21.99
17.42
20.98
22.79
24.63
24.41
21.05
21.26
24.18
26.34
26.48
22.72
23.31
18.19
14.5
12.89
14.25
11.98
13.84
14.7
12.8
16.38
20.07
23.79
24.07
17.97
14.7
17.73
19.59
21.48
18.81
12.85
13.63
17.13
20.18
23.74
25.0
21.35
24.62
20.9
26.18
29.71
24.63
18.95
23.21
24.41
18.75
22.11
23.58
23.91
18.8
20.24
20.96
23.85
20.2
21.2
16.86
14.41
11.51
15.53
14.71
13.73
11.67
13.89
17.32
11.87
13.51
11.08
8.55
10.78
9.27
12.51
13.2
10.78
14.54
15.76
12.17
13.59
12.22
12.65
14.81
12.5
11.76
17.1
18.33
16.02
7.71
9.29
11.93
15.29
16.08
15.71
14.2
13.57
11.36
12.99
12.38
16.19
16.35
15.86
20.43
17.76
14.64
13.83
18.0
13.9
12.74
12.3
13.61
14.43
13.59
13.74
15.51
19.97
19.13
16.35
12.06
12.05
9.01
9.72
5.65
11.94
7.86
5.06
6.19
5.29
6.26
6.07
7.72
6.13
4.71
8.77
8.1
2.82
2.78
3.05
6.21
4.76
5.38
4.56
7.73
10.36
8.58
10.86
9.11
11.8
11.88
10.52
7.25
6.02
6.14
2.9
5.49
4.82
3.72
6.97
6.93
4.13
4.38
5.53
2.86
0.22
2.94
6.35
4.95
5.96
4.25
4.06
8.34
5.92
3.73
1.78
-1.51
-0.73
1.57
0.2
1.5
0.84
3.81
6.25
-1.14
-1.29
-2.14
-5.4
-6.0
-6.91
-1.87
-1.49
0.55
4.13
4.67
4.04
4.78
5.84
-1.51
-2.6
-0.44
-0.61
-3.98
-7.44
-4.7
-5.06
-13.35
-14.72
-12.62
-10.32
-13.16
-10.22
-7.03
-5.93
-1.79
-1.77
-2.43
-1.51
-0.32
-0.08
-1.51
-1.7
-2.61
-2.93
-4.56
-11.03
-2.36
-0.82
-1.48
-0.47
1.12
1.56
0.79
1.71
2.62
4.37
4.26
2.59
3.87
2.79
0.07
-0.17
-2.38
-3.06
-3.49
-4.19
-3.15
-2.3
-0.39
-1.52
-3.53
-2.03
0.52
3.72
4.73
4.96
2.66
-2.99
-5.34
-2.81
-3.57
-5.39
-4.08
-4.38
-0.86
-1.06
-2.05
-1.25
-0.59
0.2
-1.27
-1.13
1.22
-0.8
-1.25
0.36
0.35
2.92
5.25
6.76
7.33
7.23
7.75
3.29
1.77
2.73
3.51
2.28
10.6
8.64
9.85
9.26
14.94
12.4
10.49
8.47
8.92
2.78
5.01
8.88
9.98
7.87
12.75
16.25
17.12
12.46
7.31
11.12
14.9
18.37
19.51
15.41
12.87
16.98
21.37
19.46
15.56
18.87
10.74
4.24
5.97
5.95
9.76
12.85
18.27
16.67
9.24
7.26
7.33
7.94
7.96
8.04
10.48
12.44
14.07
9.85
5.55
7.32
9.74
15.35
17.25
18.81
14.94
11.27
8.01
9.01
14.09
14.94
11.6
12.33
12.33
13.44
14.83
14.97
12.96
13.14
15.01
17.85
15.32
14.7
14.74
11.75
9.57
10.44
8.83
13.43
14.01
13.42
15.53
14.5
12.05
13.66
14.77
18.92
20.19
25.86
27.67
22.07
19.44
22.72
20.39
20.5
23.02
24.98
18.57
16.43
17.17
23.56
20.06
16.74
22.05
24.11
24.54
20.83
17.46
18.78
16.11
16.77
18.94
18.79
18.4
14.26
10.92
11.94
10.79
13.93
17.05
12.91
14.24
11.61
14.44
13.78
11.39
12.3
15.12
16.94
13.55
12.91
16.74
17.61
18.04
19.96
15.51
16.65
24.67
19.7
19.16
21.05
24.03
25.08
19.92
20.9
18.39
13.5
14.6
12.86
14.37
17.49
16.14
22.19
20.23
22.07
23.99
17.83
14.99
15.65
13.94
16.24
16.33
13.21
18.24
17.68
17.41
13.01
19.03
22.36
21.16
16.73
18.3
23.5
22.11
17.51
13.74
11.58
11.11
8.72
8.28
7.44
10.29
11.41
11.27
10.81
11.67
17.6
15.64
11.09
10.21
10.74
16.78
13.93
9.34
7.28
9.82
12.85
16.23
10.31
12.2
13.18
9.5
9.4
8.59
6.89
6.72
6.59
8.13
10.19
11.48
9.5
10.1
11.09
7.87
8.15
5.23
4.5
7.96
5.9
4.9
3.94
6.53
5.17
5.86
5.63
5.95
3.8
2.31
7.97
6.11
6.23
5.56
4.52
2.54
2.1
2.32
0.88
0.49
1.31
-0.12
-0.03
0.48
-0.23
-0.73
-2.24
-1.16
-1.8
5.71
4.05
-1.86
-4.44
-5.56
-3.68
-0.25
-0.38
-1.81
-2.79
-0.45
3.84
7.43
10.71
8.94
5.17
5.17
5.8
4.2
4.14
1.29
2.74
4.49
5.77
6.2
6.37
6.69
4.13
8.39
5.25
5.06
7.99
8.46
3.33
1.76
1.16
2.51
2.78
2.4
2.89
3.56
4.1
2.73
3.25
2.27
3.52
2.21
1.43
0.53
-0.45
3.58
5.62
4.17
4.11
5.29
5.58
3.05
0.93
3.09
3.65
2.96
5.42
3.66
5.52
1.75
-0.55
2.03
1.24
0.13
0.66
1.27
1.74
5.01
4.35
0.14
0.78
1.09
0.81
0.13
3.3
1.7
-1.09
-2.68
-2.45
-2.37
-0.9
-1.49
-2.42
-1.93
-0.98
-1.12
-0.67
-0.93
-0.09
-2.11
0.37
-0.25
0.83
1.39
0.68
0.91
3.91
4.21
2.39
2.72
3.08
6.36
7.23
5.43
4.41
4.33
3.69
3.62
2.28
4.93
4.4
9.77
6.0
2.08
8.16
10.02
7.1
4.32
10.19
13.09
10.43
3.74
4.89
10.04
12.87
7.57
8.39
12.42
16.74
11.99
16.87
20.27
14.18
12.8
11.47
4.38
6.4
9.06
8.94
11.83
7.81
13.38
15.44
18.1
13.56
12.47
13.72
15.45
16.82
19.68
14.11
19.63
20.06
17.0
20.14
20.84
20.76
20.95
20.89
17.81
13.07
13.39
10.49
9.67
11.43
16.28
19.31
22.71
24.09
23.51
18.74
16.61
16.69
13.31
12.98
12.8
17.42
15.24
12.13
9.17
12.75
14.06
17.35
18.87
15.79
12.92
19.71
22.45
20.57
19.51
19.37
20.67
15.11
11.39
16.91
15.41
12.35
13.42
14.22
18.21
18.55
21.22
21.88
23.05
22.59
15.31
16.2
20.22
22.8
20.6
19.51
19.19
16.93
21.13
24.25
19.56
19.54
13.44
13.47
10.8
14.13
12.74
17.49
21.38
19.44
23.39
27.2
21.68
20.7
25.59
18.38
20.05
18.26
16.98
19.2
24.06
17.78
14.38
17.58
19.05
21.59
25.55
26.4
24.15
25.36
22.75
23.62
21.31
26.04
24.61
20.64
21.06
25.16
23.65
16.29
15.2
14.33
15.65
16.81
12.95
14.0
15.48
23.24
19.7
16.46
19.91
22.69
14.42
11.08
14.38
15.77
16.68
17.0
17.82
19.63
21.18
17.94
13.79
10.77
9.85
11.24
10.53
12.6
13.89
11.02
11.7
10.67
16.57
12.55
10.36
11.63
14.78
17.53
17.14
12.73
11.33
12.45
14.17
12.73
10.29
11.37
9.58
8.44
8.01
14.93
14.68
7.64
11.31
15.4
15.35
16.22
11.2
12.84
18.52
16.1
10.53
11.64
12.67
8.37
7.68
8.5
7.62
15.17
11.94
9.18
2.68
3.47
4.07
3.78
-0.32
0.85
3.25
3.13
5.91
6.05
6.83
7.08
9.33
10.66
7.68
5.15
6.52
6.54
6.71
5.65
4.9
-0.23
-3.17
-6.34
-2.57
0.34
1.8
1.9
2.13
1.26
3.85
3.93
4.82
2.29
0.13
6.34
3.92
0.92
0.58
0.94
2.66
6.3
6.25
3.04
2.59
2.94
0.18
-2.57
-2.46
0.34
4.34
0.96
1.24
3.32
4.03
5.83
5.07
5.45
4.45
5.08
5.59
5.01
1.88
3.81
4.14
3.94
2.17
1.71
2.57
2.18
5.67
7.98
6.14
3.59
5.42
5.42
5.29
2.3
3.28
2.03
1.19
4.57
2.6
1.91
3.01
2.8
3.16
1.58
6.07
6.49
3.17
1.16
0.45
4.95
5.52
2.16
1.14
0.62
-0.23
3.79
5.29
8.67
8.98
5.43
4.42
2.14
1.97
1.89
1.48
2.53
2.81
5.66
8.67
8.62
3.97
2.3
2.7
3.26
4.62
2.48
0.23
1.17
1.92
2.66
5.29
4.79
7.54
14.35
14.64
8.23
6.88
10.86
12.22
8.05
7.58
5.14
4.75
7.63
6.55
4.57
8.24
7.05
4.35
7.93
6.28
4.94
7.32
12.15
16.57
19.89
13.51
18.06
17.44
11.07
3.37
1.21
3.03
0.95
6.44
5.42
7.83
11.47
11.4
15.35
17.38
11.06
9.96
5.68
8.0
6.6
7.78
4.21
8.72
10.36
7.12
6.25
14.11
15.72
11.57
3.01
1.72
7.31
8.34
13.08
15.63
17.64
16.86
20.15
13.46
9.83
14.65
20.05
14.25
12.66
11.06
11.61
12.03
16.02
18.76
19.45
21.35
23.44
22.54
20.5
18.69
20.94
22.5
22.74
22.94
19.44
21.26
19.7
19.67
12.87
16.32
12.37
12.31
9.57
10.85
12.99
10.9
12.81
15.51
21.22
15.92
18.24
19.54
19.77
20.47
18.37
20.71
21.41
21.64
23.69
25.14
18.32
19.03
19.55
23.09
24.53
22.9
14.52
15.99
16.12
19.14
15.32
12.37
19.56
24.99
26.96
27.27
23.81
19.21
19.93
18.41
20.77
20.18
13.85
13.87
15.61
16.31
16.04
15.97
21.74
23.7
27.03
25.12
25.13
23.72
21.99
19.67
19.34
22.56
21.54
15.06
12.4
12.41
15.39
17.27
21.11
22.19
22.64
19.66
19.97
22.86
21.68
18.75
22.02
22.35
26.1
29.96
20.66
21.21
25.07
26.15
28.49
25.23
19.55
20.95
15.71
14.37
14.62
9.55
11.49
16.32
19.77
17.27
12.92
10.16
13.92
14.42
17.4
19.57
20.44
20.35
19.15
18.8
19.67
14.62
15.14
13.45
15.3
21.07
23.95
22.65
21.86
23.02
22.89
17.17
12.8
15.12
14.27
10.87
11.7
10.36
10.37
10.77
9.14
10.25
13.28
15.98
10.84
7.09
5.92
6.18
6.76
7.83
9.3
9.56
9.43
7.82
10.65
14.47
16.56
14.77
10.5
16.81
18.56
19.12
15.38
13.8
16.54
18.52
17.18
9.31
12.24
10.51
10.52
11.72
9.34
7.71
5.89
4.25
3.32
3.84
5.17
5.8
9.41
11.5
10.4
9.86
5.78
3.09
2.74
2.97
6.31
9.94
10.1
6.85
-1.71
-0.34
-1.46
-1.76
1.2
2.69
2.11
1.7
3.97
5.95
8.89
7.12
2.31
0.84
1.92
0.1
0.19
-1.13
-2.99
-0.05
4.93
8.47
7.37
13.01
12.83
9.17
8.87
7.03
9.71
9.31
4.91
4.53
8.78
6.83
0.11
-4.05
-4.35
-2.31
-3.01
-1.6
-1.79
-3.43
-2.01
-1.35
-2.02
-0.31
-0.98
0.69
0.64
0.39
2.56
-0.07
0.87
1.62
4.7
5.31
1.73
0.24
1.4
4.04
3.81
5.25
4.65
8.42
5.24
2.78
5.79
2.65
4.15
6.95
7.13
5.57
8.29
5.15
8.78
11.12
9.44
10.72
2.92
2.88
3.82
1.43
-0.41
2.78
0.73
0.28
3.01
6.25
8.95
13.04
12.18
12.75
13.19
14.72
12.17
8.4
0.71
4.85
5.71
-0.45
0.77
1.22
2.56
3.77
6.35
10.21
7.06
7.38
13.45
11.13
9.66
9.52
12.29
14.37
16.61
17.15
16.47
10.44
10.79
12.32
8.79
8.89
4.63
3.91
4.92
2.28
5.83
11.04
14.4
17.26
16.24
10.95
5.03
4.62
7.11
6.19
4.94
6.48
8.75
7.1
9.14
9.93
7.54
4.19
6.18
6.66
6.36
8.05
11.49
13.68
12.84
9.08
9.63
9.34
14.33
8.44
7.68
13.84
17.27
20.17
20.47
19.13
20.81
22.3
22.87
21.97
18.67
19.46
19.96
14.49
14.0
14.15
13.92
18.18
18.66
17.81
12.97
16.83
18.61
19.15
18.11
20.96
16.76
10.44
13.11
14.71
9.45
14.66
17.66
19.87
23.12
15.95
14.59
12.44
14.61
15.85
12.05
11.59
12.11
9.96
11.54
12.37
11.54
11.33
11.94
16.42
19.61
19.54
22.33
17.26
17.35
15.42
14.78
18.51
20.39
25.49
25.1
22.69
25.0
23.66
17.61
15.58
12.96
17.04
14.86
12.95
13.66
17.13
17.07
13.19
16.36
22.97
22.16
18.04
22.32
24.67
17.68
13.49
17.92
23.07
24.55
20.32
17.35
16.64
17.29
22.27
24.54
28.07
23.49
23.81
26.41
27.77
27.13
28.79
30.41
29.41
19.61
16.39
19.23
21.83
19.91
23.87
29.13
26.93
22.71
21.67
17.52
15.66
15.49
17.88
17.01
11.2
15.26
18.26
24.05
25.02
20.89
23.52
25.36
26.76
23.83
19.29
10.33
15.52
13.17
14.95
12.32
13.94
10.55
13.37
12.96
9.43
12.96
13.99
14.51
16.52
12.06
13.98
14.77
12.06
15.57
9.71
8.53
10.14
13.03
9.9
9.16
10.57
9.83
12.12
15.84
16.5
15.07
13.35
14.96
13.09
10.59
12.8
13.36
7.03
9.79
10.22
14.35
20.4
19.51
21.38
21.01
17.85
15.64
13.82
17.02
13.09
8.48
8.08
12.56
11.68
14.27
10.25
8.69
7.89
7.13
6.88
7.22
6.95
5.06
3.85
2.38
1.26
2.36
3.05
2.24
4.86
5.15
6.51
6.98
5.9
7.4
7.41
6.12
9.14
8.25
2.51
5.15
2.3
2.04
0.3
0.13
2.9
2.42
4.41
0.78
1.55
-0.36
-2.73
0.58
1.02
1.9
0.51
-0.67
-1.42
-2.76
0.74
-0.51
-2.08
-0.82
-0.41
-0.76
-4.21
-3.7
-3.07
-3.77
-3.86
-2.23
-0.66
1.3
2.86
1.41
-0.61
0.49
2.14
0.41
7.13
7.31
3.35
