-4.52
-6.08
-9.8
-10.77
-2.9
-0.73
-1.52
-2.79
-4.36
-7.23
-11.05
-12.24
-10.42
-11.92
-12.07
-10.32
-8.9
-9.85
-8.95
-8.62
-6.38
-4.28
-0.93
-0.99
-1.34
-4.39
-8.08
-11.69
-6.38
-2.13
1.9
-5.58
-5.32
-1.03
-1.04
-1.04
1.78
1.42
0.09
1.47
2.47
-0.14
-0.77
-0.76
-1.89
-3.32
0.43
-0.71
-1.96
-5.02
-3.97
-1.91
-2.4
-1.84
-0.91
-2.02
-0.09
-5.01
-6.19
-2.45
0.87
-1.61
-6.08
-6.54
-5.42
-2.46
1.57
-1.21
0.62
-0.77
0.82
0.17
-0.41
-0.78
-0.78
-0.41
2.4
0.33
-4.7
-6.27
-7.06
-2.42
-0.81
-0.95
-0.35
1.23
0.95
7.8
2.33
0.32
-0.43
3.68
0.43
-0.63
-2.57
-3.06
-3.0
-0.78
-1.66
-1.45
-1.87
0.13
0.04
1.79
3.53
5.71
6.74
6.74
2.38
-1.07
-3.18
-2.23
-1.68
-1.47
-0.87
-0.68
-0.26
1.66
2.02
1.11
3.61
5.59
2.95
1.2
0.1
-1.42
1.4
5.97
3.35
1.06
0.87
3.47
5.57
4.07
3.58
1.36
0.84
3.34
6.49
5.89
8.3
8.38
3.69
1.46
4.69
5.23
4.41
7.99
9.28
8.46
5.91
3.19
5.96
4.7
5.37
9.59
11.62
13.76
10.17
10.51
11.53
12.04
10.74
8.12
13.28
16.76
10.77
8.9
9.54
7.75
8.01
5.73
6.69
6.65
6.49
7.38
6.56
5.36
6.32
5.18
6.95
6.86
7.66
7.05
8.41
7.89
9.49
7.94
10.37
9.9
9.33
9.56
9.45
7.45
7.08
8.07
10.0
7.76
5.37
8.44
9.5
12.02
7.13
5.66
6.77
10.97
12.35
13.72
13.85
15.39
14.31
12.6
10.95
11.16
14.53
17.61
14.99
13.34
10.24
9.74
13.94
10.83
9.97
9.89
8.46
7.64
8.49
11.16
13.84
14.2
13.24
11.48
10.24
9.37
6.26
6.5
5.7
4.89
5.63
9.96
11.51
12.78
10.59
9.79
7.69
5.07
5.78
11.51
12.83
9.29
7.53
9.08
8.48
7.13
8.47
9.17
7.88
8.19
9.34
8.08
9.6
8.54
9.65
13.5
12.62
14.24
12.01
11.62
9.02
7.1
5.91
7.52
7.29
8.39
4.54
5.68
3.93
3.17
3.85
2.98
6.88
3.77
1.88
1.06
0.03
2.5
2.55
1.41
0.72
3.31
6.29
4.34
0.65
0.12
0.79
3.32
5.09
4.97
2.92
0.47
1.86
8.44
4.56
1.16
-1.34
-5.12
-8.25
-8.11
-7.92
-8.05
-5.69
-4.74
-6.08
-3.94
-5.04
-4.37
-2.95
-1.22
-1.18
-1.16
6.1
7.04
2.58
0.14
3.29
5.22
6.02
6.39
6.23
3.26
-1.63
-5.96
-3.3
-3.71
-5.65
-10.47
-11.89
-9.13
-7.78
-9.46
-9.0
-12.11
-11.91
-7.85
-7.85
-3.44
-0.71
-0.25
2.08
1.66
-1.89
-3.93
-4.32
-5.75
-6.13
-0.88
-1.44
-0.45
5.16
2.5
-1.74
-3.85
-6.79
-5.21
-0.85
-1.53
-3.12
-3.08
0.3
-3.58
-4.57
-5.59
-10.6
-13.39
-8.24
-4.01
-7.99
-9.52
-6.24
-7.99
-4.02
-5.93
-4.87
-3.51
-5.02
-5.1
-8.41
-9.74
-9.81
-7.34
-4.7
-4.56
-7.21
-3.76
-6.77
-7.39
-4.35
-4.02
-3.61
-2.15
-1.72
-3.32
-3.24
1.19
2.12
1.52
-2.57
-5.77
-8.84
-10.15
-9.76
-9.41
-7.78
-4.94
-6.46
-7.48
-8.67
-9.25
-8.98
-9.35
-8.03
-6.54
-5.45
-6.08
-6.74
-3.05
-0.15
-0.04
-4.23
-5.16
-4.29
2.51
5.84
6.99
7.63
8.7
5.43
3.18
1.97
-0.07
-0.75
-2.14
-2.91
-2.39
0.17
2.5
4.33
-0.74
5.98
6.88
3.61
1.54
3.6
4.31
6.6
8.99
8.95
9.93
8.02
2.18
1.02
0.69
3.6
7.29
5.61
4.64
6.48
8.83
9.3
5.43
3.93
0.21
-3.89
-4.64
-2.88
-0.96
-2.58
-1.09
-2.76
-4.43
-1.04
5.32
0.79
-1.24
0.68
3.93
0.49
-2.45
-1.96
-0.44
1.24
-0.31
6.46
7.67
8.37
10.98
9.79
6.33
9.95
9.84
8.87
8.16
6.14
4.89
8.37
11.82
14.75
10.18
6.06
7.6
5.82
7.08
6.88
5.99
8.1
10.42
11.83
13.75
15.05
12.86
8.27
8.21
11.41
10.91
13.02
13.11
9.88
7.15
8.53
3.53
8.79
15.14
8.03
5.02
5.3
3.91
4.48
5.63
6.55
7.84
9.54
8.83
10.53
10.23
12.9
6.64
5.23
8.64
10.03
9.73
7.89
8.99
12.39
12.57
13.93
15.94
16.19
16.08
14.12
11.97
10.75
9.16
11.08
10.93
7.73
7.03
6.7
9.54
11.59
10.31
8.58
8.43
7.74
9.5
8.65
12.56
11.56
8.14
15.06
14.76
13.74
15.3
16.53
16.02
15.07
14.68
14.3
12.74
12.51
12.23
11.71
12.48
14.96
10.45
6.26
6.53
8.48
9.71
7.75
7.4
6.59
8.98
7.51
9.19
9.21
8.64
8.98
8.4
7.42
8.58
9.1
7.84
7.07
6.91
8.51
9.16
12.61
12.72
11.5
10.68
11.95
8.17
5.39
5.75
10.19
10.15
9.42
9.09
9.92
13.96
13.09
7.61
5.79
6.68
8.1
6.98
5.99
7.17
5.08
7.07
7.98
5.92
2.99
6.72
8.79
6.84
5.96
6.65
2.33
1.82
1.1
1.18
-0.07
2.05
0.36
0.42
6.68
4.4
5.19
1.33
-0.03
0.18
-1.18
-0.6
1.36
1.53
0.29
3.39
3.79
4.77
3.81
8.52
6.64
5.84
0.93
0.39
-3.01
-3.54
-4.18
-4.3
-4.12
-3.19
1.04
-0.74
-4.27
-6.24
-4.78
-0.21
4.42
4.45
6.85
8.03
5.99
-1.88
-3.22
-2.5
-0.33
-1.94
-2.14
-1.85
-3.47
-4.48
-6.04
-3.07
-2.87
-2.72
-1.69
-0.87
-4.57
-5.38
-5.57
-8.01
-14.04
-9.97
-8.21
-12.19
-14.07
-9.92
-13.19
-11.11
-10.96
-5.47
-3.99
-4.99
-4.16
-4.79
-8.47
-7.39
-3.86
-0.23
0.92
1.98
0.57
1.62
3.39
3.82
-10.83
-13.78
-14.44
-12.75
-15.47
-13.02
-10.5
-10.8
-10.98
-8.72
-1.58
-3.21
-4.54
-1.8
-2.75
-4.12
-4.09
-2.42
-5.3
-5.14
-4.53
-2.21
-6.67
-2.86
0.09
-3.06
-5.05
-6.79
-8.54
-7.44
-4.75
-1.3
0.56
-0.8
-1.74
-0.16
0.76
1.05
0.38
-1.29
-1.31
-3.17
-3.7
-4.26
-7.75
-8.23
-7.46
-6.53
-7.6
-10.22
-10.29
-7.25
-7.29
-2.99
1.76
-0.37
-0.51
0.57
-2.63
-4.34
-5.28
-1.72
-2.28
0.05
-1.88
-2.24
-2.13
-2.46
-0.58
0.34
-0.39
-0.72
-2.2
-2.21
-0.8
-0.26
0.02
-1.6
-0.6
1.72
3.51
3.62
1.78
0.2
-1.52
-1.27
3.26
2.42
1.45
2.84
5.95
5.04
-1.99
-3.31
-2.73
-2.53
-4.05
-3.28
-3.16
-1.38
1.4
2.37
-0.52
-0.38
2.92
2.78
2.14
0.23
-0.31
1.39
2.27
1.04
2.35
-0.49
-2.79
-0.22
-1.95
1.16
5.39
3.33
0.61
0.85
0.52
4.19
4.59
2.82
2.39
5.16
6.56
9.07
11.23
11.7
9.88
10.79
8.67
10.68
10.27
7.91
5.94
6.32
8.35
11.16
8.19
6.47
7.01
8.94
13.39
16.46
15.72
17.29
17.29
16.35
14.6
12.58
12.35
9.67
12.03
8.6
6.46
5.38
4.43
5.22
5.76
6.78
8.44
8.6
9.25
10.65
11.2
10.44
9.35
12.32
9.87
8.98
8.39
7.96
7.73
10.37
14.24
9.23
7.43
10.47
10.68
10.29
12.95
15.37
16.28
15.93
16.41
15.69
16.4
13.62
13.94
12.72
11.08
12.83
16.02
14.25
12.27
14.51
13.53
10.75
10.06
9.55
13.11
13.84
15.22
13.6
15.77
15.99
15.36
14.02
12.72
13.89
13.66
13.28
12.48
9.67
12.65
13.14
11.07
10.3
11.98
12.11
10.02
11.1
7.58
6.81
7.6
8.13
9.58
10.02
9.62
10.68
9.84
8.76
9.61
10.19
9.05
8.19
5.63
9.08
11.87
14.17
10.81
10.16
10.36
11.19
12.69
13.26
13.42
11.84
13.01
14.12
14.0
13.49
13.22
13.16
14.05
6.64
5.38
6.3
7.98
10.2
8.37
8.48
9.1
10.07
9.98
9.36
9.27
6.77
5.14
7.21
2.45
6.18
5.87
5.95
5.86
5.92
5.24
6.04
4.75
2.09
3.63
5.38
6.37
4.52
6.15
5.61
5.52
3.6
1.4
2.02
6.04
7.32
4.09
4.56
2.45
4.15
6.64
6.53
5.17
1.52
-3.57
-1.84
2.74
7.52
6.1
5.35
3.43
2.8
-0.26
-1.53
-2.04
-1.57
0.95
3.13
2.06
1.42
2.15
5.57
2.93
1.28
1.86
1.36
-0.58
-1.35
-3.43
-3.99
-1.97
-0.66
-2.93
-2.33
-0.64
0.16
3.72
2.39
0.52
-0.92
-2.08
-2.15
-4.55
-3.89
1.49
-2.38
-3.13
-4.04
-3.8
-0.28
-0.94
-3.22
-6.02
-4.01
-1.15
0.45
-1.05
-2.48
-3.37
-4.8
-4.6
-5.42
-2.95
2.3
0.67
4.81
-0.19
-0.86
-2.0
0.75
2.98
-1.98
-2.12
-3.3
-2.14
0.8
2.05
-1.96
-3.61
-3.89
-2.84
-0.49
-3.49
-2.31
-2.87
0.4
4.16
3.96
2.06
-3.39
-3.86
-1.85
-3.37
-5.18
-6.19
-6.65
-2.46
-3.58
-7.92
-8.6
-7.73
-9.13
-6.35
-9.79
-10.55
-9.96
-12.06
-9.02
-9.07
-8.04
-4.73
-9.36
-12.15
-11.35
-7.41
-4.75
-0.78
1.37
-0.63
-2.08
-3.15
-3.52
-3.4
-1.43
0.91
2.63
1.51
1.04
0.18
-1.85
-5.09
-3.99
1.12
4.05
1.34
-0.06
4.69
5.88
4.49
4.1
-2.32
-2.89
1.6
-2.12
-2.65
-2.95
-4.0
-4.29
-1.58
1.43
1.13
1.05
-0.53
-2.48
-1.25
0.1
-0.52
0.73
1.26
1.78
3.14
0.47
-1.1
-1.43
1.28
1.94
4.32
8.87
6.26
3.05
8.48
5.37
4.41
5.18
4.22
6.98
5.8
5.23
6.12
4.03
5.87
3.77
2.72
3.37
2.21
2.71
6.43
6.12
4.79
3.68
3.47
4.19
4.93
5.57
8.96
9.74
7.3
6.14
5.1
5.33
6.76
5.69
5.85
5.92
6.15
5.8
4.53
3.8
5.04
5.69
6.03
12.44
10.89
8.17
11.0
11.41
7.92
4.46
9.11
13.13
11.5
8.59
10.58
12.66
10.8
6.29
3.63
4.83
4.49
8.32
10.25
12.72
14.4
13.25
14.41
13.66
13.79
10.75
6.94
7.41
11.09
10.07
6.92
12.43
13.61
13.81
15.82
15.53
16.68
16.3
16.51
17.78
17.65
13.44
8.78
10.48
15.65
15.67
14.95
13.17
9.52
5.03
8.99
13.61
15.24
13.17
17.2
20.7
16.5
12.64
13.58
14.37
14.48
10.59
8.87
7.96
8.98
9.02
10.16
12.63
13.49
14.47
13.66
13.7
8.95
8.62
6.65
12.41
12.93
13.62
15.5
16.13
15.71
14.86
15.51
15.83
15.83
15.0
14.45
12.55
9.82
11.56
12.36
14.52
13.43
8.67
8.34
10.52
6.08
3.75
1.94
11.36
9.28
8.0
7.23
6.07
7.19
9.21
7.47
6.07
7.39
10.31
7.29
6.5
7.79
6.21
8.69
5.57
5.21
9.56
12.62
11.74
7.02
3.95
6.69
12.32
12.49
11.13
7.98
6.31
6.24
5.19
7.17
3.75
3.67
3.44
7.13
6.61
4.69
3.32
2.96
5.11
2.6
1.26
0.09
-1.23
0.85
-0.81
2.66
3.49
1.45
0.1
-1.74
-2.08
3.3
3.78
2.35
2.67
5.84
4.59
5.09
3.53
6.08
5.8
-1.3
-3.14
-6.19
-8.27
-9.0
-5.29
-3.26
-4.29
-2.43
-2.71
-3.2
-4.75
-5.56
-5.9
-2.47
7.48
4.87
2.35
0.15
-5.56
-7.51
-8.83
-9.36
-4.69
-2.9
-4.49
-5.74
-7.47
-3.23
-5.8
-9.24
-11.18
-10.35
-8.38
-8.15
-10.03
-3.95
-1.05
-0.1
0.9
1.05
1.09
1.74
4.41
5.91
0.84
-1.24
1.87
2.65
-0.08
-1.2
-0.9
-0.32
-0.15
-2.46
-3.57
-2.82
-1.62
-2.45
-3.95
-5.12
-4.3
-0.67
-2.33
0.08
-3.08
-3.14
-2.07
-3.47
-4.68
-5.11
-8.13
-9.61
-4.84
-2.64
-6.63
-9.08
-4.68
-1.55
-0.56
-0.43
-1.66
-1.82
-0.55
-0.59
-0.18
-0.89
-2.14
-2.2
-2.72
-3.16
-6.33
-2.4
-7.1
-6.26
-7.12
-6.88
-9.49
-11.4
-10.05
-9.69
-8.56
-4.76
-3.16
-3.76
-3.76
-4.67
-3.53
-2.17
-3.13
-4.69
-4.36
-5.08
-3.93
-5.68
-5.66
-0.85
-1.15
-3.97
-6.15
-8.9
-7.08
-6.62
-3.25
-3.1
-1.97
-2.41
-2.66
-3.53
-6.05
-7.54
-4.01
-2.41
-2.59
-1.13
0.84
0.03
0.82
2.3
1.04
-1.42
-2.27
-1.15
-3.17
-4.03
-2.56
-3.29
-1.62
-0.65
0.69
0.3
0.34
0.88
0.42
0.03
1.3
6.13
0.66
-0.55
-1.05
0.0
1.99
4.7
7.48
8.06
5.07
3.38
5.0
-1.18
-1.15
-2.89
1.02
1.36
2.76
5.29
6.22
9.86
9.66
0.48
-0.18
0.55
1.93
2.35
1.96
2.6
5.15
5.72
7.24
7.24
6.59
7.99
6.75
5.88
4.64
5.69
5.11
6.17
6.58
7.25
5.02
4.29
5.18
3.58
6.59
8.46
11.72
7.29
6.09
6.34
5.94
6.1
5.57
6.45
7.69
5.4
8.26
10.24
6.82
6.99
7.03
9.67
9.63
12.01
13.67
9.31
7.85
5.62
4.66
6.73
7.15
7.36
5.4
4.81
3.51
7.86
5.37
5.93
5.84
6.89
6.29
9.68
13.06
17.04
18.62
12.58
11.19
10.02
10.14
7.98
7.84
7.98
9.82
8.15
9.31
8.49
7.36
8.92
9.6
9.3
8.8
10.11
11.66
12.41
17.06
12.12
9.46
14.11
14.29
12.2
9.84
8.88
11.07
12.03
12.56
11.98
11.8
11.07
11.13
12.09
10.21
9.87
10.28
12.76
11.83
12.48
12.54
13.27
12.83
13.88
13.13
11.01
10.35
10.78
11.07
12.38
12.86
11.34
13.67
13.06
6.15
5.3
5.22
5.39
6.69
6.4
7.35
7.42
9.73
9.75
10.27
9.27
8.65
8.69
6.28
7.8
6.95
4.68
4.49
3.99
4.44
5.14
5.6
4.23
6.91
10.33
9.74
5.91
4.87
5.53
6.49
6.34
4.33
5.34
7.55
10.4
9.32
5.04
6.35
6.15
7.01
3.97
4.21
6.77
9.71
5.83
2.93
2.26
6.45
4.59
6.74
3.86
2.16
1.07
3.27
5.79
3.12
5.73
3.71
2.0
2.43
2.5
1.94
2.59
5.45
3.47
3.69
4.83
2.38
2.16
-1.25
-2.35
-2.49
-1.14
0.76
-0.96
-1.18
0.74
2.93
5.8
4.73
4.8
1.42
-0.4
-1.19
1.87
0.44
-2.34
-2.73
-1.69
-1.15
-2.06
-1.58
-1.29
-0.04
0.5
-0.21
0.17
0.8
-1.4
-3.36
-1.09
-0.86
-0.62
-0.64
-3.91
-0.4
-0.66
-2.84
-2.51
-4.03
-5.12
-3.54
-2.85
-4.98
-6.71
-6.11
-9.38
-6.91
-9.36
-9.94
-14.58
-13.5
-16.85
-15.84
-16.91
-15.35
-13.24
-14.03
-12.49
-15.94
-15.96
-15.6
-8.9
-9.75
-10.72
-7.35
-6.03
-4.2
0.9
-3.41
-4.6
-3.78
-2.82
-8.13
-9.25
-5.79
0.13
0.19
0.26
2.35
-4.43
-6.09
-3.71
-2.73
-7.01
-8.23
-10.97
-15.08
-15.99
-17.4
-14.78
-13.23
-15.83
-11.06
-11.8
-13.9
-14.75
-13.77
-7.22
-6.33
-9.05
-2.99
0.31
1.01
0.39
0.28
-0.92
0.52
0.46
-0.37
1.31
1.03
0.62
-1.66
-1.55
-3.7
-3.25
-4.56
-3.07
-2.98
-3.93
-2.95
-3.68
-5.27
-5.53
-3.17
-4.56
-0.54
0.2
-0.26
0.23
2.78
-0.89
-4.21
-2.5
0.41
4.75
4.26
6.14
4.72
7.32
9.73
5.83
3.04
5.41
3.59
1.43
2.15
0.98
-0.19
0.74
0.91
1.47
0.21
1.16
3.53
4.38
4.05
7.52
-0.95
-3.78
-1.91
-5.52
-2.73
-4.05
-2.07
-1.66
2.7
0.36
-0.79
0.28
1.98
6.13
9.82
6.18
5.32
6.92
7.07
9.08
10.87
9.41
7.41
8.79
8.76
8.17
9.89
10.47
10.08
6.86
6.53
5.77
8.02
12.76
14.28
11.96
8.82
7.57
8.15
10.86
9.27
9.45
12.11
14.54
11.52
11.44
4.57
2.91
4.43
5.2
5.85
4.33
4.53
4.88
2.41
4.82
4.47
7.66
8.16
8.22
9.7
7.44
8.02
8.06
6.33
6.01
7.4
7.77
9.16
10.36
8.56
9.22
11.12
12.38
12.43
7.28
7.79
8.19
8.59
9.51
9.97
11.7
14.33
14.08
11.76
10.38
11.99
13.04
10.62
6.78
6.75
11.6
9.18
13.0
14.15
12.86
10.56
13.03
10.65
10.66
9.81
9.45
10.99
8.12
10.87
8.51
6.48
8.34
9.31
9.02
7.1
13.22
12.3
15.57
15.02
13.32
9.28
7.08
8.6
10.53
10.45
12.09
9.19
11.09
9.56
8.19
8.23
6.37
8.67
10.12
11.86
10.68
6.98
8.3
9.0
8.81
4.72
2.35
5.57
5.06
3.61
6.87
9.24
9.45
9.7
7.08
5.23
8.26
10.83
12.1
11.4
13.02
12.93
11.92
8.8
8.76
7.36
7.32
9.0
6.96
6.86
8.8
12.27
13.07
14.21
11.71
9.78
9.27
5.17
4.09
7.07
7.57
5.03
2.36
4.26
6.64
4.29
6.82
5.67
3.08
1.7
1.65
1.3
1.56
1.12
0.67
1.33
1.11
-2.74
-1.66
-3.88
-3.55
-0.77
-0.78
-2.65
-3.19
2.81
-1.33
-1.16
3.13
5.48
-0.35
-3.57
-4.34
-4.97
-4.43
-5.09
-5.41
-6.82
-8.1
-8.56
-7.49
-6.43
-7.16
-7.3
-7.53
-7.62
-10.26
-6.53
-5.09
-6.92
-5.95
0.25
2.6
5.28
6.72
5.89
1.87
2.72
3.97
3.68
-0.3
-2.09
-3.9
-5.04
-2.16
0.93
3.99
3.46
1.12
-0.03
-0.18
-0.13
-0.12
0.36
-0.18
0.99
3.2
-2.88
-5.1
-7.86
-9.23
-11.87
-11.59
-7.81
0.34
-6.59
-5.3
-2.31
-6.92
-8.84
-8.88
-9.44
-1.95
-1.12
-0.92
-0.88
-2.5
-3.3
-8.29
-9.49
0.86
-0.75
-0.59
-0.14
-0.52
-3.08
-3.33
-7.56
-8.28
-7.86
-6.19
-4.65
-3.19
-1.85
-2.35
-5.06
-7.35
-9.21
-10.01
-14.17
-15.78
-20.18
-15.33
-8.71
-10.68
-11.0
-9.71
-8.9
-8.32
-10.21
-10.69
-11.42
-13.08
-14.7
-17.79
-13.8
-15.6
-13.51
-15.2
-15.32
-11.22
-8.73
-8.46
-8.14
-5.42
-4.01
1.99
-1.75
-2.22
-3.0
-4.48
-0.14
-1.1
-1.05
-0.43
0.42
0.75
0.09
0.59
-0.47
-0.6
-1.35
-1.91
-0.49
-1.42
-1.73
-1.53
-0.27
2.91
0.94
-1.17
-0.38
-0.24
-1.59
0.82
-1.65
-2.11
-3.28
1.09
4.47
0.96
-4.85
-7.79
-8.51
-8.41
-4.22
1.41
3.01
2.1
0.94
0.31
-0.19
1.77
2.16
1.84
4.54
4.83
5.83
5.06
5.72
8.59
6.59
5.4
8.43
10.72
9.54
11.3
10.77
8.22
5.22
4.48
7.34
8.47
5.84
9.53
8.5
4.64
1.84
7.17
12.06
10.83
12.03
13.25
9.06
8.92
7.11
4.84
9.42
11.76
6.66
5.1
3.91
3.2
4.93
4.96
5.33
3.86
2.07
4.23
3.97
4.27
6.56
9.78
6.46
6.0
6.75
10.6
13.15
14.25
15.96
14.42
13.78
15.83
13.41
10.22
11.97
12.09
10.42
13.28
14.03
14.31
13.6
11.15
12.17
14.75
16.22
13.88
13.05
12.97
9.85
7.59
8.13
7.64
7.42
5.51
6.25
6.47
9.69
12.52
13.6
9.77
9.41
7.6
9.96
11.98
12.14
6.72
7.06
10.81
12.25
13.94
15.96
11.46
14.07
12.63
12.47
16.52
17.4
12.04
9.89
13.2
9.14
9.88
13.37
14.75
13.96
12.76
12.2
13.2
12.38
10.43
11.41
9.73
7.41
5.49
9.92
8.32
7.88
5.8
9.08
8.63
7.13
5.92
5.49
7.19
5.03
6.34
6.82
5.44
3.72
5.56
6.63
3.66
3.61
3.25
3.43
6.89
6.84
10.16
12.6
5.46
5.71
3.99
2.74
3.86
6.0
7.01
7.4
7.08
3.83
3.2
4.87
6.17
6.57
9.51
8.74
7.59
6.62
4.76
5.8
9.34
8.14
8.49
6.87
5.51
6.16
7.74
6.4
9.18
9.58
9.07
8.02
4.61
3.18
3.18
2.44
4.23
0.15
0.12
1.0
3.46
0.66
1.35
1.69
-1.21
0.41
4.61
0.46
-0.86
-0.32
1.37
1.3
-0.02
0.25
-1.26
0.69
3.65
5.46
3.95
2.7
4.64
7.27
6.77
3.01
4.55
1.06
-1.19
1.6
0.3
0.68
3.43
3.66
0.0
-2.06
-2.55
-2.95
-2.6
-3.75
1.51
-0.4
1.88
2.1
1.71
2.22
0.95
-0.15
-2.39
-3.13
-3.97
-1.4
-1.97
-1.65
-1.6
0.23
-1.96
-2.66
-2.4
-8.35
-7.25
-8.56
-9.42
-7.38
-2.76
-1.86
0.46
3.09
2.67
2.25
-2.2
-11.23
-7.74
-3.49
-4.1
-11.68
-12.84
-7.78
-13.47
-20.69
-19.61
-18.77
-18.27
-18.78
-15.26
-11.5
-11.62
-9.25
-7.23
-8.69
-5.79
-3.99
-2.57
-3.3
-4.83
-9.77
-8.9
-14.5
-19.49
-14.86
-10.74
-9.85
-8.58
-3.5
-0.6
-1.12
-2.77
-5.05
2.32
0.56
-1.84
-0.94
-1.71
-2.96
-2.57
-4.21
-5.32
-6.02
-8.22
-5.34
-5.38
-4.05
-7.71
-11.13
-10.27
-7.53
-2.09
2.5
1.82
-3.4
-14.78
-15.63
-12.83
-10.72
-13.09
-12.45
-10.01
-8.68
-8.46
-9.74
-9.96
-8.74
-8.66
-4.83
-5.15
-2.15
-3.06
-5.3
-4.09
-3.45
-3.78
2.5
4.09
2.44
1.48
0.4
-1.57
-3.83
-2.13
-2.49
-2.05
-0.76
2.07
1.96
1.79
3.29
5.96
4.0
2.84
-0.31
-0.83
-0.39
-0.48
4.7
3.4
4.93
4.82
8.15
5.24
1.48
0.92
1.3
5.14
6.87
8.42
4.2
2.99
6.81
10.6
7.75
7.54
2.31
0.09
3.95
3.02
1.32
3.22
2.75
4.15
0.55
4.14
1.25
0.11
2.96
2.07
0.17
3.82
5.0
2.13
0.24
2.48
3.57
5.78
6.49
7.31
8.19
6.85
4.57
4.89
7.94
7.43
8.16
8.35
7.85
8.08
7.63
10.13
7.13
5.32
5.15
7.3
9.78
7.91
9.0
7.5
4.84
4.11
4.98
5.07
8.37
8.03
6.73
9.99
8.73
7.37
9.22
10.64
13.08
14.69
17.5
15.62
12.79
13.12
13.09
10.08
11.28
13.27
12.67
9.82
5.96
11.11
13.09
10.01
8.78
14.97
15.85
14.09
11.05
10.33
11.31
10.77
10.97
11.5
10.3
8.4
4.9
6.27
7.04
9.59
11.37
9.14
9.7
8.56
8.25
6.52
5.57
4.92
4.6
7.21
9.8
9.06
7.03
8.8
10.57
13.79
10.98
8.56
11.18
14.99
13.96
12.68
13.4
14.54
14.87
14.03
11.16
8.8
9.86
10.18
10.48
11.24
8.61
8.86
14.17
12.12
12.95
13.08
9.9
9.59
7.95
8.11
8.93
9.66
11.28
14.21
10.68
8.63
7.35
11.94
14.11
9.65
13.8
13.18
15.05
13.1
7.83
6.12
5.12
3.93
1.4
1.93
1.23
2.3
1.05
1.66
3.58
7.45
9.56
5.41
4.27
1.92
5.51
8.44
1.62
2.82
5.76
6.66
8.48
5.93
4.38
4.1
2.57
5.12
5.5
3.73
4.65
2.32
0.99
3.44
4.78
4.38
2.97
3.39
3.93
5.05
3.24
0.54
-0.12
0.44
-0.99
-0.13
0.42
2.27
2.78
2.7
1.37
0.95
0.27
1.49
3.72
3.48
4.06
1.6
0.99
0.96
0.24
-2.31
-1.63
-1.8
-2.44
-1.87
-2.26
-2.85
-3.26
-3.59
-4.49
-4.41
-4.02
-3.36
-7.47
-10.56
-11.28
-10.66
-5.15
-2.79
-7.23
-8.13
-6.62
-1.27
3.21
6.79
2.44
2.88
3.95
0.48
-1.32
-1.84
-3.26
-0.13
2.22
3.27
3.69
3.42
3.35
2.48
2.69
2.46
1.63
2.69
3.11
-0.67
-0.73
-2.73
-1.76
-1.77
-2.98
-4.86
-4.2
-1.17
-0.17
0.47
-1.87
-1.6
-2.18
-1.14
-1.81
-2.88
-2.53
2.08
2.57
-0.86
-0.47
2.99
0.47
-0.63
-2.18
1.59
-0.05
1.19
0.6
0.26
-1.92
-2.78
-2.71
-1.98
-2.08
-1.94
-4.06
-4.64
-3.79
-3.4
-3.0
-1.93
-0.91
-3.78
-5.39
-0.93
-1.8
-4.02
-4.67
-4.64
-3.54
-4.91
-4.35
-5.43
-6.91
-4.02
-3.22
-4.5
-5.6
-2.9
-5.56
-8.53
-5.65
-2.12
-2.32
-4.99
-3.82
-4.78
0.96
-2.41
-5.47
-5.55
0.79
3.17
2.54
1.61
0.58
-0.12
0.22
-0.75
-0.84
0.55
1.87
1.31
0.16
-0.56
-0.46
0.49
1.61
2.6
4.31
3.7
-2.73
-5.27
-1.67
1.74
-0.2
-2.93
0.34
3.13
7.17
7.65
8.8
6.61
3.94
3.78
-3.5
-5.23
-2.18
-1.34
0.3
2.74
2.06
7.78
7.17
8.09
6.93
6.08
4.49
7.63
6.67
10.13
9.31
9.13
5.35
5.96
8.95
9.36
11.14
11.99
11.02
7.14
6.4
3.59
0.81
3.03
3.39
7.01
10.15
13.71
12.64
10.42
7.74
6.58
6.56
6.74
7.04
9.3
8.85
5.17
6.49
6.99
8.7
9.69
9.18
10.6
8.74
8.24
9.91
11.02
10.54
10.31
10.49
8.69
7.84
9.11
8.41
5.48
9.11
9.81
10.39
11.92
11.58
12.55
12.57
13.07
6.73
9.97
11.19
12.92
9.29
11.12
10.64
9.76
8.1
12.29
9.82
9.93
10.22
9.38
8.81
9.03
9.45
9.51
9.85
13.69
14.38
17.17
11.5
9.81
12.11
10.74
7.93
10.24
6.62
7.55
10.41
11.95
7.97
6.68
9.69
11.26
12.67
15.34
13.07
14.81
16.13
13.0
13.47
11.16
15.81
11.69
9.27
10.2
13.83
11.44
9.44
8.19
6.42
8.39
8.75
7.98
9.09
13.91
11.89
8.6
9.1
9.54
8.89
7.09
9.17
9.16
9.56
7.93
7.6
8.45
9.39
10.81
8.59
5.52
5.34
6.18
7.44
7.54
7.6
8.46
8.27
6.69
4.77
8.12
5.99
9.0
10.95
10.25
11.64
7.4
5.63
4.18
4.36
6.76
6.84
6.85
6.16
3.44
3.11
5.6
4.83
3.05
7.22
8.5
8.36
9.49
9.09
8.93
9.96
9.58
7.61
4.9
3.73
4.24
5.41
4.33
3.09
4.63
8.89
0.21
-1.55
-2.91
1.76
-0.6
-5.12
-6.27
-6.29
-5.36
-2.39
-0.22
-1.28
0.58
5.16
5.05
3.18
1.51
4.75
2.24
0.32
3.14
-0.93
-3.23
-8.49
-12.91
-8.32
-3.49
-0.52
0.75
0.68
-2.31
-2.05
-0.69
1.65
-3.75
-3.72
-0.39
0.64
-0.86
-2.49
-2.88
-1.33
-1.07
2.59
0.88
-0.23
0.16
-5.97
-8.91
-7.18
-2.97
-0.01
-5.51
-4.52
1.2
2.27
1.29
-0.49
3.23
3.05
3.31
1.65
-0.2
-0.79
1.06
1.2
-2.68
-2.71
-0.66
-0.92
-0.79
1.74
4.02
1.97
-1.29
-0.35
-0.14
-0.33
-0.62
0.49
-1.33
-2.18
-3.33
-4.19
-3.41
0.81
-1.8
-4.25
-3.65
-3.4
-2.2
-3.79
-3.92
-1.85
-1.5
-2.76
-4.43
-3.57
-4.22
-4.13
-0.7
1.29
0.14
-1.58
-2.73
-1.39
-1.18
-1.73
-0.76
-1.62
-1.49
-5.6
-0.18
5.62
1.55
-1.68
-2.73
0.18
-1.11
0.66
-1.36
-1.69
-1.0
-1.19
0.42
0.67
2.07
2.0
3.95
3.85
1.13
-1.29
1.81
2.4
2.78
1.47
-0.77
0.81
1.2
-0.43
-2.46
-2.82
-0.61
0.36
1.19
-1.88
-0.06
1.65
-0.96
3.3
6.97
6.88
6.48
6.72
1.44
-2.05
-2.82
-2.02
-1.34
-0.43
1.51
1.38
0.41
5.25
6.03
8.88
7.3
5.34
3.75
4.16
1.65
-1.99
0.44
0.51
1.67
2.57
-0.14
1.56
6.83
0.56
-1.2
-0.71
-1.08
0.61
0.66
4.35
7.43
6.41
8.04
3.76
0.01
1.37
5.72
8.57
7.33
5.77
4.21
5.19
5.09
6.4
8.29
10.06
11.99
12.97
11.86
8.21
7.51
8.92
10.2
11.49
11.45
10.09
11.33
8.87
2.58
5.05
6.2
4.23
3.99
1.91
2.33
4.09
4.88
5.91
7.01
10.59
9.42
9.82
10.73
9.61
8.38
8.21
11.39
13.05
12.18
13.99
13.25
13.01
11.35
10.65
13.63
11.55
8.52
7.18
8.53
10.3
11.45
10.08
9.96
15.8
15.96
15.96
14.42
13.31
13.03
10.9
10.86
11.4
8.24
6.3
8.09
4.53
9.75
5.93
6.23
9.71
13.58
16.2
14.97
14.74
14.26
12.72
9.34
10.55
12.32
9.55
6.94
6.31
6.93
10.37
7.42
10.96
13.24
13.94
12.56
11.4
13.14
13.08
10.71
13.73
13.6
17.72
14.14
11.64
12.1
13.78
16.14
15.17
11.21
9.13
10.73
8.45
8.27
6.71
5.66
6.12
7.58
9.67
8.57
6.83
7.16
5.92
6.19
8.67
8.13
9.68
10.76
11.25
10.36
10.52
10.34
9.47
11.79
11.67
12.75
12.67
10.92
13.7
13.84
11.04
9.82
9.23
8.35
5.13
4.73
5.7
6.41
8.55
6.64
4.1
1.28
3.39
5.24
3.92
3.42
4.74
3.83
3.49
4.75
7.83
4.12
3.37
2.74
3.32
5.95
6.88
7.5
7.87
10.0
10.83
9.87
9.48
9.28
10.02
6.54
6.41
6.23
5.51
8.19
4.26
7.3
4.21
3.24
2.13
-0.94
-1.11
0.7
-0.68
1.41
2.53
1.39
0.82
-0.27
-2.47
-3.23
-4.8
-4.13
0.29
2.57
-2.76
-6.0
-2.73
-9.94
-9.18
-2.22
-3.47
-6.07
-5.57
-4.64
-2.28
0.39
-1.54
-2.0
-1.44
-2.44
-5.04
-2.42
-7.2
-7.89
-4.94
-0.15
4.26
4.44
4.38
6.27
5.71
2.23
1.83
6.75
4.82
0.31
1.21
0.57
-2.51
-5.59
-5.42
-5.87
-6.56
-7.01
-4.19
-4.38
-5.0
-6.27
-5.48
-4.7
-5.37
-4.5
-1.72
-1.77
-1.96
-3.28
-4.11
-1.57
-1.25
1.59
1.65
-2.18
-1.74
-1.32
1.23
0.71
1.34
-0.61
-0.66
-0.42
-0.75
0.64
-0.16
-0.81
2.4
2.81
1.37
0.79
0.67
0.39
0.8
2.08
1.89
-0.38
-1.97
-1.34
-2.24
-2.04
-1.28
-1.72
-3.03
-6.22
1.99
4.11
5.6
5.06
-0.27
3.48
4.19
6.17
-0.06
-1.6
-1.21
-2.76
-3.74
-3.93
-0.74
0.51
1.56
3.03
2.98
1.04
0.37
5.45
3.23
-0.6
2.68
1.59
1.85
3.88
4.96
5.7
6.09
6.8
4.92
1.96
0.92
-0.68
-1.09
-0.63
-0.13
1.9
2.19
2.83
4.18
5.18
0.34
-1.74
-3.49
-2.08
0.16
-0.97
-4.28
-2.98
1.56
0.65
2.33
1.54
-0.08
0.17
0.04
-0.83
1.1
3.94
5.03
4.69
5.45
4.85
4.68
4.28
2.19
-1.3
2.13
6.05
7.44
10.62
8.53
8.8
10.8
11.22
9.8
9.05
8.38
8.19
6.85
5.15
3.7
4.9
3.83
9.48
9.96
5.36
4.54
6.94
7.7
10.1
10.6
9.26
4.12
2.68
2.97
3.75
3.2
4.17
7.89
9.08
7.38
6.18
7.03
5.68
8.84
9.15
6.58
4.2
5.47
7.13
7.8
8.89
8.9
8.77
8.31
8.22
9.74
11.16
12.68
10.25
9.73
8.64
7.12
10.66
13.28
15.55
14.39
13.25
14.1
9.86
7.68
7.26
7.42
9.98
7.38
5.27
9.02
10.95
8.07
6.06
8.69
12.68
6.32
8.88
10.86
10.67
9.03
9.12
9.09
13.17
11.46
6.5
6.56
7.74
10.02
12.46
15.03
15.63
12.99
13.81
16.4
16.08
15.38
16.07
18.07
10.61
7.55
8.09
8.72
12.45
11.29
14.59
15.29
13.41
12.87
11.72
7.53
8.13
9.8
10.69
8.12
9.19
9.56
11.09
14.7
15.03
14.06
15.59
14.76
14.65
9.88
8.43
9.01
10.99
9.07
6.78
6.01
7.2
7.19
6.8
6.83
7.0
7.97
8.42
6.42
6.46
5.79
4.28
6.26
7.58
4.93
4.16
2.52
7.48
6.15
5.56
3.8
4.49
2.56
4.41
11.05
8.32
5.62
8.27
5.15
2.19
8.4
6.27
2.63
2.01
2.67
3.28
5.88
9.87
10.23
12.71
12.16
11.21
8.92
6.83
7.54
1.38
-1.18
0.48
-0.44
3.45
4.13
3.75
3.95
1.62
1.37
3.64
4.21
3.02
2.18
-0.46
-1.46
-1.38
-0.12
-0.46
-0.36
-1.2
3.6
3.99
1.58
4.63
3.6
3.88
5.89
1.79
0.6
1.02
-0.6
-0.67
-2.15
-2.35
-1.48
-0.13
-1.14
-1.28
-1.77
-6.52
-8.58
-4.27
-0.59
-0.23
-4.29
-7.46
-7.54
-8.82
-5.17
-4.27
-5.28
-2.51
-2.22
-4.72
-6.11
-5.6
-6.53
-7.21
-5.96
-5.61
-2.55
-1.01
0.68
-1.53
-1.88
-1.19
-1.17
-1.74
-0.8
2.46
-0.24
