-2.90492537313
-3.72380597015
-9.18970149254
-11.133880597
-1.17417910448
0.630373134328
0.186268656716
-1.00134328358
-2.10134328358
-4.36656716418
-8.55104477612
-10.7189552239
-11.9285820896
-13.473358209
-10.6923134328
-10.2209701493
-7.0102238806
-9.1202238806
-10.8101492537
-7.68820895522
-6.34455223881
-2.19089552239
0.385671641791
0.0542537313433
-0.131567164179
-2.31828358209
-7.52358208955
-13.0263432836
-4.42432835821
-0.873955223881
3.64111940299
-3.74291044776
-3.70388059701
1.35619402985
0.346865671642
0.435820895522
3.66328358209
2.91432835821
1.53067164179
1.44485074627
2.07365671642
0.71
0.771492537313
1.12686567164
-0.369776119403
-3.13231343284
2.06007462687
1.28037313433
0.0461940298507
-3.41843283582
-3.39604477612
-3.04365671642
-3.75425373134
-3.87507462687
-2.26701492537
-3.64820895522
-3.00343283582
-3.31753731343
-3.375
-0.010447761194
3.03328358209
0.201567164179
-3.55880597015
-4.63223880597
-3.89388059701
-2.43320895522
3.77873134328
-0.202910447761
1.26634328358
1.00947761194
2.55186567164
2.21432835821
2.02671641791
0.699328358209
0.223507462687
-0.0555223880597
1.6723880597
2.09358208955
-2.5426119403
-4.26731343284
-5.41067164179
-0.835
-1.09537313433
0.270373134328
-0.0677611940299
2.29529850746
1.23253731343
9.9573880597
4.70417910448
2.06708955224
-0.216268656716
5.6823880597
2.77567164179
2.03962686567
0.251044776119
-0.727686567164
-2.47880597015
-0.879253731343
0.910746268657
0.677089552239
-0.0169402985075
2.1771641791
-0.588432835821
0.299029850746
1.2471641791
2.88552238806
3.99888059701
4.46141791045
4.63529850746
1.36335820896
-0.762910447761
-1.22768656716
-0.944701492537
0.667611940299
1.53492537313
1.34955223881
1.86380597015
3.68694029851
3.96089552239
2.31828358209
3.71656716418
7.10410447761
5.22567164179
3.13485074627
2.22805970149
-0.606641791045
0.923432835821
6.72164179104
3.61664179104
3.68164179104
0.504253731343
1.70432835821
5.1002238806
5.59305970149
3.7076119403
2.13686567164
0.0770895522388
1.40298507463
6.69611940299
4.99455223881
8.22574626866
6.30641791045
5.38246268657
0.823805970149
7.12746268657
6.78679104478
4.24850746269
5.68037313433
9.76470149254
8.16544776119
7.84671641791
3.69149253731
8.25470149254
5.38388059701
5.18201492537
11.6705970149
10.1668656716
12.2311940299
9.87902985075
12.4623134328
12.0603731343
13.2712686567
12.537238806
8.37791044776
12.2770149254
15.3497761194
13.007238806
9.82298507463
11.8574626866
10.042238806
9.39641791045
7.88059701493
8.57731343284
8.42111940299
7.70776119403
8.10447761194
8.97373134328
6.82141791045
8.02186567164
6.69231343284
9.41970149254
9.22925373134
8.92708955224
9.1923880597
10.4967910448
9.09126865672
11.1247761194
9.36417910448
11.4314925373
11.6847761194
11.5855223881
11.7064925373
11.6529850746
9.8747761194
8.91902985075
9.265
11.5919402985
9.97902985075
7.26410447761
10.5205970149
11.5978358209
13.8114179104
9.35664179104
8.01335820896
6.07582089552
9.29559701493
10.9810447761
13.3103731343
13.0023134328
16.011641791
14.1188059701
14.5343283582
11.812761194
9.39231343284
13.0506716418
15.8432089552
15.5823134328
13.7993283582
12.0534328358
9.9902238806
13.8330597015
12.4755970149
9.73791044776
10.2290298507
10.2334328358
8.54365671642
8.42701492537
10.4041791045
13.2557462687
13.8120895522
13.1320149254
13.1411940299
12.2445522388
12.0839552239
8.92619402985
8.94052238806
7.63358208955
5.42313432836
4.23932835821
7.805
11.1402238806
13.8164179104
12.4613432836
11.7805223881
9.6197761194
5.86380597015
4.12335820896
9.57858208955
13.9102985075
10.5070149254
7.33104477612
8.15141791045
10.4982835821
9.16164179104
11.1391044776
10.9918656716
10.0165671642
10.0173134328
11.2409701493
8.71350746269
9.4521641791
9.6526119403
8.49059701493
11.9676865672
11.4946268657
14.028358209
12.9049253731
12.7855223881
11.0485820896
7.82791044776
5.49559701493
7.49611940299
7.16880597015
9.44410447761
5.53320895522
7.6073880597
4.37
2.1052238806
5.05589552239
3.4052238806
8.79447761194
5.75462686567
3.79246268657
1.6871641791
-0.0938059701493
3.83925373134
4.42537313433
3.39089552239
1.41007462687
3.22328358209
7.44753731343
6.42067164179
2.06328358209
1.15208955224
1.69462686567
3.17746268657
5.6078358209
7.1623880597
4.56380597015
1.78544776119
3.6473880597
9.3747761194
7.24134328358
2.5321641791
-1.1147761194
-2.65656716418
-5.66141791045
-5.40582089552
-5.30768656716
-5.23791044776
-3.15820895522
-2.95208955224
-4.6752238806
-4.10164179104
-3.60798507463
-3.17014925373
-1.00179104478
0.23276119403
1.26597014925
1.03962686567
8.24208955224
9.26925373134
5.28134328358
2.85925373134
4.31470149254
5.06141791045
8.0197761194
8.76708955224
8.17343283582
4.63082089552
0.487388059701
-4.44589552239
-1.49992537313
-1.79328358209
-3.22507462687
-9.06231343284
-10.4299253731
-7.18880597015
-7.72925373134
-10.2823134328
-6.8271641791
-12.1279104478
-12.3442537313
-5.84179104478
-5.24611940299
-0.698880597015
1.31074626866
1.19380597015
4.12686567164
3.85104477612
-0.844850746269
-2.42156716418
-2.42037313433
-3.97970149254
-5.84059701493
0.940223880597
0.6
1.64858208955
7.27664179104
4.33029850746
0.330970149254
-2.01985074627
-4.8821641791
-3.45798507463
0.519253731343
1.27358208955
-0.81947761194
-0.58947761194
2.50149253731
-1.03059701493
-2.0771641791
-3.45932835821
-10.6291044776
-14.607761194
-5.55858208955
-2.31768656716
-7.8678358209
-9.27268656716
-5.43343283582
-6.84156716418
-1.98768656716
-4.00410447761
-3.03119402985
-1.41425373134
-2.33328358209
-2.67462686567
-7.32708955224
-10.5552238806
-11.4354477612
-7.90186567164
-3.47940298507
-4.42955223881
-7.85276119403
-2.12507462687
-6.8947761194
-9.97470149254
-7.20708955224
-8.17701492537
-6.41044776119
-1.53940298507
0.402014925373
-1.39149253731
-1.65992537313
3.18134328358
4.52037313433
3.86201492537
-0.136268656716
-3.87082089552
-8.25708955224
-9.2726119403
-9.76
-9.44276119403
-9.36611940299
-2.84037313433
-4.40925373134
-4.87097014925
-6.37067164179
-9.05626865672
-8.61686567164
-9.23111940299
-5.97171641791
-3.73925373134
-4.26014925373
-7.25014925373
-5.57634328358
-0.892835820896
0.607686567164
1.04917910448
-1.87276119403
-2.64753731343
-3.33634328358
4.23791044776
8.32134328358
9.44186567164
8.65067164179
10.8565671642
7.4628358209
5.70320895522
4.40231343284
0.817388059701
-0.779029850746
-0.604701492537
-0.517014925373
-0.0515671641791
2.70619402985
1.71089552239
5.23223880597
1.09291044776
8.48888059701
9.01649253731
6.21746268657
2.83179104478
2.1576119403
4.79007462687
4.7852238806
8.24417910448
8.72671641791
9.68634328358
6.85059701493
4.71955223881
3.21328358209
2.30843283582
2.23134328358
7.18328358209
4.76388059701
2.92589552239
4.8078358209
7.90223880597
9.3
5.72119402985
1.91582089552
1.64208955224
-1.84820895522
-3.28305970149
-0.923955223881
0.523805970149
-3.03559701493
1.45776119403
-1.21619402985
-4.11119402985
-0.113880597015
5.16268656716
3.44985074627
0.875223880597
2.89134328358
6.36343283582
2.63044776119
-0.768134328358
-0.966865671642
0.960597014925
3.3947761194
-0.178134328358
7.57813432836
7.27462686567
6.71029850746
9.39753731343
11.8395522388
7.72268656716
9.84634328358
11.5629104478
10.9590298507
8.38507462687
8.53201492537
4.64888059701
6.84417910448
9.81835820896
13.4857462687
12.4943283582
6.59888059701
9.05776119403
5.98873134328
8.47179104478
8.9278358209
6.93880597015
9.60350746269
11.7194776119
11.5714179104
15.1932089552
13.441641791
14.4844776119
10.5826119403
10.1020895522
13.1385074627
11.6868656716
14.2763432836
15.6419402985
11.7038059701
7.4028358209
10.6064925373
4.55014925373
8.57820895522
17.1759701493
10.7908208955
7.6297761194
7.76925373134
6.72470149254
5.70850746269
7.94425373134
8.84246268657
7.65925373134
9.61059701493
9.18186567164
9.46641791045
11.251641791
13.4497014925
8.83955223881
7.78328358209
11.0762686567
11.4229850746
11.8955970149
8.97253731343
9.93895522388
13.0558955224
12.6644029851
12.9724626866
15.3274626866
15.1745522388
16.3262686567
16.2248507463
13.998358209
12.0587313433
11.7218656716
12.5617164179
12.8278358209
9.79253731343
8.33231343284
6.43134328358
11.4862686567
13.2375373134
11.8309701493
10.4191044776
10.3731343284
10.2373880597
11.6425373134
11.3281343284
13.1435820896
12.7394776119
7.25820895522
14.5276119403
14.9407462687
14.8679850746
14.9737313433
15.6154477612
14.5690298507
15.3152238806
15.9982835821
15.0147761194
14.6104477612
14.253880597
13.072238806
11.5349253731
12.3103731343
13.8323880597
12.3249253731
7.30537313433
6.44940298507
8.51910447761
11.558358209
10.1158955224
8.29335820896
8.98208955224
10.79
7.48313432836
9.72246268657
11.4904477612
10.8689552239
9.67417910448
9.30805970149
6.0426119403
8.41059701493
8.56537313433
6.83985074627
6.13813432836
5.91567164179
5.93947761194
6.54380597015
11.183880597
13.2905223881
10.3684328358
10.8515671642
12.5893283582
9.17343283582
5.90768656716
6.09320895522
12.0771641791
11.2958208955
9.47074626866
10.5599253731
10.5651492537
15.3321641791
14.0250746269
8.96611940299
6.115
5.75089552239
7.89208955224
8.17962686567
6.41835820896
8.59037313433
4.49410447761
5.99
7.42410447761
8.54544776119
5.81455223881
8.98731343284
10.0362686567
9.76828358209
7.18320895522
6.27708955224
5.04597014925
4.80268656716
2.7671641791
3.13843283582
1.45664179104
4.04417910448
1.31440298507
0.812611940299
6.58380597015
6.80992537313
7.29880597015
2.82671641791
0.91328358209
1.31985074627
-0.75671641791
-0.0783582089552
2.93888059701
2.84910447761
2.81619402985
5.33723880597
4.72544776119
5.45888059701
4.39328358209
10.3858208955
7.41097014925
6.46179104478
2.56134328358
3.13925373134
-1.52514925373
-1.96037313433
-2.37358208955
-2.81126865672
-2.48858208955
-0.732910447761
2.49582089552
1.40641791045
-1.71850746269
-5.49373134328
-4.34313432836
1.45358208955
4.41082089552
3.78111940299
7.93574626866
9.77962686567
8.47134328358
0.713955223881
-0.562388059701
-0.461865671642
2.19104477612
-0.910970149254
-1.06604477612
-0.213731343284
-1.00656716418
-2.37671641791
-4.99611940299
-0.785373134328
-0.64447761194
-0.554029850746
0.247313432836
0.181194029851
-1.70343283582
-4.49656716418
-5.30895522388
-7.37462686567
-15.3614925373
-9.58910447761
-7.72208955224
-11.7099253731
-13.9708955224
-10.0594029851
-12.3531343284
-10.845
-9.8321641791
-5.04432835821
-3.065
-3.40992537313
-2.25888059701
-3.16425373134
-8.37171641791
-7.78940298507
-4.81641791045
-0.24
2.50320895522
2.49537313433
2.21305970149
3.76888059701
4.51865671642
6.29597014925
-7.81835820896
-11.7057462687
-12.5032835821
-10.906119403
-18.0658208955
-17.7867910448
-13.1782089552
-15.9035074627
-18.2635074627
-16.0908955224
-9.31186567164
-9.99791044776
-10.3394029851
-6.3226119403
-6.54380597015
-5.2276119403
-3.12052238806
-0.818208955224
-2.89059701493
-3.2478358209
-2.08470149254
0.0338059701493
-4.74104477612
-0.392462686567
1.85626865672
-1.49992537313
-4.6478358209
-6.16171641791
-7.79246268657
-7.82305970149
-6.47507462687
-2.10291044776
0.94947761194
0.167164179104
-1.02276119403
-0.996567164179
-0.576641791045
0.647985074627
-0.771791044776
-1.71835820896
0.487388059701
-0.870447761194
-1.34955223881
-2.09089552239
-4.96820895522
-6.78067164179
-6.83798507463
-7.07425373134
-5.12932835821
-9.37888059701
-9.45447761194
-7.17559701493
-7.34723880597
-2.91276119403
3.20567164179
1.33649253731
1.09388059701
2.77694029851
-1.34455223881
-2.47828358209
-3.56358208955
-1.80074626866
-2.48335820896
0.168955223881
0.22447761194
-0.436791044776
-0.576865671642
-1.31694029851
0.854701492537
2.80619402985
0.997462686567
0.0927611940299
-1.81388059701
-1.6478358209
1.01582089552
-0.159328358209
1.08365671642
-2.41708955224
-2.04223880597
-0.713731343284
0.38828358209
1.20208955224
2.42843283582
2.44649253731
0.972985074627
-1.05343283582
1.25328358209
4.67156716418
-0.156641791045
1.15694029851
4.84910447761
7.43201492537
0.424552238806
-0.487164179104
-0.403656716418
-0.380970149254
-2.20470149254
-1.63798507463
-3.04455223881
-2.11776119403
0.374402985075
3.74611940299
0.902462686567
-1.11858208955
4.42910447761
3.71156716418
2.16679104478
-0.535149253731
1.72634328358
2.18985074627
3.21320895522
3.04664179104
4.75985074627
1.71544776119
-0.451119402985
1.96164179104
-0.595970149254
1.07231343284
4.86552238806
5.36186567164
1.47597014925
2.84350746269
1.10492537313
2.65492537313
5.95701492537
5.45970149254
2.29791044776
3.57141791045
4.56955223881
6.97805970149
9.11268656716
11.4761940299
10.0231343284
12.0974626866
7.93305970149
12.3565671642
12.3448507463
10.0558955224
8.3178358209
6.60873134328
6.81708955224
9.15365671642
10.1962686567
6.53410447761
6.59567164179
8.07417910448
11.4386567164
14.5295522388
13.7017164179
14.4014179104
15.3685074627
15.2939552239
14.8370895522
12.6482089552
12.8556716418
8.81305970149
11.8753731343
10.2820895522
8.665
8.05320895522
5.42104477612
6.35582089552
7.295
5.99895522388
9.96917910448
10.8908955224
9.01268656716
9.90552238806
13.4167164179
12.0149253731
8.87320895522
14.1705223881
12.0194029851
10.7002238806
9.76992537313
9.94134328358
7.72208955224
12.0420895522
15.4423134328
11.4250746269
8.19671641791
11.248880597
11.8785074627
9.06753731343
11.5815671642
13.7248507463
16.1399253731
14.6137313433
16.0862686567
15.5384328358
15.3579104478
14.3850746269
14.8
12.8741791045
10.9864179104
13.5242537313
15.6994029851
14.8308208955
13.8230597015
15.6441044776
14.7732089552
13.2936567164
12.0120895522
8.79208955224
14.601119403
12.5579104478
15.6118656716
13.9429104478
14.6015671642
16.032238806
16.5829850746
13.9955223881
13.8576865672
15.1808955224
15.388880597
14.6880597015
13.7830597015
9.09686567164
11.0873134328
13.9556716418
13.2336567164
10.5971641791
13.2532089552
12.5595522388
11.8257462687
12.3497014925
9.25567164179
8.53985074627
8.49276119403
8.42104477612
10.8089552239
12.0197761194
9.92335820896
12.2969402985
9.9273880597
7.21626865672
7.39619402985
11.2140298507
9.74850746269
9.4971641791
4.27
7.1847761194
8.24492537313
14.6676865672
12.5835074627
11.5759701493
9.63388059701
9.86305970149
10.767761194
12.3997014925
11.4770149254
10.1997014925
10.2905223881
11.2245522388
11.6785074627
10.6153731343
12.1850746269
11.11
15.4626119403
8.57223880597
5.49320895522
6.7752238806
7.88365671642
11.2117164179
9.04574626866
7.12074626866
7.22582089552
9.21305970149
10.762238806
9.61537313433
9.39514925373
7.31037313433
5.24089552239
8.86402985075
4.83141791045
7.76559701493
8.15179104478
7.70470149254
7.84134328358
8.36559701493
7.43902985075
7.89694029851
7.59156716418
3.66328358209
5.15634328358
6.35589552239
6.62955223881
5.15126865672
6.56753731343
6.46037313433
6.34470149254
5.34134328358
1.87597014925
1.47544776119
6.78074626866
8.59126865672
5.26305970149
6.18380597015
4.2197761194
3.89567164179
6.20455223881
6.06246268657
6.73805970149
2.5076119403
-2.54850746269
-2.28455223881
2.00701492537
8.47880597015
8.27268656716
5.63179104478
3.27582089552
4.78014925373
0.55552238806
-0.721567164179
-1.02552238806
0.240149253731
3.3297761194
5.80111940299
3.95186567164
3.1078358209
3.1321641791
6.58634328358
4.23253731343
2.76179104478
3.66246268657
3.11895522388
0.393731343284
-0.264626865672
-0.716119402985
-1.63552238806
-2.21268656716
-1.57097014925
-1.79335820896
-0.181194029851
0.0767164179104
0.550597014925
5.06559701493
4.73753731343
3.23470149254
1.35074626866
-0.244552238806
-0.527611940299
-2.28768656716
-1.80343283582
3.65955223881
-0.30552238806
-0.699776119403
-1.78947761194
-1.06246268657
2.19671641791
0.847313432836
-1.15701492537
-3.55611940299
-1.67567164179
0.219253731343
2.07089552239
1.01731343284
-0.702835820896
-1.14447761194
-3.92253731343
-4.71888059701
-4.16052238806
-0.866940298507
5.08149253731
2.68455223881
7.075
2.22358208955
0.0591044776119
-0.215447761194
2.60992537313
5.39962686567
0.866865671642
-0.533582089552
-1.03820895522
-0.0544029850746
3.41835820896
5.06947761194
0.715597014925
-1.14246268657
-1.53611940299
-0.41276119403
2.25097014925
-2.77231343284
-4.78335820896
-3.57514925373
1.60582089552
6.75231343284
6.40328358209
4.91940298507
-1.43753731343
-1.54126865672
0.306791044776
-0.860746268657
-3.00164179104
-4.55014925373
-4.16537313433
-0.633208955224
-1.49097014925
-6.25880597015
-7.31940298507
-5.29865671642
-6.41611940299
-3.76111940299
-10.307761194
-10.1332835821
-8.68395522388
-11.9
-7.7473880597
-10.8758208955
-7.33768656716
-2.20985074627
-8.1578358209
-13.518880597
-12.5101492537
-10.3894029851
-7.14574626866
1.17567164179
3.39835820896
1.35440298507
-0.257835820896
-0.814925373134
-1.71
-3.19208955224
-1.66186567164
4.11089552239
5.48029850746
2.33082089552
0.113805970149
1.84126865672
-0.094328358209
-4.67126865672
-4.16649253731
0.589552238806
5.22485074627
2.25932835821
-0.986194029851
7.03850746269
8.06074626866
6.59888059701
6.36231343284
0.0546268656716
-0.416268656716
3.71395522388
0.52171641791
-0.820671641791
-1.07559701493
-1.8721641791
-2.30768656716
-0.606940298507
3.52208955224
1.70298507463
3.10380597015
1.18649253731
-2.11656716418
0.951940298507
2.12305970149
1.4378358209
1.4828358209
3.37559701493
3.12880597015
5.51671641791
2.78156716418
0.968507462687
-0.173582089552
3.46179104478
2.89007462687
5.04007462687
9.73858208955
7.82417910448
4.49373134328
8.57835820896
7.08641791045
3.56388059701
7.22708955224
3.88298507463
8.38656716418
7.34835820896
6.32417910448
6.70641791045
2.87723880597
7.18537313433
6.32052238806
5.07649253731
4.96791044776
2.45156716418
2.3847761194
8.85
8.09052238806
5.57507462687
5.50462686567
5.18641791045
5.95850746269
6.81365671642
6.38059701493
10.1532835821
11.3135820896
7.62664179104
8.63656716418
5.055
5.01126865672
8.11694029851
8.1876119403
8.05156716418
7.69582089552
8.1276119403
7.74932835821
6.80141791045
6.00201492537
6.95723880597
7.5021641791
5.04276119403
10.0561940299
12.8215671642
7.70067164179
10.212238806
12.2015671642
9.45947761194
5.20679104478
7.11962686567
12.7079104478
12.4970149254
8.9447761194
9.96358208955
13.2428358209
12.3776119403
7.66925373134
5.48305970149
5.80552238806
5.29029850746
9.29380597015
9.63985074627
11.1499253731
14.2361940299
12.1649253731
12.6878358209
14.7632089552
14.3523134328
12.7738059701
9.19798507463
9.15410447761
12.8414179104
12.0402985075
7.05970149254
12.7514925373
12.526641791
13.0546268657
15.2602238806
14.7653731343
16.792761194
15.496119403
13.6564925373
15.4080597015
15.6417910448
14.6873880597
11.333358209
9.90873134328
14.906119403
14.8735074627
16.2285820896
13.6515671642
11.3853731343
6.09529850746
8.27246268657
11.8873880597
15.3123880597
13.1157462687
15.9945522388
18.6750746269
17.1844776119
14.1694776119
14.5264925373
12.7247761194
16.2890298507
12.5073134328
11.1655223881
9.64462686567
11.012761194
10.8862686567
11.1744776119
13.6807462687
12.712761194
13.6724626866
12.77
12.0193283582
11.0770895522
9.0873880597
5.92126865672
10.9109701493
12.4934328358
12.4352238806
14.2060447761
14.7405223881
14.611641791
14.4764925373
14.9034328358
15.1541044776
15.8218656716
14.8521641791
13.007761194
12.0443283582
9.98925373134
9.42037313433
9.4023880597
12.5924626866
14.9118656716
10.847761194
10.8510447761
12.6991791045
5.74671641791
5.32791044776
2.10164179104
11.9123880597
11.8639552239
10.8270895522
9.73925373134
8.70962686567
9.31485074627
9.86813432836
9.52970149254
8.39604477612
8.66619402985
12.6636567164
8.65514925373
6.20246268657
8.58992537313
5.11126865672
7.36276119403
7.28731343284
3.80037313433
6.12686567164
8.98156716418
9.96611940299
8.60380597015
4.50007462687
6.13552238806
12.6529104478
12.5755970149
12.5082835821
10.2058955224
7.04291044776
8.70701492537
7.5078358209
9.03641791045
6.1297761194
5.64029850746
3.49679104478
7.83798507463
7.2973880597
6.91895522388
5.81052238806
3.95880597015
6.4378358209
2.79395522388
2.25970149254
-0.716865671642
-1.98380597015
-1.72440298507
-1.17126865672
4.21044776119
1.65686567164
1.80649253731
0.308955223881
-1.67731343284
-1.43447761194
5.13
5.36597014925
2.69164179104
2.7947761194
4.55805970149
3.51626865672
2.97447761194
0.994552238806
2.08708955224
0.934253731343
-0.734925373134
-2.91350746269
-5.72604477612
-7.83014925373
-9.23888059701
-3.02514925373
-1.74470149254
-2.1152238806
-1.0552238806
-0.421791044776
-1.68223880597
-3.33679104478
-4.92313432836
-4.66462686567
-2.14925373134
9.26089552239
7.13753731343
4.40440298507
2.67932835821
-2.87052238806
-5.75776119403
-7.57358208955
-8.82679104478
-7.0823880597
-6.50007462687
-5.57380597015
-6.22858208955
-7.86223880597
-0.948208955224
-3.96917910448
-9.14776119403
-12.0226119403
-10.35
-7.54029850746
-9.96492537313
-12.2252985075
-7.41641791045
-1.33223880597
0.48
1.88320895522
1.88365671642
1.35440298507
3.55223880597
4.35246268657
7.56470149254
3.02455223881
0.355149253731
4.39059701493
4.55529850746
1.21932835821
0.317686567164
1.4797761194
2.48537313433
2.21507462687
-0.334776119403
-2.26641791045
-0.519701492537
0.366940298507
-0.306865671642
-1.40514925373
-3.63873134328
-2.51402985075
1.57082089552
0.0257462686567
1.97962686567
-0.84171641791
-1.04007462687
0.141268656716
-1.07992537313
-3.20014925373
-3.86291044776
-7.27544776119
-7.88746268657
-3.75141791045
-0.449925373134
-6.48970149254
-9.90567164179
-2.24798507463
-1.40074626866
1.07432835821
1.28776119403
0.227388059701
-0.308582089552
1.22029850746
0.827089552239
1.75895522388
1.15201492537
-0.604776119403
-0.101492537313
-0.479776119403
-0.649776119403
-4.15089552239
-0.419850746269
-4.54097014925
-3.62895522388
-5.71253731343
-5.08858208955
-8.10320895522
-10.8641044776
-10.0785074627
-8.77962686567
-7.745
-3.85641791045
-1.12507462687
-2.08119402985
-1.68044776119
-2.07164179104
-1.33798507463
-0.196865671642
-1.72432835821
-4.31604477612
-3.82664179104
-4.12082089552
-1.48462686567
-4.97485074627
-2.99925373134
0.607985074627
1.21649253731
-1.75910447761
-4.36447761194
-7.3676119403
-6.30029850746
-5.46567164179
-0.855298507463
-1.41835820896
-2.18410447761
-2.1602238806
-1.20410447761
-2.37962686567
-4.56194029851
-6.74813432836
-5.11425373134
-3.67686567164
-4.04425373134
-2.84925373134
2.13097014925
0.201567164179
2.84902985075
4.4721641791
3.285
-0.54947761194
-2.09820895522
0.173731343284
-1.2578358209
-2.00044776119
-0.703432835821
-1.09910447761
-0.821791044776
0.554552238806
1.86313432836
1.99649253731
1.51320895522
3.18074626866
1.36328358209
0.394925373134
-0.233059701493
3.63888059701
2.94059701493
0.580895522388
-2.33067164179
-1.41328358209
-0.0514179104478
2.36417910448
5.15350746269
6.21746268657
4.18253731343
2.80798507463
2.9323880597
-0.399626865672
-1.44820895522
-1.87440298507
1.14425373134
3.44641791045
1.75104477612
6.71447761194
6.36044776119
10.4880597015
11.1502985075
2.94470149254
1.00052238806
1.1152238806
3.20320895522
4.00111940299
4.52276119403
4.71365671642
6.53447761194
7.64589552239
6.16507462687
8.96268656716
6.54171641791
6.57343283582
8.35701492537
8.07492537313
6.79455223881
5.61246268657
7.33029850746
8.03626865672
7.75029850746
8.36582089552
7.30231343284
5.95402985075
7.06313432836
3.96014925373
8.04597014925
10.2929104478
12.0682835821
9.59343283582
6.83104477612
8.77708955224
7.85611940299
8.40544776119
8.25320895522
6.98582089552
8.68462686567
4.87888059701
7.99455223881
11.9479104478
9.07134328358
9.24902985075
9.21044776119
10.2855223881
7.88298507463
10.3757462687
15.1790298507
10.6376119403
9.94791044776
8.03671641791
7.3271641791
9.15014925373
8.20634328358
10.1464925373
7.43828358209
6.24097014925
4.10776119403
8.0723880597
7.8002238806
8.18649253731
7.98007462687
9.05880597015
6.68917910448
9.10932835821
10.3411940299
15.8023134328
17.7179104478
15.2217910448
11.7964925373
11.8703731343
12.3088059701
10.2646268657
9.99417910448
10.1752238806
11.701119403
10.2328358209
11.3373880597
9.11276119403
7.61589552239
8.34559701493
8.24567164179
11.9194029851
10.9288059701
12.4204477612
13.955
10.4196268657
17.2128358209
13.8805970149
11.1885074627
14.9305223881
15.0323134328
13.3757462687
10.2976865672
9.02186567164
11.1502238806
13.3339552239
14.2289552239
13.3864925373
13.3469402985
10.3776119403
10.5594776119
12.0271641791
10.3320895522
9.3697761194
9.3226119403
12.5687313433
10.6797014925
11.3425373134
11.511119403
10.9855223881
10.7568656716
15.7478358209
14.5515671642
11.8912686567
10.6173880597
10.015
11.7894029851
12.9249253731
14.6045522388
12.1414179104
13.6162686567
14.6241044776
8.12955223881
6.44544776119
7.72537313433
7.82619402985
8.63589552239
8.69223880597
9.16507462687
9.76134328358
10.333358209
9.7802238806
11.8538059701
11.5223880597
9.84104477612
10.0410447761
6.49701492537
9.83835820896
9.18186567164
6.28126865672
6.3773880597
6.76910447761
6.28134328358
7.45925373134
7.13246268657
4.74410447761
6.15455223881
10.7700746269
10.9273880597
7.89134328358
5.57537313433
6.75895522388
8.36097014925
8.0623880597
5.40970149254
7.83753731343
9.90082089552
11.8281343284
10.1287313433
6.01850746269
6.87134328358
5.95731343284
7.74231343284
4.80835820896
3.48350746269
9.12567164179
11.1112686567
7.50462686567
4.76910447761
2.3078358209
8.96455223881
6.75925373134
6.90037313433
4.25104477612
2.2978358209
0.213432835821
3.12694029851
5.22126865672
1.6673880597
3.225
1.52656716418
2.75820895522
4.18007462687
4.06291044776
2.76992537313
1.38246268657
2.93589552239
2.77604477612
4.31141791045
4.37843283582
1.28746268657
0.719179104478
-2.11208955224
-2.17171641791
-1.44470149254
0.054328358209
1.90947761194
0.346791044776
1.05753731343
2.04701492537
4.68
8.33014925373
6.7476119403
7.04686567164
3.06305970149
0.583358208955
-0.0264925373134
1.47470149254
-1.72126865672
-2.61947761194
-3.66074626866
-0.79447761194
0.768731343284
0.852388059701
0.552686567164
0.409701492537
1.8521641791
2.22611940299
1.6773880597
2.4228358209
1.41014925373
-0.908731343284
-2.17380597015
0.340746268657
1.29425373134
0.818208955224
1.22402985075
-1.82992537313
1.90507462687
1.4052238806
-1.28962686567
-1.54485074627
-1.7476119403
-3.32440298507
-1.60350746269
-0.617537313433
-2.57865671642
-4.52634328358
-3.59813432836
-7.88611940299
-4.30843283582
-7.16014925373
-7.94223880597
-14.0096268657
-11.728880597
-14.7523880597
-14.4841791045
-17.1204477612
-16.0644776119
-11.1682835821
-15.1844776119
-13.0819402985
-15.0884328358
-14.3563432836
-13.1905970149
-11.1017164179
-12.2642537313
-13.8204477612
-13.3005970149
-6.41134328358
-3.64917910448
2.65507462687
-1.18194029851
-2.47291044776
-1.33335820896
-0.578358208955
-5.8778358209
-8.40126865672
-3.74992537313
0.479776119403
-0.00731343283582
2.44992537313
5.17597014925
-3.30791044776
-5.165
-5.28992537313
-3.5121641791
-4.92947761194
-5.9923880597
-8.28231343284
-13.2449253731
-14.0091044776
-18.5164179104
-18.1955223881
-15.3523880597
-14.9459701493
-10.6014179104
-11.666119403
-13.4540298507
-17.3826865672
-17.9559701493
-5.35067164179
-3.40776119403
-8.99037313433
-1.02305970149
-2.99082089552
-1.01007462687
-1.3378358209
-0.737089552239
-0.493955223881
1.73149253731
1.78619402985
1.51320895522
2.23567164179
2.7647761194
2.33656716418
-0.264104477612
0.145671641791
-1.45194029851
-1.16664179104
-3.04641791045
-3.65552238806
-3.15149253731
-2.37574626866
-1.28305970149
-1.26417910448
-2.94059701493
-3.30634328358
-0.884701492537
-3.5223880597
-0.610298507463
-0.351119402985
-0.204179104478
0.388432835821
5.11089552239
1.2547761194
-1.47544776119
-0.148731343284
3.33029850746
6.49089552239
5.06649253731
7.49111940299
6.82373134328
7.08753731343
10.0805970149
8.32417910448
5.78940298507
7.13791044776
4.89671641791
1.64626865672
3.83111940299
3.50425373134
2.05925373134
2.77626865672
3.04074626866
2.91917910448
0.0482835820896
0.329552238806
1.99126865672
3.54156716418
3.95992537313
6.98970149254
1.95074626866
-1.18395522388
-0.0371641791045
-4.1123880597
-1.34111940299
-1.34246268657
0.170970149254
0.479402985075
4.73888059701
2.69925373134
1.51925373134
1.61268656716
3.74537313433
6.48208955224
10.8673880597
8.55447761194
6.62
8.68231343284
7.07813432836
9.22328358209
11.5307462687
10.781119403
5.95395522388
8.29514925373
9.2547761194
8.20567164179
10.6005970149
11.8293283582
11.6208208955
9.27358208955
8.65149253731
7.82888059701
7.11798507463
10.8134328358
12.8305970149
13.5980597015
10.9982089552
10.0611940299
7.39231343284
11.4573134328
9.36626865672
7.67925373134
10.3565671642
13.8815671642
13.2215671642
13.4303731343
6.98686567164
4.78686567164
6.61179104478
7.60992537313
7.93350746269
6.19932835821
5.53544776119
7.15141791045
2.85873134328
6.12
5.08694029851
8.25910447761
10.455
10.3691044776
11.3958208955
8.13634328358
8.60619402985
10.3386567164
7.64798507463
8.21417910448
9.24380597015
9.50246268657
10.4717910448
10.3173880597
10.422238806
8.02104477612
10.5458955224
11.837761194
12.422238806
8.47970149254
7.56462686567
9.60097014925
10.1791044776
10.942238806
10.1535820896
10.1821641791
12.642761194
15.7551492537
10.9591791045
10.6274626866
10.4848507463
14.5995522388
11.7119402985
7.97947761194
7.50932835821
13.2657462687
8.99649253731
10.9773134328
13.8680597015
14.3509701493
10.3699253731
14.6009701493
12.4360447761
12.151119403
10.7951492537
11.5770149254
11.5226865672
9.55328358209
12.9279850746
10.522238806
6.91940298507
9.42298507463
9.29888059701
11.3620895522
7.36768656716
13.9410447761
13.2223880597
15.0710447761
15.6507462687
14.2474626866
11.3579104478
8.11507462687
8.83880597015
11.9978358209
10.8970895522
11.1202238806
10.0946268657
9.86634328358
11.5117164179
8.79664179104
9.48768656716
5.46731343284
7.20298507463
8.42992537313
9.64574626866
12.3567910448
8.84888059701
9.10305970149
10.7699253731
10.6718656716
7.15029850746
4.22455223881
7.62835820896
6.57962686567
2.72074626866
6.22126865672
8.68582089552
8.11186567164
11.2629850746
8.48798507463
5.29888059701
10.8813432836
11.8949253731
10.7013432836
11.4157462687
12.713358209
15.2758208955
13.2355970149
9.0378358209
9.55164179104
6.93119402985
6.41940298507
7.03723880597
7.76649253731
4.68970149254
6.465
9.73097014925
12.9423880597
12.6217164179
12.4415671642
10.2062686567
9.17149253731
6.75253731343
5.12843283582
9.18925373134
9.37567164179
5.96074626866
3.21104477612
4.75447761194
7.27604477612
4.82223880597
8.71671641791
8.04194029851
3.92089552239
1.7
0.63776119403
0.331791044776
2.17223880597
-0.182910447761
0.840746268657
-0.029552238806
-0.777611940299
-1.27850746269
-0.652985074627
-1.65611940299
-1.09455223881
-0.00231343283582
0.743059701493
-1.69768656716
-3.90067164179
2.52970149254
0.803134328358
1.24798507463
3.3023880597
7.48179104478
2.28298507463
-0.897014925373
-2.15
-2.80335820896
-2.62350746269
-3.37619402985
-4.74298507463
-5.79940298507
-5.40664179104
-6.00313432836
-5.55328358209
-4.38514925373
-5.83813432836
-6.03641791045
-8.26746268657
-5.54320895522
-9.23559701493
-4.63328358209
-3.34619402985
-6.94
-6.17291044776
0.294925373134
1.24514925373
3.81544776119
7.35208955224
5.72358208955
4.48052238806
4.58582089552
4.765
5.08828358209
1.87313432836
0.606119402985
-2.90417910448
-4.60470149254
-0.228582089552
2.66492537313
6.88686567164
5.9621641791
3.58089552239
1.86626865672
1.61246268657
0.561268656716
-1.30186567164
-1.24365671642
1.31440298507
2.54858208955
5.53634328358
-1.32604477612
-3.5821641791
-5.12589552239
-8.04835820896
-11.6835820896
-11.9881343284
-5.80268656716
1.73664179104
-5.33679104478
-3.09805970149
-0.587910447761
-4.94731343284
-7.46791044776
-7.16350746269
-8.14231343284
-0.26947761194
0.77828358209
1.23119402985
1.10425373134
0.089552238806
-0.800820895522
-7.63246268657
-9.51679104478
2.36462686567
1.67462686567
2.0021641791
2.5402238806
1.75082089552
-0.425149253731
-1.04858208955
-5.82246268657
-6.08753731343
-5.24507462687
-6.55820895522
-4.81328358209
-0.836791044776
0.21828358209
-0.831791044776
-3.20268656716
-5.83194029851
-8.67753731343
-8.06350746269
-12.5985820896
-14.5391044776
-18.3578358209
-12.5408208955
-7.1352238806
-11.7739552239
-13.8711940299
-7.4971641791
-9.5097761194
-8.25119402985
-7.86320895522
-8.41089552239
-10.1601492537
-11.6154477612
-14.5974626866
-20.0341791045
-12.6835820896
-18.4707462687
-12.8876865672
-15.0205970149
-17.4826119403
-13.7413432836
-6.79074626866
-6.34992537313
-5.84649253731
-4.20574626866
-1.54268656716
2.92455223881
-0.187014925373
-1.52664179104
-1.20007462687
-2.83805970149
1.30679104478
0.819328358209
0.467910447761
1.09365671642
1.58544776119
2.31186567164
-0.909626865672
0.600149253731
-2.00865671642
-2.20731343284
0.421119402985
-0.826044776119
1.70089552239
0.0179850746269
0.745746268657
0.58776119403
1.89604477612
5.08425373134
2.93171641791
0.922164179104
1.73731343284
2.02365671642
-0.738731343284
2.53649253731
0.179253731343
0.0451492537313
-1.2502238806
3.69097014925
5.66626865672
2.71910447761
-2.12776119403
-5.13910447761
-6.66813432836
-6.10679104478
-3.16850746269
3.39156716418
2.84985074627
2.50171641791
2.34955223881
1.47440298507
2.0602238806
3.60604477612
4.97552238806
3.81701492537
4.6852238806
4.57149253731
6.50895522388
7.31044776119
6.29179104478
8.76626865672
7.91044776119
5.32582089552
7.90410447761
9.32776119403
11.5014925373
11.5380597015
10.2847761194
9.71320895522
7.65
6.06589552239
9.36164179104
10.6336567164
6.4021641791
7.51485074627
10.4643283582
6.52686567164
2.41641791045
5.18194029851
12.9264925373
11.7156716418
12.6788059701
14.4706716418
11.383358209
8.15223880597
8.92880597015
5.07492537313
7.715
10.6770895522
8.50791044776
6.0078358209
6.26410447761
4.01820895522
5.95171641791
6.54
5.08485074627
5.90007462687
3.66902985075
6.51514925373
6.46037313433
6.44776119403
7.35156716418
8.58298507463
8.695
8.18619402985
8.49029850746
11.6725373134
13.1209701493
14.6973880597
16.0385820896
16.121641791
14.1309701493
16.3754477612
14.9447014925
10.1948507463
13.1808208955
13.9910447761
10.2320895522
12.0539552239
11.8960447761
13.2110447761
12.8257462687
10.7332835821
11.5664925373
13.1882089552
14.9167910448
15.377238806
13.8829850746
15.1771641791
11.9640298507
9.84865671642
9.34470149254
9.09514925373
9.29932835821
5.89925373134
7.41097014925
6.8778358209
8.82447761194
11.5885820896
12.7375373134
12.1717910448
11.1676119403
7.31701492537
9.68082089552
11.8699253731
13.1629850746
8.94276119403
7.88082089552
12.7329850746
13.4996268657
13.5347761194
14.9500746269
11.7902238806
12.127761194
13.8594776119
10.8988059701
15.1263432836
17.9054477612
13.4348507463
8.56231343284
11.2805970149
9.80671641791
8.47559701493
11.5765671642
15.2117910448
15.9275373134
14.2811940299
13.1521641791
12.7240298507
14.3831343284
11.3156716418
12.0073134328
11.0186567164
9.22828358209
5.71179104478
10.9678358209
10.4384328358
9.01985074627
6.00776119403
10.248880597
11.0941791045
8.55156716418
7.66619402985
7.60037313433
9.03119402985
5.63291044776
8.80611940299
9.29626865672
7.66895522388
3.79992537313
4.75850746269
8.23141791045
4.74970149254
4.54895522388
1.83723880597
1.84776119403
6.81298507463
8.35395522388
11.3239552239
12.273358209
7.32276119403
7.30559701493
4.86388059701
1.9928358209
2.79194029851
3.91686567164
7.0728358209
8.42649253731
8.3376119403
4.21014925373
2.36694029851
4.47514925373
6.11619402985
5.22164179104
9.69156716418
6.1926119403
5.37044776119
7.6076119403
4.25619402985
4.01514925373
7.99753731343
8.85082089552
10.6152985075
8.12559701493
4.69432835821
5.93858208955
7.7502238806
4.73268656716
7.65671641791
6.95492537313
6.54679104478
10.3163432836
5.54962686567
4.91447761194
4.52731343284
4.81753731343
6.53074626866
2.45641791045
1.77805970149
1.84843283582
6.0221641791
0.975746268657
1.87141791045
2.14902985075
-0.989925373134
1.85492537313
6.57746268657
1.0276119403
-0.982462686567
2.27828358209
3.77059701493
3.02626865672
0.196492537313
1.78171641791
-0.891641791045
0.330149253731
2.63828358209
5.04671641791
2.52223880597
1.37604477612
2.34634328358
7.15649253731
7.74320895522
3.8902238806
6.91597014925
3.5921641791
-0.858805970149
3.71350746269
2.38320895522
3.11462686567
5.99701492537
6.14679104478
1.26343283582
-1.98820895522
-3.71141791045
-4.85358208955
-2.18305970149
-1.75544776119
1.82559701493
0.0908955223881
1.36701492537
2.91865671642
1.90679104478
2.71626865672
0.399850746269
0.995074626866
-0.51171641791
-0.594402985075
-1.23805970149
0.861119402985
0.286119402985
0.314402985075
0.676865671642
2.51440298507
0.372313432836
-0.267164179104
-0.658507462687
-5.47888059701
-4.86902985075
-6.4947761194
-8.0276119403
-4.93365671642
-0.649626865672
0.190298507463
2.57514925373
5.31880597015
4.98119402985
4.28746268657
-2.67701492537
-9.6028358209
-8.12447761194
-1.24082089552
-2.06171641791
-8.11813432836
-11.5570895522
-5.49686567164
-11.7058955224
-18.9014179104
-17.0394029851
-18.7910447761
-19.2428358209
-17.6730597015
-13.195
-11.173358209
-10.9278358209
-9.68171641791
-10.1549253731
-10.4285074627
-7.34902985075
-3.00567164179
-0.18
-0.889701492537
-2.87611940299
-9.31402985075
-9.36111940299
-12.4315671642
-20.2019402985
-18.8797014925
-16.1385820896
-15.1459701493
-11.8776119403
-5.0323880597
-0.0349253731343
0.719104477612
-0.678358208955
-3.74104477612
3.63507462687
1.96201492537
-1.06305970149
-0.757537313433
0.0729850746269
-1.59470149254
-0.670895522388
-2.02649253731
-3.12350746269
-3.70574626866
-6.93171641791
-3.06
-3.57298507463
-2.91888059701
-6.285
-11.3624626866
-10.5732835821
-7.94156716418
-1.4621641791
3.34746268657
0.263507462687
-4.87223880597
-13.4642537313
-16.0105223881
-13.8663432836
-10.7849253731
-12.9536567164
-11.5723880597
-7.88611940299
-8.61440298507
-8.4473880597
-8.56089552239
-10.4992537313
-8.06753731343
-8.97559701493
-2.28052238806
-3.0676119403
0.186417910448
-1.41104477612
-4.58634328358
-2.18164179104
-1.67888059701
-2.80626865672
4.41858208955
5.06962686567
3.03201492537
0.819104477612
3.0621641791
0.686343283582
-1.87559701493
0.151567164179
-2.47223880597
-1.18686567164
1.36492537313
2.9247761194
4.5221641791
2.05432835821
2.17111940299
7.80813432836
3.6721641791
5.05358208955
-0.194552238806
0.782313432836
1.2202238806
-1.12805970149
5.63791044776
3.81634328358
5.7726119403
3.42656716418
5.9473880597
7.76641791045
4.25686567164
1.25305970149
1.49253731343
3.17320895522
4.58544776119
8.70798507463
4.82358208955
1.53
4.25470149254
8.41320895522
8.74701492537
7.59686567164
4.42589552239
2.40828358209
6.01873134328
5.48111940299
3.87037313433
1.91746268657
1.73865671642
4.52194029851
1.24962686567
6.47246268657
3.0202238806
1.40708955224
5.28320895522
4.51552238806
1.12895522388
3.39380597015
4.28537313433
4.17723880597
2.45417910448
4.79544776119
5.94194029851
5.83402985075
5.92149253731
6.37634328358
7.93380597015
8.38208955224
5.60208955224
6.61343283582
9.67805970149
9.44798507463
9.81470149254
9.97082089552
10.1117164179
9.62149253731
8.01052238806
11.7615671642
9.77179104478
6.97686567164
5.34253731343
6.61582089552
10.6364179104
9.58037313433
10.9646268657
8.86858208955
6.92052238806
5.15470149254
7.01171641791
5.70126865672
9.85014925373
9.67552238806
6.84350746269
11.7867910448
9.73649253731
9.48932835821
10.7002238806
11.692761194
14.4281343284
14.8365671642
16.5167910448
16.9058955224
13.7836567164
14.5255223881
13.9342537313
10.2223134328
10.6629850746
11.8165671642
15.19
11.2392537313
6.72164179104
11.8868656716
14.232761194
9.80425373134
7.99955223881
13.7555223881
15.2103731343
16.3935074627
13.2517164179
11.767761194
12.7411940299
12.2498507463
11.958358209
13.2556716418
10.4047761194
10.4382835821
6.09
7.71970149254
9.60962686567
11.1790298507
12.6702238806
11.1910447761
12.3928358209
10.7494776119
8.97940298507
7.79179104478
7.18194029851
7.21626865672
4.27313432836
9.01246268657
11.2135820896
10.8929850746
7.2471641791
9.00798507463
10.9467910448
14.5600746269
12.8184328358
9.48619402985
11.6352238806
15.5368656716
15.2573880597
13.6862686567
13.1619402985
13.2426119403
15.1137313433
15.5865671642
13.6623880597
11.5223134328
11.766641791
12.3617910448
12.9734328358
12.4276865672
9.19343283582
7.59828358209
14.6375373134
10.7421641791
12.6812686567
14.2505970149
11.7893283582
11.3860447761
9.42328358209
9.22925373134
9.1176119403
11.1801492537
11.9441791045
15.7156716418
12.0286567164
9.71089552239
7.5728358209
10.7760447761
15.7354477612
11.0489552239
13.9944029851
12.177761194
15.5258955224
14.4085074627
9.72888059701
7.71828358209
5.63298507463
5.12940298507
1.28111940299
2.20641791045
1.34276119403
1.82328358209
1.60119402985
1.48373134328
2.07156716418
6.7223880597
9.02694029851
7.25813432836
6.73149253731
4.12813432836
4.47171641791
9.37529850746
4.09537313433
4.68567164179
7.19179104478
8.04679104478
11.0623880597
6.95171641791
4.86552238806
2.87917910448
3.33492537313
5.51186567164
6.58641791045
5.15253731343
6.42082089552
2.5928358209
1.47708955224
3.25873134328
5.25074626866
6.08507462687
4.13582089552
3.99776119403
4.78701492537
7.32611940299
5.8697761194
0.80447761194
-0.928731343284
2.08701492537
1.70597014925
0.100149253731
0.902686567164
2.44082089552
4.32082089552
5.14067164179
3.6976119403
2.11111940299
1.54119402985
4.03082089552
6.27014925373
6.07686567164
6.29507462687
3.8478358209
3.36805970149
3.31320895522
1.8723880597
-1.25544776119
-0.121567164179
-0.476791044776
0.55328358209
0.14828358209
-0.0149253731343
-1.43619402985
-0.957611940299
-0.626567164179
-2.13537313433
-3.93694029851
-4.48619402985
-3.48231343284
-5.23044776119
-10.1608208955
-12.1371641791
-11.168358209
-3.0073880597
-1.25529850746
-5.69126865672
-6.21962686567
-5.09320895522
-0.16052238806
3.86865671642
7.84373134328
5.27843283582
5.13544776119
6.46388059701
1.60507462687
-0.925597014925
-2.9978358209
-2.22082089552
0.977686567164
4.36791044776
5.61171641791
5.33888059701
4.67529850746
5.15067164179
5.06335820896
5.21537313433
4.94641791045
3.95970149254
4.72649253731
5.37507462687
1.67559701493
1.06111940299
-1.51813432836
0.290597014925
0.276940298507
-2.03671641791
-3.6573880597
-4.54171641791
-0.341791044776
0.776641791045
1.75619402985
-0.64052238806
0.67671641791
-0.834402985075
-0.141044776119
-0.162313432836
-0.746343283582
-0.366417910448
3.38208955224
5.01552238806
-0.208358208955
-0.237910447761
5.39664179104
2.63358208955
1.95067164179
0.36947761194
3.65462686567
1.76582089552
3.18029850746
2.57813432836
2.22701492537
-0.914253731343
-0.631119402985
-0.184104477612
0.392164179104
-0.094328358209
-0.478805970149
-2.38223880597
-4.38395522388
-4.58910447761
-3.92044776119
-1.08156716418
0.679701492537
1.37873134328
-1.81007462687
-3.20067164179
1.2928358209
0.298358208955
-1.60171641791
-2.07141791045
-2.19641791045
-1.14298507463
-2.47343283582
-1.96858208955
-2.99985074627
-4.14597014925
-1.45164179104
-0.725746268657
-2.65604477612
-2.77253731343
-0.876343283582
-3.65895522388
-6.99082089552
-4.56343283582
0.0305223880597
-0.21328358209
-2.84402985075
-2.90320895522
-3.44917910448
2.83828358209
-0.731268656716
-4.46455223881
-4.77611940299
3.47902985075
3.8752238806
5.15611940299
2.78902985075
2.9402238806
1.37574626866
1.87798507463
0.990671641791
1.51402985075
2.91626865672
3.64544776119
3.63358208955
2.61753731343
0.433731343284
-1.23582089552
1.46850746269
3.36947761194
4.53395522388
5.36985074627
5.78298507463
-0.462835820896
-3.77343283582
-1.1402238806
-0.0179104477612
1.80828358209
-2.96828358209
-0.34723880597
1.04089552239
7.96514925373
8.24447761194
7.80417910448
6.62776119403
4.59156716418
5.05276119403
-1.10485074627
-4.09402985075
-2.41179104478
-1.05298507463
0.597462686567
3.65910447761
3.61067164179
7.93835820896
5.8378358209
8.45970149254
8.15858208955
6.62447761194
3.96567164179
7.34067164179
6.49828358209
10.5404477612
9.71514925373
7.93455223881
6.43656716418
6.8426119403
10.3187313433
9.60149253731
12.1186567164
11.6303731343
11.8003731343
8.40268656716
7.63470149254
5.77313432836
0.767910447761
2.11537313433
2.50813432836
5.82268656716
9.19791044776
12.0463432836
13.4247014925
11.3337313433
10.2814179104
7.33328358209
8.55768656716
7.70492537313
8.58313432836
11.0849253731
11.0229104478
6.545
8.82447761194
9.03947761194
9.41358208955
10.9973134328
9.20402985075
11.716641791
10.6409701493
6.66014925373
8.1578358209
9.74559701493
10.8190298507
10.342761194
9.10313432836
11.365
10.5887313433
11.3449253731
9.92985074627
7.66149253731
11.2713432836
12.1493283582
11.697238806
12.5211940299
11.4255223881
13.4725373134
12.5320895522
14.8905223881
8.28656716418
12.088880597
12.302761194
13.5065671642
10.4920149254
12.8220895522
11.797238806
10.1493283582
7.63865671642
11.3346268657
10.8967164179
9.3447761194
11.8179104478
11.546641791
11.0750746269
11.1082835821
11.4436567164
11.7450746269
9.32970149254
14.4155970149
14.9098507463
18.2473880597
13.4349253731
10.7049253731
11.0865671642
12.448358209
9.11492537313
11.4129850746
7.71246268657
7.0597761194
9.11835820896
12.158358209
9.88
6.01955223881
10.1034328358
10.6238059701
11.4859701493
13.2397761194
13.8202238806
14.1129104478
16.6749253731
12.5691044776
15.157238806
10.3297014925
14.622238806
11.9991791045
7.74373134328
8.25126865672
11.8005970149
13.6990298507
11.2670149254
9.86798507463
7.67582089552
9.20455223881
11.2498507463
10.2804477612
9.20604477612
15.5942537313
13.4493283582
10.6530597015
8.57873134328
8.39089552239
11.6095522388
9.15544776119
11.1397014925
10.74
10.7536567164
6.8826119403
6.60320895522
7.3797761194
7.78014925373
10.2485820896
10.416119403
7.38567164179
6.82432835821
7.66156716418
9.07492537313
9.9478358209
10.4113432836
10.9479104478
10.6264179104
8.72485074627
4.67171641791
9.15335820896
8.51559701493
11.1729104478
13.4787313433
12.3485820896
11.8752985075
9.34932835821
6.75529850746
4.04007462687
3.45604477612
5.33634328358
6.98544776119
6.80582089552
8.43850746269
6.1452238806
5.44820895522
8.35313432836
6.05820895522
3.03335820896
8.37246268657
9.21485074627
8.05089552239
11.1990298507
10.7835820896
10.1000746269
10.7974626866
10.288880597
8.81746268657
5.97141791045
4.43888059701
3.41932835821
7.33126865672
5.35126865672
3.93417910448
5.62126865672
9.05171641791
1.06134328358
-2.1002238806
-2.51067164179
2.92328358209
1.22962686567
-3.1023880597
-5.47171641791
-7.26835820896
-6.12171641791
-2.96656716418
-2.08567164179
-0.93223880597
0.871268656716
5.8471641791
3.88955223881
5.55425373134
3.84880597015
6.95223880597
4.11119402985
0.014328358209
3.77626865672
1.32358208955
-0.933805970149
-5.77947761194
-12.6893283582
-6.00529850746
-1.865
0.93223880597
2.14753731343
2.11798507463
0.245746268657
0.212014925373
0.219925373134
1.3823880597
-2.60365671642
-2.55134328358
0.610671641791
2.64611940299
1.36873134328
-0.924029850746
-1.40164179104
-0.505597014925
-0.243955223881
5.34
3.31447761194
1.99328358209
2.66223880597
-4.6221641791
-7.72328358209
-4.73447761194
-1.47432835821
2.05485074627
-3.17746268657
-2.41388059701
3.37320895522
4.98410447761
3.65313432836
0.583805970149
5.09850746269
4.68679104478
3.76029850746
2.00813432836
1.22805970149
1.7571641791
2.95179104478
1.61641791045
-2.58567164179
-3.41134328358
1.88067164179
0.621641791045
1.59380597015
3.99902985075
6.03380597015
4.25313432836
-0.795074626866
-0.604328358209
0.919626865672
-0.130597014925
0.0134328358209
3.06141791045
0.981567164179
-0.254626865672
-2.41634328358
-3.28044776119
-1.22664179104
2.55410447761
-0.878507462687
-2.52358208955
-3.65
-5.12641791045
-5.45850746269
-6.76298507463
-3.6878358209
-0.584626865672
-0.473880597015
-1.36350746269
-2.41544776119
-2.87559701493
-3.67589552239
-2.845
1.24835820896
1.58462686567
-0.412985074627
-1.30619402985
-0.833955223881
-1.19291044776
-0.0134328358209
-0.250671641791
1.55820895522
0.738955223881
0.566044776119
-4.40910447761
2.26567164179
7.90208955224
2.76970149254
-1.34559701493
-3.76611940299
1.79529850746
-0.0417164179104
2.21014925373
1.04798507463
0.454402985075
0.576940298507
0.464701492537
2.50910447761
2.69940298507
3.40067164179
3.15955223881
3.69567164179
2.68970149254
3.68343283582
0.141044776119
3.10776119403
1.43373134328
5.02
3.48417910448
1.01007462687
3.46126865672
1.79529850746
1.56910447761
-1.13813432836
-2.67686567164
-1.37313432836
1.25492537313
3.19634328358
1.29440298507
2.30291044776
3.40619402985
-1.69164179104
0.978656716418
4.93776119403
6.85895522388
5.14925373134
3.75014925373
3.65417910448
-0.636567164179
-0.103208955224
0.518059701493
0.343955223881
1.31574626866
3.62634328358
1.19597014925
1.17186567164
4.90820895522
7.34791044776
9.69164179104
8.96604477612
7.31641791045
5.87701492537
6.45440298507
3.52544776119
-1.3471641791
2.65328358209
1.53917910448
2.25701492537
4.89589552239
1.18664179104
1.72597014925
5.1728358209
2.05074626866
0.95671641791
1.66798507463
-0.00313432835821
0.478134328358
-0.349402985075
3.51686567164
6.41343283582
5.29776119403
6.32544776119
5.99529850746
1.26179104478
0.750597014925
4.54970149254
8.88888059701
8.33604477612
7.85805970149
5.67089552239
6.31679104478
4.06074626866
4.49552238806
5.59335820896
8.8123880597
9.90492537313
10.5504477612
10.7326119403
9.85037313433
7.90059701493
7.82455223881
9.41223880597
9.58328358209
10.5564925373
8.57059701493
9.79194029851
9.00932835821
4.49201492537
4.17276119403
7.88171641791
4.71559701493
6.20343283582
2.41970149254
3.23208955224
4.87455223881
5.9747761194
7.37164179104
5.98597014925
12.3714179104
11.2411940299
8.9176119403
9.34104477612
8.02037313433
8.0321641791
7.0226119403
10.0791791045
12.0826119403
10.5217910448
14.0167910448
14.6923134328
13.8017910448
11.9601492537
10.486119403
12.6720895522
13.2753731343
10.5934328358
8.21514925373
10.4585820896
10.2552985075
13.6518656716
11.9196268657
12.0314925373
16.0543283582
15.1154477612
14.5929850746
16.2264179104
14.2496268657
13.6945522388
13.4743283582
10.1639552239
12.0105223881
10.4835074627
8.57671641791
10.0370149254
6.42910447761
11.5503731343
7.03917910448
5.59873134328
8.70059701493
10.9101492537
15.7679850746
15.6908208955
15.08
15.0657462687
14.2586567164
8.95044776119
10.0885074627
12.3400746269
11.8106716418
8.79694029851
8.45604477612
9.54350746269
11.5808955224
6.65223880597
8.80641791045
14.6801492537
15.2614179104
13.5008208955
11.1032089552
13.5232089552
15.3508208955
12.8999253731
13.8732835821
12.9470149254
16.0897014925
16.0408208955
11.2052985075
9.58619402985
12.8526119403
14.5603731343
15.5025373134
12.9085074627
8.81097014925
11.572238806
9.08940298507
10.7762686567
8.91559701493
7.65731343284
6.58641791045
6.77141791045
10.0471641791
10.9417164179
8.40141791045
7.31223880597
5.46544776119
4.61007462687
8.48291044776
7.93126865672
9.36171641791
10.6741044776
12.0835074627
11.9244776119
10.2429104478
11.8834328358
11.052238806
13.7514179104
12.4497014925
11.8120895522
13.3305223881
12.1759701493
13.0014925373
13.3897014925
12.3313432836
11.4324626866
10.3693283582
9.5247761194
6.40410447761
4.29335820896
7.8576119403
8.42111940299
10.6182089552
9.33111940299
4.51686567164
0.396119402985
1.15611940299
3.91350746269
6.32052238806
5.80619402985
7.04388059701
6.33940298507
5.39097014925
5.3752238806
10.3529104478
6.07619402985
4.80365671642
2.6773880597
3.04343283582
2.81067164179
5.43052238806
6.99440298507
8.94843283582
10.5956716418
8.90425373134
10.0541044776
8.25358208955
8.48597014925
9.14843283582
6.31492537313
8.79320895522
8.39634328358
7.6997761194
9.18335820896
5.83992537313
9.07037313433
6.44432835821
5.54365671642
4.20604477612
0.862910447761
-0.265746268657
1.68201492537
-1.01582089552
1.7847761194
-0.332985074627
-1.63328358209
-1.88134328358
-1.09470149254
-1.95462686567
-2.22723880597
-5.09768656716
-6.02917910448
-3.59731343284
-1.87223880597
-1.885
-5.27074626866
-0.625671641791
-7.4376119403
-7.24097014925
0.630373134328
-2.47798507463
-6.3428358209
-7.94097014925
-7.4497761194
-7.13865671642
-5.78701492537
-6.35589552239
-1.56910447761
0.408059701493
-2.19955223881
-3.48917910448
-1.25014925373
-5.59253731343
-7.00880597015
-2.4976119403
1.18880597015
6.58492537313
6.41529850746
6.07
8.68567164179
7.9602238806
4.45485074627
4.05559701493
8.95156716418
6.80544776119
2.88731343284
2.99955223881
-0.00402985074627
-3.43619402985
-4.38111940299
-2.65805970149
-3.47992537313
-3.70626865672
-4.17044776119
-2.17947761194
-2.15843283582
-2.44044776119
-3.76059701493
-2.87111940299
-2.91410447761
-3.90201492537
-4.55992537313
-0.891940298507
0.469552238806
0.268059701493
-1.33917910448
-2.6997761194
-0.0719402985075
0.163656716418
3.96723880597
3.95574626866
-0.983432835821
0.435298507463
1.24850746269
3.58910447761
2.23111940299
3.56873134328
1.7223880597
1.42052238806
2.10417910448
1.27432835821
1.84328358209
1.19104477612
0.347985074627
5.18104477612
3.45253731343
1.80708955224
3.13820895522
1.74626865672
-0.222985074627
-1.75955223881
0.70447761194
3.6721641791
0.995597014925
-2.00537313433
1.11873134328
-0.124104477612
0.0602985074627
0.407611940299
-0.149850746269
-1.08947761194
-4.82746268657
3.80186567164
4.93119402985
6.895
3.1002238806
-0.27776119403
0.246417910448
2.58044776119
6.77223880597
2.36313432836
0.34828358209
0.677388059701
-0.010671641791
-1.25276119403
-1.46820895522
1.76313432836
3.3847761194
4.56895522388
5.97059701493
4.90723880597
2.80641791045
2.95014925373
7.94895522388
4.65171641791
-1.07708955224
1.97425373134
-0.0652985074627
0.0344029850746
0.542089552239
1.08037313433
3.12679104478
8.30268656716
7.66335820896
6.65223880597
3.495
2.13231343284
1.75223880597
0.774029850746
0.00208955223881
1.97395522388
4.23567164179
2.33537313433
1.55992537313
2.4478358209
3.25514925373
3.11925373134
0.359850746269
-2.50485074627
-2.58014925373
1.82925373134
0.704776119403
-2.68201492537
-4.19417910448
4.13649253731
2.70320895522
4.65910447761
3.32194029851
1.48880597015
1.81380597015
1.09320895522
-0.584776119403
2.88417910448
5.97492537313
4.74119402985
5.86208955224
7.41462686567
6.51671641791
6.43029850746
3.94664179104
4.70141791045
0.173208955224
3.22529850746
5.36544776119
5.90485074627
8.81134328358
8.2702238806
6.68634328358
8.12097014925
8.80074626866
8.13380597015
8.78149253731
9.29656716418
8.57395522388
8.88813432836
5.44828358209
5.08350746269
5.40544776119
3.22932835821
9.26574626866
11.3021641791
6.87970149254
3.85246268657
6.16350746269
6.16708955224
9.4902238806
9.43858208955
10.5276119403
5.98582089552
1.87059701493
1.5321641791
4.03335820896
2.87231343284
2.37641791045
5.56641791045
7.85417910448
9.41298507463
8.27059701493
9.77679104478
7.56313432836
9.26888059701
11.3815671642
8.76223880597
5.25537313433
6.96373134328
9.6826119403
8.6323880597
10.9991044776
10.9243283582
10.875
8.84880597015
8.35917910448
9.60276119403
11.8776119403
14.2509701493
12.6302238806
12.2829104478
10.2286567164
8.2278358209
11.7642537313
12.218358209
14.7320149254
16.5008208955
14.1879850746
15.3649253731
12.5405970149
9.60753731343
8.02268656716
7.41007462687
12.5176865672
9.90276119403
6.48052238806
11.4958208955
13.3458208955
10.5905223881
7.56559701493
8.0621641791
12.4211940299
7.57611940299
7.20858208955
9.285
13.0421641791
11.746641791
11.775
7.98694029851
11.1667910448
11.1504477612
6.81231343284
6.80044776119
8.60044776119
8.77671641791
11.2871641791
12.9853731343
15.3274626866
13.7451492537
11.9237313433
14.1819402985
14.8099253731
12.7702238806
13.8147014925
16.4082835821
12.8140298507
9.38082089552
6.4497761194
7.87888059701
11.8255970149
10.452761194
12.5343283582
14.3192537313
15.4214179104
13.8279850746
13.467238806
9.66708955224
9.3152238806
11.7055223881
13.5886567164
10.2680597015
11.5831343284
10.5447761194
10.3432835821
12.7655223881
15.1870895522
13.9596268657
15.0508208955
13.721119403
14.2479850746
12.061641791
10.611119403
11.0062686567
12.8621641791
11.187761194
8.29097014925
7.01074626866
8.73194029851
8.82373134328
8.51044776119
8.6978358209
8.87440298507
8.89813432836
9.21567164179
6.24791044776
6.52291044776
7.05141791045
3.04007462687
8.7021641791
9.67097014925
7.03708955224
6.67820895522
4.99611940299
8.63425373134
8.27649253731
7.79582089552
4.72164179104
5.97447761194
2.69701492537
3.90686567164
11.7789552239
9.8576119403
6.65343283582
8.73619402985
6.19111940299
2.64873134328
11.1078358209
8.65597014925
4.93037313433
2.62298507463
2.27402985075
3.22835820896
2.73432835821
6.90059701493
8.12723880597
10.5851492537
10.867761194
11.8970149254
9.35746268657
6.57082089552
6.76298507463
3.79873134328
-0.296343283582
-1.19156716418
-2.60955223881
0.459776119403
4.1221641791
5.37141791045
5.51231343284
2.22194029851
2.3421641791
5.14007462687
6.22
4.85485074627
4.09276119403
1.17291044776
0.0681343283582
0.395895522388
2.25328358209
0.905298507463
0.0985074626866
-2.03313432836
4.8947761194
5.26753731343
3.13634328358
6.57298507463
5.89208955224
6.15104477612
7.88052238806
4.39126865672
2.69843283582
3.45231343284
0.500746268657
-0.305223880597
-0.260597014925
-0.62447761194
-0.953955223881
0.962089552239
-0.899253731343
0.28723880597
-0.377835820896
-4.21970149254
-8.02388059701
-1.86611940299
0.959850746269
2.00701492537
-2.81417910448
-6.25679104478
-6.65925373134
-7.93410447761
-5.36962686567
-2.38649253731
-2.96768656716
-0.309850746269
-0.0829850746269
-2.01701492537
-4.17843283582
-3.14604477612
-4.32134328358
-6.15604477612
-3.71686567164
-3.08447761194
-0.287985074627
0.950298507463
1.53701492537
0.455
0.341343283582
0.837089552239
0.684029850746
0.434626865672
1.80305970149
3.1471641791
-0.325597014925
