-4.32341772152
-5.79392405063
-9.72810126582
-10.8097468354
-2.69265822785
-0.56746835443
-1.31734177215
-2.57291139241
-4.08670886076
-6.88746835443
-10.7458227848
-12.0587341772
-10.6034177215
-12.1078481013
-11.9013924051
-10.3107594937
-8.66886075949
-9.76632911392
-9.1717721519
-8.50873417722
-6.37379746835
-4.03025316456
-0.770379746835
-0.863164556962
-1.19620253165
-4.14253164557
-8.01101265823
-11.8488607595
-6.14481012658
-1.98012658228
2.11164556962
-5.36329113924
-5.12518987342
-0.741772151899
-0.872658227848
-0.861012658228
2.01050632911
1.59873417722
0.261772151899
1.46911392405
2.42683544304
-0.0336708860759
-0.583670886076
-0.533797468354
-1.7046835443
-3.29658227848
0.627721518987
-0.468227848101
-1.71721518987
-4.83151898734
-3.90025316456
-2.04772151899
-2.56329113924
-2.08759493671
-1.07151898734
-2.21379746835
-0.438987341772
-4.80278481013
-5.84873417722
-2.1535443038
1.1317721519
-1.38924050633
-5.77810126582
-6.30886075949
-5.23392405063
-2.4553164557
1.83455696203
-1.08443037975
0.696708860759
-0.554810126582
1.02962025316
0.416962025316
-0.115063291139
-0.601392405063
-0.660886075949
-0.370126582278
2.30860759494
0.546582278481
-4.43962025316
-6.02924050633
-6.86493670886
-2.22493670886
-0.846582278481
-0.803544303797
-0.313417721519
1.35734177215
0.985569620253
8.06164556962
2.6182278481
0.529240506329
-0.401392405063
3.92139240506
0.710886075949
-0.30835443038
-2.23012658228
-2.77481012658
-2.93987341772
-0.789493670886
-1.34911392405
-1.18987341772
-1.64329113924
0.378987341772
-0.0318987341772
1.60987341772
3.25594936709
5.37075949367
6.41240506329
6.46215189873
2.65417721519
-0.771772151899
-2.89202531646
-2.10759493671
-1.59240506329
-1.21518987342
-0.583037974684
-0.436962025316
-0.000759493670886
1.90253164557
2.25164556962
1.25493670886
3.62481012658
5.77481012658
3.22810126582
1.43189873418
0.356708860759
-1.32443037975
1.34392405063
6.05607594937
3.38632911392
1.37772151899
0.827215189873
3.26037974684
5.51050632911
4.25860759494
3.59607594937
1.45253164557
0.751518987342
3.10721518987
6.51329113924
5.78240506329
8.28949367089
8.12873417722
3.89607594937
1.38202531646
4.98291139241
5.41632911392
4.39240506329
7.71253164557
9.34126582278
8.42708860759
6.14316455696
3.25493670886
6.23518987342
4.78594936709
5.34860759494
9.84151898734
11.4482278481
13.5740506329
10.1308860759
10.7432911392
11.5905063291
12.1912658228
10.9560759494
8.1546835443
13.1592405063
16.5902531646
11.0432911392
9.00848101266
9.82189873418
8.02379746835
8.17987341772
5.99113924051
6.91379746835
6.86101265823
6.63405063291
7.46417721519
6.85101265823
5.5335443038
6.5246835443
5.36012658228
7.24898734177
7.14455696203
7.81632911392
7.30911392405
8.65936708861
8.03848101266
9.68405063291
8.11544303797
10.502278481
10.1189873418
9.60265822785
9.8146835443
9.71227848101
7.74658227848
7.30202531646
8.21860759494
10.1911392405
8.03164556962
5.60278481013
8.69151898734
9.75721518987
12.2375949367
7.39569620253
5.94556962025
6.69
10.7637974684
12.1864556962
13.6663291139
13.7456962025
15.4675949367
14.2910126582
12.8362025316
11.0543037975
10.9474683544
14.3515189873
17.3940506329
15.0613924051
13.3912658228
10.4551898734
9.76886075949
13.9251898734
11.0283544304
9.94088607595
9.93075949367
8.6735443038
7.7535443038
8.48556962025
11.0701265823
13.7730379747
14.1564556962
13.2278481013
11.6778481013
10.4856962025
9.69835443038
6.58227848101
6.7935443038
5.93658227848
4.95126582278
5.46556962025
9.70240506329
11.4667088608
12.9020253165
10.8183544304
10.0327848101
7.92797468354
5.17025316456
5.57759493671
11.2782278481
12.9617721519
9.43683544304
7.50518987342
8.97063291139
8.71898734177
7.37734177215
8.79379746835
9.38658227848
8.13835443038
8.40911392405
9.57164556962
8.15696202532
9.57797468354
8.6746835443
9.50569620253
13.313164557
12.4869620253
14.2163291139
12.12
11.7635443038
9.26658227848
7.19012658228
5.86405063291
7.51430379747
7.27278481013
8.51632911392
4.66367088608
5.91670886076
3.98265822785
3.04063291139
3.99278481013
3.03316455696
7.10911392405
4.01037974684
2.11265822785
1.13784810127
0.0115189873418
2.65949367089
2.77215189873
1.65101265823
0.805316455696
3.30025316456
6.42974683544
4.5882278481
0.822658227848
0.247088607595
0.897215189873
3.29949367089
5.14987341772
5.23658227848
3.1146835443
0.63
2.07924050633
8.55405063291
4.88329113924
1.32316455696
-1.31240506329
-4.81911392405
-7.93430379747
-7.78037974684
-7.60303797468
-7.71063291139
-5.38075949367
-4.52202531646
-5.90936708861
-3.95632911392
-4.8717721519
-4.22734177215
-2.71215189873
-1.04569620253
-0.88417721519
-0.894430379747
6.36189873418
7.30506329114
2.90873417722
0.470886075949
3.41025316456
5.20443037975
6.25860759494
6.67987341772
6.46151898734
3.42974683544
-1.37037974684
-5.77569620253
-3.08151898734
-3.47759493671
-5.35518987342
-10.3017721519
-11.7094936709
-8.90050632911
-7.77417721519
-9.55506329114
-8.74101265823
-12.1159493671
-11.9651898734
-7.6035443038
-7.53721518987
-3.10708860759
-0.466455696203
-0.0796202531646
2.33088607595
1.9217721519
-1.76658227848
-3.7453164557
-4.09265822785
-5.53455696203
-6.0982278481
-0.655949367089
-1.18987341772
-0.199240506329
5.41227848101
2.72151898734
-1.48797468354
-3.62873417722
-6.55987341772
-4.99607594937
-0.687594936709
-1.1917721519
-2.84417721519
-2.77708860759
0.568607594937
-3.26924050633
-4.26721518987
-5.3317721519
-10.6040506329
-13.5332911392
-7.91987341772
-3.80265822785
-7.97582278481
-9.49202531646
-6.14215189873
-7.84974683544
-3.77341772152
-5.69784810127
-4.64746835443
-3.25974683544
-4.69316455696
-4.80772151899
-8.27784810127
-9.84050632911
-10.0041772152
-7.40949367089
-4.55493670886
-4.54025316456
-7.28962025316
-3.56620253165
-6.78443037975
-7.70632911392
-4.69329113924
-4.52316455696
-3.94658227848
-2.07936708861
-1.46607594937
-3.08911392405
-3.05088607595
1.42556962025
2.41392405063
1.80063291139
-2.2746835443
-5.54126582278
-8.76810126582
-10.0441772152
-9.76
-9.41443037975
-7.97063291139
-4.68367088608
-6.21379746835
-7.1635443038
-8.38835443038
-9.22734177215
-8.93759493671
-9.33506329114
-7.78012658228
-6.20506329114
-5.30392405063
-6.22
-6.6
-2.78746835443
-0.0555696202532
0.0916455696203
-3.94759493671
-4.86101265823
-4.17037974684
2.72215189873
6.14113924051
7.28670886076
7.75392405063
8.96291139241
5.67329113924
3.48341772152
2.25949367089
0.0330379746835
-0.754683544304
-1.95493670886
-2.6235443038
-2.10683544304
0.472911392405
2.40746835443
4.4353164557
-0.516708860759
6.28303797468
7.13734177215
3.92202531646
1.69455696203
3.42265822785
4.36518987342
6.37949367089
8.8964556962
8.92291139241
9.89911392405
7.87860759494
2.48240506329
1.28265822785
0.887721518987
3.43215189873
7.27670886076
5.51075949367
4.43430379747
6.27734177215
8.71544303797
9.30012658228
5.4682278481
3.68607594937
0.379493670886
-3.64607594937
-4.47835443038
-2.64772151899
-0.777088607595
-2.63291139241
-0.784430379747
-2.57227848101
-4.39253164557
-0.931139240506
5.30025316456
1.11329113924
-0.981518987342
0.943924050633
4.22683544304
0.744683544304
-2.24962025316
-1.83607594937
-0.26746835443
1.49810126582
-0.298227848101
6.59810126582
7.62075949367
8.16772151899
10.7851898734
10.0407594937
6.49898734177
9.93481012658
10.0491139241
9.12227848101
8.19075949367
6.43012658228
4.8617721519
8.18189873418
11.5751898734
14.5969620253
10.4601265823
6.12544303797
7.77784810127
5.8446835443
7.25126582278
7.12392405063
6.1053164557
8.27810126582
10.5789873418
11.7997468354
13.9244303797
14.8589873418
13.0593670886
8.54873417722
8.43784810127
11.617721519
11.0030379747
13.1698734177
13.4183544304
10.103164557
7.18151898734
8.78253164557
3.65708860759
8.76632911392
15.3840506329
8.36708860759
5.33367088608
5.60025316456
4.25189873418
4.63012658228
5.91139240506
6.82430379747
7.81607594937
9.55227848101
8.86962025316
10.4034177215
10.3494936709
12.9686075949
6.9035443038
5.53886075949
8.93772151899
10.1967088608
9.99341772152
8.0253164557
9.10518987342
12.4736708861
12.5836708861
13.8124050633
15.8648101266
16.0706329114
16.1130379747
14.3716455696
12.2181012658
10.91
9.46848101266
11.2591139241
11.1625316456
7.97708860759
7.18936708861
6.67227848101
9.77696202532
11.7913924051
10.4907594937
8.80227848101
8.66455696203
8.03911392405
9.75835443038
8.9735443038
12.6296202532
11.697721519
8.03670886076
14.9959493671
14.783164557
13.8751898734
15.2562025316
16.4226582278
15.8415189873
15.0959493671
14.8398734177
14.3840506329
12.9703797468
12.7189873418
12.3310126582
11.6860759494
12.4569620253
14.8225316456
10.6735443038
6.38443037975
6.52278481013
8.48265822785
9.93113924051
8.03417721519
7.50481012658
6.8817721519
9.19860759494
7.50544303797
9.25379746835
9.48291139241
8.90746835443
9.0617721519
8.50556962025
7.24949367089
8.55620253165
9.03265822785
7.72063291139
6.95911392405
6.79113924051
8.19746835443
8.8482278481
12.4415189873
12.7927848101
11.3660759494
10.7024050633
12.0308860759
8.28810126582
5.45025316456
5.78810126582
10.4158227848
10.2884810127
9.42455696203
9.26708860759
10.0007594937
14.123164557
13.2020253165
7.77455696203
5.82556962025
6.57215189873
8.0764556962
7.12291139241
6.04164556962
7.33886075949
5.00949367089
6.93911392405
7.90987341772
6.23278481013
3.32949367089
6.99493670886
8.94265822785
7.19329113924
6.10746835443
6.60848101266
2.66151898734
2.17670886076
1.29683544304
1.41265822785
0.113291139241
2.28797468354
0.477974683544
0.467215189873
6.66974683544
4.69278481013
5.44860759494
1.51126582278
0.083417721519
0.314683544304
-1.13063291139
-0.541139240506
1.5553164557
1.68493670886
0.59417721519
3.62303797468
3.89974683544
4.85759493671
3.88227848101
8.7435443038
6.73291139241
5.91417721519
1.1246835443
0.723670886076
-2.83341772152
-3.34506329114
-3.96367088608
-4.12316455696
-3.92708860759
-2.88987341772
1.21405063291
-0.485063291139
-3.95835443038
-6.14797468354
-4.72696202532
-0.010253164557
4.42367088608
4.36620253165
6.98126582278
8.24303797468
6.28924050633
-1.56367088608
-2.89797468354
-2.25240506329
-0.0281012658228
-1.81202531646
-2.00772151899
-1.65164556962
-3.17
-4.22316455696
-5.91379746835
-2.7917721519
-2.59962025316
-2.45594936709
-1.45810126582
-0.745569620253
-4.22772151899
-5.26987341772
-5.53594936709
-7.92936708861
-14.1972151899
-9.9235443038
-8.15151898734
-12.1348101266
-14.0610126582
-9.93835443038
-13.092278481
-11.0805063291
-10.824556962
-5.41810126582
-3.87556962025
-4.80088607595
-3.92949367089
-4.59734177215
-8.45708860759
-7.43443037975
-3.97126582278
-0.231772151899
1.11
2.03898734177
0.768734177215
1.87734177215
3.52417721519
4.11708860759
-10.4655696203
-13.5318987342
-14.2051898734
-12.5241772152
-15.7796202532
-13.5964556962
-10.8235443038
-11.415443038
-11.8617721519
-9.60848101266
-2.51113924051
-4.02734177215
-5.23962025316
-2.35
-3.20949367089
-4.25037974684
-3.97101265823
-2.2317721519
-5.00481012658
-4.91430379747
-4.23189873418
-1.93708860759
-6.43974683544
-2.5653164557
0.306708860759
-2.87569620253
-5.00443037975
-6.71696202532
-8.45367088608
-7.49012658228
-4.96227848101
-1.39987341772
0.607088607595
-0.684050632911
-1.65379746835
-0.259493670886
0.601518987342
1.00240506329
0.242025316456
-1.33987341772
-1.09443037975
-2.88898734177
-3.4146835443
-3.99683544304
-7.41126582278
-8.05493670886
-7.38544303797
-6.59582278481
-7.30544303797
-10.1139240506
-10.1886075949
-7.24227848101
-7.29721518987
-2.97987341772
1.93734177215
-0.168101265823
-0.317341772152
0.840886075949
-2.47341772152
-4.11126582278
-5.06848101266
-1.72759493671
-2.30037974684
0.0640506329114
-1.6264556962
-2.02278481013
-1.94139240506
-2.32367088608
-0.408987341772
0.638227848101
-0.225949367089
-0.623797468354
-2.15189873418
-2.14126582278
-0.583797468354
-0.245443037975
0.144303797468
-1.70291139241
-0.777721518987
1.42379746835
3.13227848101
3.32506329114
1.86075949367
0.47253164557
-1.21620253165
-1.24202531646
3.02
2.69544303797
1.25417721519
2.63379746835
5.81784810127
5.33
-1.70265822785
-2.96594936709
-2.44594936709
-2.27303797468
-3.82810126582
-3.07810126582
-3.14443037975
-1.46708860759
1.27303797468
2.53215189873
-0.348860759494
-0.46417721519
3.09974683544
2.89303797468
2.14392405063
0.140632911392
-0.0672151898734
1.49075949367
2.38316455696
1.28012658228
2.64202531646
-0.227721518987
-2.50848101266
0.0410126582278
-1.78506329114
1.15189873418
5.32974683544
3.5764556962
0.715063291139
1.09215189873
0.594303797468
4.0035443038
4.75151898734
3.1382278481
2.37848101266
4.96594936709
6.31696202532
8.81886075949
10.9707594937
11.6765822785
9.89607594937
10.9443037975
8.57873417722
10.8783544304
10.5164556962
8.16784810127
6.2235443038
6.3553164557
8.16620253165
10.9191139241
8.43113924051
6.48126582278
6.96240506329
8.83544303797
13.1520253165
16.2264556962
15.4792405063
16.9394936709
17.0570886076
16.2240506329
14.6326582278
12.5915189873
12.4110126582
9.56810126582
12.0124050633
8.79873417722
6.72493670886
5.69784810127
4.54974683544
5.36075949367
5.94670886076
6.68949367089
8.62481012658
8.87936708861
9.21924050633
10.56
11.4683544304
10.6273417722
9.29278481013
12.5439240506
10.1265822785
9.18594936709
8.55936708861
8.19949367089
7.73012658228
10.5716455696
14.384556962
9.49569620253
7.52569620253
10.5679746835
10.8281012658
10.1411392405
12.7843037975
15.1675949367
16.2658227848
15.7746835443
16.3689873418
15.6702531646
16.2773417722
13.7097468354
14.0437974684
12.7407594937
11.0656962025
12.9108860759
15.9794936709
14.3197468354
12.4584810127
14.6456962025
13.6810126582
11.0602531646
10.2951898734
9.45696202532
13.2883544304
13.6839240506
15.2705063291
13.6386075949
15.6258227848
15.9926582278
15.5072151899
14.016835443
12.8535443038
14.0489873418
13.8672151899
13.4470886076
12.6387341772
9.59772151899
12.4621518987
13.2356962025
11.3308860759
10.3402531646
12.1329113924
12.1641772152
10.2405063291
11.2517721519
7.77962025316
7.01493670886
7.71075949367
8.16721518987
9.72860759494
10.2586075949
9.65683544304
10.8710126582
9.84873417722
8.57329113924
9.34379746835
10.312278481
9.1364556962
8.34797468354
5.46746835443
8.85037974684
11.4364556962
14.2274683544
11.0253164557
10.3343037975
10.2718987342
11.0284810127
12.457721519
13.1586075949
13.1870886076
11.6451898734
12.6805063291
13.7693670886
13.7215189873
13.1459493671
13.0913924051
12.9115189873
14.2229113924
6.87063291139
5.39303797468
6.36113924051
7.97088607595
10.322278481
8.45253164557
8.31253164557
8.87101265823
9.96873417722
10.0783544304
9.39455696203
9.28253164557
6.83911392405
5.15202531646
7.41367088608
2.73417721519
6.37518987342
6.14898734177
6.16455696203
6.09835443038
6.21594936709
5.50569620253
6.26620253165
5.09493670886
2.28291139241
3.81708860759
5.49772151899
6.39721518987
4.59708860759
6.19746835443
5.71379746835
5.62063291139
3.80683544304
1.45924050633
1.95506329114
6.13
7.4717721519
4.22873417722
4.75974683544
2.66594936709
4.12291139241
6.59151898734
6.47379746835
5.36101265823
1.63848101266
-3.44949367089
-1.89063291139
2.6546835443
7.6317721519
6.36088607595
5.38784810127
3.40886075949
3.03556962025
-0.162405063291
-1.42886075949
-1.91367088608
-1.35367088608
1.24113924051
3.45556962025
2.28848101266
1.62139240506
2.26974683544
5.69569620253
3.08860759494
1.45835443038
2.08253164557
1.57139240506
-0.465696202532
-1.21620253165
-3.10050632911
-3.70810126582
-2.00367088608
-0.766962025316
-2.79481012658
-2.07101265823
-0.550379746835
0.204556962025
3.88164556962
2.67379746835
0.843544303797
-0.647215189873
-1.85620253165
-1.95670886076
-4.27949367089
-3.63936708861
1.74860759494
-2.13227848101
-2.83341772152
-3.77316455696
-3.46848101266
0.0154430379747
-0.72
-2.9735443038
-5.7217721519
-3.73215189873
-0.988481012658
0.648987341772
-0.798101265823
-2.2682278481
-3.1
-4.6946835443
-4.61367088608
-5.27164556962
-2.7
2.63886075949
0.910759493671
5.08075949367
0.101898734177
-0.749620253165
-1.78265822785
0.973291139241
3.26962025316
-1.63253164557
-1.93025316456
-3.02696202532
-1.88632911392
1.11594936709
2.41924050633
-1.63860759494
-3.3153164557
-3.60607594937
-2.5446835443
-0.160379746835
-3.40772151899
-2.60746835443
-2.95721518987
0.543544303797
4.46936708861
4.25518987342
2.40759493671
-3.15784810127
-3.58113924051
-1.58556962025
-3.06987341772
-4.91759493671
-5.99405063291
-6.35189873418
-2.23974683544
-3.32797468354
-7.72253164557
-8.45012658228
-7.43759493671
-8.80050632911
-6.03607594937
-9.85063291139
-10.4988607595
-9.80341772152
-12.0364556962
-8.86417721519
-9.29215189873
-7.95556962025
-4.42417721519
-9.21506329114
-12.315443038
-11.4915189873
-7.7664556962
-5.0382278481
-0.545189873418
1.61746835443
-0.388607594937
-1.86430379747
-2.86443037975
-3.30316455696
-3.37670886076
-1.46139240506
1.29886075949
2.97797468354
1.6117721519
0.93
0.378607594937
-1.63962025316
-5.03746835443
-4.00797468354
1.05886075949
4.19481012658
1.44987341772
-0.168227848101
4.97025316456
6.14683544304
4.7464556962
4.37164556962
-2.03303797468
-2.59481012658
1.85329113924
-1.79683544304
-2.42569620253
-2.72037974684
-3.74253164557
-4.0553164557
-1.46126582278
1.68075949367
1.20329113924
1.29696202532
-0.321772151899
-2.43734177215
-0.984303797468
0.347341772152
-0.283670886076
0.821392405063
1.51632911392
1.93886075949
3.43037974684
0.75253164557
-0.850886075949
-1.28189873418
1.54101265823
2.05101265823
4.40658227848
8.97658227848
6.45113924051
3.22151898734
8.49088607595
5.57860759494
4.3117721519
5.42696202532
4.18227848101
7.15392405063
5.98303797468
5.3646835443
6.18898734177
3.89417721519
6.02987341772
4.07443037975
3.0053164557
3.5653164557
2.23620253165
2.67455696203
6.71784810127
6.35594936709
4.88746835443
3.8964556962
3.6782278481
4.39987341772
5.15379746835
5.66379746835
9.10405063291
9.93113924051
7.34101265823
6.44215189873
5.09632911392
5.29367088608
6.9217721519
5.98759493671
6.11860759494
6.13696202532
6.39253164557
6.03303797468
4.79987341772
4.06518987342
5.27088607595
5.91050632911
5.91037974684
12.1541772152
11.1213924051
8.10936708861
10.902278481
11.5053164557
8.10202531646
4.55151898734
8.86708860759
13.0784810127
11.6167088608
8.62898734177
10.5075949367
12.7324050633
10.9869620253
6.46012658228
3.85734177215
4.95101265823
4.58556962025
8.43455696203
10.176835443
12.5263291139
14.3825316456
13.1156962025
14.1981012658
13.7951898734
13.8579746835
10.9939240506
7.21582278481
7.61898734177
11.3053164557
10.3070886076
6.93670886076
12.467721519
13.4798734177
13.7165822785
15.7544303797
15.4348101266
16.6943037975
16.2049367089
16.165443038
17.4943037975
17.4056962025
13.5859493671
9.08848101266
10.4105063291
15.5579746835
15.5693670886
15.1078481013
13.2292405063
9.74658227848
5.15708860759
8.90632911392
13.4003797468
15.2456962025
13.1655696203
17.0555696203
20.4594936709
16.5834177215
12.8237974684
13.6934177215
14.1684810127
14.7005063291
10.82
9.15063291139
8.16253164557
9.22240506329
9.2435443038
10.2830379747
12.757721519
13.4008860759
14.3729113924
13.5527848101
13.4940506329
9.20987341772
8.67493670886
6.56430379747
12.2243037975
12.8743037975
13.4808860759
15.3430379747
15.9635443038
15.5770886076
14.8130379747
15.434556962
15.7486075949
15.83
14.9786075949
14.2725316456
12.4912658228
9.84417721519
11.3021518987
12.0027848101
14.2853164557
13.607721519
8.9353164557
8.64405063291
10.7794936709
6.03848101266
3.9364556962
1.95670886076
11.4294936709
9.58784810127
8.34025316456
7.52924050633
6.38974683544
7.44658227848
9.28746835443
7.71620253165
6.35417721519
7.54658227848
10.5960759494
7.45670886076
6.46139240506
7.88987341772
6.08050632911
8.52949367089
5.77607594937
5.03696202532
9.14291139241
12.1763291139
11.5282278481
7.20797468354
4.01936708861
6.62734177215
12.3625316456
12.5044303797
11.2936708861
8.24898734177
6.39544303797
6.53493670886
5.47113924051
7.39088607595
4.04113924051
3.90721518987
3.44772151899
7.21784810127
6.68962025316
4.96037974684
3.62379746835
3.08493670886
5.26658227848
2.62037974684
1.38037974684
-0.0046835443038
-1.31810126582
0.541772151899
-0.850886075949
2.84784810127
3.27012658228
1.49594936709
0.121392405063
-1.73455696203
-2.00012658228
3.52189873418
3.97443037975
2.3946835443
2.68443037975
5.68278481013
4.45632911392
4.83291139241
3.22417721519
5.59683544304
5.2153164557
-1.23189873418
-3.11569620253
-6.13341772152
-8.2164556962
-9.02620253165
-5.01746835443
-3.08088607595
-4.02683544304
-2.26265822785
-2.4346835443
-3.01734177215
-4.58
-5.48430379747
-5.7517721519
-2.42721518987
7.69075949367
5.14075949367
2.59506329114
0.456962025316
-5.2335443038
-7.29708860759
-8.68164556962
-9.29860759494
-4.97746835443
-3.33683544304
-4.61759493671
-5.79582278481
-7.51898734177
-2.95101265823
-5.58227848101
-9.23075949367
-11.2784810127
-10.3479746835
-8.28189873418
-8.36924050633
-10.2964556962
-4.37240506329
-1.08569620253
-0.0278481012658
1.01594936709
1.14848101266
1.12632911392
1.95898734177
4.40607594937
6.11025316456
1.10215189873
-1.04962025316
2.17303797468
2.87708860759
0.0807594936709
-1.01607594937
-0.608860759494
0.0194936708861
0.136329113924
-2.20443037975
-3.41227848101
-2.54164556962
-1.37569620253
-2.19316455696
-3.64506329114
-4.93784810127
-4.08860759494
-0.400506329114
-2.04265822785
0.305316455696
-2.81379746835
-2.88481012658
-1.80658227848
-3.1846835443
-4.50379746835
-4.95987341772
-8.02784810127
-9.39810126582
-4.70556962025
-2.37518987342
-6.61797468354
-9.18379746835
-4.38848101266
-1.53291139241
-0.363544303797
-0.225316455696
-1.43594936709
-1.6364556962
-0.334556962025
-0.421139240506
0.0584810126582
-0.645696202532
-1.95341772152
-1.95012658228
-2.44746835443
-2.85291139241
-6.06974683544
-2.16443037975
-6.79
-5.94405063291
-6.95037974684
-6.66240506329
-9.32113924051
-11.3362025316
-10.0555696203
-9.58164556962
-8.45936708861
-4.64772151899
-2.90974683544
-3.55873417722
-3.50493670886
-4.35962025316
-3.26164556962
-1.93367088608
-2.96341772152
-4.64075949367
-4.29873417722
-4.96873417722
-3.63063291139
-5.5917721519
-5.3417721519
-0.674303797468
-0.86746835443
-3.7046835443
-5.93696202532
-8.7146835443
-6.9835443038
-6.47886075949
-2.95797468354
-2.89810126582
-1.99797468354
-2.37962025316
-2.48734177215
-3.38835443038
-5.87215189873
-7.44708860759
-4.1417721519
-2.56721518987
-2.76835443038
-1.34164556962
0.998987341772
0.0544303797468
1.06506329114
2.56392405063
1.3064556962
-1.31063291139
-2.24493670886
-0.989240506329
-2.93569620253
-3.78886075949
-2.33202531646
-3.02848101266
-1.5253164557
-0.500126582278
0.830632911392
0.503291139241
0.48
1.15506329114
0.535569620253
0.0764556962025
1.11670886076
5.83050632911
0.932784810127
-0.414936708861
-1.20088607595
-0.170506329114
1.74367088608
4.41848101266
7.19670886076
7.84075949367
4.96696202532
3.3117721519
4.74911392405
-1.08898734177
-1.1853164557
-2.77151898734
1.03670886076
1.61215189873
2.64050632911
5.46253164557
6.23367088608
9.93430379747
9.84405063291
0.774683544304
-0.0340506329114
0.620379746835
2.08240506329
2.5517721519
2.26481012658
2.85316455696
5.31594936709
5.95215189873
7.11329113924
7.45063291139
6.58886075949
7.8182278481
6.94481012658
6.14936708861
4.90088607595
5.68075949367
5.37392405063
6.39227848101
6.71873417722
7.38620253165
5.29696202532
4.48759493671
5.41151898734
3.63025316456
6.7617721519
8.68088607595
11.7593670886
7.56746835443
6.17898734177
6.63265822785
6.17594936709
6.38012658228
5.89670886076
6.51443037975
7.80620253165
5.34
8.23215189873
10.4475949367
7.09481012658
7.26050632911
7.29658227848
9.74544303797
9.42139240506
11.8141772152
13.8517721519
9.46924050633
8.10607594937
5.91012658228
4.97759493671
7.0182278481
7.27556962025
7.69379746835
5.6482278481
4.98670886076
3.58341772152
7.88303797468
5.66696202532
6.19797468354
6.09683544304
7.1546835443
6.33683544304
9.60810126582
12.7281012658
16.8875949367
18.512278481
12.9016455696
11.2641772152
10.2459493671
10.4040506329
8.25746835443
8.10151898734
8.24936708861
10.0462025316
8.39911392405
9.55113924051
8.56012658228
7.38949367089
8.85126582278
9.4364556962
9.61303797468
9.05265822785
10.3848101266
11.9340506329
12.1665822785
17.074556962
12.3364556962
9.66810126582
14.213164557
14.3753164557
12.3388607595
9.89696202532
8.90113924051
11.0807594937
12.1858227848
12.7644303797
12.1524050633
11.9884810127
10.982278481
11.0582278481
12.0820253165
10.2243037975
9.81088607595
10.1624050633
12.7411392405
11.6893670886
12.3456962025
12.4126582278
12.9894936709
12.5765822785
14.1079746835
13.3036708861
11.1144303797
10.3844303797
10.6884810127
11.1601265823
12.4444303797
13.0660759494
11.4343037975
13.6632911392
13.2527848101
6.38721518987
5.44012658228
5.52417721519
5.68835443038
6.92708860759
6.67544303797
7.56949367089
7.70455696203
9.8046835443
9.75012658228
10.4583544304
9.54215189873
8.78987341772
8.85240506329
6.30518987342
8.04493670886
7.21886075949
4.8735443038
4.71405063291
4.32696202532
4.66632911392
5.41569620253
5.78556962025
4.29556962025
6.81658227848
10.3826582278
9.88506329114
6.14848101266
4.95670886076
5.67835443038
6.71873417722
6.55126582278
4.46379746835
5.63734177215
7.83367088608
10.5743037975
9.42037974684
5.16050632911
6.41012658228
6.12379746835
7.09886075949
4.07493670886
4.12202531646
7.05708860759
9.87924050633
6.03556962025
3.15265822785
2.26518987342
6.75392405063
4.85050632911
6.76050632911
3.90341772152
2.17240506329
0.96253164557
3.25392405063
5.7217721519
2.94594936709
5.42367088608
3.44316455696
2.09341772152
2.64126582278
2.68506329114
2.03936708861
2.4417721519
5.1446835443
3.38746835443
3.76759493671
4.77253164557
2.25215189873
1.98873417722
-1.35708860759
-2.3253164557
-2.36658227848
-0.999493670886
0.894936708861
-0.801139240506
-0.908734177215
0.895063291139
3.14088607595
6.10101265823
4.97784810127
5.07
1.61898734177
-0.285443037975
-1.04886075949
1.82012658228
0.18164556962
-2.37594936709
-2.84506329114
-1.58189873418
-0.91582278481
-1.70430379747
-1.32037974684
-1.08746835443
0.185949367089
0.707341772152
0.0132911392405
0.440506329114
0.872658227848
-1.34278481013
-3.21316455696
-0.913670886076
-0.599240506329
-0.448987341772
-0.419620253165
-3.65721518987
-0.117215189873
-0.412658227848
-2.65164556962
-2.39759493671
-3.75417721519
-4.90721518987
-3.3035443038
-2.58291139241
-4.69151898734
-6.44430379747
-5.80860759494
-9.19860759494
-6.59848101266
-9.09721518987
-9.70227848101
-14.5070886076
-13.2886075949
-16.5934177215
-15.6730379747
-16.9381012658
-15.4349367089
-12.9907594937
-14.1708860759
-12.5634177215
-15.8388607595
-15.7644303797
-15.3059493671
-9.16721518987
-10.0549367089
-11.0950632911
-8.0717721519
-6.07443037975
-4.13518987342
1.11291139241
-3.13734177215
-4.34037974684
-3.48746835443
-2.55329113924
-7.85708860759
-9.15113924051
-5.53936708861
0.176962025316
0.170379746835
0.525569620253
2.69443037975
-4.29607594937
-5.97481012658
-3.89848101266
-2.82721518987
-6.75848101266
-7.95886075949
-10.6475949367
-14.8555696203
-15.7488607595
-17.5330379747
-15.195443038
-13.4834177215
-15.7259493671
-11.0050632911
-11.7832911392
-13.8458227848
-15.0706329114
-14.276835443
-6.99848101266
-5.97936708861
-9.04189873418
-2.75265822785
-0.0849367088608
0.766582278481
0.177721518987
0.158101265823
-0.86835443038
0.664683544304
0.624430379747
-0.140253164557
1.42189873418
1.24088607595
0.831012658228
-1.49265822785
-1.3435443038
-3.4335443038
-3.00215189873
-4.37341772152
-3.14253164557
-3.00443037975
-3.74670886076
-2.7517721519
-3.38683544304
-4.98544303797
-5.26506329114
-2.89620253165
-4.43012658228
-0.552405063291
0.136329113924
-0.25
0.246708860759
3.05848101266
-0.628101265823
-3.88189873418
-2.21746835443
0.75835443038
4.96291139241
4.35759493671
6.30240506329
4.97443037975
7.29291139241
9.7735443038
6.12848101266
3.3746835443
5.62227848101
3.74936708861
1.45835443038
2.3546835443
1.28050632911
0.0837974683544
0.983417721519
1.16784810127
1.64696202532
0.194303797468
1.06151898734
3.34443037975
4.27405063291
4.04278481013
7.4582278481
-0.597594936709
-3.47
-1.6882278481
-5.35037974684
-2.55949367089
-3.72227848101
-1.80240506329
-1.40101265823
2.94379746835
0.640379746835
-0.511012658228
0.442151898734
2.19139240506
6.16835443038
9.94569620253
6.46670886076
5.47721518987
7.12772151899
7.07
9.09683544304
10.9511392405
9.57911392405
7.23759493671
8.7335443038
8.81734177215
8.1753164557
9.97784810127
10.6356962025
10.2682278481
7.15101265823
6.78670886076
6.01936708861
7.91126582278
12.524556962
14.1049367089
12.1620253165
9.08291139241
7.86632911392
8.05582278481
10.9363291139
9.27949367089
9.23696202532
11.9025316456
14.4634177215
11.7259493671
11.6816455696
4.85835443038
3.14012658228
4.69202531646
5.49101265823
6.09772151899
4.55126582278
4.65405063291
5.14962025316
2.46620253165
4.97772151899
4.54
7.72797468354
8.43392405063
8.47734177215
9.90493670886
7.52379746835
8.08962025316
8.33683544304
6.49202531646
6.27873417722
7.62569620253
7.9746835443
9.31746835443
10.3582278481
8.7864556962
9.07392405063
11.0488607595
12.3184810127
12.4336708861
7.42316455696
7.76113924051
8.35696202532
8.78101265823
9.67873417722
9.99392405063
11.5175949367
14.1260759494
14.282278481
11.6646835443
10.4078481013
11.8044303797
13.2260759494
10.7537974684
6.92493670886
6.83848101266
11.8037974684
9.15658227848
12.7516455696
14.1135443038
13.0401265823
10.5358227848
13.22
10.8608860759
10.8396202532
9.92696202532
9.70911392405
11.0529113924
8.29594936709
11.1215189873
8.74936708861
6.53683544304
8.47291139241
9.30987341772
9.30113924051
7.13291139241
13.3025316456
12.4127848101
15.5055696203
15.0996202532
13.4358227848
9.52759493671
7.20556962025
8.62607594937
10.7055696203
10.4997468354
11.9703797468
9.29721518987
10.9444303797
9.79620253165
8.26506329114
8.3846835443
6.26569620253
8.49240506329
9.91683544304
11.5960759494
10.8783544304
7.20329113924
8.39987341772
9.21658227848
9.03835443038
5.01632911392
2.57721518987
5.82189873418
5.24734177215
3.50063291139
6.79139240506
9.17455696203
9.28481012658
9.88443037975
7.24708860759
5.23594936709
8.57784810127
10.9592405063
11.9329113924
11.4013924051
12.9840506329
13.2103797468
12.0808860759
8.82898734177
8.85303797468
7.31012658228
7.20696202532
8.75924050633
7.05873417722
6.60227848101
8.51392405063
11.9662025316
13.0544303797
14.0144303797
11.8007594937
9.82746835443
9.26
5.36367088608
4.21518987342
7.32316455696
7.79227848101
5.14506329114
2.46341772152
4.31949367089
6.71873417722
4.35708860759
7.04481012658
5.95759493671
3.18607594937
1.70227848101
1.53025316456
1.18734177215
1.63670886076
0.962278481013
0.686202531646
1.16493670886
0.886582278481
-2.56734177215
-1.53443037975
-3.61620253165
-3.25620253165
-0.678734177215
-0.594050632911
-2.53481012658
-3.27670886076
2.77772151899
-1.07215189873
-0.873417721519
3.14936708861
5.72493670886
-0.0317721518987
-3.25215189873
-4.07417721519
-4.71075949367
-4.21430379747
-4.88341772152
-5.33278481013
-6.69329113924
-7.77911392405
-8.25392405063
-7.25683544304
-6.18405063291
-7.0046835443
-7.14341772152
-7.61911392405
-7.36810126582
-10.1391139241
-6.3046835443
-4.88088607595
-6.92215189873
-5.97873417722
0.252784810127
2.43987341772
5.10341772152
6.79303797468
5.86936708861
2.18164556962
2.9435443038
4.06240506329
3.84696202532
-0.0418987341772
-1.76253164557
-3.77696202532
-4.99025316456
-1.92810126582
1.13746835443
4.34329113924
3.76202531646
1.41696202532
0.197974683544
0.0335443037975
-0.05
-0.26
0.16417721519
-0.00164556962025
1.18202531646
3.47974683544
-2.69493670886
-4.91658227848
-7.52797468354
-9.08708860759
-11.8441772152
-11.6391139241
-7.57151898734
0.505189873418
-6.44113924051
-5.03417721519
-2.09746835443
-6.68227848101
-8.67544303797
-8.67025316456
-9.28417721519
-1.74379746835
-0.887721518987
-0.66
-0.638734177215
-2.19012658228
-2.99670886076
-8.20873417722
-9.49506329114
1.04620253165
-0.453291139241
-0.27746835443
0.187215189873
-0.24835443038
-2.76303797468
-3.05139240506
-7.35075949367
-8.01303797468
-7.54025316456
-6.23708860759
-4.67088607595
-2.90329113924
-1.60126582278
-2.16873417722
-4.83835443038
-7.17063291139
-9.14620253165
-9.77506329114
-13.9820253165
-15.6303797468
-19.9639240506
-14.9972151899
-8.52367088608
-10.8150632911
-11.3467088608
-9.43886075949
-8.9764556962
-8.31101265823
-9.92278481013
-10.4136708861
-11.2720253165
-12.9039240506
-14.6827848101
-18.0602531646
-13.6663291139
-15.9484810127
-13.4369620253
-15.1782278481
-15.583164557
-11.5207594937
-8.49329113924
-8.20708860759
-7.85924050633
-5.27392405063
-3.71455696203
2.10493670886
-1.5646835443
-2.13405063291
-2.78240506329
-4.27759493671
0.0324050632911
-0.870126582278
-0.870632911392
-0.247848101266
0.562911392405
0.94253164557
-0.0310126582278
0.592278481013
-0.655443037975
-0.793164556962
-1.13949367089
-1.78139240506
-0.228481012658
-1.24974683544
-1.43202531646
-1.27417721519
-0.00784810126582
3.17594936709
1.17582278481
-0.921012658228
-0.120632911392
0.0369620253165
-1.48696202532
1.02835443038
-1.42493670886
-1.85367088608
-3.03873417722
1.4035443038
4.61341772152
1.16949367089
-4.51835443038
-7.4682278481
-8.28759493671
-8.13113924051
-4.09721518987
1.64860759494
2.98721518987
2.15063291139
1.11303797468
0.448101265823
0.0774683544304
1.99101265823
2.49772151899
2.0753164557
4.56113924051
4.79721518987
5.90911392405
5.32721518987
5.78797468354
8.60949367089
6.75151898734
5.38987341772
8.36316455696
10.5506329114
9.77556962025
11.3287341772
10.7107594937
8.4035443038
5.51734177215
4.6735443038
7.57962025316
8.72860759494
5.90974683544
9.29
8.73607594937
4.86670886076
1.91278481013
6.92924050633
12.1607594937
10.9403797468
12.1094936709
13.3943037975
9.34316455696
8.82835443038
7.32582278481
4.87050632911
9.21481012658
11.6278481013
6.88493670886
5.2082278481
4.1917721519
3.29924050633
5.04936708861
5.14911392405
5.30493670886
4.11037974684
2.25810126582
4.50481012658
4.27379746835
4.53518987342
6.65405063291
9.63924050633
6.72848101266
6.26784810127
6.96367088608
10.7263291139
13.1450632911
14.2996202532
15.9656962025
14.627721519
13.8230379747
15.8916455696
13.5983544304
10.2178481013
12.1175949367
12.3196202532
10.3986075949
13.1326582278
13.775443038
14.1811392405
13.5102531646
11.0988607595
12.0956962025
14.5593670886
16.0617721519
14.057721519
13.1530379747
13.2407594937
10.1025316456
7.86227848101
8.27493670886
7.81569620253
7.65101265823
5.56126582278
6.38974683544
6.51696202532
9.58291139241
12.4086075949
13.492278481
10.0574683544
9.62620253165
7.56734177215
9.92278481013
11.9670886076
12.2662025316
6.98708860759
7.16101265823
11.0407594937
12.4016455696
13.8940506329
15.8413924051
11.5003797468
13.8324050633
12.7769620253
12.2807594937
16.3562025316
17.4589873418
12.2118987342
9.73265822785
12.9692405063
9.21949367089
9.70746835443
13.1494936709
14.8018987342
14.1948101266
12.9411392405
12.3183544304
13.1403797468
12.6191139241
10.54
11.4863291139
9.8835443038
7.62759493671
5.51303797468
10.0436708861
8.57417721519
8.01329113924
5.82582278481
9.22240506329
8.92708860759
7.30329113924
6.13113924051
5.74126582278
7.41518987342
5.1064556962
6.64126582278
7.11708860759
5.70848101266
3.73151898734
5.46696202532
6.82012658228
3.78987341772
3.72734177215
3.07708860759
3.2346835443
6.87797468354
7.02544303797
10.2982278481
12.5586075949
5.68518987342
5.89772151899
4.09974683544
2.65329113924
3.72974683544
5.75227848101
7.01481012658
7.52329113924
7.23544303797
3.88050632911
3.09974683544
4.81898734177
6.16556962025
6.41
9.53063291139
8.43164556962
7.31949367089
6.73924050633
4.70265822785
5.58379746835
9.18037974684
8.22518987342
8.74341772152
7.02088607595
5.41443037975
6.13696202532
7.74265822785
6.20316455696
8.99632911392
9.26506329114
8.76493670886
8.29721518987
4.72455696203
3.39063291139
3.34379746835
2.7253164557
4.50835443038
0.426835443038
0.316455696203
1.10164556962
3.7682278481
0.695189873418
1.41341772152
1.74278481013
-1.18037974684
0.587974683544
4.84430379747
0.53253164557
-0.871139240506
-0.00974683544304
1.66063291139
1.50734177215
0.00898734177215
0.438860759494
-1.2135443038
0.644810126582
3.5282278481
5.40886075949
3.77367088608
2.54063291139
4.36101265823
7.25873417722
6.88835443038
3.12012658228
4.83632911392
1.36696202532
-1.15278481013
1.85392405063
0.547721518987
0.971518987342
3.7435443038
3.96316455696
0.156962025316
-2.05139240506
-2.68708860759
-3.18189873418
-2.54987341772
-3.51189873418
1.54569620253
-0.343164556962
1.8217721519
2.19759493671
1.73556962025
2.2817721519
0.883417721519
-0.00759493670886
-2.16544303797
-2.82417721519
-3.63835443038
-1.12506329114
-1.69962025316
-1.41556962025
-1.32797468354
0.506708860759
-1.67443037975
-2.37291139241
-2.19341772152
-8.00253164557
-6.96303797468
-8.31202531646
-9.25265822785
-7.08721518987
-2.50835443038
-1.61303797468
0.719113924051
3.35962025316
2.95240506329
2.49987341772
-2.25430379747
-11.0316455696
-7.78443037975
-3.21759493671
-3.85113924051
-11.2482278481
-12.6886075949
-7.50594936709
-13.2534177215
-20.4751898734
-19.2981012658
-18.7696202532
-18.3891139241
-18.645443038
-15.0102531646
-11.4563291139
-11.5326582278
-9.30240506329
-7.58417721519
-8.89696202532
-5.97810126582
-3.86848101266
-2.28202531646
-3.00987341772
-4.59
-9.71670886076
-8.95708860759
-14.2511392405
-19.5735443038
-15.346835443
-11.3887341772
-10.4915189873
-8.97455696203
-3.68443037975
-0.530379746835
-0.899367088608
-2.51924050633
-4.89101265823
2.48265822785
0.727974683544
-1.75075949367
-0.92164556962
-1.49670886076
-2.79379746835
-2.34063291139
-3.94316455696
-5.05759493671
-5.73797468354
-8.06227848101
-5.06607594937
-5.16632911392
-3.91556962025
-7.53962025316
-11.1555696203
-10.3062025316
-7.5753164557
-2.01392405063
2.60620253165
1.63316455696
-3.58088607595
-14.6217721519
-15.676835443
-12.9529113924
-10.7305063291
-13.0712658228
-12.3449367089
-9.74911392405
-8.67139240506
-8.46291139241
-9.59962025316
-10.0226582278
-8.6582278481
-8.69759493671
-4.51860759494
-4.89620253165
-1.87113924051
-2.86379746835
-5.21189873418
-3.86316455696
-3.23898734177
-3.6653164557
2.73303797468
4.20544303797
2.51164556962
1.40291139241
0.723797468354
-1.30037974684
-3.59139240506
-1.85075949367
-2.48417721519
-1.94708860759
-0.506202531646
2.16962025316
2.26784810127
1.82620253165
3.1546835443
6.18151898734
3.96151898734
3.10772151899
-0.294810126582
-0.634556962025
-0.196835443038
-0.562025316456
4.81050632911
3.45215189873
5.02936708861
4.65455696203
7.88620253165
5.54455696203
1.81430379747
0.96253164557
1.32569620253
4.90189873418
6.59025316456
8.45797468354
4.27860759494
2.80962025316
6.49898734177
10.3339240506
7.86632911392
7.54873417722
2.56594936709
0.369367088608
4.19873417722
3.31797468354
1.62734177215
3.05911392405
2.62455696203
4.19670886076
0.631392405063
4.42481012658
1.46518987342
0.270379746835
3.24405063291
2.36772151899
0.28253164557
3.77202531646
4.91556962025
2.37582278481
0.505316455696
2.75708860759
3.85708860759
5.78278481013
6.42037974684
7.1935443038
8.16189873418
7.03797468354
4.69734177215
5.09392405063
8.14797468354
7.67240506329
8.35835443038
8.54949367089
8.12278481013
8.26632911392
7.67962025316
10.3239240506
7.45126582278
5.52227848101
5.17696202532
7.21607594937
9.88670886076
8.10886075949
9.2346835443
7.66544303797
5.09151898734
4.23481012658
5.22835443038
5.14506329114
8.54518987342
8.23050632911
6.74126582278
10.2070886076
8.84784810127
7.62265822785
9.39518987342
10.7686075949
13.2413924051
14.7055696203
17.3840506329
15.7739240506
12.9110126582
13.2869620253
13.1950632911
10.0994936709
11.2101265823
13.0983544304
12.9769620253
9.99341772152
6.0553164557
11.2025316456
13.23
9.98506329114
8.68810126582
14.8237974684
15.7716455696
14.3660759494
11.3186075949
10.5039240506
11.483164557
10.946835443
11.0850632911
11.7106329114
10.3112658228
8.64518987342
5.04481012658
6.44227848101
7.35367088608
9.78037974684
11.523164557
9.38569620253
10.0253164557
8.82670886076
8.33392405063
6.66886075949
5.76721518987
5.20012658228
4.55835443038
7.43202531646
9.96936708861
9.28240506329
7.05367088608
8.82518987342
10.6196202532
13.8860759494
11.204556962
8.6682278481
11.234556962
15.0584810127
14.1169620253
12.8015189873
13.3717721519
14.3811392405
14.8998734177
14.2164556962
11.4617721519
9.13037974684
10.094556962
10.4412658228
10.7816455696
11.3826582278
8.67987341772
8.70632911392
14.2259493671
11.9518987342
12.9212658228
13.2170886076
10.1312658228
9.81063291139
8.12772151899
8.2446835443
8.95278481013
9.84455696203
11.356835443
14.3924050633
10.8392405063
8.75746835443
7.38037974684
11.7992405063
14.3034177215
9.81569620253
13.8196202532
13.0572151899
15.1092405063
13.2615189873
8.06012658228
6.31202531646
5.17835443038
4.07367088608
1.38291139241
1.96582278481
1.24506329114
2.24240506329
1.11455696203
1.64050632911
3.39658227848
7.35848101266
9.49860759494
5.63215189873
4.56658227848
2.18607594937
5.38417721519
8.55139240506
1.92012658228
3.04658227848
5.92936708861
6.82860759494
8.7917721519
6.04936708861
4.43759493671
3.9564556962
2.66227848101
5.17126582278
5.62848101266
3.90151898734
4.86265822785
2.35658227848
1.05278481013
3.41721518987
4.83392405063
4.58658227848
3.1117721519
3.46063291139
4.03316455696
5.32544303797
3.56088607595
0.573544303797
-0.218987341772
0.643037974684
-0.66253164557
-0.105316455696
0.47582278481
2.28607594937
2.9682278481
2.99202531646
1.64670886076
1.08974683544
0.421265822785
1.79848101266
4.02746835443
3.79607594937
4.32873417722
1.86810126582
1.2735443038
1.24759493671
0.442025316456
-2.18506329114
-1.4464556962
-1.63582278481
-2.0764556962
-1.63037974684
-1.9935443038
-2.68240506329
-2.97810126582
-3.23050632911
-4.20911392405
-4.35303797468
-4.08012658228
-3.37202531646
-7.19683544304
-10.5146835443
-11.3811392405
-10.7235443038
-4.89050632911
-2.60126582278
-7.04506329114
-7.90227848101
-6.4382278481
-1.13329113924
3.28582278481
6.91620253165
2.78379746835
3.15417721519
4.25481012658
0.615569620253
-1.26835443038
-1.97835443038
-3.13848101266
0.000759493670886
2.48265822785
3.55151898734
3.88506329114
3.57405063291
3.56506329114
2.78848101266
2.99835443038
2.76443037975
1.91189873418
2.9317721519
3.38151898734
-0.390759493671
-0.510886075949
-2.58784810127
-1.51329113924
-1.52012658228
-2.86607594937
-4.71772151899
-4.24253164557
-1.0735443038
-0.0563291139241
0.623164556962
-1.72265822785
-1.3264556962
-2.01835443038
-1.01696202532
-1.61050632911
-2.62329113924
-2.27278481013
2.24151898734
2.86784810127
-0.78253164557
-0.441392405063
3.2846835443
0.730506329114
-0.319367088608
-1.86962025316
1.8435443038
0.166075949367
1.43430379747
0.842784810127
0.499240506329
-1.79848101266
-2.52265822785
-2.40189873418
-1.69632911392
-1.84493670886
-1.76556962025
-3.85392405063
-4.61050632911
-3.8917721519
-3.46556962025
-2.76443037975
-1.61594936709
-0.634556962025
-3.54240506329
-5.12341772152
-0.664430379747
-1.54721518987
-3.72670886076
-4.35924050633
-4.34683544304
-3.24708860759
-4.61556962025
-4.06670886076
-5.13455696203
-6.57544303797
-3.71126582278
-2.9217721519
-4.27430379747
-5.26151898734
-2.65670886076
-5.33164556962
-8.34620253165
-5.52101265823
-1.85848101266
-2.06721518987
-4.73240506329
-3.70974683544
-4.62227848101
1.18455696203
-2.20848101266
-5.3446835443
-5.45860759494
1.11772151899
3.25670886076
2.85265822785
1.74949367089
0.86417721519
0.0632911392405
0.417594936709
-0.538227848101
-0.558734177215
0.833797468354
2.08746835443
1.59253164557
0.45835443038
-0.437594936709
-0.557974683544
0.611012658228
1.81860759494
2.83658227848
4.4364556962
3.94936708861
-2.45670886076
-5.08949367089
-1.60493670886
1.52493670886
0.0451898734177
-2.93544303797
0.255063291139
2.87886075949
7.26227848101
7.72265822785
8.67696202532
6.61164556962
4.01746835443
3.93493670886
-3.20835443038
-5.08974683544
-2.21151898734
-1.30949367089
0.338101265823
2.85113924051
2.24544303797
7.79683544304
7.00683544304
8.13291139241
7.08151898734
6.14443037975
4.42873417722
7.59746835443
6.64873417722
10.1778481013
9.35772151899
8.98329113924
5.47911392405
6.06227848101
9.11696202532
9.38556962025
11.2605063291
11.9446835443
11.1134177215
7.28962025316
6.55037974684
3.85746835443
0.806708860759
2.92329113924
3.28569620253
6.86455696203
10.0327848101
13.512278481
12.7374683544
10.5288607595
8.04493670886
6.6717721519
6.79708860759
6.85392405063
7.22962025316
9.51721518987
9.10974683544
5.33493670886
6.76784810127
7.24063291139
8.7882278481
9.84518987342
9.18481012658
10.732278481
8.97164556962
8.05075949367
9.69670886076
10.8703797468
10.5765822785
10.3149367089
10.3226582278
9.01417721519
8.17594936709
9.38050632911
8.5946835443
5.74253164557
9.36696202532
10.0901265823
10.5456962025
11.9927848101
11.56
12.6610126582
12.5621518987
13.2926582278
6.9164556962
10.223164557
11.3232911392
12.9883544304
9.43518987342
11.3230379747
10.7812658228
9.80949367089
8.04670886076
12.1741772152
9.94949367089
9.85721518987
10.4135443038
9.63911392405
9.0817721519
9.27721518987
9.69151898734
9.77860759494
9.7853164557
13.7792405063
14.4441772152
17.2970886076
11.7317721519
9.91987341772
11.9834177215
10.9458227848
8.07025316456
10.3778481013
6.75113924051
7.48873417722
10.2558227848
11.9730379747
8.19949367089
6.59911392405
9.74063291139
11.1808860759
12.5255696203
15.0859493671
13.1593670886
14.7293670886
16.1943037975
12.945443038
13.6756962025
11.0606329114
15.667721519
11.7263291139
9.08518987342
9.96455696203
13.587721519
11.7097468354
9.65898734177
8.39455696203
6.57189873418
8.49227848101
9.05063291139
8.25949367089
9.10367088608
14.1125316456
12.0756962025
8.85101265823
9.03898734177
9.40278481013
9.21898734177
7.33620253165
9.40835443038
9.34911392405
9.70215189873
7.80594936709
7.48101265823
8.31670886076
9.19607594937
10.7386075949
8.81227848101
5.74569620253
5.51746835443
6.35949367089
7.63379746835
7.82924050633
7.94278481013
8.75810126582
8.55493670886
6.93810126582
4.75873417722
8.24265822785
6.29670886076
9.25835443038
11.2592405063
10.5026582278
11.667721519
7.63405063291
5.76493670886
4.16506329114
4.24772151899
6.58417721519
6.85911392405
6.84278481013
6.43860759494
3.76594936709
3.39493670886
5.92911392405
4.98151898734
3.05
7.35620253165
8.58316455696
8.32050632911
9.69303797468
9.29291139241
9.07101265823
10.0570886076
9.66215189873
7.75848101266
5.02949367089
3.81316455696
4.13721518987
5.6446835443
4.44898734177
3.19607594937
4.74848101266
8.90746835443
0.310379746835
-1.61670886076
-2.86379746835
1.90164556962
-0.375949367089
-4.87367088608
-6.1753164557
-6.41101265823
-5.45341772152
-2.46253164557
-0.446329113924
-1.23860759494
0.615189873418
5.24202531646
4.91
3.46721518987
1.79189873418
5.0153164557
2.46784810127
0.280759493671
3.21860759494
-0.660506329114
-2.95
-8.16164556962
-12.8824050633
-8.04139240506
-3.29443037975
-0.344430379747
0.92164556962
0.85164556962
-1.99721518987
-1.77797468354
-0.576708860759
1.61670886076
-3.61405063291
-3.57518987342
-0.270632911392
0.883164556962
-0.588101265823
-2.30316455696
-2.69797468354
-1.22810126582
-0.967215189873
2.92126582278
1.17341772152
0.0360759493671
0.462278481013
-5.80860759494
-8.76430379747
-6.88215189873
-2.78607594937
0.240759493671
-5.22594936709
-4.26417721519
1.45797468354
2.59594936709
1.57291139241
-0.358734177215
3.45607594937
3.24481012658
3.35949367089
1.68936708861
-0.0259493670886
-0.483037974684
1.28860759494
1.25278481013
-2.66670886076
-2.7982278481
-0.353164556962
-0.736582278481
-0.504556962025
2.01050632911
4.26683544304
2.24240506329
-1.23341772152
-0.376962025316
-0.0118987341772
-0.307721518987
-0.540506329114
0.797088607595
-1.04746835443
-1.94594936709
-3.22037974684
-4.07670886076
-3.14291139241
1.01860759494
-1.68518987342
-4.04582278481
-3.64810126582
-3.60620253165
-2.59367088608
-4.14746835443
-3.8917721519
-1.70151898734
-1.37379746835
-2.5946835443
-4.18936708861
-3.48962025316
-4.15189873418
-3.97291139241
-0.461772151899
1.3235443038
0.0708860759494
-1.54835443038
-2.5017721519
-1.36886075949
-1.04253164557
-1.55101265823
-0.480886075949
-1.33227848101
-1.24215189873
-5.45898734177
0.116962025316
5.89696202532
1.69784810127
-1.64291139241
-2.85316455696
0.375696202532
-0.980506329114
0.850632911392
-1.07088607595
-1.42632911392
-0.806582278481
-0.990886075949
0.671265822785
0.911898734177
2.22873417722
2.14240506329
3.92316455696
3.70924050633
1.43848101266
-1.11518987342
1.96632911392
2.28075949367
3.0517721519
1.71443037975
-0.555316455696
1.12886075949
1.27
-0.187721518987
-2.30227848101
-2.80594936709
-0.697974683544
0.470759493671
1.43101265823
-1.49367088608
0.225063291139
1.85987341772
-1.04898734177
3.02037974684
6.72518987342
6.88063291139
6.32253164557
6.36215189873
1.70569620253
-1.87898734177
-2.49455696203
-1.71151898734
-1.1353164557
-0.215569620253
1.76215189873
1.35708860759
0.501898734177
5.20784810127
6.19126582278
8.98227848101
7.50025316456
5.57620253165
4.00924050633
4.43607594937
1.87202531646
-1.91518987342
0.710379746835
0.635443037975
1.73784810127
2.8546835443
0.0217721518987
1.58341772152
6.62949367089
0.739746835443
-0.936455696203
-0.426075949367
-0.950632911392
0.598734177215
0.540253164557
4.25151898734
7.3046835443
6.27202531646
7.8364556962
4.02683544304
0.16417721519
1.29746835443
5.58113924051
8.60721518987
7.45151898734
6.0264556962
4.38632911392
5.32949367089
4.96392405063
6.1717721519
7.96518987342
9.91240506329
11.7346835443
12.6803797468
11.7217721519
8.40518987342
7.55392405063
8.79164556962
10.102278481
11.2555696203
11.3440506329
9.90227848101
11.143164557
8.88759493671
2.81265822785
4.94417721519
6.40063291139
4.28696202532
4.25746835443
1.96987341772
2.43772151899
4.18746835443
5.01367088608
6.08265822785
6.88759493671
10.81
9.63936708861
9.71329113924
10.5594936709
9.42101265823
8.33810126582
8.06607594937
11.2291139241
12.9343037975
11.9825316456
13.9934177215
13.427721519
13.103164557
11.4226582278
10.63
13.5162025316
11.7602531646
8.77316455696
7.30392405063
8.75987341772
10.2956962025
11.7151898734
10.3001265823
10.2091139241
15.826835443
15.8556962025
15.7984810127
14.6370886076
13.4237974684
13.106835443
11.2078481013
10.7740506329
11.4712658228
8.51481012658
6.57215189873
8.32341772152
4.75898734177
9.96696202532
6.06670886076
6.15329113924
9.59088607595
13.2592405063
16.1496202532
15.0536708861
14.7773417722
14.3612658228
12.9063291139
9.29227848101
10.4958227848
12.3226582278
9.82582278481
7.16392405063
6.56734177215
7.24189873418
10.5178481013
7.32784810127
10.6955696203
13.4149367089
14.0987341772
12.6718987342
11.36
13.1906329114
13.353164557
10.9758227848
13.7441772152
13.5181012658
17.5192405063
14.3727848101
11.5872151899
11.7944303797
13.6663291139
15.9467088608
15.2127848101
11.4173417722
9.09367088608
10.8310126582
8.53
8.57164556962
6.97303797468
5.90139240506
6.18025316456
7.48
9.71886075949
8.85708860759
7.01848101266
7.17772151899
5.86227848101
5.99898734177
8.64417721519
8.10367088608
9.6417721519
10.7483544304
11.3493670886
10.5511392405
10.4887341772
10.5296202532
9.66493670886
12.0258227848
11.7634177215
12.6388607595
12.7483544304
11.0701265823
13.6127848101
13.7905063291
11.194556962
10.015443038
9.36936708861
8.4953164557
5.28063291139
4.67443037975
5.96025316456
6.65329113924
8.8
6.95987341772
4.15126582278
1.17443037975
3.1164556962
5.07594936709
4.21291139241
3.70708860759
5.01481012658
4.12911392405
3.72164556962
4.82189873418
8.13544303797
4.35227848101
3.54506329114
2.7346835443
3.28607594937
5.57050632911
6.70443037975
7.43772151899
7.99594936709
10.0696202532
10.597721519
9.89164556962
9.33392405063
9.18215189873
9.91341772152
6.50987341772
6.69987341772
6.48987341772
5.77594936709
8.31265822785
4.45012658228
7.51556962025
4.4817721519
3.51746835443
2.38417721519
-0.721265822785
-1.00455696203
0.818734177215
-0.722405063291
1.45316455696
2.18607594937
1.02455696203
0.490759493671
-0.369240506329
-2.41126582278
-3.10873417722
-4.83620253165
-4.35810126582
-0.17746835443
2.0335443038
-2.65708860759
-5.91518987342
-2.47556962025
-9.63898734177
-8.94139240506
-1.87455696203
-3.35430379747
-6.10594936709
-5.85962025316
-4.97658227848
-2.87025316456
-0.358481012658
-2.12556962025
-1.94544303797
-1.21632911392
-2.40987341772
-4.8535443038
-2.27848101266
-7.00746835443
-7.78493670886
-4.64291139241
0.0136708860759
4.53734177215
4.68215189873
4.58582278481
6.56443037975
5.97835443038
2.50151898734
2.10037974684
7.01860759494
5.05582278481
0.620886075949
1.42291139241
0.5
-2.61835443038
-5.44721518987
-5.08835443038
-5.5846835443
-6.21620253165
-6.66949367089
-3.94594936709
-4.10949367089
-4.69341772152
-5.97088607595
-5.16063291139
-4.48784810127
-5.19683544304
-4.5046835443
-1.62240506329
-1.49683544304
-1.68734177215
-3.04759493671
-3.93848101266
-1.39316455696
-1.08189873418
1.87784810127
1.92759493671
-2.03658227848
-1.47797468354
-1.01227848101
1.51620253165
0.891392405063
1.61189873418
-0.324430379747
-0.412151898734
-0.119240506329
-0.508481012658
0.782151898734
0.00417721518987
-0.671898734177
2.73936708861
2.89101265823
1.42316455696
1.06974683544
0.803164556962
0.316075949367
0.494050632911
1.91746835443
2.10594936709
-0.217215189873
-1.97569620253
-1.04759493671
-1.98632911392
-1.78658227848
-1.07746835443
-1.5264556962
-2.79632911392
-6.05240506329
2.21063291139
4.21012658228
5.75518987342
4.81924050633
-0.26746835443
3.08607594937
3.99392405063
6.2382278481
0.230253164557
-1.36189873418
-0.986202531646
-2.4264556962
-3.43924050633
-3.63658227848
-0.440886075949
0.852784810127
1.92151898734
3.38139240506
3.21696202532
1.25683544304
0.68253164557
5.75417721519
3.40329113924
-0.653797468354
2.59556962025
1.39392405063
1.63278481013
3.47569620253
4.48886075949
5.38683544304
6.36126582278
6.9035443038
5.12962025316
2.14797468354
1.06202531646
-0.388607594937
-0.869113924051
-0.556962025316
0.124936708861
2.18392405063
2.20936708861
2.67379746835
3.97113924051
4.94556962025
0.675063291139
-1.48303797468
-3.37189873418
-2.13810126582
0.364303797468
-0.764683544304
-4.08721518987
-3.12797468354
1.87481012658
0.901139240506
2.61518987342
1.75670886076
0.10582278481
0.363924050633
0.167974683544
-0.804303797468
1.31962025316
4.19025316456
4.99493670886
4.83392405063
5.68329113924
5.04721518987
4.88708860759
4.23949367089
2.49215189873
-1.12455696203
2.26037974684
5.9664556962
7.25341772152
10.3994936709
8.50278481013
8.54683544304
10.4811392405
10.9297468354
9.59848101266
9.01962025316
8.49227848101
8.2364556962
7.09772151899
5.18227848101
3.86860759494
4.96
3.75632911392
9.45582278481
10.1218987342
5.54632911392
4.45962025316
6.84607594937
7.51620253165
10.0236708861
10.4613924051
9.41329113924
4.3435443038
2.58443037975
2.79670886076
3.78126582278
3.16164556962
3.95113924051
7.60721518987
8.93088607595
7.62240506329
6.43607594937
7.36164556962
5.90848101266
8.88987341772
9.42139240506
6.83949367089
4.33202531646
5.65291139241
7.43886075949
7.90455696203
9.1464556962
9.14316455696
9.02063291139
8.37481012658
8.23772151899
9.72430379747
11.2435443038
12.8692405063
10.5397468354
10.0387341772
8.83455696203
7.24962025316
10.7903797468
13.1487341772
15.4516455696
14.6407594937
13.3598734177
14.2503797468
10.1856962025
7.9146835443
7.34797468354
7.4217721519
10.2887341772
7.6882278481
5.41759493671
9.31797468354
11.2369620253
8.37481012658
6.24253164557
8.61265822785
12.6494936709
6.46898734177
8.67379746835
10.6732911392
10.9529113924
9.35860759494
9.43886075949
8.95544303797
12.9318987342
11.4226582278
6.53987341772
6.59
7.84189873418
9.86911392405
12.3191139241
14.7834177215
15.5901265823
13.083164557
13.5815189873
16.135443038
15.923164557
15.0664556962
15.7958227848
17.873164557
10.8788607595
7.76784810127
7.89620253165
8.61556962025
12.3729113924
11.192278481
14.3418987342
15.1739240506
13.65
12.9840506329
11.9296202532
7.78734177215
8.26898734177
10.0260759494
11.0391139241
8.38227848101
9.47683544304
9.68101265823
11.0001265823
14.4667088608
15.0501265823
14.0437974684
15.5248101266
14.636835443
14.6021518987
10.1411392405
8.69417721519
9.25341772152
11.215443038
9.3264556962
6.9635443038
6.12936708861
7.38746835443
7.38924050633
7.00962025316
7.05936708861
7.22886075949
8.08215189873
8.51189873418
6.39936708861
6.46544303797
5.94291139241
4.12810126582
6.55835443038
7.83518987342
5.18139240506
4.46113924051
2.81620253165
7.62113924051
6.41101265823
5.82696202532
3.91367088608
4.67025316456
2.57632911392
4.35151898734
11.1374683544
8.51
5.74227848101
8.33063291139
5.27506329114
2.2446835443
8.7264556962
6.5617721519
2.90911392405
2.08506329114
2.62430379747
3.27835443038
5.50126582278
9.51151898734
9.97227848101
12.4548101266
12.0081012658
11.2913924051
8.97265822785
6.80126582278
7.44810126582
1.67278481013
-1.07037974684
0.274810126582
-0.698860759494
3.08835443038
4.13189873418
3.94670886076
4.13759493671
1.68797468354
1.48974683544
3.81949367089
4.45670886076
3.24582278481
2.41329113924
-0.259493670886
-1.27101265823
-1.1646835443
0.170379746835
-0.292278481013
-0.303670886076
-1.30126582278
3.7564556962
4.13987341772
1.76721518987
4.86544303797
3.87556962025
4.15291139241
6.13316455696
2.10215189873
0.852025316456
1.31063291139
-0.466835443038
-0.622278481013
-1.91886075949
-2.14012658228
-1.41481012658
0.00354430379747
-1.11126582278
-1.08683544304
-1.59974683544
-6.24215189873
-8.51101265823
-3.97658227848
-0.399367088608
0.0430379746835
-4.11215189873
-7.31797468354
-7.43227848101
-8.71113924051
-5.19037974684
-4.04392405063
-5.00101265823
-2.2482278481
-1.9635443038
-4.39708860759
-5.87860759494
-5.29974683544
-6.26594936709
-7.08367088608
-5.6853164557
-5.30265822785
-2.27835443038
-0.770253164557
0.782784810127
-1.29202531646
-1.60810126582
-0.948860759494
-0.947721518987
-1.47506329114
-0.484683544304
2.54202531646
-0.254556962025
