-3.10933333333
-4.02244444444
-9.26725925926
-11.0874074074
-1.39296296296
0.457481481481
-0.0308888888889
-1.22844444444
-2.38792592593
-4.73051851852
-8.86777777778
-10.9120740741
-11.7374814815
-13.2765925926
-10.8671851852
-10.2343703704
-7.24940740741
-9.21288888889
-10.5742222222
-7.8062962963
-6.34881481481
-2.45622222222
0.218814814815
-0.0774814814815
-0.285259259259
-2.58148148148
-7.59407407407
-12.8566666667
-4.67303703704
-1.03377777778
3.42014814815
-3.97718518519
-3.90903703704
1.0537037037
0.170518518519
0.248444444444
3.42422222222
2.72451851852
1.34837037037
1.44925925926
2.12437037037
0.602962962963
0.57562962963
0.886814814815
-0.562444444444
-3.15644444444
1.85333333333
1.0282962963
-0.208814814815
-3.62192592593
-3.46844444444
-2.89992592593
-3.5822962963
-3.61703703704
-2.09437037037
-3.44133333333
-2.63362962963
-3.53148148148
-3.73251851852
-0.319037037037
2.75888888889
-0.0277777777778
-3.87955555556
-4.87451851852
-4.08748148148
-2.43703703704
3.498
-0.328740740741
1.18362962963
0.78362962963
2.33177777778
1.95459259259
1.71762962963
0.511703703704
0.0955555555556
-0.100518518519
1.76318518519
1.87066666667
-2.81622222222
-4.52133333333
-5.62059259259
-1.0357037037
-1.05977777778
0.115037037037
-0.103481481481
2.16014814815
1.19681481481
9.68407407407
4.40281481481
1.84511111111
-0.243481481481
5.42859259259
2.47733333333
1.7002962963
-0.107037037037
-1.02333333333
-2.54518518519
-0.86562962963
0.584518518519
0.40762962963
-0.251555555556
1.91755555556
-0.50837037037
0.487851851852
1.53718518519
3.24414814815
4.34681481481
4.74992592593
4.34911111111
1.05496296296
-1.06977777778
-1.35503703704
-1.03903703704
0.396222222222
1.22948148148
1.09162962963
1.59525925926
3.42948148148
3.71414814815
2.16459259259
3.70348148148
6.91244444444
4.93762962963
2.88874074074
1.9577037037
-0.710962962963
0.98362962963
6.62511111111
3.58355555556
3.34911111111
0.550148148148
1.92955555556
5.15955555556
5.39992592593
3.6917037037
2.03807407407
0.174666666667
1.64874074074
6.66911111111
5.10807407407
8.23511111111
6.56940740741
5.1682962963
0.904740740741
6.81762962963
6.58859259259
4.26992592593
5.97414814815
9.70340740741
8.20288888889
7.60125925926
3.62881481481
7.96303703704
5.29733333333
5.20577777778
11.4060740741
10.3519259259
12.4248148148
9.91555555556
12.2140740741
11.9932592593
13.1154814815
12.3092592593
8.34548148148
12.404962963
15.5287407407
12.7240740741
9.70511111111
11.5637777778
9.75074074074
9.22022222222
7.60822222222
8.33688888889
8.19622222222
7.55281481481
8.01155555556
8.66725925926
6.63548148148
7.80607407407
6.49962962963
9.10614814815
8.92822222222
8.76659259259
8.92014814815
10.2313333333
8.93925925926
10.9167407407
9.18496296296
11.2968148148
11.4585185185
11.2995555556
11.4338518519
11.3728148148
9.56718518519
8.68548148148
9.11414814815
11.3900740741
9.69807407407
7.02466666667
10.256
11.3316296296
13.5847407407
9.074
7.71451851852
6.16451851852
9.50696296296
11.1548888889
13.3618518519
13.1099259259
15.9328888889
14.1433333333
14.2887407407
11.7031111111
9.61681481481
13.2385185185
16.066962963
15.507037037
13.7403703704
11.8225925926
9.95844444444
13.8458518519
12.2667407407
9.76740740741
10.1863703704
10.0082222222
8.42955555556
8.43525925926
10.4998518519
13.3301481481
13.8617037037
13.1460740741
12.9294814815
11.9904444444
11.7394814815
8.58814814815
8.63118518519
7.38837037037
5.35518518519
4.41666666667
8.07903703704
11.1879259259
13.6836296296
12.2243703704
11.5284444444
9.37585185185
5.76340740741
4.33311111111
9.824
13.7731111111
10.3527407407
7.35555555556
8.26940740741
10.2416296296
8.9037037037
10.8003703704
10.7603703704
9.74577777778
9.78562962963
11.0002962963
8.63333333333
9.47059259259
9.51207407407
8.63688888889
12.1620740741
11.6377037037
14.0551851852
12.7917037037
12.6387407407
10.7917777778
7.73674074074
5.54866666667
7.49918518519
7.18362962963
9.31
5.40740740741
7.36355555556
4.3142962963
2.23977777778
4.90237037037
3.35177777778
8.55059259259
5.50325925926
3.55007407407
1.60814814815
-0.0792592592593
3.66896296296
4.1862962963
3.13992592593
1.32259259259
3.23451851852
7.30081481481
6.15585185185
1.88422222222
1.02185185185
1.57962962963
3.19533333333
5.54266666667
6.88518518519
4.35488888889
1.61866666667
3.42103703704
9.25555555556
6.90111111111
2.35777777778
-1.14266666667
-2.96859259259
-5.9897037037
-5.74874074074
-5.63896296296
-5.59451851852
-3.47940740741
-3.17881481481
-4.8537037037
-4.0802962963
-3.79022222222
-3.32266666667
-1.24844444444
0.0484444444444
0.955703703704
0.76
7.97
8.9862962963
4.93888888889
2.51437037037
4.18437037037
5.08281481481
7.766
8.4657037037
7.92651851852
4.45733333333
0.219037037037
-4.63777777778
-1.728
-2.03666666667
-3.53266666667
-9.24111111111
-10.6145185185
-7.43592592593
-7.73540740741
-10.1771111111
-7.10340740741
-12.1261481481
-12.2891111111
-6.0962962963
-5.5762962963
-1.04681481481
1.05414814815
1.01007407407
3.86762962963
3.572
-0.977851851852
-2.61274074074
-2.662
-4.20407407407
-5.87777777778
0.710148148148
0.34162962963
1.38177777778
7.00748148148
4.0977037037
0.0685925925926
-2.25237037037
-5.12422222222
-3.67962962963
0.345555555556
0.917185185185
-1.11148148148
-0.905555555556
2.22222222222
-1.35340740741
-2.39333333333
-3.73014814815
-10.6254814815
-14.4528148148
-5.89903703704
-2.53155555556
-7.88325925926
-9.30444444444
-5.53585185185
-6.98711111111
-2.24592592593
-4.24896296296
-3.26459259259
-1.68066666667
-2.67385185185
-2.98281481481
-7.46474074074
-10.4517037037
-11.2288888889
-7.83059259259
-3.63488888889
-4.44607407407
-7.77155555556
-2.33333333333
-6.87933333333
-9.64785185185
-6.84444444444
-7.64940740741
-6.05466666667
-1.61733333333
0.132222222222
-1.63637037037
-1.85985185185
2.92874074074
4.21637037037
3.56474074074
-0.444814814815
-4.11244444444
-8.33103703704
-9.38355555556
-9.76
-9.43881481481
-9.16422222222
-3.10592592593
-4.6697037037
-5.20162962963
-6.66155555556
-9.08118518519
-8.66259259259
-9.24614814815
-6.23251851852
-4.09511111111
-4.41096296296
-7.10103703704
-5.72466666667
-1.16607407407
0.512222222222
0.910888888889
-2.17237037037
-2.96711111111
-3.4562962963
4.01925925926
8.00688888889
9.13140740741
8.52148148148
10.5835555556
7.20392592593
5.38325925926
4.09296296296
0.704666666667
-0.775851851852
-0.799407407407
-0.820814814815
-0.347703703704
2.38407407407
1.81177777778
5.11740740741
0.860296296296
8.16985185185
8.74577777778
5.88607407407
2.66777777778
2.34
4.72844444444
5.01525925926
8.33859259259
8.75459259259
9.71696296296
6.99918518519
4.39651851852
2.93511111111
2.10281481481
2.40496296296
7.19644444444
4.87185185185
3.14318518519
5.01985185185
8.01918518519
9.3
5.68444444444
2.17111111111
1.45992592593
-2.10792592593
-3.45562962963
-1.17274074074
0.336148148148
-2.97733333333
1.1342962963
-1.41185185185
-4.1517037037
-0.231925925926
5.1822962963
3.11281481481
0.607259259259
2.61081481481
6.05518518519
2.35814814815
-0.981407407407
-1.09266666667
0.782962962963
3.12081481481
-0.195851851852
7.43651851852
7.3242962963
6.92103703704
9.59822222222
11.5803703704
7.54637037037
9.85888888889
11.3444444444
10.6937777778
8.35740740741
8.22918518519
4.67933333333
7.03733333333
10.0714074074
13.6455555556
12.2011851852
6.53007407407
8.87296296296
5.96703703704
8.29592592593
8.66777777778
6.81888888889
9.41244444444
11.5548888889
11.6042962963
15.0102962963
13.6468148148
14.2788148148
10.288962963
9.86244444444
12.9194814815
11.5882222222
14.1162962963
15.3207407407
11.4723703704
7.37081481481
10.3432592593
4.42162962963
8.60518518519
16.9173333333
10.441037037
7.29866666667
7.45614814815
6.36733333333
5.55296296296
7.65111111111
8.55111111111
7.68214814815
9.60251851852
9.13718518519
9.60281481481
11.1216296296
13.3801481481
8.55985185185
7.45859259259
10.7677777778
11.2457777778
11.6208888889
8.83562962963
9.81888888889
12.9716296296
12.6537037037
13.0932592593
15.4051851852
15.3041481481
16.2956296296
15.9571111111
13.7415555556
11.892962963
11.3965185185
12.3737037037
12.586962963
9.53037037037
8.168
6.46622222222
11.2393333333
13.0287407407
11.6377777778
10.1854814815
10.1267407407
9.92014814815
11.3702222222
10.9879259259
13.069037037
12.5891851852
7.37096296296
14.5947407407
14.9177777778
14.7242222222
15.0146666667
15.7322222222
14.7517777778
15.2831111111
15.8307407407
14.9232592593
14.3740740741
14.0327407407
12.9652592593
11.5567407407
12.3323703704
13.9755555556
12.0863703704
7.17237037037
6.4597037037
8.51318518519
11.3234074074
9.81540740741
8.17940740741
8.67896296296
10.56
7.48651851852
9.65525925926
11.2006666667
10.5861481481
9.58585185185
9.19244444444
6.21703703704
8.43251851852
8.63288888889
6.96703703704
6.25659259259
6.04251851852
6.26503703704
6.87637037037
11.365037037
13.2185185185
10.5126666667
10.8305185185
12.5088888889
9.04511111111
5.84259259259
6.04896296296
11.8373333333
11.1505925926
9.46437037037
10.3734814815
10.4834074074
15.1577037037
13.9058518519
8.79407407407
6.07377777778
5.86933333333
7.91822222222
8.02733333333
6.36414814815
8.40925925926
4.56785185185
6.12725925926
7.49414814815
8.212
5.45592592593
8.6997037037
9.87866666667
9.39659259259
7.02851851852
6.32511111111
4.70177777778
4.42288888889
2.55518518519
2.89007407407
1.26296296296
3.79044444444
1.19385185185
0.762962962963
6.596
6.50437037037
7.03214814815
2.63711111111
0.793333333333
1.17503703704
-0.811111111111
-0.144814814815
2.73933333333
2.68118518519
2.49577777778
5.09
4.60622222222
5.37244444444
4.31925925926
10.1485925926
7.31296296296
6.38266666667
2.3537037037
2.79
-1.71303703704
-2.1602962963
-2.60288888889
-3.00103703704
-2.69614814815
-1.04459259259
2.31059259259
1.13385185185
-2.0417037037
-5.58859259259
-4.39822222222
1.24288888889
4.41103703704
3.86555555556
7.79874074074
9.55718518519
8.15659259259
0.385481481481
-0.899555555556
-0.720074074074
1.8702962963
-1.04103703704
-1.20244444444
-0.421037037037
-1.31874074074
-2.64340740741
-5.12792592593
-1.07518518519
-0.926888888889
-0.828888888889
0.0017037037037
0.0468148148148
-2.06762962963
-4.60844444444
-5.34148148148
-7.45451851852
-15.1932592593
-9.63696296296
-7.78362962963
-11.7715555556
-13.9844444444
-10.0421481481
-12.4603703704
-10.879037037
-9.9757037037
-5.09807407407
-3.18237037037
-3.60962962963
-2.49977777778
-3.37081481481
-8.38444444444
-7.73837037037
-4.69422222222
-0.24
2.302
2.42903703704
2.00503703704
3.49585185185
4.37481481481
5.9817037037
-8.20059259259
-11.9688888889
-12.7488888889
-11.1392592593
-17.7355555556
-17.1821481481
-12.8379259259
-15.2558518519
-17.3393333333
-15.1556296296
-8.33
-9.13659259259
-9.60333333333
-5.74933333333
-6.06259259259
-5.08622222222
-3.24325925926
-1.02155555556
-3.19577777778
-3.48740740741
-2.39474074074
-0.251407407407
-4.98585185185
-0.705259259259
1.63237037037
-1.69837037037
-4.69925925926
-6.24185185185
-7.88785185185
-7.77466666667
-6.25688888889
-2.00125925926
0.900592592593
0.0442222222222
-1.11377777778
-0.889703703704
-0.406740740741
0.699259259259
-0.624962962963
-1.66414814815
0.259259259259
-1.16140740741
-1.64718518519
-2.3657037037
-5.32037037037
-6.96481481481
-6.91718518519
-7.00555555556
-5.44355555556
-9.48451851852
-9.56051851852
-7.18466666667
-7.3397037037
-2.92288888889
3.02162962963
1.11911111111
0.890592592593
2.49755555556
-1.50740740741
-2.714
-3.78096296296
-1.79044444444
-2.4562962963
0.153777777778
-0.043037037037
-0.665703703704
-0.773851851852
-1.46222222222
0.671851851852
2.49451851852
0.821185185185
-0.0111851851852
-1.86244444444
-1.71918518519
0.785407407407
-0.172518518519
0.947259259259
-2.31459259259
-1.86
-0.405259259259
0.784518518519
1.5077037037
2.34585185185
2.16185185185
0.656814814815
-1.08059259259
1.50844444444
4.38644444444
0.046962962963
1.36985185185
4.98881481481
7.12903703704
0.116740740741
-0.84437037037
-0.698148148148
-0.654148148148
-2.43888888889
-1.846
-3.05866666667
-2.02437037037
0.504074074074
3.57066666667
0.721555555556
-1.02451851852
4.23740740741
3.59362962963
2.16303703704
-0.437555555556
1.46785185185
2.08866666667
3.09318518519
2.79148148148
4.45414814815
1.43511111111
-0.747555555556
1.68488888889
-0.767851851852
1.08437037037
4.93318518519
5.10377777778
1.36607407407
2.59059259259
1.03192592593
2.8497037037
5.78296296296
5.12444444444
2.30940740741
3.77251851852
4.82162962963
7.24355555556
9.38103703704
11.5045925926
10.004962963
11.9305925926
8.02607407407
12.1428148148
12.0811851852
9.78392592593
8.01614814815
6.572
7.0117037037
9.40844444444
9.94096296296
6.52622222222
6.64903703704
8.18407407407
11.6859259259
14.7741481481
13.9581481481
14.7671111111
15.6117777778
15.4277777778
14.8075555556
12.6397777778
12.7918518519
8.92237037037
11.8940740741
10.0684444444
8.38548148148
7.71333333333
5.29503703704
6.21259259259
7.10044444444
6.09859259259
9.77518518519
10.6007407407
9.04266666667
10.0005925926
13.1353333333
11.8148148148
8.93362962963
13.9361481481
11.7464444444
10.480962963
9.59585185185
9.69007407407
7.72392592593
11.8298518519
15.2899259259
11.1471851852
8.10044444444
11.1505925926
11.7268888889
9.22185185185
11.755037037
13.9331851852
16.1580740741
14.7811111111
16.1268888889
15.5577777778
15.4902962963
14.2877037037
14.6911851852
12.8554814815
10.9964444444
13.4356296296
15.7399259259
14.7568888889
13.6261481481
15.5
14.6157777778
12.971037037
11.7643703704
8.88785185185
14.4117777778
12.7197037037
15.562962963
13.8986666667
14.7491111111
16.0265925926
16.4282222222
13.9988888889
13.713037037
15.0172592593
15.1697777778
14.508962963
13.6182962963
9.16896296296
11.2857777778
13.8519259259
12.9591851852
10.5597037037
13.0918518519
12.5023703704
11.5971851852
12.1912592593
9.04274074074
8.31948148148
8.37955555556
8.38437037037
10.652962963
11.7660740741
9.88503703704
12.0912592593
9.91555555556
7.412
7.67718518519
11.0837037037
9.66022222222
9.33044444444
4.44281481481
7.42533333333
8.70511111111
14.6038518519
12.3588148148
11.3968888889
9.7262962963
10.0312592593
11.0114814815
12.509037037
11.7233333333
10.4083703704
10.6356296296
11.592
11.9734814815
10.9801481481
12.3158518519
11.3696296296
15.2837777778
8.32637037037
5.47896296296
6.71562962963
7.89585185185
11.0833333333
8.95933333333
7.29303703704
7.46348148148
9.32222222222
10.6631851852
9.58333333333
9.37918518519
7.24288888889
5.22785185185
8.65466666667
4.52881481481
7.56474074074
7.86281481481
7.48237037037
7.58985185185
8.05533333333
7.15977777778
7.6617037037
7.23125925926
3.46422222222
4.96281481481
6.23222222222
6.59577777778
5.07088888889
6.51459259259
6.35318518519
6.23933333333
5.12037037037
1.81577777778
1.54437037037
6.68733333333
8.42977777778
5.11355555556
5.97851851852
3.99585185185
3.92903703704
6.26037037037
6.12244444444
6.53903703704
2.38259259259
-2.6782962963
-2.22740740741
2.10081481481
8.35681481481
7.99659259259
5.59659259259
3.29444444444
4.52814814815
0.452
-0.823407407407
-1.15437037037
0.01
3.02814814815
5.46237037037
3.7122962963
2.89311111111
3.00777777778
6.45814814815
4.06807407407
2.57355555556
3.43451851852
2.89562962963
0.269407407407
-0.401703703704
-1.06059259259
-1.93481481481
-2.18281481481
-1.45525925926
-1.93762962963
-0.454222222222
-0.0142962962963
0.500592592593
4.89437037037
4.43985185185
2.88962962963
1.06244444444
-0.476814814815
-0.733703703704
-2.57555555556
-2.06851851852
3.38407407407
-0.568814814815
-1.00777777778
-2.076
-1.40977777778
1.88222222222
0.621259259259
-1.41948148148
-3.86874074074
-1.97303703704
0.0454074074074
1.866
0.755851851852
-0.928814814815
-1.42688888889
-4.03355555556
-4.70355555556
-4.32066666667
-1.13059259259
4.72925925926
2.42911111111
6.78762962963
1.91725925926
-0.056962962963
-0.441851851852
2.3742962963
5.09222222222
0.50562962963
-0.735703703704
-1.3257037037
-0.318592592593
3.08622222222
4.68703703704
0.375851851852
-1.45525925926
-1.83548148148
-0.719851851852
1.90318518519
-2.86296296296
-4.46874074074
-3.48562962963
1.45237037037
6.42296296296
6.09333333333
4.55622222222
-1.68592592593
-1.836
0.034
-1.18007407407
-3.2777037037
-4.75874074074
-4.48037037037
-0.864814814815
-1.75622222222
-6.47059259259
-7.48296296296
-5.60733333333
-6.76059259259
-4.0897037037
-10.2427407407
-10.1859259259
-8.84525925926
-11.9205185185
-7.90814814815
-10.6473333333
-7.42681481481
-2.53
-8.31022222222
-13.3451111111
-12.3633333333
-10.010962963
-6.84177777778
0.926814814815
3.14155555556
1.10296296296
-0.490074074074
-1.11074074074
-1.94
-3.21822222222
-1.63274074074
3.70533333333
5.11866666667
2.22733333333
0.231777777778
1.62948148148
-0.317703703704
-4.72407407407
-4.14333333333
0.657037037037
5.076
2.14311111111
-0.868444444444
6.73992592593
7.78459259259
6.33192592593
6.07444444444
-0.246740740741
-0.731185185185
3.44562962963
0.186888888889
-1.05266666667
-1.31325925926
-2.14237037037
-2.56
-0.73037037037
3.25622222222
1.63103703704
2.84303703704
0.969185185185
-2.16244444444
0.672592592593
1.86711111111
1.18948148148
1.38718518519
3.10733333333
2.95703703704
5.21562962963
2.48918518519
0.706148148148
-0.333703703704
3.18503703704
2.76911111111
4.94859259259
9.62866666667
7.62711111111
4.31014814815
8.56548148148
6.86903703704
3.67192592593
6.96762962963
3.92548148148
8.20911111111
7.15096296296
6.18585185185
6.63214814815
3.02451851852
7.01844444444
5.99681481481
4.77762962963
4.76466666667
2.42066666667
2.42622222222
8.54207407407
7.8402962963
5.47607407407
5.27296296296
4.96918518519
5.73362962963
6.57444444444
6.27725925926
10.0019259259
11.114
7.58592592593
8.31992592593
5.06022222222
5.0517037037
7.9442962963
7.87
7.77237037037
7.47051851852
7.87725925926
7.50177777778
6.51288888889
5.72251851852
6.71333333333
7.27266666667
5.16740740741
10.3587407407
12.5762222222
7.75985185185
10.3120740741
12.1014074074
9.26362962963
5.11155555556
7.3717037037
12.7614074074
12.371037037
8.89955555556
10.0421481481
13.169037037
12.1771111111
7.49555555556
5.24874074074
5.68185185185
5.18881481481
9.16948148148
9.71740740741
11.3485925926
14.2566666667
12.3019259259
12.9057777778
14.6233333333
14.280962963
12.5171111111
8.91185185185
8.93281481481
12.6202222222
11.7902962963
7.04207407407
12.71
12.6645925926
13.15
15.3317037037
14.8624444444
16.7787407407
15.5985185185
14.0182222222
15.7094814815
15.8965185185
14.5288888889
11.0085185185
9.98111111111
15.0006666667
14.9740740741
16.0663703704
13.5901481481
11.1485185185
5.96007407407
8.36348148148
12.1060740741
15.3022962963
13.1231851852
16.1478518519
18.9324444444
17.0974074074
13.9754814815
14.4062222222
12.9332592593
16.0598518519
12.2637777778
10.8754814815
9.43111111111
10.7538518519
10.648962963
11.0452592593
13.5471851852
12.8119259259
13.7733333333
12.8833333333
12.2321481481
10.8076296296
9.02740740741
6.01311111111
11.1011111111
12.5481481481
12.586
14.3696296296
14.9168888889
14.751037037
14.5251851852
14.9800740741
15.2405185185
15.8232592593
14.8706666667
13.1900740741
12.1085185185
9.96748148148
9.69207407407
9.77755555556
12.8364444444
14.7234814815
10.572
10.5327407407
12.4224444444
5.78918518519
5.12718518519
2.08022222222
11.843037037
11.5355555556
10.4684444444
9.41985185185
8.37466666667
9.04555555556
9.78407407407
9.26755555556
8.10155555556
8.50474074074
12.3646666667
8.48237037037
6.24037037037
8.48874074074
5.25081481481
7.53111111111
7.06925925926
3.97903703704
6.5622962963
9.44318518519
10.1918518519
8.40214814815
4.43044444444
6.20637037037
12.6106666667
12.5655555556
12.3333333333
9.92348148148
6.94918518519
8.39466666667
7.21377777778
8.79888888889
5.82814814815
5.3902962963
3.48918518519
7.74814814815
7.21022222222
6.63614814815
5.49444444444
3.83303703704
6.26866666667
2.76859259259
2.13281481481
-0.614296296296
-1.88748148148
-1.3977037037
-1.124
4.01385185185
1.88940740741
1.76140740741
0.282
-1.68540740741
-1.5162962963
4.89755555556
5.16466666667
2.64837037037
2.77933333333
4.71977777778
3.65274074074
3.24266666667
1.31585185185
2.59340740741
1.5517037037
-0.806
-2.94259259259
-5.78474074074
-7.88585185185
-9.20792592593
-3.31266666667
-1.93718518519
-2.39103703704
-1.2297037037
-0.712074074074
-1.87518518519
-3.5157037037
-5.00451851852
-4.82155555556
-2.18977777778
9.03474074074
6.84955555556
4.14340740741
2.35851851852
-3.21162962963
-5.97955555556
-7.73355555556
-8.89466666667
-6.77881481481
-6.04355555556
-5.43577777778
-6.16637037037
-7.81318518519
-1.23718518519
-4.202
-9.15933333333
-11.9151111111
-10.35
-7.64703703704
-9.73474074074
-11.9473333333
-6.97711111111
-1.29637037037
0.406222222222
1.7577037037
1.77755555556
1.32118518519
3.32222222222
4.36037037037
7.35503703704
2.74718518519
0.152592592593
4.07014814815
4.31281481481
1.05511111111
0.124962962963
1.17822222222
2.12985185185
1.91503703704
-0.604296296296
-2.4317037037
-0.81162962963
0.11562962963
-0.579555555556
-1.72851851852
-3.8262962963
-2.74133333333
1.28666666667
-0.272814814815
1.738
-1.12614814815
-1.30585185185
-0.139185185185
-1.38355555556
-3.38837037037
-4.02111111111
-7.38422222222
-8.10577777778
-3.88940740741
-0.72762962963
-6.50822222222
-9.80162962963
-2.55725925926
-1.42022222222
0.866740740741
1.06940740741
-0.013037037037
-0.500666666667
0.995925925926
0.646814814815
1.51385185185
0.892222222222
-0.799407407407
-0.368074074074
-0.763407407407
-0.96762962963
-4.42762962963
-0.671851851852
-4.86511111111
-3.96340740741
-5.89074074074
-5.31525925926
-8.27933333333
-10.9324444444
-10.0755555556
-8.89496296296
-7.84837037037
-3.97081481481
-1.38251851852
-2.29488888889
-1.94392592593
-2.40192592593
-1.61481481481
-0.447481481481
-1.90325925926
-4.36266666667
-3.89459259259
-4.24281481481
-1.79459259259
-5.06437037037
-3.33762962963
0.422962962963
0.915703703704
-2.03955555556
-4.59140740741
-7.56207407407
-6.39918518519
-5.61237037037
-1.15881481481
-1.63155555556
-2.15674074074
-2.192
-1.38933333333
-2.52474074074
-4.75118518519
-6.84881481481
-4.97355555556
-3.51622222222
-3.86022222222
-2.63111111111
1.96755555556
0.180518518519
2.5917037037
4.19637037037
2.99955555556
-0.658888888889
-2.11933333333
0.00607407407407
-1.49962962963
-2.25851851852
-0.938444444444
-1.37807407407
-0.923407407407
0.402222222222
1.71355555556
1.78133333333
1.3637037037
2.88888888889
1.2437037037
0.349481481481
-0.0382962962963
3.95548148148
2.65066666667
0.436962962963
-2.16740740741
-1.23414814815
0.207925925926
2.66074074074
5.44792592593
6.45155555556
4.29496296296
2.88081481481
3.194
-0.498740740741
-1.40977777778
-2.00407407407
1.12933333333
3.18148148148
1.87866666667
6.53511111111
6.34207407407
10.4082222222
10.9613333333
2.63140740741
0.850888888889
1.04414814815
3.04185185185
3.79185185185
4.19688888889
4.44518518519
6.358
7.40111111111
6.30185185185
8.7442962963
6.54785185185
6.75311111111
8.15318518519
7.79733333333
6.52103703704
5.62251851852
7.04814814815
7.79874074074
7.60111111111
8.22422222222
7.01296296296
5.74296296296
6.82422222222
3.91259259259
7.86051851852
10.0604444444
12.0237777778
9.30074074074
6.73740740741
8.46755555556
7.61325925926
8.11340740741
7.91311111111
6.9177037037
8.55748148148
4.94518518519
8.02866666667
11.7311111111
8.78622222222
8.96207407407
8.93444444444
10.2075555556
8.10488888889
10.5832592593
14.9874074074
10.469037037
9.68185185185
7.72992592593
6.9882962963
8.84214814815
8.07251851852
9.792
7.18014814815
6.05940740741
4.03207407407
8.04488888889
7.49222222222
7.89962962963
7.70822222222
8.784
6.6382962963
9.18133333333
10.6857777778
15.9591851852
17.8325925926
14.8868888889
11.7197777778
11.6354814815
12.034
9.97488888889
9.72051851852
9.89740740741
11.462
9.96925925926
11.0798518519
9.03318518519
7.58340740741
8.41844444444
8.4177037037
11.5860740741
10.6575555556
12.1264444444
13.6628888889
10.6716296296
17.1928148148
13.658
10.9694814815
14.8271851852
14.9374074074
13.2264444444
10.2400740741
9.00422222222
11.1405185185
13.1685925926
14.0171851852
13.209037037
13.1507407407
10.4643703704
10.6314814815
12.0354814815
10.3165925926
9.43333333333
9.44340740741
12.5933333333
10.824962963
11.486962963
11.6413333333
11.274962963
11.0197037037
15.512
14.3716296296
11.7791111111
10.5841481481
10.1122222222
11.6985185185
12.8558518519
14.3825185185
12.0391111111
13.6235555556
14.4267407407
7.878
6.30044444444
7.40762962963
7.51762962963
8.38911111111
8.40081481481
8.93481481481
9.46496296296
10.2572592593
9.776
11.6520740741
11.2366666667
9.68933333333
9.86940740741
6.46962962963
9.58014814815
8.89837037037
6.07777777778
6.13703703704
6.41696296296
6.0482962963
7.16407407407
6.9382962963
4.67925925926
6.24955555556
10.7142222222
10.7765925926
7.63985185185
5.48592592593
6.60296296296
8.12414814815
7.844
5.27281481481
7.51962962963
9.60288888889
11.6472592593
10.0267407407
5.89466666667
6.80488888889
5.98133333333
7.64933333333
4.70281481481
3.57607407407
8.82718518519
10.9334074074
7.29288888889
4.53562962963
2.30155555556
8.64622222222
6.48407407407
6.87940740741
4.20081481481
2.27955555556
0.321777777778
3.14503703704
5.29392592593
1.8517037037
3.54237037037
1.80303703704
2.6622962963
3.95762962963
3.864
2.66533333333
1.5357037037
3.25377777778
2.864
4.23281481481
4.43518518519
1.42725925926
0.901555555556
-2.00288888889
-2.19414814815
-1.5777037037
-0.0975555555556
1.76303703704
0.18037037037
0.773925925926
1.88044444444
4.45740740741
8.00837037037
6.49155555556
6.7617037037
2.85488888889
0.457555555556
-0.174222222222
1.52422222222
-1.44607407407
-2.58377777778
-3.54340740741
-0.907925925926
0.525851851852
0.483185185185
0.283111111111
0.19362962963
1.61259259259
2.00703703704
1.43696296296
2.13681481481
1.33274074074
-0.971111111111
-2.32325925926
0.159111111111
1.02059259259
0.635037037037
0.986444444444
-2.09414814815
1.61288888889
1.14325925926
-1.48622222222
-1.6682962963
-2.03725925926
-3.55288888889
-1.84888888889
-0.901703703704
-2.88355555556
-4.80296296296
-3.91718518519
-8.07577777778
-4.63888888889
-7.44007407407
-8.19644444444
-14.0815555556
-11.9537037037
-15.0185185185
-14.6557777778
-17.0946666667
-15.9732592593
-11.4314074074
-15.0379259259
-13.006962963
-15.1968888889
-14.5594074074
-13.4960740741
-10.8223703704
-11.9462222222
-13.4268148148
-12.5462222222
-6.36296296296
-3.7197037037
2.4322962963
-1.46407407407
-2.74237037037
-1.64459259259
-0.863407407407
-6.16333333333
-8.50896296296
-4.008
0.436222222222
0.0180740740741
2.172
4.81807407407
-3.45051851852
-5.28214814815
-5.09022222222
-3.41303703704
-5.19407407407
-6.27607407407
-8.62362962963
-13.4768148148
-14.2601481481
-18.3744444444
-17.7625185185
-15.0828888889
-15.0585185185
-10.6597037037
-11.682962963
-13.5103703704
-17.0492592593
-17.4255555556
-5.5877037037
-3.77866666667
-8.9977037037
-1.27251851852
-2.57103703704
-0.754
-1.11940740741
-0.608
-0.548
1.57733333333
1.61866666667
1.27422222222
2.1177037037
2.54481481481
2.11918518519
-0.441185185185
-0.0688148148148
-1.73792592593
-1.43066666667
-3.23755555556
-3.58214814815
-3.13044444444
-2.57303703704
-1.49481481481
-1.57059259259
-3.23555555556
-3.58866666667
-1.17451851852
-3.65385185185
-0.60237037037
-0.28037037037
-0.210592592593
0.367481481481
4.81466666667
0.983481481481
-1.8222962963
-0.446814814815
2.95911111111
6.27
4.96407407407
7.31948148148
6.55651851852
7.11748148148
10.0366666667
8.00777777778
5.44051851852
6.91940740741
4.73066666667
1.61933333333
3.618
3.184
1.77385185185
2.51755555556
2.76992592593
2.73511111111
0.0695555555556
0.434592592593
2.18666666667
3.64718518519
3.97251851852
7.05696296296
1.58303703704
-1.51414814815
-0.275777777778
-4.29051851852
-1.51666666667
-1.68585185185
-0.11362962963
0.20762962963
4.48037037037
2.40259259259
1.22592592593
1.4437037037
3.52044444444
6.43755555556
10.7344444444
8.25325925926
6.45533333333
8.45859259259
7.07681481481
9.20496296296
11.447037037
10.6075555556
6.13911111111
8.35881481481
9.19125925926
8.20111111111
10.511037037
11.657037037
11.4254814815
8.96718518519
8.382
7.56777777778
7.23266666667
11.0605925926
13.0146666667
13.3911111111
10.7222222222
9.74451851852
7.48792592593
11.3821481481
9.35414814815
7.90392592593
10.5792592593
13.9658518519
13.0059259259
13.1783703704
6.68
4.54918518519
6.33503703704
7.304
7.66933333333
5.96237037037
5.40814814815
6.86281481481
2.80214814815
5.95540740741
5.00807407407
8.18244444444
10.162962963
10.096
11.1814074074
8.04792592593
8.53214814815
10.0499259259
7.48066666667
7.93533333333
9.01059259259
9.2822962963
10.3054814815
10.3235555556
10.1860740741
8.17303703704
10.6182962963
11.9068888889
12.4245925926
8.32725925926
7.59259259259
9.42155555556
9.97755555556
10.7598518519
10.1314074074
10.3751851852
12.8565925926
15.5426666667
11.0611851852
10.5956296296
10.674962963
14.4016296296
11.5731851852
7.82725925926
7.41259259259
13.055037037
9.01866666667
11.2328888889
13.9036296296
14.1617777778
10.3937037037
14.4016296296
12.2088888889
11.962
10.6698518519
11.3074814815
11.4552592593
9.37140740741
12.6672592593
10.2665925926
6.86444444444
9.2857037037
9.3
11.0648888889
7.33385185185
13.849037037
13.1053333333
15.1335555556
15.5708148148
14.1305925926
11.0934814815
7.98392592593
8.80785185185
11.8116296296
10.8399259259
11.242962963
9.97962962963
10.0214814815
11.2641481481
8.72007407407
9.32896296296
5.58244444444
7.38896296296
8.64488888889
9.92711111111
12.1432592593
8.61214814815
9.00148148148
10.546
10.4362962963
6.84222222222
3.98659259259
7.3677037037
6.38762962963
2.83340740741
6.304
8.75607407407
8.28096296296
11.0642222222
8.30888888889
5.29007407407
10.549037037
11.7602962963
10.8791851852
11.4118518519
12.7524444444
14.9773333333
13.0688148148
9.00725925926
9.45088888889
6.98585185185
6.53333333333
7.28585185185
7.66437037037
4.96548148148
6.76081481481
10.0538518519
12.9582962963
12.8225925926
12.3491111111
10.1516296296
9.18444444444
6.5517037037
4.99666666667
8.91977777778
9.14711111111
5.84340740741
3.10333333333
4.69111111111
7.19518518519
4.75503703704
8.47496296296
7.74066666667
3.81533333333
1.7
0.766518518519
0.455333333333
2.09488888889
-0.018
0.817777777778
0.142814814815
-0.537185185185
-1.46444444444
-0.778888888889
-1.93866666667
-1.40614814815
-0.0995555555556
0.549925925926
-1.81859259259
-3.81096296296
2.56548148148
0.532962962963
0.942222222222
3.28096296296
7.22881481481
1.94933333333
-1.23674074074
-2.42762962963
-3.07881481481
-2.85281481481
-3.59318518519
-4.8282962963
-5.92814814815
-5.74903703704
-6.32814814815
-5.79874074074
-4.64496296296
-6.00644444444
-6.19614814815
-8.17444444444
-5.80674074074
-9.36592592593
-4.87503703704
-3.56725925926
-6.93822222222
-6.14496296296
0.289333333333
1.41755555556
4.00177777778
7.27111111111
5.744
4.14888888889
4.34851851852
4.66385185185
4.90903703704
1.59688888889
0.263925925926
-3.02962962963
-4.6602962963
-0.473851851852
2.44481481481
6.52044444444
5.64496296296
3.26837037037
1.62511111111
1.38437037037
0.473333333333
-1.15148148148
-1.04066666667
1.12474074074
2.35111111111
5.23962962963
-1.52318518519
-3.77511111111
-5.47214814815
-8.19859259259
-11.7067407407
-11.9380740741
-6.05844444444
1.55933333333
-5.49614814815
-3.37740740741
-0.805777777778
-5.19785185185
-7.6422962963
-7.38088888889
-8.30762962963
-0.482592592593
0.537111111111
0.958296296296
0.852962962963
-0.239703703704
-1.11762962963
-7.7162962963
-9.51318518519
2.17474074074
1.36674074074
1.67303703704
2.20081481481
1.46266666667
-0.761777777778
-1.33733333333
-6.04288888889
-6.36488888889
-5.57637037037
-6.51155555556
-4.79266666667
-1.13540740741
-0.0440740740741
-1.02459259259
-3.43807407407
-6.02518518519
-8.74474074074
-8.31066666667
-12.7982962963
-14.6964444444
-18.5898518519
-12.8957037037
-7.3357037037
-11.6359259259
-13.5071851852
-7.77740740741
-9.43259259259
-8.26037037037
-8.1602962963
-8.70007407407
-10.3204444444
-11.8019259259
-14.6095555556
-19.7492592593
-12.8255555556
-18.107037037
-12.9671111111
-15.044
-17.2088148148
-13.4203703704
-7.03614814815
-6.61762962963
-6.13718518519
-4.35985185185
-1.85525925926
2.80585185185
-0.385851851852
-1.61422222222
-1.42822222222
-3.046
1.12251851852
0.576
0.274814814815
0.9
1.43851851852
2.1142962963
-0.782814814815
0.6
-1.81318518519
-2.00311111111
0.196222222222
-0.964148148148
1.422
-0.165111111111
0.43162962963
0.319259259259
1.62096296296
4.80903703704
2.67874074074
0.656222222222
1.46896296296
1.73725925926
-0.846740740741
2.31918518519
-0.0524444444444
-0.229185185185
-1.50822222222
3.36096296296
5.51444444444
2.49562962963
-2.47303703704
-5.47518518519
-6.90162962963
-6.39925925926
-3.30325925926
3.14037037037
2.87051851852
2.45088888889
2.17096296296
1.32614814815
1.774
3.37303703704
4.6177037037
3.56577777778
4.66755555556
4.60392592593
6.42251851852
7.0242962963
6.21888888889
8.74333333333
7.74325925926
5.33503703704
7.97074074074
9.50414814815
11.2521481481
11.5076296296
10.3465185185
9.52377777778
7.34214814815
5.86437037037
9.104
10.359037037
6.33074074074
7.77103703704
10.2148888889
6.28688888889
2.344
5.43459259259
12.8159259259
11.6041481481
12.596
14.315037037
11.0888148148
8.24948148148
8.69740740741
5.04555555556
7.93111111111
10.8146666667
8.27296296296
5.89251851852
5.96518518519
3.91503703704
5.82162962963
6.34014814815
5.11688888889
5.64162962963
3.46518518519
6.22525925926
6.144
6.172
7.25118518519
8.73562962963
8.41140740741
7.90918518519
8.26948148148
11.5357037037
13.1242222222
14.6402962963
16.0277037037
15.906
14.0868148148
16.306
14.7505185185
10.1991851852
13.0274814815
13.7502962963
10.2558518519
12.2097777778
12.1666666667
13.3506666667
12.9241481481
10.7859259259
11.6424444444
13.3861481481
15.0818518519
15.1868888889
13.7771851852
14.8978518519
11.6956296296
9.56177777778
9.1902962963
8.91051851852
9.06222222222
5.85014814815
7.26318518519
6.82585185185
8.93385185185
11.7065925926
12.8468148148
11.8665185185
10.9451111111
7.35281481481
9.716
11.8838518519
13.0335555556
8.66081481481
7.77740740741
12.4883703704
13.3411111111
13.5867407407
15.0783703704
11.7481481481
12.3737777778
13.7031111111
11.0983703704
15.3040740741
17.8414814815
13.2582962963
8.73133333333
11.5239259259
9.72185185185
8.6537037037
11.8033333333
15.1532592593
15.6779259259
14.088
13.0311851852
12.7838518519
14.1287407407
11.2039259259
11.9321481481
10.8544444444
8.99703703704
5.68288888889
10.8348148148
10.1693333333
8.87496296296
5.982
10.100962963
10.7815555556
8.37162962963
7.44511111111
7.33222222222
8.798
5.55696296296
8.49422222222
8.982
7.38622222222
3.79037037037
4.86133333333
8.02792592593
4.61111111111
4.43059259259
2.01607407407
2.04822222222
6.82237037037
8.16237037037
11.1757037037
12.3142962963
7.08614814815
7.10281481481
4.7537037037
2.0882962963
2.92711111111
4.18081481481
7.06444444444
8.296
8.17903703704
4.16259259259
2.47311111111
4.52444444444
6.12348148148
5.39296296296
9.6682962963
6.51533333333
5.6517037037
7.48274074074
4.32059259259
4.2417037037
8.16814814815
8.76103703704
10.3457777778
7.96607407407
4.79814814815
5.96740740741
7.75
4.94481481481
7.85014814815
7.28807407407
6.86659259259
10.0254814815
5.43059259259
4.69466666667
4.35659259259
4.5162962963
6.23874074074
2.16385185185
1.56703703704
1.74088888889
5.69674074074
0.935185185185
1.80503703704
2.09
-1.01762962963
1.67148148148
6.32762962963
0.956222222222
-0.966592592593
1.94807407407
3.4662962963
2.80733333333
0.169481481481
1.5877037037
-0.938296296296
0.375925925926
2.76666666667
5.09903703704
2.70303703704
1.54355555556
2.63725925926
7.17096296296
7.61962962963
3.77874074074
6.61548148148
3.27066666667
-0.901777777778
3.44496296296
2.11925925926
2.80488888889
5.67155555556
5.832
1.10377777778
-1.99762962963
-3.56311111111
-4.61266666667
-2.2357037037
-2.00940740741
1.78503703704
0.0286666666667
1.43318518519
2.81548148148
1.88162962963
2.65377777778
0.469703703704
0.85037037037
-0.750148148148
-0.915851851852
-1.58525925926
0.574148148148
-0.00037037037037
0.065037037037
0.387925925926
2.22459259259
0.0766666666667
-0.570814814815
-0.879481481481
-5.84274074074
-5.17148148148
-6.75666666667
-8.20437037037
-5.24459259259
-0.917777777778
-0.0697777777778
2.30725925926
5.03614814815
4.68881481481
4.02977777778
-2.61674074074
-9.80881481481
-8.07518518519
-1.52614814815
-2.31977777778
-8.57051851852
-11.72
-5.78711111111
-11.929037037
-19.1287407407
-17.365037037
-18.7883703704
-19.1196296296
-17.8135555556
-13.4566666667
-11.2139259259
-11.0144444444
-9.62659259259
-9.78407407407
-10.2071111111
-7.15133333333
-3.13044444444
-0.483407407407
-1.19592592593
-3.12333333333
-9.37237037037
-9.30266666667
-12.694
-20.1116296296
-18.3700740741
-15.4531111111
-14.4742222222
-11.4591851852
-4.838
-0.106074074074
0.485333333333
-0.943925925926
-3.90703703704
3.46874074074
1.7837037037
-1.16207407407
-0.781407407407
-0.153407407407
-1.76755555556
-0.912444444444
-2.30303703704
-3.40244444444
-3.99888888889
-7.09540740741
-3.34962962963
-3.80266666667
-3.06296296296
-6.46518518519
-11.3328888889
-10.535037037
-7.88866666667
-1.54177777778
3.24
0.461703703704
-4.68592592593
-13.6311111111
-15.9628888889
-13.7337777778
-10.776962963
-12.9702962963
-11.6835555556
-8.15474074074
-8.62274074074
-8.44948148148
-8.71088888889
-10.4297037037
-8.15266666667
-8.93562962963
-2.60355555556
-3.33103703704
-0.110518518519
-1.62088888889
-4.67659259259
-2.42407407407
-1.9037037037
-2.93051851852
4.1757037037
4.94496296296
2.95681481481
0.903111111111
2.72474074074
0.399777777778
-2.12296296296
-0.137185185185
-2.47422222222
-1.29696296296
1.09555555556
2.81585185185
4.19644444444
2.02088888889
2.31325925926
7.57325925926
3.71362962963
4.77266666667
-0.208814814815
0.578
1.01540740741
-1.04562962963
5.51866666667
3.76348148148
5.66540740741
3.60422222222
6.22733333333
7.44592592593
3.90377777778
1.21074074074
1.46851851852
3.42288888889
4.87503703704
8.67162962963
4.74518518519
1.71451851852
4.57851851852
8.69074074074
8.62088888889
7.58962962963
4.15733333333
2.11348148148
5.756
5.1682962963
3.54674074074
2.08177777778
1.86666666667
4.47466666667
1.16059259259
6.17696296296
2.79577777778
1.24251851852
4.98888888889
4.20533333333
1.00718518519
3.4482962963
4.37681481481
3.9177037037
2.17288888889
4.5017037037
5.64074074074
5.82659259259
5.994
6.49451851852
7.9662962963
8.18814814815
5.4717037037
6.39422222222
9.45711111111
9.1917037037
9.60496296296
9.766
9.82422222222
9.42562962963
7.96274074074
11.554
9.43666666667
6.76688888889
5.31859259259
6.70266666667
10.5281481481
9.36755555556
10.7151851852
8.69511111111
6.656
5.02214814815
6.754
5.62081481481
9.66155555556
9.46659259259
6.82903703704
11.5588888889
9.60822222222
9.21962962963
10.5116296296
11.5594814815
14.257037037
14.8175555556
16.6422962963
16.7425185185
13.6576296296
14.3466666667
13.8274074074
10.2044444444
10.7419259259
12.0018518519
14.8699259259
11.059037037
6.62488888889
11.7882962963
14.0875555556
9.83103703704
8.09859259259
13.9096296296
15.2911111111
16.1008148148
12.9724444444
11.584962963
12.5593333333
12.0618518519
11.8328888889
13.0323703704
10.3911851852
10.1800740741
5.93911111111
7.53525925926
9.28474074074
10.9771111111
12.5054074074
10.9301481481
12.0513333333
10.472
8.88681481481
7.62992592593
6.978
6.92577777778
4.314
8.78459259259
11.0345185185
10.6602222222
7.21925925926
8.9822962963
10.8997037037
14.4628888889
12.5855555556
9.36837037037
11.5774814815
15.4675555556
15.0922962963
13.5581481481
13.1925925926
13.4075555556
15.083037037
15.3883703704
13.3451111111
11.1772592593
11.5248888889
12.084962963
12.656962963
12.2765185185
9.11903703704
7.75822222222
14.5775555556
10.916962963
12.7162222222
14.101037037
11.5503703704
11.1587407407
9.2362962963
9.08666666667
9.09355555556
10.9875555556
11.859037037
15.5247407407
11.857037037
9.57288888889
7.54481481481
10.9240740741
15.5288888889
10.870962963
13.9685925926
12.305037037
15.4657777778
14.2427407407
9.48740740741
7.51503703704
5.56696296296
4.97688888889
1.29607407407
2.17162962963
1.32859259259
1.88362962963
1.53088888889
1.50674074074
2.26259259259
6.81318518519
9.09481481481
7.02318518519
6.41859259259
3.84792592593
4.60355555556
9.25607407407
3.7817037037
4.44866666667
7.00977777778
7.87066666667
10.7348888889
6.82162962963
4.8037037037
3.03496296296
3.23755555556
5.46303703704
6.44918518519
4.97162962963
6.19614814815
2.55940740741
1.41659259259
3.2817037037
5.19051851852
5.86888888889
3.98881481481
3.92007407407
4.67807407407
7.03792592593
5.53622222222
0.771037037037
-0.826444444444
1.87903703704
1.36392592593
0.0701481481481
0.840814814815
2.418
4.12548148148
4.83118518519
3.40155555556
1.96333333333
1.37962962963
3.70874074074
5.94674074074
5.74777777778
6.01162962963
3.56207407407
3.06644444444
3.01459259259
1.66607407407
-1.38985185185
-0.312592592593
-0.643777777778
0.173259259259
-0.108444444444
-0.300444444444
-1.61533333333
-1.24925925926
-1.00214814815
-2.43474074074
-3.99696296296
-4.42748148148
-3.46674074074
-5.514
-10.2116296296
-12.0278518519
-11.1041481481
-3.27955555556
-1.44948148148
-5.88637037037
-6.46192592593
-5.28711111111
-0.300666666667
3.78437037037
7.70948148148
4.91844444444
4.84940740741
6.14614814815
1.4622962963
-0.975037037037
-2.85081481481
-2.35303703704
0.83637037037
4.09607407407
5.31481481481
5.12896296296
4.5162962963
4.92192592593
4.73518518519
4.89622222222
4.63192592593
3.66414814815
4.46792592593
5.08777777778
1.37703703704
0.834592592593
-1.67244444444
0.0303703703704
0.0176296296296
-2.15681481481
-3.81044444444
-4.49807407407
-0.447333333333
0.656444444444
1.59259259259
-0.796962962963
0.388148148148
-1.00562962963
-0.267185185185
-0.371185185185
-1.01666666667
-0.641037037037
3.21785185185
4.70540740741
-0.290666666667
-0.267407407407
5.09192592593
2.35903703704
1.62244444444
0.0467407407407
3.39340740741
1.53548148148
2.92844444444
2.32777777778
1.97740740741
-1.04222222222
-0.904148148148
-0.503703703704
0.0908148148148
-0.346666666667
-0.66437037037
-2.59459259259
-4.41637037037
-4.48851851852
-3.85488888889
-1.324
0.348592592593
1.08814814815
-2.05985185185
-3.47814814815
1.01074074074
0.032
-1.90785185185
-2.4017037037
-2.50659259259
-1.44644444444
-2.78266666667
-2.27118518519
-3.30777777778
-4.49651851852
-1.77777777778
-1.04222222222
-2.88918518519
-3.13155555556
-1.13311111111
-3.89940740741
-7.18622222222
-4.70074074074
-0.241703703704
-0.481037037037
-3.116
-3.01985185185
-3.61844444444
2.6
-0.944888888889
-4.592
-4.87466666667
3.13814814815
3.78577777778
4.8237037037
2.63896296296
2.64066666667
1.18703703704
1.66718518519
0.769925925926
1.21511111111
2.6157037037
3.4202962963
3.33866666667
2.30592592593
0.307703703704
-1.13792592593
1.34466666667
3.14562962963
4.28844444444
5.23540740741
5.51925925926
-0.75037037037
-3.96296296296
-1.20725925926
0.204740740741
1.5537037037
-2.96318518519
-0.259925925926
1.30614814815
7.86385185185
8.16955555556
7.92962962963
6.62555555556
4.50911111111
4.892
-1.40837037037
-4.23740740741
-2.38281481481
-1.09022222222
0.559481481481
3.54281481481
3.41437037037
7.91740740741
6.00674074074
8.41192592593
8.00311111111
6.55562962963
4.03303703704
7.378
6.51948148148
10.4885185185
9.66340740741
8.08525925926
6.29925925926
6.72962962963
10.1451851852
9.57066666667
11.9948148148
11.6763703704
11.7014074074
8.24207407407
7.47807407407
5.49696296296
0.773333333333
2.2322962963
2.62066666667
5.97340740741
9.31888888889
12.2573333333
13.3258518519
11.2174074074
9.95866666667
7.23740740741
8.30340740741
7.5817037037
8.38807407407
10.8585185185
10.7466666667
6.36992592593
8.52725925926
8.78037037037
9.32340740741
10.8305925926
9.20103703704
11.5745185185
10.4002222222
6.86
8.3797037037
9.9077037037
10.7837777778
10.3388148148
9.27948148148
11.0257037037
10.2403703704
11.0614814815
9.73748148148
7.38474074074
10.9961481481
11.8525925926
11.5307407407
12.4444444444
11.4445185185
13.3551851852
12.5363703704
14.6602222222
8.08837037037
11.8191851852
12.1615555556
13.4320740741
10.3397037037
12.6061481481
11.6505925926
10.1003703704
7.69688888889
11.4563703704
10.7604444444
9.41822222222
11.6145925926
11.2711111111
10.7876296296
10.8437037037
11.1905185185
11.4616296296
9.39533333333
14.3233333333
14.8428148148
18.1105185185
13.189037037
10.5916296296
11.2162962963
12.2314814815
8.9642962963
11.2636296296
7.57318518519
7.1217037037
9.2822962963
12.1318518519
9.63785185185
6.10311111111
10.050962963
10.7044444444
11.6362222222
13.5056296296
13.7245925926
14.2021481481
16.6057777778
12.6237037037
14.9435555556
10.4345925926
14.7733333333
11.9600740741
7.93748148148
8.49837037037
12.0585925926
13.412
11.0351111111
9.65533333333
7.51637037037
9.1017037037
10.9323703704
9.98874074074
9.19118518519
15.3808888889
13.2511851852
10.3926666667
8.64533333333
8.53688888889
11.2642222222
8.89303703704
10.8902222222
10.5401481481
10.6021481481
7.01548148148
6.72896296296
7.51459259259
7.98459259259
10.3194814815
10.1853333333
7.14866666667
6.63644444444
7.47362962963
8.86666666667
9.6422962963
10.055037037
10.6320740741
10.3276296296
8.46696296296
4.68444444444
9.02214814815
8.19614814815
10.8965925926
13.1580740741
12.0820740741
11.8455555556
9.10177777778
6.61259259259
4.05792592593
3.57059259259
5.51540740741
6.96748148148
6.81059259259
8.15007407407
5.80185185185
5.15237037037
8.00318518519
5.90274074074
3.03748148148
8.22525925926
9.12325925926
8.09
10.9814814815
10.5684444444
9.95118518519
10.6901481481
10.1983703704
8.66422222222
5.83548148148
4.34866666667
3.52274074074
7.08822222222
5.22148148148
3.82755555556
5.49511111111
9.0302962963
0.953111111111
-2.03037037037
-2.56148148148
2.77577777778
0.997407407407
-3.35851851852
-5.57340740741
-7.14466666667
-6.02451851852
-2.89407407407
-1.84866666667
-0.976222222222
0.83437037037
5.76
4.03696296296
5.25281481481
3.55244444444
6.67259259259
3.87407407407
0.0528888888889
3.69555555556
1.03725925926
-1.22451851852
-6.12303703704
-12.7175555556
-6.29837037037
-2.07125925926
0.748222222222
1.97081481481
1.93496296296
-0.0782222222222
-0.0757777777778
0.105111111111
1.4162962963
-2.74925925926
-2.69866666667
0.483037037037
2.39125925926
1.086
-1.12259259259
-1.5882962963
-0.610666666667
-0.348
4.99081481481
3.00511111111
1.71096296296
2.34496296296
-4.79325925926
-7.87348148148
-5.04459259259
-1.66303703704
1.79296296296
-3.47325925926
-2.68074074074
3.09696296296
4.63940740741
3.35259259259
0.447333333333
4.86192592593
4.47911111111
3.70251851852
1.9617037037
1.04688888889
1.43444444444
2.7122962963
1.564
-2.5962962963
-3.32303703704
1.55822222222
0.425925925926
1.29111111111
3.71207407407
5.77881481481
3.96274074074
-0.858666666667
-0.570814814815
0.785407407407
-0.155703703704
-0.0666666666667
2.73459259259
0.689037037037
-0.499185185185
-2.53266666667
-3.39518518519
-1.50303703704
2.33266666667
-0.994740740741
-2.74274074074
-3.65
-4.90740740741
-5.04503703704
-6.38533333333
-3.71733333333
-0.745407407407
-0.603777777778
-1.54088888889
-2.67111111111
-2.96451851852
-3.7442962963
-3.00748148148
1.00177777778
1.54718518519
-0.343185185185
-1.34051851852
-1.07496296296
-1.2182962963
-0.160888888889
-0.438148148148
1.26348148148
0.440074074074
0.305703703704
-4.56081481481
1.95548148148
7.61288888889
2.61466666667
-1.38918518519
-3.6337037037
1.59088888889
-0.176888888889
2.01392592593
0.742296296296
0.183407407407
0.377259259259
0.255185185185
2.24385185185
2.44148148148
3.23148148148
3.01325925926
3.72896296296
2.83674074074
3.35859259259
-0.0405185185185
2.94244444444
1.55577777778
4.73637037037
3.22896296296
0.784
3.12474074074
1.71977777778
1.31585185185
-1.30637037037
-2.69503703704
-1.27533333333
1.14177777778
2.94133333333
0.892
2.00259259259
3.18266666667
-1.59911111111
1.27362962963
5.19622222222
6.86162962963
5.31866666667
4.12748148148
3.37288888889
-0.81562962963
-0.44762962963
0.196296296296
0.130740740741
1.09466666667
3.35740740741
1.21866666667
1.07496296296
4.95185185185
7.18066666667
9.58866666667
8.75488888889
7.06555555556
5.60748148148
6.16288888889
3.28637037037
-1.4282962963
2.37274074074
1.40859259259
2.182
4.60185185185
1.01844444444
1.70607407407
5.38311111111
1.86140740741
0.683851851852
1.3662962963
-0.139407407407
0.495777777778
-0.221555555556
3.62303703704
6.542
5.43814814815
6.54303703704
5.71148148148
1.10333333333
0.82962962963
4.69881481481
8.84837037037
8.208
7.59340740741
5.48555555556
6.17444444444
4.19140740741
4.73711111111
5.93592592593
8.97081481481
10.1685925926
10.8577777778
10.8755555556
9.64162962963
7.85044444444
7.96377777778
9.51192592593
9.82496296296
10.6704444444
8.76244444444
9.98703703704
8.99207407407
4.25
4.2837037037
7.66851851852
4.65385185185
5.92266666667
2.35466666667
3.11740740741
4.77585185185
5.83614814815
7.18562962963
6.11622222222
12.1465925926
11.0099259259
9.03244444444
9.51659259259
8.22222222222
8.07592592593
7.17340740741
10.2445185185
12.2056296296
10.7327407407
14.0131111111
14.51
13.7013333333
11.8827407407
10.5066666667
12.7934074074
13.0571111111
10.3305925926
8.08377777778
10.2134814815
10.2602962963
13.3725185185
11.6855555556
11.7682222222
16.0211111111
15.2224444444
14.7671111111
15.9975555556
14.1303703704
13.6092592593
13.1477037037
10.2520740741
11.9326666667
10.1986666667
8.28792592593
9.78940740741
6.18748148148
11.322
6.89888888889
5.67918518519
8.82844444444
11.2491851852
15.8233333333
15.5988148148
15.0364444444
14.9641481481
14.0632592593
8.99933333333
10.1468888889
12.3382222222
11.5239259259
8.5617037037
8.18392592593
9.21148148148
11.4275555556
6.74918518519
9.07940740741
14.4983703704
15.0934074074
13.3808888889
11.1406666667
13.475037037
15.0625925926
12.6222222222
13.8551111111
13.0282962963
16.2964444444
15.8000740741
11.2605925926
9.90377777778
12.9699259259
14.7604444444
15.4604444444
12.6932592593
8.85162962963
11.4652592593
9.00888888889
10.4577037037
8.63533333333
7.40311111111
6.52777777778
6.87340740741
9.99977777778
10.6405185185
8.20177777778
7.29259259259
5.52288888889
4.80977777778
8.50651851852
7.9557037037
9.402
10.6845185185
11.9774074074
11.7271851852
10.2782962963
11.6882222222
10.8517777778
13.5020740741
12.3511111111
11.9313333333
13.2468148148
12.0160740741
13.0897037037
13.4472592593
12.1676296296
11.2282962963
10.2247407407
9.37614814815
6.24214814815
4.34792592593
7.58377777778
8.16659259259
10.356
8.98911111111
4.46422222222
0.508296296296
1.43866666667
4.08103703704
6.0162962963
5.50355555556
6.75103703704
6.01992592593
5.1502962963
5.29555555556
10.0331111111
5.82725925926
4.6217037037
2.68562962963
3.0782962963
3.20903703704
5.61466666667
7.05822222222
8.81074074074
10.5197777778
9.14903703704
10.0311111111
8.40940740741
8.58651851852
9.25888888889
6.34266666667
8.49103703704
8.12118518519
7.42214814815
9.05733333333
5.64
8.84607407407
6.16118518519
5.25111111111
3.94318518519
0.634148148148
-0.372740740741
1.55755555556
-0.974
1.73725925926
0.0305925925926
-1.24985185185
-1.53888888889
-0.989111111111
-2.02096296296
-2.35496296296
-5.05948148148
-5.78740740741
-3.10340740741
-1.3082962963
-1.99622222222
-5.36311111111
-0.893259259259
-7.75481481481
-7.48614814815
0.268666666667
-2.60481481481
-6.30925925926
-7.64051851852
-7.09311111111
-6.52259259259
-5.00348148148
-5.74607407407
-1.6237037037
0.173111111111
-2.22962962963
-3.68577777778
-1.39881481481
-5.79696296296
-7.12096296296
-2.80703703704
1.01911111111
6.28948148148
6.16511111111
5.85533333333
8.37933333333
7.67422222222
4.17318518519
3.77318518519
8.67237037037
6.55325925926
2.56007407407
2.77140740741
0.0685185185185
-3.31837037037
-4.53518518519
-3.00896296296
-3.78355555556
-4.0682962963
-4.53133333333
-2.434
-2.43933333333
-2.76496296296
-4.08
-3.20185185185
-3.14118518519
-4.08837037037
-4.55259259259
-0.997481481481
0.186
-0.0140740740741
-1.58585185185
-2.87859259259
-0.262814814815
-0.0154074074074
3.66562962963
3.66362962963
-1.13555555556
0.158962962963
0.922148148148
3.29014814815
2.038
3.286
1.42666666667
1.15585185185
1.784
1.01703703704
1.69007407407
1.02
0.201037037037
4.82911111111
3.37096296296
1.75177777778
2.83985185185
1.61066666667
-0.145037037037
-1.43496296296
0.87962962963
3.44644444444
0.820518518519
-2.00111111111
0.805925925926
-0.392666666667
-0.205481481481
0.193259259259
-0.348592592593
-1.3357037037
-5.0042962963
3.57244444444
4.82748148148
6.73059259259
3.34822222222
-0.275407407407
0.656296296296
2.78488888889
6.69496296296
2.05503703704
0.10162962963
0.437037037037
-0.359925925926
-1.56785185185
-1.78155555556
1.44548148148
3.01985185185
4.18696296296
5.5977037037
4.66333333333
2.58251851852
2.62251851852
7.63222222222
4.47177777778
-1.01666666667
2.06407407407
0.144888888889
0.264740740741
0.965185185185
1.57222222222
3.45266666667
8.02259259259
7.55311111111
6.43185185185
3.30037037037
1.97822222222
1.44274074074
0.53637037037
-0.0788888888889
1.70674074074
3.93925925926
2.31748148148
1.72051851852
2.6682962963
3.49933333333
2.76711111111
0.0942222222222
-2.63007407407
-2.51592592593
1.61733333333
0.493037037037
-2.88518518519
-4.04037037037
3.80977777778
2.44274074074
4.364
3.09644444444
1.28948148148
1.60466666667
0.95962962963
-0.616888888889
2.65822222222
5.71748148148
4.77785185185
5.71340740741
7.16496296296
6.30496296296
6.2077037037
3.98925925926
4.38266666667
-0.014
3.08622222222
5.45237037037
6.09948148148
9.04066666667
8.30392592593
6.95481481481
8.4617037037
9.10792592593
8.34488888889
8.81614814815
9.18037037037
8.52496296296
8.62992592593
5.40955555556
4.9077037037
5.34140740741
3.30555555556
9.29311111111
11.1316296296
6.68748148148
3.9397037037
6.26192592593
6.3617037037
9.56740740741
9.58659259259
10.3663703704
5.74851851852
1.97318518519
1.71503703704
3.99711111111
2.91377777778
2.60340740741
5.86118518519
8.00962962963
9.15385185185
8.00577777778
9.42807407407
7.324
9.21414814815
11.0985185185
8.48518518519
5.12214814815
6.77407407407
9.35822222222
8.52703703704
10.7320740741
10.6671851852
10.6071111111
8.77977777778
8.34192592593
9.62014814815
11.7868888889
14.0515555556
12.3282222222
11.9583703704
10.0274814815
8.08644444444
11.6237777778
12.3531851852
14.8351111111
16.2324444444
14.0687407407
15.2043703704
12.2007407407
9.36355555556
7.92511111111
7.41
12.1961481481
9.58311111111
6.32725925926
11.1817777778
13.0416296296
10.2704444444
7.37459259259
8.14177777778
12.4542222222
7.41614814815
7.42066666667
9.48525925926
12.7406666667
11.4024444444
11.4381481481
8.12674074074
11.4212592593
11.1895555556
6.77303703704
6.77037037037
8.49140740741
8.93407407407
11.4365185185
13.245037037
15.364962963
13.6499259259
12.163037037
14.4641481481
14.9704444444
13.1014074074
14.1007407407
16.6203703704
12.5353333333
9.14807407407
6.65851851852
7.98474074074
11.9041481481
10.5598518519
12.7948888889
14.4424444444
15.1664444444
13.7066666667
13.2453333333
9.396
9.16459259259
11.4627407407
13.2208148148
9.9962962963
11.2792592593
10.4199259259
10.4383703704
13.0118518519
15.1677037037
13.9725925926
15.1197777778
13.853037037
14.2991851852
11.784962963
10.3346666667
10.7531851852
12.6242962963
10.9194814815
8.09925925926
6.88303703704
8.53792592593
8.61637037037
8.29355555556
8.46214814815
8.63666666667
8.78066666667
9.11414814815
6.26918518519
6.51459259259
6.89155555556
3.19681481481
8.39281481481
9.40585185185
6.76925925926
6.35807407407
4.68192592593
8.48755555556
8.00733333333
7.51162962963
4.60525925926
5.78637037037
2.6797037037
3.97074074074
11.686962963
9.66318518519
6.52207407407
8.67762962963
6.05940740741
2.59037037037
10.7642222222
8.3537037037
4.63866666667
2.54518518519
2.32451851852
3.23548148148
3.13377777778
7.27748148148
8.39355555556
10.8545185185
11.0319259259
11.81
9.30185185185
6.60422222222
6.86155555556
3.49222222222
-0.408296296296
-0.979555555556
-2.33407407407
0.838740740741
4.12414814815
5.16622222222
5.31392592593
2.14481481481
2.21955555556
4.94918518519
5.96622222222
4.62303703704
3.8502962963
0.966296296296
-0.124814814815
0.170666666667
1.95288888889
0.732518518519
0.0402962962963
-1.92703703704
4.73088888889
5.10474074074
2.9382962963
6.32681481481
5.60059259259
5.86281481481
7.62837037037
4.06103703704
2.432
3.14288888889
0.361111111111
-0.350518518519
-0.499703703704
-0.842962962963
-1.0202962963
0.823185185185
-0.929407407407
0.0883703703704
-0.554
-4.51162962963
-8.09414814815
-2.17088888889
0.763703703704
1.72392592593
-3.0017037037
-6.41
-6.77118518519
-8.046
-5.34422222222
-2.6257037037
-3.26103703704
-0.589777777778
-0.354
-2.36051851852
-4.42385185185
-3.45659259259
-4.602
-6.2902962963
-4.00177777778
-3.40385185185
-0.575777777778
0.701851851852
1.42792592593
0.203111111111
0.0607407407407
0.579703703704
0.448444444444
0.159111111111
1.47325925926
3.05992592593
-0.31562962963
