2.21908333333
2.29297916667
1.34152083333
0.880375
1.0176875
4.0435
4.43964583333
2.6100625
4.38295833333
4.76335416667
4.06475
3.42135416667
2.74047916667
2.157625
2.23977083333
2.06102083333
3.97616666667
4.69302083333
4.01652083333
2.42958333333
1.902125
3.0199375
3.83897916667
3.4861875
4.00097916667
2.50997916667
3.10229166667
3.00716666667
2.48
3.3916875
5.41577083333
4.88883333333
3.5628125
2.93854166667
2.962375
1.5011875
2.8951875
3.79595833333
1.68414583333
5.20758333333
6.0753125
2.80452083333
1.49370833333
3.55310416667
5.5783125
6.50879166667
5.86954166667
1.15772916667
3.005
3.42933333333
1.77954166667
1.43333333333
2.28272916667
2.67327083333
1.83341666667
1.35008333333
2.69266666667
2.55025
3.51847916667
5.56185416667
4.3598125
3.90016666667
1.46889583333
1.93460416667
4.32691666667
3.36914583333
6.94860416667
3.837625
2.80747916667
4.23247916667
3.37233333333
3.35220833333
4.50764583333
2.95847916667
3.8569375
3.31052083333
2.74247916667
2.36127083333
4.65445833333
5.16825
3.83864583333
1.47229166667
3.85483333333
5.09247916667
5.98241666667
5.6065
2.5079375
3.66772916667
2.82429166667
2.58585416667
4.16479166667
4.11089583333
1.94704166667
1.55447916667
1.42195833333
3.23260416667
2.23822916667
3.5518125
3.18179166667
3.7899375
2.44908333333
1.58527083333
2.88664583333
2.48935416667
2.37479166667
3.21164583333
3.43535416667
1.55760416667
2.70972916667
2.92464583333
3.56216666667
5.23885416667
5.22925
2.764125
1.688
2.92958333333
2.11045833333
3.748
4.6483125
4.00114583333
7.07704166667
4.60402083333
2.72052083333
2.14270833333
2.75922916667
2.23029166667
2.2763125
1.82889583333
3.38825
2.4764375
2.61341666667
1.81335416667
1.47077083333
1.35033333333
2.838375
4.4725625
2.63922916667
1.66166666667
5.02647916667
4.93454166667
3.043375
3.22816666667
2.763125
4.55383333333
3.66691666667
2.81370833333
3.53183333333
2.64170833333
2.45402083333
1.61845833333
2.71410416667
3.4300625
3.70004166667
2.28695833333
1.77527083333
1.75083333333
1.6111875
3.2849375
2.6705625
2.07472916667
2.85375
2.3605
3.78225
3.82002083333
3.2806875
2.74225
4.64441666667
3.54377083333
2.480875
2.25420833333
1.55327083333
1.88766666667
2.06910416667
3.599875
2.8905625
2.11385416667
2.233625
1.91202083333
2.93245833333
3.22916666667
2.68333333333
2.25485416667
1.93825
2.7431875
1.955
2.40814583333
2.976125
3.81183333333
3.56252083333
2.58783333333
1.40735416667
2.921125
1.87633333333
2.726
2.48147916667
2.45389583333
2.60189583333
3.53727083333
3.32602083333
3.22325
4.22710416667
3.88333333333
2.69891666667
2.739
2.59683333333
2.08597916667
1.74295833333
1.20041666667
2.77366666667
3.642375
3.40735416667
4.378
4.49175
2.50639583333
1.83658333333
1.41908333333
1.4975
1.56095833333
3.27504166667
3.5239375
3.70347916667
1.80839583333
1.72047916667
1.63295833333
3.4864375
2.8755
3.33002083333
2.43339583333
2.4960625
1.85108333333
2.20947916667
3.16854166667
2.3678125
2.36464583333
3.19477083333
3.13308333333
1.99222916667
3.364125
2.63958333333
1.69891666667
1.68383333333
2.04183333333
1.54852083333
2.82102083333
3.68775
2.78252083333
1.63145833333
2.69889583333
1.5125625
1.4025
1.48354166667
1.66352083333
2.56027083333
1.660375
2.57022916667
2.1468125
3.75479166667
1.9158125
3.261625
4.36220833333
3.83241666667
2.8276875
2.00139583333
3.43991666667
3.01383333333
2.394625
1.54295833333
2.82835416667
2.16954166667
2.95275
2.9805
2.88875
2.45808333333
4.21472916667
2.88160416667
2.2758125
1.81297916667
3.950875
2.57772916667
1.758875
1.764125
2.33164583333
1.35925
3.317625
2.10160416667
3.29479166667
3.2968125
1.387375
1.99883333333
3.82664583333
3.046
1.79520833333
2.57525
4.22652083333
5.46885416667
4.26983333333
5.0563125
5.91102083333
4.9234375
2.68085416667
1.81770833333
1.48925
3.3568125
2.3729375
1.94685416667
1.81235416667
6.19497916667
4.96854166667
4.93441666667
3.3761875
4.65233333333
3.55685416667
2.06370833333
3.20183333333
5.33285416667
1.672625
2.558375
2.2761875
2.575875
1.47858333333
2.8095625
2.52008333333
2.9706875
2.52341666667
1.19110416667
2.3191875
2.797125
3.60077083333
5.6908125
2.14966666667
3.1450625
3.39902083333
4.68416666667
4.64108333333
4.53325
4.09514583333
3.7266875
5.74095833333
2.48360416667
3.667625
3.68183333333
4.552375
6.26008333333
6.3655
2.79402083333
2.9705
4.62920833333
7.17558333333
6.15210416667
5.75895833333
6.4401875
2.81677083333
2.32627083333
3.35308333333
6.68025
4.54577083333
2.81422916667
2.8235
1.75247916667
3.35433333333
5.2308125
5.36629166667
4.37158333333
3.24635416667
3.36616666667
3.07229166667
1.8884375
3.84027083333
2.4423125
2.8109375
1.23391666667
1.80316666667
2.56539583333
3.34079166667
3.85579166667
5.51908333333
3.61322916667
2.26283333333
2.76522916667
5.06808333333
4.228375
2.75558333333
1.24935416667
2.6741875
3.501375
4.73214583333
4.03375
1.86189583333
2.70204166667
2.81370833333
3.16858333333
1.53566666667
2.72977083333
5.5345625
6.33758333333
5.0065625
4.82902083333
4.97925
3.60852083333
4.73052083333
3.5696875
2.90772916667
3.27352083333
2.91320833333
2.79872916667
2.77747916667
2.03875
1.29814583333
1.46410416667
2.20589583333
1.9526875
2.10008333333
1.903875
3.93075
3.40525
2.60504166667
2.13177083333
2.01264583333
2.529875
0.933583333333
2.2290625
3.4269375
2.50047916667
2.7065625
2.90989583333
3.58966666667
4.31383333333
2.74727083333
2.2415
3.92366666667
4.85579166667
1.86022916667
3.23895833333
1.54866666667
1.6715625
3.05010416667
3.5979375
5.1081875
4.26525
2.22460416667
2.0996875
5.33416666667
6.037
6.48152083333
4.56847916667
2.75935416667
4.44814583333
2.5659375
1.85360416667
2.50402083333
3.35777083333
4.9371875
6.38579166667
4.79691666667
2.64658333333
3.50745833333
6.00133333333
5.28872916667
4.38510416667
3.70027083333
2.85210416667
2.67539583333
3.8465625
3.62589583333
2.83864583333
1.6403125
2.48916666667
2.66133333333
1.6240625
1.93964583333
2.05572916667
2.36429166667
4.1683125
6.25435416667
3.88225
2.68939583333
3.10366666667
5.60227083333
6.5678125
2.48170833333
2.42527083333
2.60758333333
3.054125
1.9095625
4.4795625
5.72727083333
5.57410416667
5.8724375
5.40858333333
4.69910416667
3.59345833333
2.67527083333
1.97572916667
4.15825
3.47295833333
4.23197916667
4.7750625
6.52545833333
6.48460416667
5.025625
3.57572916667
2.70008333333
3.14354166667
2.5259375
1.96277083333
3.09447916667
4.49885416667
3.06539583333
2.67164583333
2.13210416667
1.533625
2.15472916667
1.57783333333
1.644875
2.64264583333
2.15260416667
2.231875
3.71566666667
3.20354166667
3.13564583333
1.93027083333
1.9678125
1.55127083333
1.6113125
2.381875
1.762375
2.81604166667
1.80454166667
1.836375
3.00985416667
3.42154166667
3.51791666667
2.76439583333
2.9225
3.895125
4.757875
3.42547916667
2.78502083333
3.57945833333
4.0275
3.55383333333
2.00295833333
2.73002083333
3.5606875
3.35933333333
3.79070833333
3.603125
2.51633333333
3.50614583333
1.98308333333
2.43027083333
1.93035416667
3.64170833333
3.762
3.8530625
3.5531875
2.50354166667
2.92052083333
3.367875
3.1155
1.8578125
3.3105625
3.33735416667
4.46779166667
4.28989583333
4.38095833333
5.10229166667
2.92035416667
1.804875
1.75322916667
2.45052083333
3.12425
2.235
2.494
3.54314583333
2.43920833333
1.55797916667
1.57804166667
1.95870833333
2.3426875
2.56066666667
4.00229166667
3.48833333333
2.13229166667
2.2699375
1.82972916667
1.11333333333
1.654625
3.72475
2.5820625
2.05614583333
3.48608333333
2.04510416667
1.627
1.4623125
1.7028125
4.15847916667
5.80458333333
4.1036875
3.32416666667
3.1123125
2.19397916667
2.15964583333
1.21466666667
1.61889583333
3.1751875
4.57420833333
4.3459375
3.41985416667
1.54052083333
3.00435416667
2.65358333333
2.90058333333
2.779875
2.01745833333
2.98925
2.83433333333
4.6470625
4.60114583333
4.32179166667
4.4648125
5.33077083333
3.2429375
1.91922916667
2.68352083333
1.630625
1.70610416667
1.23585416667
1.11085416667
1.70891666667
1.41264583333
1.10039583333
1.55577083333
1.5719375
1.31922916667
0.9773125
2.3293125
3.0426875
2.20433333333
3.04754166667
1.44497916667
2.27047916667
2.41052083333
3.9626875
6.39775
5.5031875
3.0470625
2.7825625
4.622125
3.8345
4.067375
1.6715
1.92102083333
2.6084375
3.00395833333
2.51322916667
3.0983125
2.33779166667
3.30720833333
3.0538125
3.87202083333
4.74695833333
2.6353125
2.44435416667
4.5801875
4.40525
5.94322916667
3.6511875
3.16454166667
5.371875
5.86275
5.05620833333
4.906875
6.17895833333
5.84225
1.15035416667
1.18160416667
1.92566666667
1.72660416667
3.47
2.98727083333
2.66435416667
4.45397916667
6.21254166667
6.0878125
5.43235416667
6.73666666667
4.38775
3.41991666667
4.34370833333
4.90872916667
4.75041666667
4.0300625
3.81783333333
2.3431875
2.90770833333
3.27008333333
2.56110416667
5.26014583333
2.31941666667
5.51922916667
5.37195833333
2.94545833333
2.755375
3.91885416667
1.71383333333
2.98402083333
7.12425
7.34625
6.39120833333
4.88289583333
8.06533333333
7.9161875
7.72608333333
5.0296875
4.1054375
4.70591666667
3.6498125
3.14564583333
4.6795625
4.44191666667
6.36052083333
4.7865625
5.57891666667
4.06995833333
1.69472916667
3.66702083333
5.45322916667
5.42016666667
7.0760625
9.51904166667
6.654375
9.7504375
6.47077083333
6.22435416667
2.43310416667
2.2464375
2.13260416667
5.30508333333
2.4319375
2.44122916667
5.20254166667
3.34822916667
10.170625
6.16266666667
6.37252083333
5.56883333333
2.27975
4.657
4.89029166667
1.7986875
1.0923125
1.54820833333
2.37272916667
5.22235416667
2.6345625
1.0958125
1.5585625
1.59552083333
1.48597916667
2.48410416667
3.49347916667
4.30297916667
9.23185416667
4.46252083333
5.0544375
4.98477083333
5.82235416667
7.02177083333
3.20729166667
8.37335416667
4.79733333333
1.86091666667
1.11870833333
1.37839583333
1.212625
1.369875
1.598625
3.75070833333
2.91258333333
1.50075
1.6619375
1.712875
1.94416666667
1.22514583333
2.31777083333
3.71464583333
3.34239583333
5.01964583333
2.3710625
2.3545625
2.25127083333
3.09075
2.35425
2.92327083333
7.918
7.64629166667
6.679625
3.39445833333
8.76808333333
5.11016666667
4.57922916667
6.45904166667
4.00541666667
2.06260416667
2.73225
3.41310416667
7.24679166667
5.76477083333
5.6051875
7.8680625
4.95510416667
6.90502083333
4.42952083333
5.21845833333
3.63025
4.3309375
4.00983333333
1.4720625
3.2481875
2.8536875
2.12552083333
1.582
1.81833333333
2.5403125
1.98527083333
1.56277083333
1.42416666667
1.41566666667
1.3429375
2.61841666667
1.546375
2.3908125
3.16233333333
1.6223125
4.54829166667
4.73379166667
2.39535416667
4.09925
2.79864583333
4.47958333333
4.01504166667
1.5186875
3.0154375
3.32864583333
5.41564583333
3.28722916667
4.11408333333
4.18035416667
5.906125
4.551125
4.31847916667
1.90789583333
3.5603125
3.236625
2.99616666667
2.84097916667
2.12985416667
1.8641875
5.05933333333
5.91854166667
2.78216666667
2.0585625
1.5318125
1.32710416667
1.78189583333
2.00597916667
1.65989583333
1.5788125
2.157125
2.32404166667
1.70625
2.08227083333
2.99214583333
2.82683333333
1.5511875
3.35041666667
3.54870833333
1.4878125
1.447125
1.62910416667
1.40170833333
1.32104166667
3.01727083333
2.67152083333
4.0906875
2.75508333333
1.81460416667
3.48664583333
4.34372916667
4.20975
2.93464583333
3.21077083333
1.67339583333
4.19954166667
3.9008125
5.16033333333
3.20389583333
3.37664583333
2.823875
1.50910416667
2.56002083333
2.754875
1.78427083333
1.79602083333
1.35422916667
1.305375
2.3031875
1.73910416667
7.3975
5.77697916667
4.15033333333
2.3639375
3.23947916667
2.23527083333
1.45977083333
1.37960416667
1.09322916667
1.72360416667
1.96470833333
1.20539583333
1.89441666667
2.89677083333
2.043
2.470875
2.413875
2.39735416667
3.61425
1.62754166667
2.72352083333
1.81754166667
3.04835416667
2.99570833333
2.84333333333
3.48754166667
3.83664583333
3.8028125
4.39766666667
2.68933333333
2.536125
2.6314375
2.4750625
2.2476875
1.70472916667
1.7461875
1.6085
1.64772916667
1.82889583333
1.4625
1.59372916667
2.27670833333
2.26566666667
1.7688125
0.9865625
1.0371875
0.9649375
0.833041666667
2.35983333333
3.07697916667
2.29020833333
2.4166875
5.3940625
3.912
4.1269375
3.124125
2.4165
2.19864583333
2.78235416667
4.610875
2.020375
1.58427083333
1.05495833333
0.913083333333
1.388875
1.49641666667
1.67791666667
1.8623125
1.31158333333
0.6935
1.4810625
1.499
1.54708333333
1.7121875
2.04095833333
1.4114375
3.14060416667
2.55754166667
3.03375
2.25125
1.86716666667
2.556375
2.87085416667
6.01177083333
3.8645625
2.9451875
2.5785
1.43554166667
2.903
1.59752083333
2.06747916667
1.75554166667
2.57345833333
1.31827083333
1.765375
1.8199375
5.358
8.12775
3.2655
3.15525
6.1168125
4.98754166667
3.34845833333
6.8006875
4.634375
3.98929166667
5.81483333333
3.97670833333
2.13975
1.26783333333
1.34279166667
2.36125
3.2896875
6.6831875
1.7270625
1.5980625
0.811645833333
2.0300625
2.788625
1.93302083333
1.64535416667
3.89383333333
7.14441666667
3.64725
6.8730625
3.7260625
6.14525
1.55702083333
3.60404166667
4.732625
5.08760416667
2.25635416667
2.30277083333
2.25477083333
2.82777083333
6.49175
4.113
4.3424375
5.4773125
1.88197916667
2.04158333333
3.50883333333
5.16872916667
3.82710416667
7.41745833333
5.10072916667
5.02041666667
6.32029166667
7.00866666667
6.932375
4.90629166667
7.94514583333
3.54527083333
3.989625
3.9485625
3.65260416667
1.999
3.34327083333
6.07772916667
5.53777083333
4.8348125
4.17333333333
2.62245833333
4.70289583333
2.914375
1.76985416667
3.12129166667
3.6521875
5.0853125
2.75270833333
1.85054166667
2.12679166667
3.12666666667
3.852875
1.799125
2.59747916667
1.854375
1.22495833333
2.16654166667
2.537375
1.3339375
2.00958333333
2.24004166667
3.36335416667
2.8116875
5.3859375
2.2096875
4.118125
5.10714583333
5.999625
5.6510625
6.68502083333
2.45539583333
3.93441666667
4.1285625
1.07760416667
1.03333333333
1.45479166667
0.5634375
0.930979166667
1.28070833333
0.942354166667
1.14666666667
2.71791666667
1.41845833333
1.27770833333
3.10210416667
2.67864583333
0.7945
1.29225
4.55941666667
7.6015
2.763625
4.690125
4.4326875
6.20308333333
4.08729166667
0.9525625
2.83679166667
2.97535416667
2.00914583333
1.09325
2.32764583333
2.77610416667
2.755375
2.30135416667
1.30891666667
1.33589583333
1.63895833333
1.20691666667
1.67972916667
1.68866666667
2.60883333333
3.919875
4.97425
6.68958333333
3.74497916667
2.8584375
2.652375
2.36675
0.8790625
1.192
0.9718125
2.09745833333
3.542
6.71702083333
4.92370833333
9.39014583333
6.68410416667
3.15214583333
1.8866875
4.31760416667
1.99283333333
2.13202083333
7.82177083333
6.62654166667
6.29952083333
4.00110416667
4.86641666667
5.74566666667
6.91858333333
3.45472916667
2.04258333333
1.6766875
2.32760416667
1.364
1.16241666667
2.713625
1.7268125
1.0378125
1.0018125
1.169625
2.17622916667
2.851625
3.11670833333
5.66020833333
2.972875
1.3159375
3.40197916667
1.58577083333
2.24845833333
4.24754166667
5.2996875
6.90808333333
7.37491666667
5.4980625
5.71089583333
4.49835416667
2.2731875
1.18739583333
2.1965625
2.01589583333
3.3096875
3.36347916667
1.7235
2.11497916667
1.8521875
2.573625
1.92104166667
3.4560625
2.589125
4.48616666667
3.60497916667
2.82447916667
3.89308333333
4.1360625
5.642375
4.34735416667
5.58316666667
5.47352083333
3.07372916667
2.83289583333
4.135875
3.24191666667
1.6649375
1.277875
1.9455
0.959375
1.31295833333
0.964083333333
1.95425
1.658875
1.9725
1.24833333333
2.01060416667
1.643
1.159375
3.02675
3.44814583333
3.0660625
2.22579166667
2.17941666667
2.41472916667
2.37125
1.78220833333
4.20475
2.66822916667
1.16225
2.22870833333
1.29972916667
1.12120833333
1.24852083333
1.79770833333
1.89783333333
1.27604166667
2.15341666667
1.92558333333
1.970125
3.49175
4.22029166667
3.88677083333
2.975875
1.62241666667
1.31110416667
2.21141666667
4.0960625
2.57641666667
0.9603125
2.13639583333
3.96060416667
3.81429166667
2.24441666667
2.81016666667
3.246125
3.36
4.59489583333
3.57904166667
2.65941666667
1.90364583333
2.94983333333
3.97052083333
3.48091666667
1.79675
1.92641666667
0.954625
1.89227083333
1.896875
2.2221875
1.93545833333
2.4328125
2.44858333333
1.54266666667
1.9085
2.59677083333
2.48635416667
2.435625
2.14916666667
1.74839583333
2.46979166667
1.73079166667
1.99629166667
3.14747916667
1.61133333333
1.65477083333
1.76547916667
2.56629166667
3.4635625
3.39
1.73779166667
3.47172916667
3.784625
1.76408333333
1.51245833333
1.3781875
1.3093125
1.70079166667
2.96752083333
3.122625
1.03320833333
3.674625
3.0606875
3.64616666667
2.25708333333
3.01304166667
2.97889583333
4.797375
4.008875
3.7456875
5.5450625
3.52789583333
2.58795833333
1.52008333333
4.2191875
3.9398125
3.72560416667
1.450125
0.977020833333
2.60329166667
2.107
2.2898125
2.70297916667
2.00733333333
2.397875
1.52404166667
3.19495833333
2.12547916667
2.5205625
1.4248125
2.40222916667
1.2684375
1.25695833333
1.28945833333
0.730395833333
0.824770833333
0.7976875
0.83225
0.930375
2.1054375
2.41452083333
5.76979166667
1.624875
1.67116666667
2.7630625
2.4230625
3.56958333333
3.38997916667
1.27508333333
1.61075
1.23766666667
1.343375
1.4586875
0.946083333333
1.50283333333
2.92008333333
1.9423125
2.71041666667
4.8215625
4.90985416667
1.8941875
3.08085416667
4.911125
3.90020833333
6.97058333333
5.56872916667
3.16404166667
2.44285416667
1.518125
1.94039583333
4.34497916667
3.2893125
2.46483333333
1.23775
2.76860416667
1.25033333333
1.9844375
1.02016666667
2.6325625
2.7981875
2.04402083333
3.71877083333
3.04747916667
2.80779166667
0.692833333333
1.06370833333
4.01533333333
4.1054375
4.07275
2.65322916667
4.81352083333
4.8464375
3.90541666667
3.31522916667
4.8829375
3.15989583333
1.42483333333
5.27525
4.3860625
5.9251875
7.03733333333
6.46391666667
3.09779166667
4.77164583333
4.2735
5.71714583333
4.02822916667
3.186
1.00229166667
1.76854166667
1.888
4.47310416667
5.64039583333
2.0109375
1.56627083333
2.197125
4.49547916667
2.04466666667
1.77204166667
4.88577083333
5.82760416667
8.48241666667
5.75695833333
2.8166875
2.2609375
2.60127083333
9.45433333333
9.24233333333
2.95895833333
1.2965
5.86622916667
7.24916666667
9.3334375
3.852625
1.2741875
3.6749375
3.29433333333
3.23614583333
4.73085416667
6.27183333333
1.87397916667
1.48691666667
2.43366666667
3.56227083333
4.0144375
5.04425
8.37597916667
3.62745833333
6.58697916667
5.30947916667
4.9419375
6.326125
4.79447916667
3.480375
5.02725
6.03029166667
7.37797916667
6.31216666667
8.23960416667
7.36397916667
9.101125
5.57420833333
3.187125
5.63735416667
3.84464583333
1.60539583333
1.42129166667
4.42241666667
3.21764583333
6.57054166667
6.020375
6.62575
5.8931875
7.04352083333
10.8931041667
7.22908333333
3.96583333333
2.20858333333
6.0970625
2.71566666667
2.29489583333
1.63070833333
2.340375
2.10908333333
2.77383333333
3.06089583333
2.73785416667
3.17395833333
3.30166666667
2.39939583333
2.5100625
1.7328125
1.59983333333
2.48966666667
2.16914583333
1.26433333333
1.952875
1.89783333333
2.03577083333
3.22029166667
2.9319375
4.426875
1.320125
1.98214583333
2.40879166667
2.09266666667
3.76510416667
5.31745833333
5.47129166667
3.843125
3.35458333333
3.74270833333
5.44358333333
3.21452083333
2.9419375
3.5890625
2.15333333333
2.14
2.65847916667
2.89472916667
3.46560416667
2.64520833333
5.2079375
8.7774375
7.43629166667
7.1143125
4.51220833333
4.183125
3.55825
2.0965625
3.52585416667
6.3674375
3.7268125
1.99958333333
3.10822916667
3.20614583333
1.78589583333
4.38352083333
7.69991666667
5.027375
2.00360416667
2.70914583333
2.22547916667
3.5425625
3.53514583333
2.91183333333
3.07860416667
2.9679375
2.72239583333
4.17083333333
2.86329166667
2.23875
3.5776875
2.63575
2.37575
2.11389583333
1.23141666667
1.67375
2.34195833333
4.751625
3.706125
3.093625
1.65060416667
2.52972916667
5.164625
4.868125
3.84277083333
1.86864583333
3.70804166667
2.27433333333
2.40214583333
2.78364583333
2.07175
4.76297916667
5.9470625
3.14397916667
2.43008333333
2.28979166667
3.29702083333
2.43960416667
3.93877083333
2.32804166667
2.8215625
3.17014583333
1.98683333333
1.8154375
2.1435625
1.94402083333
2.58372916667
1.83
2.534
3.85035416667
2.28677083333
1.8175625
2.598125
3.81164583333
1.74277083333
1.84039583333
1.53335416667
3.28952083333
3.47158333333
1.88127083333
2.0186875
1.87745833333
1.50979166667
1.4610625
2.07152083333
1.77535416667
2.2275
2.5584375
2.0485
1.5814375
3.47583333333
2.67389583333
2.9369375
3.412
1.54975
1.518625
1.52204166667
1.55935416667
2.4168125
3.45272916667
3.56991666667
4.5085625
2.106375
1.59814583333
1.00395833333
1.47189583333
2.4428125
1.672
1.29372916667
1.59222916667
1.35564583333
2.12172916667
1.79025
2.33922916667
3.093875
2.53441666667
2.03939583333
2.49377083333
1.86575
2.76216666667
1.58560416667
3.24447916667
2.44658333333
1.60172916667
1.59122916667
1.90614583333
1.8666875
2.7721875
1.82583333333
2.67389583333
2.75575
2.97054166667
2.0788125
4.58170833333
3.02322916667
2.42104166667
2.8870625
3.21
2.06491666667
1.4836875
2.12733333333
2.26285416667
1.44741666667
1.31770833333
2.2916875
4.12270833333
1.3775625
1.7431875
2.49147916667
1.4180625
1.21310416667
2.0165625
2.10616666667
1.69797916667
0.962041666667
1.4025
3.19866666667
3.71429166667
2.782875
1.94141666667
2.72979166667
3.07258333333
1.7801875
1.86652083333
2.9379375
3.22091666667
6.29310416667
4.92039583333
5.21864583333
3.29066666667
3.23175
2.53645833333
3.430625
4.4566875
5.6578125
5.5771875
4.15516666667
4.27
4.36454166667
5.75933333333
4.37564583333
4.2874375
3.65641666667
2.167
2.57045833333
4.64016666667
0.848375
2.63614583333
2.58379166667
0.8876875
1.047625
1.78908333333
2.3298125
2.16220833333
3.84247916667
2.00708333333
3.541625
3.31789583333
4.0175
4.48270833333
4.0436875
4.84495833333
5.25039583333
4.19910416667
4.71214583333
5.1569375
2.84910416667
3.12
5.06614583333
7.7849375
5.81214583333
5.2603125
4.69347916667
3.03527083333
1.35870833333
0.605916666667
0.951
1.38570833333
1.30941666667
2.8620625
2.25977083333
2.38397916667
1.616625
1.47385416667
4.38304166667
3.98372916667
2.19870833333
2.48425
2.18558333333
1.09995833333
0.694666666667
1.11260416667
0.895020833333
0.503895833333
0.532895833333
1.26214583333
2.82222916667
3.32697916667
1.38514583333
3.4931875
2.62016666667
1.09314583333
1.0415
2.44054166667
3.34191666667
3.34745833333
2.21995833333
3.42083333333
2.55041666667
4.07135416667
7.42377083333
10.1234375
4.66879166667
3.15102083333
3.90314583333
1.43510416667
0.924520833333
0.708104166667
0.915
1.5115625
2.37441666667
2.3509375
3.9073125
6.50022916667
3.60625
2.00454166667
1.12658333333
1.196875
2.5211875
1.89095833333
1.43958333333
1.39
1.82227083333
2.0406875
3.19670833333
1.55502083333
4.33302083333
5.06275
2.94760416667
5.88854166667
6.012875
5.0771875
6.3325625
3.6385
4.59564583333
5.75039583333
5.81570833333
7.22508333333
9.2603125
5.77735416667
4.0266875
3.9784375
5.196625
5.96985416667
3.32677083333
2.02866666667
8.13985416667
5.1245625
9.65385416667
7.0478125
7.36052083333
6.93958333333
8.333375
5.23064583333
1.57416666667
0.996583333333
2.47283333333
5.41089583333
4.24139583333
6.61485416667
3.3921875
1.9536875
2.21058333333
1.72764583333
3.91827083333
3.10341666667
3.53825
2.58495833333
4.04491666667
5.79589583333
4.1131875
4.5671875
6.2438125
5.8748125
4.91029166667
4.89522916667
1.55291666667
2.97322916667
3.40233333333
2.39333333333
2.0971875
1.838625
2.18035416667
0.8270625
2.628
4.69022916667
2.5419375
2.42404166667
1.96095833333
1.43839583333
3.09347916667
4.2040625
3.27335416667
2.17275
1.46822916667
0.92225
0.615333333333
3.630625
3.04066666667
1.33502083333
1.789625
1.58520833333
2.93529166667
3.18116666667
2.03158333333
1.7345625
0.904458333333
1.95454166667
2.682
2.1905625
2.81847916667
2.8859375
5.10572916667
4.545625
4.24977083333
2.68341666667
1.8466875
2.08997916667
1.51158333333
3.59291666667
1.56833333333
3.477125
4.53227083333
5.30720833333
4.64127083333
1.94620833333
1.79364583333
2.64341666667
3.02585416667
2.29895833333
0.779666666667
1.06479166667
1.0768125
2.09939583333
1.24158333333
1.05279166667
3.00466666667
1.49272916667
1.51329166667
1.07464583333
2.11747916667
3.41220833333
2.21997916667
1.60297916667
1.06764583333
1.14910416667
1.18597916667
1.07775
1.541
2.9181875
2.93985416667
1.54535416667
3.4234375
2.81079166667
4.046375
3.69885416667
3.6134375
2.42795833333
2.557375
1.34697916667
1.6249375
2.66397916667
1.9270625
3.16389583333
2.7419375
1.86535416667
2.19752083333
4.40014583333
4.84829166667
2.52125
1.86414583333
1.70420833333
1.98241666667
3.45716666667
2.0384375
2.3460625
3.4475625
3.28477083333
4.24572916667
1.84025
1.94535416667
2.35725
1.68539583333
1.76835416667
2.8105
2.57329166667
4.67727083333
1.77877083333
3.08029166667
2.5391875
4.5978125
2.37714583333
1.84189583333
2.98439583333
3.5605625
2.7980625
3.20758333333
2.156
2.61627083333
1.53647916667
3.44620833333
3.79060416667
3.034875
2.02210416667
1.19383333333
1.6855625
1.253125
1.60377083333
2.4011875
3.86614583333
5.51270833333
3.38889583333
4.39360416667
3.31327083333
3.51275
1.8746875
2.52779166667
3.43410416667
1.79441666667
1.5241875
3.22027083333
2.79110416667
3.016875
2.35308333333
1.42752083333
2.25195833333
1.7284375
1.77216666667
1.9234375
3.85014583333
3.80372916667
4.07947916667
2.5449375
3.14322916667
2.9223125
2.44589583333
2.39629166667
1.992875
1.87783333333
1.685875
1.87566666667
1.5776875
1.75864583333
2.92775
2.90795833333
2.47704166667
2.45625
2.5190625
2.54985416667
1.89095833333
2.064375
2.72991666667
2.06772916667
2.65689583333
2.02254166667
1.4511875
3.2924375
3.21529166667
3.82225
2.2885
1.77802083333
1.33595833333
1.26216666667
1.79339583333
1.3729375
1.08620833333
1.10729166667
0.817666666667
0.9559375
0.9293125
1.99235416667
1.48127083333
1.43233333333
1.849625
2.07447916667
1.05104166667
0.991916666667
2.084625
3.21335416667
3.9011875
4.76177083333
2.92022916667
4.5933125
5.9434375
2.391125
1.98691666667
3.77764583333
3.74722916667
5.26216666667
6.4491875
4.92047916667
4.20772916667
1.71527083333
1.62610416667
1.58654166667
3.0523125
1.55285416667
2.28929166667
2.6393125
3.04872916667
3.5885625
3.37558333333
2.55608333333
2.41945833333
3.46945833333
4.25389583333
2.57660416667
1.2909375
0.9425625
2.65704166667
2.92533333333
3.16729166667
2.0716875
2.1595625
2.19097916667
3.79360416667
4.2121875
4.4799375
3.9379375
1.17285416667
2.3044375
2.35404166667
1.57925
2.96202083333
3.01358333333
0.9155625
2.54645833333
5.95779166667
5.30697916667
8.11414583333
4.57304166667
6.1729375
5.53420833333
2.13252083333
4.16027083333
4.17020833333
1.2079375
0.771854166667
2.3436875
1.22210416667
1.7981875
1.01735416667
1.93733333333
3.76483333333
1.99645833333
2.49397916667
1.7186875
1.3515
1.36208333333
2.46904166667
2.327875
3.06804166667
3.32172916667
3.003125
2.8483125
2.52691666667
5.0270625
3.07141666667
2.83541666667
2.31060416667
3.0865625
4.33535416667
6.92402083333
9.25777083333
9.74625
4.63145833333
2.57283333333
3.30860416667
3.79183333333
2.0526875
1.34347916667
2.05904166667
1.88208333333
1.403625
2.8878125
3.64097916667
4.38991666667
2.49554166667
3.47695833333
3.97741666667
4.30391666667
2.7805625
1.70760416667
3.89441666667
2.398625
1.93647916667
2.104375
2.1385625
3.86377083333
4.93789583333
5.99904166667
6.11295833333
2.77633333333
2.99172916667
4.02025
1.76747916667
2.491
1.20027083333
1.87295833333
0.735270833333
1.94470833333
3.39658333333
3.99672916667
2.22610416667
1.672625
2.04791666667
2.31289583333
1.87122916667
2.12895833333
1.286
4.3045625
1.66277083333
1.34925
2.96202083333
2.34210416667
2.8551875
3.99289583333
2.14610416667
1.09047916667
0.6978125
0.741520833333
1.3920625
2.28008333333
4.5615625
2.83775
4.14047916667
5.77697916667
4.44995833333
2.828
2.83152083333
3.98345833333
4.42033333333
6.67922916667
5.84441666667
7.59770833333
3.48595833333
1.2089375
0.905270833333
2.2030625
1.86352083333
5.01595833333
5.52654166667
3.74441666667
4.51227083333
3.39120833333
1.74604166667
1.0989375
2.2885625
1.41429166667
2.51791666667
2.2631875
1.46714583333
1.562875
2.453125
1.61829166667
2.80820833333
2.94429166667
1.06377083333
1.17122916667
0.877291666667
1.00952083333
1.615
1.99216666667
2.70233333333
2.95520833333
1.43825
1.70897916667
0.989895833333
0.979729166667
1.69272916667
1.8878125
1.43025
2.67758333333
1.08614583333
2.32783333333
3.3945
1.82097916667
1.9965625
4.62675
2.59177083333
3.2326875
2.94958333333
1.5063125
2.42675
2.1861875
3.49889583333
6.63445833333
5.04575
5.7611875
6.56310416667
6.13683333333
5.55941666667
3.84579166667
5.28127083333
3.36052083333
3.38047916667
2.20416666667
3.2431875
4.63129166667
5.7178125
3.0538125
2.35852083333
3.9133125
6.93179166667
4.92529166667
6.0729375
4.09814583333
2.28727083333
1.050125
1.795875
1.73197916667
2.79425
3.52702083333
2.51702083333
3.925625
3.40860416667
3.4280625
2.3630625
4.9904375
5.32985416667
5.53208333333
5.75470833333
5.2529375
5.37575
2.85464583333
1.7635625
1.74220833333
4.5409375
6.6850625
4.76279166667
2.25252083333
1.63091666667
2.8384375
4.50170833333
2.912
3.35783333333
1.37814583333
1.96035416667
2.68464583333
2.95683333333
2.6465625
2.27302083333
1.65697916667
1.88558333333
2.50814583333
1.82441666667
1.56475
1.79525
1.72645833333
2.10797916667
2.93341666667
2.85154166667
2.05008333333
1.883875
2.78720833333
2.37708333333
1.87245833333
2.2006875
2.32233333333
3.872125
3.1988125
4.52202083333
3.62247916667
3.55408333333
4.80233333333
5.1155
2.33645833333
4.3880625
1.85502083333
2.67664583333
1.83979166667
2.18995833333
2.2001875
2.11783333333
2.00560416667
2.0409375
2.22483333333
2.543875
2.6600625
4.15452083333
2.32077083333
3.04983333333
2.8129375
1.71085416667
2.002125
1.4619375
3.57152083333
3.144125
1.9276875
2.2455625
1.7520625
1.81360416667
1.636125
0.878833333333
1.511375
0.996145833333
2.541125
2.87360416667
2.28960416667
1.73852083333
2.2839375
3.41910416667
3.15154166667
3.02254166667
3.75725
3.3811875
1.23927083333
1.05210416667
2.16858333333
3.275125
2.16627083333
3.77275
5.03735416667
3.35535416667
1.99308333333
3.0620625
3.999875
3.603125
6.065625
1.60683333333
2.04375
2.66120833333
1.67741666667
3.5730625
2.75102083333
2.03166666667
1.63879166667
2.30760416667
1.93014583333
1.32289583333
1.8801875
1.9578125
2.0508125
3.1193125
2.83916666667
2.38675
2.56875
3.5388125
3.40027083333
2.214
1.63585416667
0.8590625
1.1780625
1.23147916667
2.58108333333
3.14222916667
3.0960625
3.45175
3.58808333333
4.08164583333
4.299125
3.7025625
2.21125
2.97522916667
1.67414583333
1.68766666667
1.07147916667
2.12977083333
1.89495833333
2.98647916667
3.45335416667
4.7855625
1.43952083333
3.29658333333
1.87702083333
2.84397916667
3.56960416667
1.27085416667
1.656
1.4560625
0.964541666667
0.723833333333
1.53495833333
1.19639583333
1.44258333333
1.8349375
2.48460416667
3.42416666667
2.70191666667
1.24675
1.04354166667
2.51004166667
3.190625
4.114375
3.337
3.14939583333
2.71002083333
2.2104375
2.52877083333
2.67179166667
1.4375625
0.895020833333
0.837854166667
2.0120625
1.89604166667
2.5985625
3.56483333333
4.71958333333
4.65320833333
4.57541666667
2.53685416667
1.16302083333
1.6589375
2.70904166667
2.23572916667
2.4208125
2.70664583333
4.37527083333
2.31735416667
1.883
5.82139583333
5.1426875
4.9605625
3.119125
5.8754375
6.4769375
4.7870625
2.16927083333
0.916708333333
0.639125
0.916520833333
1.3874375
2.92020833333
6.37616666667
6.05191666667
4.45285416667
2.85966666667
1.33160416667
1.07433333333
1.82614583333
0.935645833333
1.52591666667
3.88889583333
3.76991666667
2.6328125
1.29766666667
2.43741666667
3.90154166667
4.15525
3.57295833333
4.487875
6.53552083333
5.34447916667
1.52345833333
2.2333125
2.6395
2.32916666667
1.2774375
3.35939583333
3.53304166667
3.93402083333
3.99339583333
4.18804166667
4.30535416667
4.3495625
4.137625
4.621375
3.11497916667
2.450625
3.67454166667
4.30514583333
4.87966666667
3.743125
2.96060416667
2.16308333333
1.31666666667
1.27508333333
2.84808333333
3.395
3.74872916667
2.41095833333
3.92845833333
3.00129166667
0.933875
2.39064583333
2.11835416667
3.4194375
3.3133125
4.41020833333
4.74889583333
5.808375
5.13902083333
3.07954166667
3.0779375
4.69864583333
6.36845833333
5.867375
6.3401875
6.39822916667
5.5761875
3.74247916667
3.40570833333
2.06175
3.36235416667
4.0090625
3.05772916667
4.7634375
6.44658333333
6.502875
4.5556875
5.4048125
5.08460416667
3.49295833333
4.07235416667
3.612375
2.41860416667
3.8356875
4.42495833333
4.39970833333
4.6899375
4.38520833333
4.45845833333
4.12164583333
3.75529166667
5.87535416667
3.14566666667
2.8524375
2.02589583333
1.06260416667
1.03245833333
2.70727083333
1.59002083333
3.35229166667
4.1675625
4.22135416667
5.95022916667
5.14452083333
3.97916666667
2.77925
3.94841666667
4.61320833333
2.25391666667
1.85814583333
2.78352083333
1.8786875
1.40464583333
1.6119375
2.40535416667
1.52047916667
0.491125
2.85858333333
2.4111875
1.60633333333
1.7381875
1.6120625
2.53785416667
2.94616666667
3.5268125
5.78922916667
5.19033333333
6.20254166667
4.27145833333
5.96852083333
5.98291666667
5.1855
5.549125
4.92866666667
5.89477083333
2.160875
2.33804166667
1.87385416667
1.5545625
3.06879166667
4.9684375
4.40977083333
5.4193125
5.66810416667
4.24610416667
1.85925
1.9938125
3.07925
3.56808333333
2.67402083333
2.83997916667
2.074875
1.77991666667
3.86125
3.87579166667
3.9288125
2.67091666667
2.01385416667
1.87433333333
3.4683125
2.49208333333
3.010375
3.86058333333
3.65420833333
3.29472916667
3.6716875
2.56914583333
2.703125
2.62372916667
2.19495833333
2.64420833333
3.31816666667
3.09952083333
3.41083333333
3.83179166667
2.98183333333
2.9675
2.10689583333
3.3238125
2.1385
2.48497916667
2.30316666667
1.35497916667
3.06402083333
2.7428125
2.98827083333
2.15179166667
2.69275
2.74241666667
2.46495833333
2.45375
2.02464583333
2.15714583333
3.62079166667
1.7436875
1.6881875
1.38454166667
3.36604166667
3.11997916667
2.76675
5.41172916667
4.82514583333
2.55585416667
2.03060416667
3.06410416667
2.0436875
3.152875
3.4645625
4.60433333333
5.30960416667
3.48122916667
1.99714583333
1.75525
3.04597916667
3.6431875
3.26308333333
2.185125
3.79289583333
2.49114583333
1.91210416667
2.241625
1.61989583333
2.159
3.42229166667
2.6139375
1.18329166667
0.9453125
2.394
2.14354166667
3.00860416667
2.6140625
2.51654166667
2.12179166667
2.68833333333
2.66939583333
2.7099375
2.08208333333
2.31691666667
2.4259375
1.49502083333
1.2953125
1.96177083333
3.4143125
2.30316666667
1.53866666667
1.54179166667
2.36052083333
3.05966666667
4.31654166667
3.7010625
2.98
1.66341666667
1.393375
3.4755625
1.77379166667
3.34689583333
2.11166666667
2.79647916667
2.89935416667
2.26975
3.0758125
2.01566666667
2.96475
2.37733333333
1.14816666667
1.54129166667
1.6075
1.61689583333
1.2268125
1.6975
2.4230625
2.86270833333
1.9536875
1.88170833333
2.16210416667
3.03422916667
1.55108333333
2.140875
3.05883333333
1.6480625
1.6884375
4.41670833333
5.96072916667
2.8565
3.14191666667
4.08933333333
2.54610416667
3.15314583333
4.21239583333
4.33495833333
2.98210416667
2.19195833333
2.67214583333
2.74552083333
2.7814375
1.89995833333
1.16591666667
1.19597916667
1.83408333333
2.69202083333
4.78052083333
3.82989583333
3.24095833333
4.25735416667
2.60054166667
1.31166666667
1.17660416667
2.439125
2.70127083333
2.12772916667
2.58502083333
3.08439583333
1.77729166667
0.734104166667
0.831041666667
1.74927083333
1.85635416667
2.208375
2.34977083333
1.41004166667
1.16591666667
1.1141875
2.334125
2.28570833333
2.049125
1.802625
2.1945
1.73047916667
3.2755625
1.480625
1.478
1.01883333333
1.75397916667
2.50629166667
3.05404166667
4.45172916667
6.4626875
5.93370833333
4.7470625
4.567
3.65227083333
4.7463125
4.00075
2.7700625
4.731625
3.0773125
2.19697916667
4.3300625
4.18860416667
3.61166666667
1.1195
2.34329166667
4.0135625
3.76829166667
3.44289583333
4.47779166667
3.12739583333
4.27285416667
3.75239583333
2.107
2.13583333333
2.58545833333
2.78129166667
2.2589375
2.48283333333
5.3061875
6.34579166667
4.672875
2.87266666667
4.00797916667
4.09229166667
5.70860416667
5.031625
4.70179166667
2.60170833333
1.30860416667
1.17289583333
2.3645625
4.5503125
3.70183333333
4.31354166667
4.62658333333
4.83035416667
3.46341666667
2.24322916667
2.59927083333
2.25716666667
1.795625
1.73952083333
2.68379166667
3.9893125
2.3070625
3.74225
5.93816666667
4.55302083333
5.63497916667
7.602625
3.95045833333
3.99664583333
3.10491666667
2.56141666667
2.04183333333
3.93185416667
3.22835416667
3.5714375
4.53816666667
6.43333333333
5.51489583333
5.75160416667
2.95039583333
4.72929166667
2.44829166667
3.17370833333
5.517625
3.73729166667
2.59572916667
3.11129166667
3.41052083333
4.76383333333
3.39910416667
2.84991666667
3.01654166667
7.05416666667
8.16729166667
4.87483333333
3.24172916667
3.71266666667
2.78460416667
2.021125
1.81495833333
1.894875
3.11341666667
2.15522916667
3.32627083333
3.73129166667
1.67452083333
3.17227083333
3.26704166667
1.513
1.24422916667
1.68810416667
1.97383333333
2.10185416667
1.43
2.04689583333
5.5321875
4.02027083333
3.48929166667
2.1673125
3.27716666667
1.91658333333
1.45577083333
1.95729166667
2.3689375
3.42925
2.01383333333
1.69235416667
2.810125
3.304875
6.659375
4.0513125
1.80577083333
2.69410416667
2.30258333333
2.8888125
1.71720833333
3.63279166667
2.2974375
2.43177083333
4.19070833333
3.63197916667
1.17383333333
0.939625
1.78329166667
2.889875
3.85491666667
4.88883333333
4.1145625
4.49745833333
3.5926875
3.27275
3.46091666667
3.1740625
4.08216666667
3.68079166667
5.04491666667
3.5083125
3.257875
3.68397916667
3.15908333333
3.68835416667
3.47927083333
2.773875
3.33
6.59410416667
6.54566666667
3.3874375
2.29739583333
1.569875
1.80616666667
2.48635416667
4.94620833333
4.24072916667
3.3563125
2.80697916667
2.903625
2.96208333333
1.24935416667
2.29164583333
3.65420833333
2.52510416667
1.33410416667
1.36977083333
1.62191666667
1.6453125
1.57783333333
1.26514583333
1.623625
4.05952083333
3.45547916667
2.02429166667
1.468375
1.2641875
1.66370833333
2.7648125
3.41070833333
2.57139583333
2.5220625
2.10860416667
2.15310416667
2.64939583333
2.6426875
3.88577083333
4.5109375
4.480125
3.01504166667
2.51833333333
2.360875
3.4298125
3.63341666667
5.4516875
2.7986875
4.3074375
4.319375
3.06447916667
1.88639583333
1.773125
2.34464583333
3.65225
2.55616666667
1.69204166667
1.61689583333
2.03145833333
2.05452083333
1.41183333333
3.01614583333
2.75447916667
2.18920833333
2.07566666667
1.82002083333
2.6353125
1.89764583333
2.61635416667
2.8583125
2.82472916667
4.13716666667
4.45108333333
6.05610416667
3.21770833333
2.59216666667
3.06410416667
1.3636875
1.925
2.3375
3.21085416667
2.95258333333
3.10695833333
2.97197916667
2.59766666667
1.58595833333
2.014
2.18720833333
2.90814583333
2.44552083333
2.33885416667
2.37441666667
3.10660416667
1.84939583333
1.6466875
1.9705625
2.25308333333
2.88535416667
3.28208333333
3.29397916667
3.23589583333
2.76285416667
1.88939583333
1.77539583333
2.74577083333
2.20085416667
3.1834375
2.9884375
1.9049375
2.6784375
2.86658333333
1.8206875
4.07685416667
2.67689583333
2.695125
3.0645
2.99408333333
1.732375
2.07441666667
2.25689583333
2.6215625
3.05039583333
4.601125
2.95635416667
2.61285416667
2.13560416667
3.28227083333
4.36672916667
2.84866666667
2.70897916667
2.81345833333
3.36739583333
2.55239583333
2.69995833333
3.07460416667
2.00202083333
2.67127083333
1.0758125
1.38739583333
1.9776875
2.55577083333
3.00364583333
1.71460416667
1.65354166667
1.53954166667
2.08916666667
1.11354166667
1.805
1.99083333333
2.11383333333
2.4725625
4.27302083333
5.52995833333
3.64416666667
3.20685416667
2.46339583333
1.41391666667
2.1095
2.2135
1.77320833333
0.725083333333
1.38820833333
2.0884375
3.0523125
3.849375
2.06602083333
2.13516666667
3.48016666667
3.15552083333
5.11133333333
3.85747916667
4.05933333333
2.27910416667
1.04341666667
1.91714583333
1.80283333333
1.2458125
3.09689583333
2.26991666667
2.28216666667
2.721
3.40610416667
2.74245833333
1.57302083333
2.63341666667
1.80666666667
1.5253125
3.28016666667
3.76377083333
4.089125
3.3116875
2.27089583333
2.53270833333
4.288375
4.9236875
7.36654166667
4.64358333333
3.11625
2.54264583333
3.3389375
3.6690625
3.49729166667
5.942375
4.12154166667
1.95164583333
1.64377083333
2.95939583333
2.7659375
2.2156875
0.935791666667
2.84560416667
1.826125
1.3126875
3.84066666667
3.72475
1.99845833333
1.480625
1.13775
1.6586875
2.22822916667
2.6064375
2.53560416667
1.98535416667
1.2416875
1.36589583333
1.60829166667
2.45577083333
1.90714583333
2.0996875
3.94610416667
6.6255625
5.14216666667
4.27452083333
4.42979166667
5.17995833333
4.44172916667
2.7884375
4.4770625
4.17445833333
2.90816666667
2.57164583333
2.518375
5.75214583333
3.86379166667
1.791375
1.17583333333
1.3384375
0.768791666667
2.347625
4.43589583333
5.2163125
4.3626875
2.67141666667
1.70027083333
2.20535416667
2.9834375
1.51347916667
1.92766666667
2.87272916667
2.8434375
1.14985416667
2.76670833333
1.75614583333
2.63425
3.21383333333
3.21670833333
4.55514583333
3.41395833333
3.46433333333
2.86922916667
2.62735416667
1.52177083333
2.16654166667
3.0784375
3.40358333333
4.40710416667
4.241625
4.83641666667
3.7905625
2.83997916667
5.04252083333
8.19920833333
7.12914583333
6.77722916667
4.9674375
5.51239583333
5.60941666667
2.38529166667
3.072125
2.84858333333
3.0130625
2.20714583333
2.78772916667
1.9746875
3.00125
2.35627083333
2.00720833333
1.94810416667
2.63097916667
3.25947916667
2.419375
4.06564583333
3.86902083333
4.13220833333
4.62083333333
5.61447916667
2.74445833333
2.738
4.13583333333
3.32045833333
3.542625
5.8363125
7.07191666667
5.67764583333
5.8115625
4.40670833333
5.1621875
2.8623125
5.60977083333
5.98133333333
7.301
5.36804166667
2.62110416667
2.35314583333
2.85008333333
2.72941666667
3.18885416667
4.42222916667
3.15908333333
4.63539583333
2.67345833333
2.41460416667
2.85383333333
4.02704166667
3.92283333333
4.72991666667
4.15745833333
4.75772916667
4.45008333333
4.77395833333
3.87891666667
2.9526875
4.72097916667
3.4635
2.974875
4.30466666667
4.4500625
4.05647916667
1.84245833333
3.2063125
3.71783333333
4.222375
2.43341666667
1.3905625
4.10664583333
5.24416666667
4.01739583333
2.41333333333
3.29379166667
3.476875
1.7795
2.98208333333
3.236875
4.39445833333
4.16625
3.83760416667
4.44854166667
3.0463125
3.55347916667
2.4989375
3.19095833333
2.90247916667
1.69954166667
1.9059375
4.91208333333
4.768125
5.54277083333
3.801625
2.35658333333
2.16370833333
2.9210625
2.46972916667
2.0851875
4.26445833333
1.69589583333
2.79772916667
2.88354166667
2.11983333333
1.7540625
2.0550625
2.85635416667
3.10358333333
2.89320833333
4.399375
2.85222916667
2.8645
2.986
3.78504166667
2.37608333333
1.66352083333
1.29547916667
2.07214583333
3.01214583333
3.69252083333
3.80847916667
2.06110416667
2.8105625
4.68610416667
5.17529166667
2.84785416667
3.69810416667
5.042
5.93489583333
5.78585416667
5.41939583333
5.04522916667
2.56397916667
2.1920625
2.52970833333
2.46852083333
3.19447916667
2.12845833333
2.19285416667
3.31479166667
1.90366666667
2.00616666667
3.16970833333
3.04095833333
2.314625
3.692875
3.683
4.04289583333
2.92308333333
2.98497916667
3.5489375
2.60579166667
2.129625
3.59110416667
1.67614583333
1.79872916667
1.20064583333
1.1039375
2.93452083333
4.45304166667
2.42941666667
1.92341666667
2.13060416667
2.85302083333
2.80416666667
2.4245
2.92070833333
2.06847916667
1.7849375
2.62360416667
2.31189583333
2.0093125
1.35422916667
1.5996875
1.3776875
1.1519375
2.08583333333
2.58702083333
3.62425
3.7771875
4.83266666667
4.28058333333
4.6659375
3.59089583333
3.14241666667
2.76102083333
3.12635416667
2.33558333333
3.040625
1.4745
2.3543125
3.82302083333
3.43454166667
4.123375
3.72647916667
2.9575
1.97227083333
1.91158333333
1.8839375
3.66004166667
3.10958333333
3.20320833333
3.07779166667
2.86491666667
2.01210416667
2.13525
3.04727083333
2.981875
2.118
1.22291666667
1.61570833333
2.46289583333
1.44625
2.43135416667
1.27260416667
1.27660416667
1.68625
1.86366666667
1.1434375
2.336125
3.1620625
3.04895833333
2.03902083333
2.66052083333
2.00064583333
1.47991666667
1.333
3.2675
3.95083333333
4.20277083333
2.74933333333
2.0465
3.2481875
3.49202083333
3.8035625
2.15
3.49566666667
2.577125
2.33364583333
2.48975
3.49266666667
3.97935416667
3.837375
2.46772916667
2.52052083333
2.03077083333
1.95066666667
2.6401875
1.35025
1.3113125
2.34327083333
3.6340625
3.99741666667
2.30616666667
2.51714583333
2.11008333333
2.50575
2.92020833333
1.82775
1.13158333333
1.23947916667
2.1516875
5.02458333333
6.56672916667
4.30647916667
4.76825
3.84885416667
4.92252083333
3.59670833333
1.72335416667
3.03875
2.98379166667
1.6823125
1.5695625
3.247375
5.91633333333
6.27566666667
6.7859375
6.96770833333
4.216875
2.99620833333
1.41025
1.81991666667
2.87941666667
2.36770833333
3.26835416667
2.23083333333
1.98895833333
3.4209375
2.33539583333
1.38579166667
0.852416666667
1.45433333333
1.92695833333
1.71897916667
3.25529166667
3.64816666667
2.599125
2.7375625
1.44070833333
2.38927083333
2.71808333333
2.88702083333
2.16370833333
3.8629375
2.4366875
1.31545833333
1.353
3.1139375
2.45035416667
1.96027083333
2.34885416667
2.32197916667
3.6871875
3.78035416667
3.57935416667
1.50485416667
2.62620833333
3.86816666667
2.4704375
2.53245833333
4.4339375
2.83208333333
2.95889583333
2.85477083333
2.9281875
1.652
1.96166666667
4.19485416667
4.82325
2.59214583333
3.1075
3.9841875
2.04054166667
4.912
4.88883333333
4.01075
4.15897916667
2.65127083333
2.58408333333
3.290375
3.55435416667
4.36995833333
2.87614583333
4.20577083333
1.90908333333
1.72814583333
3.10316666667
3.88408333333
5.29958333333
3.2824375
3.92491666667
4.12927083333
5.22470833333
5.446375
2.19666666667
2.63116666667
3.606
1.81860416667
1.7890625
2.53910416667
2.352875
1.76558333333
1.70614583333
2.77458333333
3.99639583333
3.5699375
2.49325
2.609875
2.74735416667
3.56339583333
4.1100625
2.04539583333
4.47210416667
3.4883125
3.86489583333
4.429125
2.94675
3.55916666667
1.7545625
1.65277083333
2.92535416667
4.15908333333
1.87302083333
2.35404166667
2.30314583333
2.957125
1.6923125
2.086
3.2751875
2.78285416667
3.41029166667
2.2481875
2.789375
2.7343125
3.472125
3.9583125
4.40258333333
4.14789583333
2.82252083333
1.6084375
1.76654166667
3.30210416667
3.1158125
4.026125
3.75783333333
4.8123125
5.3490625
3.34735416667
2.28566666667
4.85472916667
4.94908333333
3.91760416667
1.1656875
2.45520833333
3.12539583333
2.0135
4.97945833333
5.83725
5.29120833333
4.16114583333
6.361125
4.47247916667
2.27802083333
2.64991666667
2.44983333333
2.34539583333
1.968375
3.14483333333
2.480875
2.88075
2.4758125
2.80139583333
4.48141666667
4.22710416667
5.18264583333
2.77960416667
4.06275
1.51822916667
3.293625
2.59466666667
4.26358333333
4.98025
5.16102083333
7.2718125
4.08391666667
1.62616666667
2.82814583333
2.86127083333
2.00197916667
2.59929166667
1.33039583333
3.69333333333
4.5451875
5.60579166667
7.08316666667
5.99460416667
4.80177083333
3.98858333333
2.22822916667
2.31839583333
2.094
4.70389583333
2.4255
2.26047916667
2.663125
2.28966666667
2.435
4.11922916667
1.65497916667
2.80110416667
2.21277083333
2.053625
2.9648125
2.55847916667
2.89120833333
2.38747916667
3.2295
1.94252083333
3.2188125
2.27752083333
1.67358333333
1.8675625
1.26310416667
2.06804166667
2.2040625
1.71725
5.01454166667
2.337375
1.342375
2.88322916667
2.06679166667
2.72116666667
4.13552083333
3.22916666667
1.53672916667
1.80314583333
1.81620833333
2.12845833333
3.370375
1.8983125
2.64258333333
3.912875
5.22797916667
4.27608333333
3.45864583333
2.86195833333
1.3679375
3.08816666667
2.3423125
1.50877083333
2.46289583333
2.24160416667
1.60052083333
2.6086875
2.05697916667
2.22608333333
2.328
2.00989583333
2.76758333333
2.14754166667
1.93860416667
1.68577083333
2.04460416667
3.435875
3.45210416667
2.64939583333
1.88729166667
1.74454166667
2.560375
2.619375
3.011
2.39808333333
1.577
1.59870833333
2.38272916667
1.42397916667
1.4793125
1.64672916667
3.46975
2.85539583333
3.38225
2.12016666667
2.15702083333
2.39877083333
3.29864583333
4.50027083333
3.74789583333
2.82027083333
2.7525625
1.9836875
2.56225
2.00941666667
2.23895833333
1.86960416667
2.31008333333
3.37610416667
2.914875
3.3233125
2.60827083333
3.76404166667
2.3020625
2.02254166667
1.49908333333
2.041875
1.51391666667
1.6248125
1.22685416667
1.42983333333
2.2721875
1.3246875
1.71185416667
3.49070833333
3.8399375
2.82547916667
2.88583333333
2.3699375
2.347125
1.14554166667
1.36610416667
2.12589583333
1.1236875
1.3481875
2.485
4.2126875
3.56079166667
1.92416666667
2.93208333333
3.54970833333
2.82541666667
2.55620833333
1.66602083333
2.64108333333
1.6609375
1.49389583333
1.98020833333
2.6885
2.84120833333
3.04666666667
1.34752083333
3.92135416667
4.43641666667
3.13114583333
1.41845833333
1.00604166667
1.64770833333
1.664625
1.98941666667
1.86860416667
1.14016666667
1.19447916667
1.58247916667
3.04372916667
3.6980625
2.38972916667
3.84839583333
3.1450625
2.21110416667
3.52352083333
3.22875
3.46175
2.70197916667
2.38964583333
2.30947916667
1.7426875
1.56675
1.65302083333
1.6670625
1.472625
1.54270833333
1.88245833333
2.13495833333
2.2349375
2.3399375
2.55489583333
2.51841666667
3.267375
2.8774375
0.928333333333
1.631
2.61372916667
3.22683333333
2.4239375
1.64641666667
2.65220833333
3.0008125
3.3415
4.529125
3.69025
2.5391875
2.81116666667
2.15302083333
1.47508333333
1.81625
3.952375
5.57127083333
3.8149375
3.03
2.75220833333
2.57302083333
2.5101875
2.167625
3.84439583333
5.39016666667
5.73489583333
2.92575
2.0186875
2.31141666667
1.978
3.21925
3.67702083333
2.82966666667
2.32039583333
3.11627083333
3.53604166667
3.5666875
2.24820833333
1.1930625
1.11754166667
2.27454166667
2.8431875
3.4121875
4.78127083333
3.4949375
1.652125
1.66120833333
1.0285
2.68320833333
2.1304375
2.65227083333
2.1971875
3.7488125
3.15627083333
2.3675625
1.25227083333
2.20808333333
1.38
1.21327083333
0.946208333333
1.15535416667
1.70335416667
2.10391666667
2.10608333333
1.43195833333
2.08908333333
1.5535625
2.88441666667
3.75885416667
4.8918125
6.58695833333
4.86364583333
3.68535416667
6.29179166667
5.39945833333
5.67160416667
4.95885416667
6.82614583333
4.26510416667
4.70908333333
3.37639583333
2.784
1.91510416667
2.57495833333
2.05616666667
2.5435625
1.90922916667
1.96385416667
