1.93784615385
2.08430769231
0.911230769231
0.675
0.684923076923
2.68984615385
3.46930769231
1.89330769231
3.80653846154
4.23284615385
3.63446153846
2.87146153846
2.37807692308
1.88476923077
1.92061538462
1.70992307692
3.64169230769
4.67476923077
4.43138461538
2.43623076923
1.69230769231
2.37953846154
3.51861538462
2.80107692308
2.72861538462
1.86961538462
2.71684615385
2.39630769231
1.77969230769
2.96138461538
4.25876923077
3.70407692308
3.09630769231
2.39415384615
2.65292307692
1.03761538462
1.82830769231
3.33353846154
1.60376923077
4.48823076923
5.01423076923
2.20492307692
0.817538461538
2.56053846154
5.805
6.50707692308
5.94376923077
1.21346153846
2.86076923077
3.19176923077
1.42938461538
1.172
1.95838461538
2.24192307692
1.39646153846
1.15207692308
2.04338461538
1.61830769231
2.87161538462
4.42361538462
3.36323076923
3.12507692308
1.43438461538
1.39430769231
3.52007692308
2.78515384615
5.72276923077
3.35884615385
1.75553846154
3.74038461538
3.11569230769
3.45846153846
4.83892307692
2.70415384615
3.59207692308
3.09846153846
2.33976923077
2.40230769231
4.01892307692
4.39092307692
3.39707692308
1.34615384615
2.68307692308
4.33476923077
4.99161538462
4.64384615385
2.235
3.21907692308
2.52869230769
2.39030769231
3.42484615385
3.58407692308
1.67453846154
1.38192307692
1.06630769231
2.78676923077
1.86807692308
3.07546153846
2.57646153846
3.43046153846
2.09315384615
1.29469230769
2.57
2.21961538462
1.868
2.77561538462
2.906
1.37438461538
2.37561538462
2.66084615385
2.86069230769
4.36030769231
4.63615384615
2.24869230769
1.40353846154
2.45353846154
1.97053846154
3.45438461538
3.94892307692
3.43484615385
6.586
4.00823076923
2.35823076923
1.98846153846
2.59553846154
2.08469230769
1.78007692308
1.54215384615
2.992
1.98915384615
2.11469230769
1.46838461538
1.19030769231
1.26061538462
2.38776923077
3.63115384615
2.05923076923
1.536
4.60253846154
4.35553846154
2.19576923077
2.52576923077
2.41823076923
3.88169230769
2.80676923077
2.29838461538
2.89607692308
2.00453846154
2.079
1.38615384615
2.45623076923
2.86507692308
3.26392307692
2.03338461538
1.52576923077
1.51738461538
1.33646153846
2.98015384615
2.38130769231
2.02753846154
2.501
2.15338461538
3.51992307692
3.38161538462
2.67923076923
2.18669230769
3.63961538462
2.53923076923
2.08315384615
2.11792307692
1.30361538462
1.54007692308
1.67961538462
3.00476923077
2.56761538462
1.83746153846
2.04515384615
1.59723076923
2.56738461538
2.92
2.26938461538
1.92930769231
1.52307692308
2.16092307692
1.54907692308
2.113
2.61476923077
3.22723076923
2.897
2.21815384615
1.27823076923
2.33507692308
1.66407692308
2.24323076923
2.12438461538
2.20961538462
2.28376923077
3.19407692308
3.03184615385
3.01284615385
3.87076923077
3.46938461538
2.54515384615
2.55892307692
2.33769230769
1.71892307692
1.46707692308
1.00238461538
2.37415384615
3.19523076923
2.83261538462
3.69446153846
3.69207692308
2.13338461538
1.67276923077
1.22746153846
1.33323076923
1.34030769231
2.97576923077
2.93969230769
3.08015384615
1.61707692308
1.62915384615
1.43907692308
2.647
2.47346153846
3.08046153846
2.13676923077
2.08769230769
1.58184615385
1.77146153846
2.73846153846
2.12115384615
1.85469230769
2.69930769231
2.77330769231
1.78392307692
3.18692307692
2.22176923077
1.48669230769
1.21546153846
1.58930769231
1.33684615385
2.30723076923
3.26369230769
2.309
1.34169230769
1.90476923077
1.19
1.30992307692
1.07838461538
1.38146153846
2.34407692308
1.35807692308
2.11861538462
1.82015384615
3.15523076923
1.59569230769
2.48823076923
3.62938461538
3.37207692308
2.17946153846
1.50230769231
2.72915384615
2.22761538462
1.84507692308
1.26707692308
2.12723076923
1.84876923077
2.90123076923
2.83892307692
2.40684615385
2.14061538462
3.89838461538
2.32169230769
1.37846153846
1.48123076923
3.74838461538
1.63646153846
1.11761538462
1.114
1.362
0.876076923077
2.58015384615
1.39546153846
2.43569230769
2.76338461538
0.877384615385
1.65069230769
3.05176923077
2.42676923077
1.36853846154
2.29484615385
3.70315384615
4.59207692308
3.36630769231
4.282
4.98276923077
4.38392307692
2.38638461538
1.39546153846
1.12030769231
2.47176923077
1.87869230769
1.52507692308
1.251
4.70253846154
4.40238461538
4.10669230769
2.78492307692
3.97384615385
2.96361538462
1.51638461538
2.64661538462
3.94269230769
1.38953846154
1.79430769231
1.68492307692
2.14707692308
1.13769230769
2.00346153846
2.21769230769
2.32092307692
1.89423076923
1.12146153846
2.03946153846
2.59330769231
3.14853846154
4.64092307692
1.73938461538
2.54692307692
2.49953846154
3.61923076923
4.01176923077
3.72338461538
2.83169230769
3.10530769231
4.39215384615
1.99646153846
2.84953846154
2.91484615385
3.44184615385
5.37523076923
5.48492307692
2.33438461538
2.15976923077
3.62153846154
5.84492307692
5.77984615385
4.983
5.89184615385
2.62330769231
1.98276923077
3.47361538462
6.37646153846
3.81823076923
2.15507692308
2.43315384615
1.44876923077
2.29107692308
4.24253846154
4.65007692308
3.96576923077
2.77969230769
3.13115384615
2.57269230769
1.60038461538
2.81123076923
1.79307692308
2.00584615385
0.923846153846
1.94569230769
2.623
3.34284615385
3.73907692308
5.35469230769
3.17369230769
1.70292307692
2.33684615385
4.57346153846
3.891
2.68830769231
0.902307692308
2.06046153846
2.30938461538
3.37553846154
2.98069230769
1.38123076923
2.33876923077
2.388
2.69330769231
1.11038461538
2.18307692308
4.25692307692
5.03376923077
4.37238461538
3.67223076923
4.05215384615
2.96176923077
3.81753846154
3.03069230769
2.02238461538
2.54576923077
1.90723076923
1.93330769231
2.27307692308
1.79153846154
1.12184615385
1.26953846154
1.41846153846
1.47330769231
1.555
1.85730769231
3.09892307692
2.46238461538
2.06369230769
1.36392307692
1.19761538462
1.90538461538
0.645846153846
1.95538461538
3.37276923077
2.17192307692
2.42846153846
2.58884615385
3.06369230769
3.85261538462
2.26353846154
1.91061538462
2.85753846154
3.91007692308
1.44961538462
2.54915384615
1.25476923077
1.68053846154
2.57792307692
2.73138461538
5.06569230769
3.89523076923
2.15530769231
2.13584615385
5.58361538462
6.29784615385
6.52161538462
4.30015384615
2.52330769231
4.23561538462
2.70523076923
1.67653846154
1.90823076923
2.08
4.01630769231
5.58546153846
4.30769230769
2.06807692308
2.64438461538
5.21830769231
4.40592307692
3.91030769231
3.11969230769
2.47984615385
2.26023076923
3.22146153846
3.03453846154
2.40676923077
1.50215384615
1.93969230769
1.83238461538
1.27861538462
1.66561538462
1.78961538462
2.05230769231
3.81876923077
5.52784615385
3.61992307692
2.28492307692
2.48576923077
4.339
5.63230769231
2.32230769231
2.39684615385
2.12376923077
2.95884615385
1.656
4.23838461538
5.53407692308
5.41815384615
5.65269230769
5.30815384615
4.56823076923
3.06607692308
2.25438461538
1.58253846154
3.47623076923
3.037
3.81223076923
4.26392307692
6.13223076923
6.05823076923
4.67276923077
3.34015384615
2.25423076923
2.63415384615
2.17784615385
1.77492307692
2.90561538462
4.56507692308
2.65015384615
2.27923076923
1.97823076923
1.34515384615
1.87030769231
1.37953846154
1.551
2.39330769231
1.903
1.78492307692
3.15661538462
2.86423076923
2.584
1.70261538462
1.72115384615
1.34538461538
1.48569230769
2.09738461538
1.64184615385
2.56307692308
1.57453846154
1.37953846154
2.47307692308
3.13738461538
3.11430769231
2.46561538462
2.84138461538
3.47276923077
4.42169230769
2.99130769231
2.44476923077
3.08546153846
3.51423076923
3.12469230769
1.80738461538
2.48046153846
3.047
2.98861538462
3.48092307692
2.82153846154
1.95292307692
2.75469230769
1.83430769231
2.059
1.93253846154
3.00453846154
3.06892307692
3.40538461538
3.20838461538
2.16423076923
2.60892307692
2.99069230769
2.44815384615
1.40915384615
3.13538461538
3.14330769231
3.99538461538
3.54715384615
3.52738461538
4.30230769231
2.45953846154
1.51153846154
1.54446153846
2.25315384615
2.76623076923
2.05715384615
2.13369230769
3.259
2.08330769231
1.44723076923
1.35769230769
1.45223076923
1.87315384615
2.27707692308
3.43207692308
3.33507692308
1.94284615385
1.899
1.50715384615
1.12884615385
1.546
3.25415384615
2.39615384615
1.68738461538
2.73146153846
1.744
1.44230769231
1.28784615385
1.39915384615
3.77346153846
5.21830769231
3.499
2.94315384615
2.78492307692
2.06369230769
1.76669230769
1.08715384615
1.47253846154
2.79938461538
3.98984615385
3.68984615385
2.68846153846
1.28492307692
2.12507692308
2.15746153846
2.35192307692
2.40315384615
1.58630769231
2.12023076923
2.42530769231
4.024
4.14184615385
3.73130769231
4.013
4.90923076923
3.25538461538
1.52076923077
1.96323076923
1.13761538462
1.26992307692
0.881846153846
0.903384615385
1.41469230769
1.10753846154
1.04261538462
1.25023076923
1.34184615385
1.14084615385
0.923076923077
2.16961538462
2.57315384615
1.87023076923
2.73046153846
1.17953846154
1.74223076923
2.14
3.16230769231
5.32784615385
4.81684615385
2.69807692308
2.27384615385
3.85184615385
3.29507692308
3.10423076923
1.54992307692
1.40723076923
1.97561538462
2.47630769231
2.20007692308
2.71923076923
2.11169230769
2.76030769231
2.14838461538
2.949
3.87538461538
2.11015384615
1.99430769231
3.48061538462
3.30292307692
5.55961538462
3.17515384615
3.17253846154
5.02923076923
5.94169230769
5.03507692308
4.85915384615
6.41092307692
6.15269230769
1.21415384615
0.878615384615
1.55869230769
1.64484615385
2.86161538462
2.65869230769
2.44753846154
3.87269230769
4.954
5.29353846154
4.468
6.02753846154
3.96369230769
2.55392307692
3.32592307692
3.75923076923
3.83715384615
3.12823076923
3.07592307692
1.99069230769
2.38838461538
2.80530769231
2.24669230769
4.93146153846
2.54415384615
3.92130769231
3.72323076923
2.22115384615
2.20561538462
3.18123076923
1.38969230769
2.28992307692
4.54576923077
4.97807692308
4.759
3.36453846154
5.32853846154
5.61723076923
5.66484615385
3.71553846154
3.48884615385
3.45915384615
2.343
2.22130769231
3.15992307692
2.95069230769
4.324
3.97223076923
4.40438461538
2.94238461538
1.79669230769
2.60984615385
3.61369230769
3.55692307692
5.12169230769
6.30353846154
5.03123076923
7.36330769231
4.67746153846
4.63092307692
2.14553846154
1.78692307692
1.49607692308
3.96792307692
2.46146153846
2.74384615385
3.71623076923
2.44261538462
6.59615384615
4.35838461538
4.38307692308
3.97915384615
1.97269230769
3.56623076923
3.68830769231
1.68769230769
0.977230769231
1.42307692308
2.40407692308
3.26884615385
1.94669230769
1.06676923077
1.30246153846
1.59438461538
1.41761538462
1.95484615385
2.73607692308
3.15176923077
6.25284615385
3.33230769231
3.65853846154
3.45761538462
3.91338461538
4.71692307692
2.41476923077
6.26
3.29192307692
1.55469230769
1.28723076923
1.04984615385
1.06369230769
1.28423076923
1.61653846154
3.62192307692
2.93538461538
1.94353846154
1.59192307692
1.70930769231
1.87076923077
1.72969230769
2.53061538462
4.23661538462
3.44969230769
4.07661538462
1.91207692308
1.806
1.79284615385
2.62015384615
2.20984615385
2.39792307692
5.09084615385
5.36353846154
5.517
2.76807692308
6.33969230769
4.42261538462
3.77407692308
4.82346153846
2.90046153846
1.71407692308
2.13584615385
2.63307692308
5.48246153846
4.00569230769
3.94415384615
5.83507692308
3.53730769231
5.34030769231
3.55153846154
3.78392307692
2.55261538462
3.66353846154
3.53392307692
1.43938461538
3.41861538462
2.73107692308
2.48276923077
1.61346153846
2.24907692308
1.91007692308
2.58807692308
1.48376923077
1.37538461538
1.68453846154
1.07253846154
2.39192307692
1.22584615385
2.41161538462
3.68215384615
1.873
4.186
4.459
2.56084615385
2.95684615385
2.92092307692
3.37238461538
3.41807692308
1.64553846154
3.05353846154
2.77053846154
4.62869230769
3.31353846154
3.51946153846
3.38384615385
4.48561538462
3.37023076923
3.00846153846
1.85076923077
3.05338461538
2.96461538462
2.24369230769
2.59530769231
1.61646153846
1.82030769231
3.87230769231
4.81453846154
2.08461538462
1.94576923077
1.95246153846
1.32976923077
1.97569230769
2.26338461538
1.757
1.55076923077
1.88538461538
2.19130769231
1.95138461538
2.10692307692
2.63907692308
2.43792307692
1.46992307692
2.62069230769
2.72869230769
1.40430769231
1.36369230769
1.33753846154
1.61953846154
1.39992307692
2.827
2.36307692308
3.44246153846
2.44307692308
1.94046153846
2.96069230769
3.61123076923
3.61730769231
2.75053846154
2.91238461538
1.78046153846
3.69084615385
3.57046153846
4.22223076923
2.92569230769
2.97038461538
2.49938461538
1.77484615385
2.55446153846
2.89530769231
1.97438461538
2.13846153846
1.46269230769
1.32561538462
2.10738461538
2.04284615385
6.18907692308
4.98038461538
3.56323076923
1.95592307692
2.86515384615
2.68384615385
1.60184615385
1.76215384615
0.989
1.93869230769
1.749
1.10330769231
1.47730769231
2.61146153846
1.86676923077
2.52884615385
1.98715384615
2.41292307692
3.33476923077
1.70015384615
2.45030769231
1.65961538462
2.77353846154
2.69438461538
2.45130769231
3.08507692308
3.28846153846
3.10423076923
3.27607692308
2.06261538462
1.94446153846
2.16969230769
1.49546153846
2.18784615385
1.64192307692
1.30976923077
1.60361538462
1.55192307692
1.46692307692
1.38061538462
1.43661538462
1.53015384615
1.76
1.508
1.40869230769
0.986
1.02830769231
0.839307692308
2.07661538462
2.49823076923
2.09546153846
2.08053846154
4.35169230769
3.26684615385
2.92623076923
2.46269230769
2.42876923077
1.77176923077
2.20492307692
3.22330769231
1.94915384615
1.28246153846
1.06830769231
0.99
1.73215384615
2.11330769231
2.19
2.26715384615
1.56092307692
0.542846153846
1.24669230769
1.41807692308
1.237
1.43246153846
1.22838461538
1.06484615385
3.05153846154
2.20892307692
2.66853846154
1.94023076923
1.25546153846
2.17292307692
2.41861538462
4.04569230769
3.25530769231
2.33561538462
2.05161538462
1.28684615385
2.423
1.57015384615
1.76915384615
1.45269230769
2.27238461538
1.03384615385
1.59476923077
1.38976923077
4.23584615385
6.31876923077
2.93415384615
2.57215384615
5.31669230769
3.62676923077
2.85169230769
5.33961538462
4.15484615385
2.90746153846
4.57092307692
3.03561538462
2.26661538462
0.963
1.65838461538
1.97438461538
2.79446153846
4.89823076923
1.68546153846
1.39084615385
0.886692307692
1.70923076923
2.18269230769
2.05376923077
1.23030769231
3.22653846154
5.29961538462
2.76738461538
5.14669230769
2.57
4.72976923077
1.10546153846
2.58215384615
3.125
3.55253846154
2.10646153846
1.73992307692
1.90576923077
1.97746153846
3.97192307692
2.74484615385
3.16
3.533
1.68261538462
1.16707692308
2.58207692308
3.74561538462
3.15969230769
5.104
4.14661538462
4.08346153846
4.60330769231
5.48984615385
5.09453846154
3.89776923077
5.34792307692
2.95923076923
2.61253846154
2.669
3.01076923077
1.51353846154
2.34646153846
3.98261538462
3.90792307692
3.58553846154
3.29992307692
1.988
3.90330769231
1.85407692308
1.50384615385
2.06084615385
2.562
4.24776923077
2.78553846154
2.75592307692
2.17338461538
3.578
3.03330769231
1.33715384615
1.99153846154
1.261
0.95
1.99484615385
1.80207692308
1.06453846154
1.078
1.40284615385
2.55469230769
2.29692307692
3.94369230769
1.53815384615
3.04338461538
3.55915384615
4.62253846154
5.03292307692
5.51192307692
2.14676923077
3.22115384615
3.96653846154
1.82246153846
2.00707692308
1.38838461538
0.742923076923
0.986153846154
1.24053846154
0.760461538462
0.977461538462
1.97207692308
1.45361538462
1.34876923077
2.46307692308
2.01030769231
0.769923076923
1.37007692308
3.44
5.42076923077
2.12361538462
3.84
3.59515384615
4.48892307692
3.21330769231
0.955769230769
2.61692307692
2.45638461538
1.26130769231
1.14284615385
2.15476923077
2.22915384615
1.91615384615
2.03607692308
1.11623076923
1.30261538462
1.024
0.880076923077
1.11176923077
2.20930769231
2.65392307692
3.87461538462
4.55376923077
5.86869230769
4.06953846154
2.79361538462
2.77353846154
2.281
0.626307692308
1.38776923077
1.038
1.88284615385
2.83930769231
5.26523076923
4.01153846154
7.00569230769
5.38807692308
2.37115384615
2.04230769231
4.28876923077
1.85707692308
2.02430769231
5.90569230769
5.17192307692
4.60715384615
3.04146153846
3.342
4.07676923077
5.09369230769
2.483
1.54838461538
1.70353846154
2.44430769231
1.166
1.44930769231
2.49815384615
1.97730769231
0.948384615385
0.852615384615
1.39353846154
1.86669230769
2.396
3.55076923077
5.46992307692
2.74069230769
1.388
2.75038461538
1.42084615385
2.19976923077
3.77630769231
4.29569230769
5.276
5.23907692308
4.03469230769
4.29876923077
3.45861538462
2.07207692308
1.42823076923
2.69646153846
2.43446153846
3.14330769231
3.04061538462
1.57530769231
2.42630769231
1.86253846154
2.71746153846
1.99992307692
3.26130769231
2.41715384615
3.88761538462
3.43061538462
2.48546153846
3.21776923077
3.501
4.53769230769
3.76084615385
4.88969230769
4.65246153846
2.61784615385
2.43130769231
3.66523076923
2.42407692308
1.89915384615
1.33823076923
1.89576923077
1.15446153846
1.38907692308
1.42
1.68692307692
1.69184615385
1.61430769231
1.48592307692
1.858
1.56030769231
1.26092307692
2.91407692308
3.15630769231
2.70076923077
2.21692307692
2.11015384615
2.29707692308
2.109
2.06746153846
4.08438461538
2.56715384615
1.353
2.39869230769
1.14876923077
1.02207692308
1.16546153846
1.64461538462
1.59892307692
1.07276923077
1.97184615385
1.97269230769
2.01115384615
2.99646153846
3.607
3.03992307692
2.39953846154
1.72215384615
1.16669230769
2.12976923077
3.46776923077
2.63576923077
1.24676923077
1.89084615385
3.82130769231
3.37738461538
1.92261538462
2.56746153846
3.10915384615
3.39630769231
3.70346153846
3.36415384615
2.39769230769
1.72938461538
2.86807692308
3.42953846154
3.17153846154
1.86330769231
1.63415384615
1.01546153846
1.73276923077
1.64761538462
2.43869230769
2.24292307692
2.65569230769
2.08207692308
1.67046153846
1.99115384615
2.30692307692
2.729
2.93023076923
2.33307692308
1.62476923077
2.02930769231
1.09861538462
1.83130769231
2.65238461538
1.63246153846
1.47384615385
1.58369230769
2.57307692308
3.36661538462
3.22576923077
1.19984615385
2.79130769231
3.128
1.68669230769
1.54223076923
1.13161538462
1.44330769231
1.37769230769
2.62984615385
2.89569230769
1.31161538462
3.17384615385
2.84623076923
3.15553846154
2.02653846154
2.54907692308
2.55053846154
4.13353846154
3.40876923077
3.11423076923
4.33161538462
2.89138461538
2.02207692308
1.47207692308
3.38623076923
3.19038461538
3.25792307692
1.32084615385
1.04330769231
2.164
1.78138461538
1.86338461538
1.96169230769
1.905
2.01176923077
1.32446153846
2.79730769231
2.174
2.25353846154
1.47484615385
1.81769230769
1.14246153846
1.04969230769
1.09315384615
0.738692307692
0.779230769231
0.702384615385
0.787923076923
0.841
1.82015384615
2.202
5.18069230769
1.47853846154
1.37023076923
2.29407692308
1.63507692308
2.91892307692
2.53861538462
1.33007692308
1.53061538462
0.898076923077
1.21115384615
1.35984615385
0.876
1.29746153846
2.29415384615
2.07461538462
2.379
3.70084615385
3.29676923077
1.67830769231
2.53661538462
3.75669230769
3.03684615385
5.50084615385
4.90192307692
2.39507692308
1.68984615385
1.258
1.71092307692
3.41953846154
2.66846153846
2.00238461538
1.40184615385
2.40684615385
1.423
1.93669230769
1.23369230769
2.84223076923
2.16615384615
1.34261538462
3.25415384615
2.44861538462
2.11361538462
0.502153846154
0.862923076923
3.59630769231
3.89138461538
3.92684615385
2.10761538462
4.18784615385
3.61669230769
2.88823076923
2.48884615385
3.71430769231
2.51453846154
1.14053846154
3.98446153846
3.69746153846
4.99338461538
5.85476923077
5.15830769231
2.72738461538
3.93492307692
3.34076923077
4.36330769231
3.07353846154
2.18076923077
1.30092307692
1.46592307692
2.13207692308
4.64638461538
5.58007692308
2.41023076923
1.78315384615
1.85430769231
3.653
2.02230769231
1.67992307692
3.79746153846
4.43438461538
6.57015384615
4.90515384615
2.07776923077
2.52192307692
2.46
6.94307692308
6.98007692308
2.73007692308
1.04307692308
4.41792307692
5.58876923077
6.90707692308
3.07869230769
1.34546153846
3.10030769231
2.51876923077
2.51
3.94353846154
3.92992307692
1.37538461538
1.11523076923
1.97853846154
2.97669230769
3.05
3.85146153846
6.60607692308
3.09923076923
4.81638461538
4.38053846154
3.71676923077
5.07746153846
3.81615384615
3.22907692308
3.83738461538
4.79946153846
5.937
4.34646153846
5.40092307692
6.05176923077
6.74484615385
4.26338461538
2.74515384615
4.50684615385
2.68323076923
1.24615384615
1.62761538462
3.37669230769
2.59661538462
5.37930769231
5.159
5.54615384615
4.67092307692
5.03469230769
8.33723076923
5.49638461538
3.36976923077
1.73938461538
4.29369230769
2.15815384615
2.68292307692
1.17930769231
2.57030769231
2.45830769231
2.87261538462
2.91869230769
2.95684615385
4.04092307692
4.04507692308
3.44346153846
2.84361538462
1.31623076923
1.34661538462
2.11192307692
2.08507692308
1.43807692308
1.725
1.20669230769
1.62723076923
2.62423076923
2.35884615385
3.54876923077
1.17107692308
1.91946153846
1.53969230769
1.66284615385
2.95053846154
4.166
3.98976923077
2.88830769231
2.528
2.97692307692
3.89030769231
2.45730769231
1.86815384615
2.39707692308
1.23115384615
2.02738461538
2.28876923077
2.45153846154
2.91446153846
2.18615384615
4.65923076923
6.75215384615
5.69184615385
5.53638461538
3.74846153846
3.44246153846
2.91869230769
1.83138461538
2.79115384615
4.70969230769
2.92592307692
1.82830769231
2.56492307692
2.29669230769
1.39984615385
3.57361538462
5.84915384615
3.56161538462
1.70830769231
2.24515384615
1.91423076923
2.65530769231
2.74792307692
2.57253846154
2.68530769231
2.27338461538
2.24523076923
2.95484615385
2.25507692308
2.18215384615
2.79576923077
2.13346153846
2.28876923077
1.59292307692
1.13592307692
1.53938461538
2.15153846154
4.00523076923
2.948
2.74261538462
1.41269230769
2.36069230769
4.56184615385
4.17753846154
2.57284615385
1.83530769231
3.05146153846
1.88169230769
2.47138461538
2.33930769231
2.067
3.96369230769
4.69584615385
2.40076923077
1.94915384615
2.01846153846
2.93976923077
2.15761538462
3.38515384615
1.81123076923
2.32761538462
2.66053846154
1.69092307692
1.99438461538
1.76946153846
1.85176923077
2.20146153846
1.46123076923
2.25230769231
2.97223076923
1.99030769231
1.54384615385
2.10976923077
3.20961538462
1.80415384615
1.714
1.51923076923
3.263
2.99884615385
1.60715384615
1.82930769231
1.67592307692
1.41961538462
1.25669230769
2.17623076923
1.792
2.161
2.15307692308
1.91307692308
1.95130769231
3.42630769231
2.86307692308
2.74492307692
3.12984615385
1.33830769231
1.43
1.16007692308
1.79461538462
1.94961538462
2.59961538462
2.98307692308
3.58361538462
1.58769230769
1.40969230769
0.864923076923
1.76053846154
2.71423076923
1.36823076923
1.23776923077
1.39453846154
1.54223076923
2.01892307692
1.66969230769
1.87753846154
2.69484615385
2.07376923077
1.51115384615
2.24969230769
1.46469230769
2.23007692308
1.06938461538
2.78515384615
1.811
1.23253846154
1.26669230769
1.25907692308
1.52476923077
2.04646153846
1.64523076923
2.55238461538
2.07376923077
2.04307692308
1.50053846154
3.72007692308
2.61715384615
2.21415384615
2.16669230769
2.477
1.97330769231
1.86561538462
2.29492307692
2.27138461538
1.84915384615
1.39630769231
1.81807692308
3.16261538462
1.075
1.55653846154
2.19753846154
1.326
1.20869230769
1.80869230769
1.68276923077
1.45307692308
0.809615384615
1.30992307692
2.93669230769
3.298
2.52592307692
1.65161538462
2.50238461538
2.83469230769
1.56592307692
1.34823076923
2.27076923077
2.653
5.44553846154
4.32507692308
4.63923076923
2.878
2.91953846154
1.94492307692
2.48207692308
3.38161538462
4.85853846154
4.87515384615
3.67276923077
3.03653846154
3.70784615385
4.61907692308
3.61238461538
3.56753846154
3.23938461538
2.08223076923
2.264
3.45730769231
0.711384615385
2.25130769231
2.13638461538
0.959153846154
0.970461538462
1.95476923077
2.21038461538
2.21930769231
3.33584615385
1.513
2.671
2.60330769231
3.31138461538
3.55538461538
3.09223076923
4.116
4.291
3.88353846154
3.64853846154
3.98476923077
2.40369230769
2.636
4.17784615385
5.91438461538
4.34084615385
3.936
4.06776923077
2.12853846154
1.29876923077
0.630076923077
0.773923076923
1.53253846154
1.55976923077
2.50676923077
1.84823076923
1.81276923077
2.18053846154
1.31315384615
3.04653846154
3.14030769231
1.81076923077
1.56846153846
2.06530769231
1.16723076923
0.759538461538
1.19707692308
0.956846153846
0.644846153846
0.844538461538
1.66776923077
3.19015384615
3.65430769231
2.42892307692
2.71269230769
2.26846153846
1.49761538462
1.14807692308
1.87392307692
2.72146153846
2.54946153846
2.01038461538
2.53238461538
2.049
3.28384615385
5.66676923077
7.72784615385
3.24923076923
2.59307692308
2.78761538462
1.17515384615
1.14076923077
0.845153846154
0.999461538462
1.34869230769
1.741
1.586
2.98346153846
4.64838461538
2.709
1.49669230769
1.72961538462
1.377
1.99315384615
1.02807692308
1.17892307692
1.05515384615
1.50407692308
1.48869230769
2.44723076923
1.37953846154
2.93476923077
4.04084615385
2.32553846154
4.37661538462
4.65638461538
3.89546153846
4.78323076923
2.91584615385
3.106
4.12130769231
5.50369230769
5.48592307692
7.19846153846
4.69807692308
2.79684615385
2.85638461538
4.12215384615
5.16015384615
2.50076923077
1.43369230769
5.72353846154
4.19476923077
6.96061538462
5.51823076923
5.68261538462
5.64053846154
6.67423076923
4.58438461538
1.20769230769
1.01253846154
2.47338461538
3.82530769231
3.74823076923
4.86215384615
2.55523076923
1.60292307692
1.58061538462
1.37338461538
3.02261538462
2.436
2.70084615385
1.86546153846
3.16284615385
4.676
3.41676923077
3.67092307692
5.09892307692
5.13246153846
4.01776923077
3.90369230769
1.60707692308
2.62407692308
3.07515384615
3.16761538462
2.43038461538
2.41823076923
2.383
0.636384615385
2.72023076923
4.67976923077
2.11669230769
2.05876923077
1.40723076923
1.71507692308
3.10169230769
4.54738461538
3.47946153846
2.72738461538
1.67107692308
1.04353846154
0.687692307692
3.18876923077
2.58123076923
1.463
1.76130769231
1.33330769231
2.406
3.35869230769
2.28515384615
1.22730769231
0.847538461538
2.11084615385
2.88007692308
2.46869230769
3.15915384615
3.49253846154
4.73546153846
4.50384615385
4.05853846154
2.24446153846
1.68215384615
1.76
1.23538461538
2.94
1.39292307692
2.86738461538
3.406
4.026
3.39376923077
1.75730769231
1.67753846154
3.48646153846
3.30907692308
2.06230769231
0.676692307692
1.30769230769
1.26930769231
1.756
1.10469230769
1.11015384615
3.21607692308
1.56576923077
1.54169230769
1.09115384615
1.84515384615
2.87723076923
2.05576923077
1.57515384615
1.12630769231
1.05530769231
1.20907692308
0.969384615385
1.35892307692
2.68169230769
2.96592307692
1.61823076923
3.177
3.31815384615
3.62992307692
3.89807692308
3.64784615385
2.09169230769
2.35430769231
1.38584615385
1.39007692308
2.62461538462
1.92615384615
3.187
2.62923076923
1.69446153846
2.75623076923
4.18876923077
4.52761538462
2.80423076923
1.80707692308
1.40330769231
2.17907692308
2.87169230769
1.92792307692
2.52523076923
2.89346153846
3.41661538462
3.41738461538
1.52630769231
1.94069230769
1.75007692308
1.39061538462
1.60953846154
2.38292307692
2.44669230769
3.94046153846
2.10353846154
2.60076923077
2.14807692308
3.70838461538
2.17353846154
1.62815384615
2.41307692308
3.22269230769
2.48984615385
2.92576923077
1.91784615385
2.22838461538
1.31869230769
3.08307692308
3.15253846154
2.48207692308
1.49461538462
0.999538461538
1.51653846154
1.07969230769
1.27338461538
1.98830769231
3.41507692308
4.94638461538
2.86184615385
3.68061538462
2.63423076923
3.17207692308
1.413
2.07753846154
2.917
1.59384615385
1.45507692308
2.65084615385
2.31238461538
2.09653846154
2.04084615385
1.20407692308
2.12915384615
1.71076923077
1.64038461538
2.10646153846
3.621
3.28846153846
3.48484615385
2.22530769231
2.66038461538
2.31838461538
2.10515384615
2.05507692308
1.73023076923
1.67953846154
1.44938461538
1.67130769231
1.45592307692
1.60838461538
2.51284615385
2.45023076923
2.08892307692
2.32623076923
1.917
1.92846153846
1.44630769231
1.71138461538
2.10123076923
1.76692307692
2.194
1.75261538462
1.37992307692
3.01184615385
2.71392307692
3.10592307692
1.77061538462
1.31446153846
1.12561538462
1.14769230769
1.686
1.26346153846
1.02923076923
1.05392307692
0.820615384615
0.842
0.929615384615
1.63469230769
1.05084615385
1.38853846154
1.77892307692
1.59907692308
0.982692307692
0.983769230769
1.92892307692
2.79738461538
2.93576923077
3.50969230769
2.01423076923
3.87284615385
4.52707692308
2.16684615385
1.77715384615
3.09292307692
3.04884615385
4.06730769231
5.36215384615
3.85676923077
2.96146153846
1.38815384615
1.342
1.16169230769
3.33092307692
1.28923076923
1.726
2.23176923077
2.32769230769
2.82561538462
2.92492307692
1.88369230769
1.954
2.94176923077
3.57015384615
1.96661538462
0.992461538462
0.758076923077
1.96723076923
2.16584615385
2.664
1.61853846154
2.014
1.83276923077
2.67492307692
3.298
3.85230769231
3.79061538462
1.26438461538
1.79261538462
1.91476923077
1.27976923077
2.15346153846
2.36007692308
0.863538461538
2.202
4.75707692308
3.75438461538
6.58423076923
3.861
4.30323076923
4.64876923077
1.79630769231
2.99130769231
3.03623076923
1.01346153846
0.711538461538
1.87153846154
0.927769230769
1.67761538462
1.03830769231
1.753
2.96292307692
1.61353846154
1.77923076923
1.40576923077
1.04130769231
1.06823076923
2.35961538462
1.37692307692
2.45723076923
2.31192307692
1.68392307692
1.883
2.60515384615
4.01230769231
2.64023076923
2.06692307692
1.62638461538
2.43538461538
3.172
4.93223076923
7.19669230769
7.83123076923
4.20246153846
1.99176923077
2.38015384615
3.13476923077
1.59046153846
1.10430769231
1.62169230769
1.43430769231
1.07538461538
2.28338461538
2.75023076923
3.22023076923
1.94030769231
2.62984615385
2.77084615385
3.30553846154
2.27023076923
1.12961538462
2.82192307692
1.66261538462
1.70515384615
1.42684615385
1.85369230769
2.69669230769
3.888
4.472
4.14253846154
2.16638461538
2.071
2.549
1.41407692308
1.91207692308
1.32330769231
1.94061538462
0.649384615385
1.54530769231
2.656
3.45346153846
2.33176923077
1.67907692308
1.68415384615
2.12053846154
1.84338461538
2.29630769231
1.03469230769
3.50069230769
1.54192307692
1.22107692308
2.467
2.965
3.79384615385
3.79830769231
1.72876923077
0.802923076923
0.637538461538
0.630538461538
1.45338461538
1.35392307692
3.37761538462
2.42276923077
3.73130769231
4.76246153846
3.40415384615
2.61646153846
1.99661538462
3.01253846154
2.94569230769
4.77538461538
4.61
5.268
2.76484615385
0.960461538462
0.843846153846
1.73061538462
2.00007692308
4.19230769231
5.48961538462
4.087
4.85423076923
3.99253846154
1.55861538462
1.02353846154
1.93946153846
1.31384615385
2.36607692308
2.498
1.15023076923
1.43707692308
1.96269230769
1.89415384615
2.40269230769
2.45376923077
0.760230769231
1.04107692308
0.680923076923
1.00976923077
1.588
1.736
2.07392307692
2.20830769231
1.15976923077
1.61676923077
0.885461538462
1.04884615385
1.76053846154
1.60623076923
1.47976923077
3.00623076923
0.889538461538
2.09207692308
2.661
1.62561538462
2.109
4.28615384615
2.52107692308
2.28838461538
2.28107692308
1.08676923077
2.04330769231
1.86661538462
2.59561538462
5.10569230769
3.84753846154
4.43353846154
5.53361538462
4.929
4.14169230769
2.46615384615
4.52169230769
2.56161538462
2.37730769231
1.81961538462
2.78561538462
3.748
4.83292307692
2.92423076923
2.15038461538
3.38353846154
5.87653846154
4.13892307692
4.90484615385
3.03246153846
1.84284615385
1.00976923077
1.91053846154
1.61292307692
2.537
3.79646153846
3.35946153846
3.71776923077
2.84407692308
2.83538461538
1.88269230769
4.00192307692
4.57238461538
4.00292307692
4.00592307692
3.989
4.71630769231
2.40415384615
1.68530769231
1.60338461538
4.26676923077
5.34553846154
4.104
1.94223076923
1.54492307692
3.29046153846
4.39384615385
3.29776923077
3.08376923077
1.39346153846
2.46384615385
3.19930769231
3.42323076923
2.33238461538
1.64507692308
1.49146153846
1.77046153846
2.31046153846
1.68561538462
1.48776923077
1.63184615385
1.47961538462
1.71669230769
2.85053846154
2.84369230769
2.13915384615
2.34876923077
2.70723076923
2.53038461538
1.73438461538
2.17546153846
2.26830769231
3.38607692308
2.59930769231
3.96069230769
3.28476923077
3.01746153846
4.13307692308
3.99953846154
1.97523076923
3.40946153846
1.54846153846
2.41715384615
1.75361538462
1.87961538462
2.562
1.601
1.707
1.90561538462
1.94053846154
2.22561538462
2.20492307692
3.44376923077
2.54023076923
2.65015384615
2.44807692308
1.60976923077
1.79892307692
1.56738461538
3.19446153846
2.59538461538
1.73692307692
2.055
1.66492307692
1.71469230769
1.63730769231
0.820538461538
1.64615384615
1.12061538462
2.19684615385
2.85630769231
2.22784615385
1.74646153846
1.91061538462
3.05607692308
2.73861538462
2.75261538462
2.81792307692
3.23930769231
1.16330769231
0.995076923077
1.88623076923
3.03
1.67030769231
2.94461538462
4.46415384615
2.92715384615
1.83853846154
2.64884615385
3.44584615385
3.27684615385
5.06976923077
1.39592307692
1.78623076923
2.26484615385
1.30361538462
3.092
2.06738461538
1.56607692308
1.30946153846
1.74169230769
1.59438461538
1.11584615385
1.76092307692
1.79330769231
1.44369230769
2.86453846154
2.29453846154
1.83607692308
2.20576923077
2.74638461538
2.81969230769
1.95069230769
1.46661538462
0.771769230769
0.988923076923
0.842384615385
1.82276923077
2.67638461538
2.55715384615
2.54776923077
3.28553846154
3.27446153846
3.65007692308
3.34892307692
1.80592307692
2.36992307692
1.54523076923
1.34007692308
0.940230769231
1.61846153846
1.54884615385
2.606
2.97930769231
4.10684615385
1.11153846154
2.37084615385
1.52984615385
2.26707692308
3.17084615385
1.04461538462
1.41784615385
1.11846153846
0.710076923077
0.585384615385
1.06761538462
0.810230769231
0.950307692308
1.22369230769
1.55423076923
2.35453846154
1.87976923077
0.996538461538
0.808307692308
1.64969230769
2.453
3.32046153846
2.92092307692
2.54146153846
2.03284615385
1.51992307692
1.96630769231
1.78423076923
1.06215384615
0.692461538462
0.620692307692
1.56669230769
1.22107692308
1.83115384615
2.94153846154
3.775
4.11946153846
3.92469230769
2.27846153846
0.948692307692
1.29192307692
2.24730769231
2.05753846154
1.84738461538
1.88361538462
3.95438461538
2.00361538462
0.940615384615
4.55907692308
4.76269230769
4.19846153846
2.19346153846
4.67961538462
5.75053846154
4.48853846154
2.01861538462
0.830923076923
0.598538461538
0.687076923077
0.890692307692
2.40938461538
6.14107692308
5.96461538462
4.68523076923
2.90830769231
1.37584615385
0.900153846154
1.81184615385
0.788615384615
1.345
3.48061538462
3.28630769231
1.82253846154
1.24169230769
1.45107692308
2.76923076923
2.68823076923
2.47938461538
3.28538461538
5.88307692308
4.32984615385
0.812307692308
1.37276923077
2.44615384615
1.82553846154
1.08838461538
2.56246153846
2.97123076923
3.45246153846
3.60007692308
3.82153846154
3.62092307692
3.74492307692
3.43315384615
3.53607692308
1.72707692308
1.36161538462
2.47007692308
3.01246153846
3.82661538462
3.05607692308
3.06023076923
2.01261538462
1.05169230769
0.841076923077
2.18092307692
2.315
3.04576923077
2.15838461538
3.22323076923
2.485
0.754384615385
2.167
2.30484615385
2.83330769231
2.76053846154
4.026
4.00838461538
5.19707692308
4.57569230769
2.58161538462
2.56030769231
3.72492307692
5.46376923077
5.30907692308
5.27446153846
5.63561538462
4.79038461538
3.34376923077
2.64053846154
1.71592307692
3.00853846154
3.17538461538
2.35630769231
4.42730769231
6.41330769231
6.479
4.54261538462
5.50861538462
5.24769230769
3.53707692308
4.06861538462
3.29838461538
1.921
3.41446153846
3.973
4.11092307692
4.77223076923
4.17453846154
4.04646153846
3.73392307692
3.49438461538
6.22515384615
3.20084615385
2.39530769231
1.80830769231
1.00530769231
0.941538461538
2.71292307692
1.31584615385
3.51253846154
3.97446153846
3.57615384615
5.07661538462
4.92369230769
4.02146153846
2.96507692308
3.39853846154
3.86407692308
1.67692307692
1.62615384615
2.66646153846
1.79415384615
1.41753846154
1.68069230769
2.38261538462
1.42915384615
0.281153846154
2.81176923077
2.14046153846
1.12507692308
1.17946153846
1.16669230769
2.08746153846
2.61423076923
3.08607692308
5.21823076923
4.15984615385
5.65438461538
3.80184615385
5.16469230769
5.35253846154
4.55746153846
4.92253846154
4.29269230769
5.77307692308
1.79653846154
2.04461538462
1.76738461538
1.341
2.89461538462
5.20415384615
4.73730769231
5.42546153846
5.02161538462
3.95930769231
1.65461538462
1.75092307692
2.41876923077
3.05615384615
2.24792307692
2.44984615385
1.85215384615
1.58792307692
3.56
3.25269230769
3.62892307692
2.40923076923
1.73746153846
1.79946153846
3.59153846154
2.17561538462
2.81638461538
3.80684615385
2.86946153846
3.21815384615
3.02215384615
2.05323076923
2.37684615385
2.21515384615
1.80792307692
2.32492307692
2.98184615385
2.897
2.51046153846
3.28976923077
2.51269230769
2.37369230769
1.571
2.68538461538
1.78307692308
1.91892307692
1.74730769231
1.17892307692
2.42215384615
2.13292307692
2.68146153846
1.65815384615
2.24546153846
2.33623076923
1.83323076923
2.101
1.76084615385
1.85661538462
2.77315384615
1.43207692308
1.51192307692
1.23676923077
3.03238461538
2.53223076923
2.49269230769
4.80823076923
4.37653846154
2.20938461538
1.72246153846
2.47630769231
1.73207692308
2.55615384615
2.76415384615
4.198
5.052
2.98892307692
1.61630769231
1.45746153846
2.89407692308
3.44430769231
3.14784615385
2.21815384615
3.46769230769
2.209
1.75092307692
1.924
1.44669230769
1.70223076923
2.85930769231
2.35469230769
0.989307692308
0.783769230769
2.03369230769
2.00753846154
2.65146153846
2.17915384615
2.21476923077
1.94576923077
2.53507692308
2.34715384615
2.35776923077
1.76569230769
1.93453846154
2.07784615385
1.29246153846
1.20107692308
1.80061538462
2.61469230769
1.87776923077
1.38123076923
1.23307692308
2.11223076923
2.56723076923
4.01476923077
2.95007692308
2.65738461538
1.52192307692
1.21246153846
2.97807692308
1.48269230769
2.79461538462
2.01807692308
2.19015384615
2.32184615385
1.79046153846
2.795
1.60046153846
2.54407692308
2.19253846154
0.998076923077
1.38207692308
1.49730769231
1.365
1.02346153846
1.34423076923
1.82030769231
2.531
1.73146153846
1.63269230769
1.78976923077
2.57123076923
1.28184615385
1.44415384615
2.60638461538
1.27238461538
1.40038461538
3.15530769231
5.03253846154
2.46115384615
2.74346153846
3.53561538462
2.25930769231
2.75984615385
3.51484615385
3.55223076923
2.39161538462
1.95592307692
2.21776923077
2.37715384615
2.37015384615
1.54376923077
0.921923076923
0.877307692308
1.44738461538
2.33869230769
4.03976923077
3.02053846154
3.013
4.26369230769
2.04192307692
1.02353846154
0.986461538462
1.99376923077
2.24730769231
1.90738461538
2.14953846154
2.56715384615
1.49738461538
0.621769230769
0.639923076923
1.40653846154
1.366
1.38107692308
1.904
1.01276923077
0.921923076923
0.716
1.858
1.85546153846
1.61130769231
1.43153846154
1.44730769231
1.27861538462
2.57546153846
0.825076923077
0.825615384615
0.719153846154
1.27953846154
2.268
2.13392307692
3.60207692308
5.58038461538
5.15923076923
3.64323076923
4.03515384615
3.01484615385
3.46446153846
3.64984615385
2.12061538462
3.34953846154
2.42930769231
1.52453846154
3.46723076923
3.44053846154
3.00407692308
0.914538461538
2.14015384615
3.53376923077
3.03938461538
2.74907692308
3.50115384615
2.18638461538
2.905
2.48023076923
1.21630769231
1.18269230769
1.63238461538
1.57276923077
1.25723076923
1.56823076923
4.26653846154
5.10861538462
3.89869230769
1.66530769231
2.91146153846
3.18553846154
4.78330769231
4.01338461538
3.86661538462
2.31930769231
0.852153846154
0.768230769231
1.97169230769
3.81284615385
2.96161538462
3.22676923077
3.38869230769
3.58692307692
2.99115384615
1.76038461538
1.53569230769
1.39438461538
1.35546153846
1.45238461538
2.33830769231
3.15715384615
1.88515384615
3.00207692308
5.38361538462
4.01038461538
4.75307692308
6.86553846154
3.45946153846
3.39923076923
2.61853846154
2.08446153846
1.58930769231
3.11692307692
2.54461538462
3.01230769231
4.06315384615
6.22461538462
5.03438461538
5.15730769231
2.594
4.42769230769
2.08169230769
2.58538461538
4.90092307692
3.24946153846
2.29930769231
2.801
3.22961538462
5.12684615385
2.78146153846
2.08061538462
2.89607692308
7.23338461538
8.47923076923
4.84492307692
3.26207692308
3.69138461538
2.60546153846
1.89415384615
1.47615384615
1.49476923077
2.58353846154
1.58323076923
3.00023076923
2.91853846154
1.10461538462
2.48776923077
2.27207692308
0.856230769231
0.730384615385
1.04869230769
0.947230769231
1.26238461538
0.892153846154
1.442
4.54507692308
3.31084615385
2.61623076923
1.64992307692
2.33969230769
1.33069230769
1.09607692308
1.52192307692
2.02884615385
3.36315384615
1.45330769231
1.34369230769
2.65161538462
2.88092307692
6.49146153846
3.84946153846
1.52661538462
2.19346153846
1.628
2.14015384615
1.21292307692
2.55223076923
1.53384615385
2.40376923077
4.46276923077
3.28792307692
1.01315384615
0.701
1.58930769231
2.71938461538
3.14215384615
4.56453846154
3.86492307692
4.30607692308
3.52315384615
2.69153846154
3.30292307692
2.707
3.39215384615
2.84546153846
4.21138461538
2.95192307692
2.96269230769
2.851
2.39061538462
2.51692307692
2.67853846154
1.93761538462
2.94423076923
5.27415384615
5.84776923077
2.89069230769
2.07907692308
1.36469230769
1.51369230769
1.96630769231
4.231
3.706
3.18538461538
2.43038461538
2.24484615385
2.67930769231
0.902307692308
1.80730769231
3.09938461538
2.05923076923
1.22176923077
1.20553846154
1.40107692308
1.35338461538
1.32523076923
0.961692307692
1.38092307692
3.83230769231
2.85146153846
1.787
1.20830769231
0.946615384615
1.35946153846
2.39846153846
3.43738461538
1.84515384615
1.851
1.65215384615
1.98961538462
2.26146153846
2.19453846154
3.023
3.32038461538
3.50330769231
2.536
1.99653846154
1.98676923077
2.58361538462
3.19646153846
4.55946153846
2.48184615385
3.84338461538
3.63592307692
2.89961538462
1.63646153846
1.56623076923
2.03753846154
3.12576923077
2.36230769231
1.36984615385
1.365
1.74169230769
1.89192307692
1.27292307692
2.72776923077
2.55061538462
1.67084615385
1.87130769231
1.51230769231
2.29484615385
1.55753846154
2.152
2.73869230769
2.71453846154
3.32515384615
3.63684615385
5.50261538462
2.89461538462
2.23453846154
2.41807692308
1.19
1.65215384615
2.00315384615
2.78346153846
2.42307692308
2.76546153846
2.65238461538
2.03753846154
1.16461538462
1.75069230769
1.99669230769
2.613
2.07715384615
2.10476923077
1.98015384615
2.88692307692
1.74546153846
1.21176923077
1.68130769231
1.895
2.79692307692
3.065
3.02330769231
3.03961538462
2.08807692308
1.62869230769
1.40861538462
2.53969230769
1.94484615385
2.73392307692
2.65930769231
1.56630769231
2.30484615385
2.44315384615
1.382
3.40538461538
2.32069230769
2.27276923077
2.35092307692
2.46223076923
1.45692307692
2.01284615385
2.07807692308
2.28323076923
2.69953846154
3.80907692308
2.466
2.13746153846
1.61930769231
2.79992307692
3.81284615385
2.37
2.28438461538
2.37884615385
3.00353846154
2.38353846154
2.241
2.74776923077
1.45423076923
2.34630769231
1.05607692308
1.30523076923
1.54069230769
2.30861538462
2.53369230769
1.40246153846
1.41838461538
1.11615384615
1.855
0.953
1.33584615385
1.36161538462
1.55769230769
2.00892307692
3.64807692308
4.62676923077
3.08592307692
2.96476923077
2.09607692308
1.09630769231
1.72553846154
1.73784615385
1.47653846154
0.578538461538
1.12230769231
1.75930769231
2.73415384615
3.33492307692
1.69161538462
1.91615384615
2.89230769231
2.746
4.30669230769
3.11607692308
3.63853846154
2.03738461538
0.7
1.22423076923
1.21507692308
0.940384615385
2.57646153846
1.47107692308
1.59215384615
2.16069230769
2.875
2.38484615385
1.22230769231
1.98046153846
1.35707692308
1.17176923077
2.75484615385
2.84646153846
3.22861538462
2.45138461538
1.78776923077
1.464
3.40115384615
4.14576923077
6.12415384615
3.589
1.96184615385
1.91976923077
2.78530769231
2.72538461538
2.53584615385
4.49538461538
3.22492307692
1.499
1.01276923077
2.23653846154
2.08053846154
1.61569230769
0.712538461538
2.58953846154
1.39176923077
0.908153846154
3.02623076923
2.77169230769
1.15530769231
1.10507692308
0.907538461538
1.17561538462
1.71607692308
2.04853846154
2.26253846154
1.67115384615
1.10846153846
1.06776923077
1.49338461538
2.15023076923
1.76923076923
2.095
3.28576923077
5.46146153846
4.11807692308
3.85238461538
3.82876923077
4.29907692308
4.13715384615
2.45930769231
3.71538461538
3.50946153846
2.424
2.216
2.29030769231
5.54746153846
3.429
1.51053846154
0.926307692308
0.977384615385
0.721076923077
2.07484615385
4.23961538462
5.05
3.77830769231
1.89653846154
1.21476923077
1.98053846154
2.29861538462
1.12746153846
1.51707692308
2.49992307692
2.523
0.869307692308
2.24507692308
1.43115384615
2.09184615385
2.03907692308
2.49615384615
3.70338461538
2.87076923077
2.93984615385
2.63315384615
2.24876923077
1.021
1.35653846154
2.40923076923
2.73161538462
3.61153846154
3.46076923077
3.858
3.283
1.98115384615
4.27584615385
7.31484615385
6.30069230769
5.79876923077
3.90507692308
4.54076923077
5.08592307692
2.01276923077
1.96015384615
2.13246153846
2.36184615385
1.46569230769
1.70607692308
1.23476923077
2.46192307692
1.72215384615
1.50892307692
1.38369230769
2.20661538462
2.69230769231
1.84507692308
3.11838461538
3.19976923077
2.96992307692
3.44815384615
4.83792307692
2.49230769231
1.66053846154
3.18269230769
2.71530769231
3.20361538462
4.46507692308
6.30915384615
4.96076923077
4.79023076923
3.45307692308
4.52292307692
2.46761538462
4.73476923077
5.01584615385
6.54453846154
4.63030769231
1.89484615385
1.95984615385
1.64261538462
1.70361538462
2.32892307692
3.94907692308
2.585
3.59630769231
2.12484615385
2.14346153846
2.42469230769
3.70630769231
3.02715384615
3.68653846154
2.98823076923
3.669
3.896
4.12230769231
3.11446153846
2.53161538462
4.02261538462
2.767
2.81038461538
3.48430769231
3.46815384615
3.11623076923
1.48484615385
2.54592307692
3.17830769231
3.29915384615
1.771
1.06761538462
2.869
4.36092307692
3.58053846154
2.01415384615
2.41061538462
2.84976923077
1.27576923077
2.80030769231
2.57784615385
3.73669230769
3.34523076923
3.42684615385
3.91569230769
2.63792307692
2.77738461538
1.88976923077
2.65661538462
2.34115384615
1.58230769231
1.73492307692
4.81892307692
4.59846153846
5.41553846154
3.66369230769
1.78546153846
1.665
2.65038461538
2.21630769231
1.75807692308
3.36207692308
1.28230769231
1.91261538462
2.12230769231
1.70369230769
1.50546153846
1.51869230769
2.366
2.80507692308
2.47346153846
3.81784615385
2.58815384615
2.61969230769
2.80776923077
3.60230769231
2.334
1.29192307692
1.12084615385
1.66607692308
2.34684615385
3.04753846154
3.21253846154
1.80507692308
2.59430769231
4.31484615385
4.24492307692
2.56269230769
3.55307692308
4.63923076923
5.32376923077
5.35130769231
5.11176923077
4.68176923077
2.148
1.97492307692
2.24815384615
2.23123076923
2.825
1.71876923077
2.08361538462
2.57007692308
1.42946153846
1.75876923077
2.50992307692
2.50176923077
2.092
3.251
2.97607692308
3.58238461538
2.60438461538
2.77938461538
3.18415384615
2.42607692308
1.753
2.60684615385
1.49938461538
1.43746153846
1.11069230769
1.10746153846
2.675
4.16323076923
2.18753846154
1.66769230769
1.82246153846
2.59038461538
2.41584615385
2.10669230769
2.52307692308
1.63269230769
1.48015384615
2.161
1.85761538462
1.60661538462
1.11869230769
1.44146153846
1.25592307692
1.04084615385
1.98384615385
2.15776923077
2.94123076923
3.16892307692
3.99946153846
3.45007692308
4.02130769231
3.25123076923
2.92507692308
2.40992307692
2.90507692308
2.14430769231
2.74946153846
1.27815384615
1.95292307692
3.27869230769
3.04446153846
3.65184615385
3.32946153846
2.74315384615
1.66138461538
1.76361538462
1.51061538462
3.24038461538
2.59507692308
2.80084615385
2.64630769231
2.46307692308
1.85092307692
1.74061538462
2.62184615385
2.69738461538
1.85823076923
1.16530769231
1.33084615385
2.00984615385
1.39815384615
2.08738461538
1.079
1.08646153846
1.42730769231
1.78930769231
0.854076923077
2.14461538462
2.74884615385
2.78692307692
1.62907692308
2.41223076923
1.72607692308
1.28792307692
1.09815384615
2.67369230769
3.34784615385
3.71430769231
2.46076923077
1.74646153846
2.78415384615
2.94976923077
3.324
1.75407692308
2.69930769231
2.243
2.04992307692
1.92269230769
2.77523076923
3.43146153846
3.13369230769
2.16692307692
1.88392307692
1.55084615385
1.61284615385
2.09607692308
0.980692307692
1.18569230769
2.04507692308
3.34676923077
3.74761538462
1.911
1.82423076923
1.76707692308
2.04176923077
2.31023076923
1.28238461538
1.08069230769
0.857230769231
1.56292307692
4.16161538462
6.01284615385
3.79715384615
4.23384615385
3.20007692308
3.96376923077
3.09861538462
1.37261538462
2.68769230769
2.29946153846
0.833846153846
0.886769230769
2.17746153846
5.03761538462
5.70192307692
6.25153846154
5.79330769231
3.79353846154
2.34407692308
1.351
1.32738461538
2.67369230769
2.351
3.07646153846
2.18846153846
2.16038461538
3.62730769231
2.14284615385
1.13615384615
0.769
1.14230769231
1.64715384615
1.71623076923
2.32276923077
2.44153846154
1.98553846154
2.23169230769
1.00938461538
1.93076923077
2.417
2.45776923077
1.85946153846
2.791
1.53869230769
0.963384615385
0.940846153846
2.273
1.63092307692
1.12330769231
1.55215384615
1.50307692308
2.93846153846
3.01661538462
2.61676923077
1.11230769231
1.78292307692
3.18023076923
1.98684615385
2.12638461538
3.79884615385
2.30446153846
2.67923076923
2.494
2.37923076923
1.41038461538
1.65115384615
3.60592307692
4.23361538462
2.35146153846
2.88692307692
4.19646153846
1.726
3.75523076923
4.49153846154
3.50361538462
3.29684615385
2.26553846154
2.03376923077
2.25953846154
3.08376923077
3.50715384615
2.18692307692
2.98453846154
1.27284615385
1.30130769231
2.59876923077
3.27946153846
4.55876923077
2.54846153846
3.13084615385
3.52669230769
4.46884615385
4.67323076923
1.61153846154
2.06507692308
2.94576923077
1.34169230769
1.46261538462
2.112
1.98738461538
1.45869230769
1.13384615385
1.70069230769
2.78330769231
3.14476923077
1.65907692308
2.00884615385
2.36653846154
3.04815384615
3.39330769231
1.43392307692
3.32892307692
2.96130769231
2.89492307692
3.84007692308
2.42238461538
3.12123076923
1.57276923077
1.32269230769
2.29330769231
3.25869230769
1.52230769231
2.01592307692
1.90776923077
2.28892307692
1.05207692308
1.42330769231
2.69884615385
2.245
2.983
1.87815384615
2.14169230769
2.36638461538
3.05446153846
3.41246153846
3.56853846154
3.42084615385
2.27423076923
1.08461538462
1.19392307692
2.89584615385
2.74276923077
3.26461538462
3.08892307692
3.96146153846
4.75776923077
2.96653846154
1.75607692308
4.012
4.31676923077
3.24669230769
0.944
1.55838461538
2.50661538462
1.53784615385
4.071
5.07953846154
4.50484615385
3.539
5.55030769231
3.81446153846
1.81446153846
2.31238461538
1.86953846154
1.50830769231
1.42976923077
2.58223076923
2.08315384615
2.05530769231
1.99284615385
2.40176923077
3.88546153846
3.87076923077
4.34869230769
2.10438461538
3.40615384615
1.22623076923
2.57292307692
1.95569230769
3.72069230769
4.25223076923
4.80992307692
6.36538461538
3.57023076923
1.32792307692
1.84584615385
2.14546153846
1.86869230769
2.18930769231
1.05776923077
3.522
4.58653846154
5.30930769231
6.97138461538
5.51753846154
3.87138461538
3.25030769231
1.75138461538
1.86053846154
1.40869230769
3.838
1.90176923077
1.86423076923
2.31823076923
1.85315384615
2.35061538462
3.72076923077
1.47892307692
2.47792307692
1.86230769231
1.64684615385
2.17623076923
2.30415384615
2.064
1.706
2.89384615385
1.76938461538
2.40915384615
1.86276923077
1.36376923077
1.41746153846
1.00761538462
1.64553846154
1.90530769231
1.39784615385
4.292
1.949
1.11523076923
2.41507692308
1.84130769231
2.26915384615
3.43461538462
2.92
1.38192307692
1.62069230769
1.44169230769
1.71876923077
3.13038461538
1.56361538462
2.43823076923
3.72553846154
4.95823076923
3.432
2.77153846154
2.39861538462
1.076
2.73284615385
2.16038461538
1.291
2.00984615385
1.82446153846
1.367
2.49046153846
1.93238461538
2.11676923077
2.11646153846
1.68884615385
2.21830769231
1.81661538462
1.72676923077
1.52992307692
1.74723076923
3.23538461538
3.23346153846
2.54961538462
1.751
1.62284615385
2.25807692308
2.17569230769
2.72707692308
1.90084615385
1.31938461538
1.32684615385
2.05838461538
1.20907692308
1.37707692308
1.30123076923
3.03153846154
2.61176923077
2.84153846154
1.86630769231
1.80230769231
2.191
2.84784615385
4.54607692308
3.74661538462
2.45884615385
2.32246153846
1.73192307692
2.16192307692
1.702
1.95953846154
1.69653846154
2.00792307692
3.11407692308
2.58038461538
2.98238461538
2.27753846154
3.30692307692
1.99715384615
1.75261538462
1.35430769231
1.64753846154
1.19630769231
1.51030769231
1.07746153846
1.30523076923
1.90730769231
1.07423076923
1.48338461538
2.90661538462
3.54376923077
2.49061538462
2.564
1.999
2.05246153846
1.18738461538
1.27153846154
1.90830769231
1.03038461538
1.02669230769
1.95992307692
3.21853846154
2.691
1.54315384615
2.36769230769
2.78884615385
2.21069230769
2.11084615385
1.29161538462
1.92638461538
1.21476923077
1.21023076923
1.581
2.13376923077
2.46046153846
2.48530769231
1.06161538462
3.39838461538
3.70530769231
2.463
1.18615384615
0.831
1.24023076923
1.18992307692
1.30092307692
1.39738461538
0.852692307692
0.951461538462
1.298
2.47515384615
3.36830769231
1.90876923077
3.74407692308
2.94738461538
1.56684615385
3.09630769231
2.65646153846
3.02069230769
1.97507692308
1.77423076923
1.87146153846
1.36269230769
1.15646153846
1.39038461538
1.40176923077
1.18953846154
1.38846153846
1.63884615385
1.66761538462
1.63707692308
1.85869230769
2.00961538462
1.87569230769
2.71884615385
2.27784615385
0.649230769231
1.12476923077
1.96784615385
2.70823076923
1.93476923077
1.29215384615
2.19030769231
2.56030769231
2.88007692308
3.94007692308
3.39384615385
2.14807692308
2.30307692308
1.74653846154
1.04107692308
1.15
3.05369230769
4.55746153846
2.941
2.181
2.29030769231
1.94807692308
1.88853846154
1.68623076923
3.075
4.53546153846
5.14107692308
2.46923076923
1.66884615385
1.64069230769
1.32984615385
2.73123076923
2.91923076923
2.32246153846
2.00330769231
2.27846153846
2.91676923077
2.64476923077
1.27469230769
0.624153846154
0.771538461538
1.84084615385
2.14023076923
3.14746153846
3.80630769231
2.67030769231
1.00146153846
1.08569230769
0.714
1.89561538462
1.99784615385
2.65484615385
2.09615384615
3.55553846154
2.93676923077
1.828
0.704230769231
1.50230769231
0.831692307692
0.534230769231
0.388615384615
0.727153846154
1.02992307692
2.02207692308
1.65669230769
1.16976923077
1.71107692308
1.18769230769
2.54438461538
2.88430769231
4.08269230769
5.445
4.26338461538
2.79553846154
5.26492307692
4.22276923077
5.15607692308
3.76992307692
6.01961538462
3.24946153846
4.12730769231
2.54
1.47115384615
0.891153846154
1.89823076923
1.78546153846
2.52561538462
1.67076923077
1.48907692308
