2.21013432836
2.21732835821
1.28526119403
0.79878358209
0.932589552239
4.10162686567
4.44082089552
2.49847014925
4.30138059701
4.65324626866
3.94901492537
3.40253731343
2.78094776119
2.11388059701
2.18958955224
1.9842238806
3.78959701493
4.52378358209
3.88165671642
2.39173134328
1.83310447761
3.02354477612
3.71273880597
3.55076865672
3.9893358209
2.43098507463
3.00703731343
2.96784328358
2.44229850746
3.29795522388
5.3573358209
4.69417910448
3.54706716418
2.94305970149
2.94488059701
1.3667238806
2.72332089552
3.73617910448
1.63475373134
4.87331343284
5.60717910448
2.7073358209
1.4258880597
3.38192537313
5.51917910448
6.36969402985
5.73294029851
1.13035820896
2.95691791045
3.26774626866
1.64282835821
1.38647014925
2.25991044776
2.6392761194
1.76041791045
1.33123134328
2.66325373134
2.46029850746
3.4371119403
5.48770895522
4.18755223881
3.77073880597
1.39717164179
1.79054477612
4.24729104478
3.26365671642
6.81564925373
3.78181343284
2.73919402985
4.08114179104
3.28841791045
3.32352985075
4.46802238806
2.86756716418
3.74841044776
3.17185074627
2.6503358209
2.31994776119
4.61499253731
5.08942537313
3.76379850746
1.42336567164
3.72555223881
5.05842537313
5.91003731343
5.44438059701
2.42664179104
3.68049253731
2.79658955224
2.59767164179
4.0607761194
4.04544776119
1.89588059701
1.49912686567
1.38220895522
3.22360447761
2.11759701493
3.36626119403
2.98480597015
3.64943283582
2.43114179104
1.61145522388
2.805
2.4006119403
2.30903731343
3.19892537313
3.38432835821
1.49053731343
2.69195522388
2.86891791045
3.50906716418
5.06782835821
5.15759701493
2.67969402985
1.64874626866
2.87392537313
2.0716641791
3.74273134328
4.58823880597
3.94599253731
7.03786567164
4.5091641791
2.59568656716
2.10703731343
2.72114179104
2.27268656716
2.22829850746
1.8185
3.34205970149
2.43962686567
2.5128880597
1.70879850746
1.4251119403
1.3361119403
2.75237313433
4.38074626866
2.59425373134
1.60537313433
4.82567164179
4.88914925373
2.91990298507
3.07582835821
2.69608955224
4.46389552239
3.47047761194
2.76697014925
3.47657462687
2.51775373134
2.33891791045
1.60292537313
2.73508208955
3.32812686567
3.60952238806
2.2188358209
1.7771641791
1.68247761194
1.52941044776
3.21589552239
2.61373134328
2.06599253731
2.76897014925
2.33781343284
3.69682835821
3.7377761194
3.16120895522
2.65986567164
4.44755223881
3.42214925373
2.42692537313
2.17873880597
1.46426119403
1.83491791045
2.01792537313
3.42946268657
2.80051492537
2.10679850746
2.21719402985
1.848
2.8888358209
3.18845522388
2.60867164179
2.13405223881
1.82652985075
2.62250746269
1.86880597015
2.29655970149
2.89594776119
3.6666641791
3.4141119403
2.50488059701
1.38023880597
2.78235074627
1.85919402985
2.65965671642
2.4106119403
2.37390298507
2.52812686567
3.45490298507
3.22970895522
3.16904477612
4.11820895522
3.80867164179
2.63265671642
2.66455970149
2.52725373134
2.00432835821
1.68350746269
1.14394029851
2.71167910448
3.56474626866
3.2728880597
4.29135074627
4.32314179104
2.43080597015
1.7827761194
1.38674626866
1.41347761194
1.51914925373
3.20742537313
3.38695522388
3.56945522388
1.76873880597
1.6825
1.60750746269
3.33428358209
2.81220149254
3.30048507463
2.41224626866
2.43861940299
1.8082761194
2.11976865672
3.1341641791
2.29473880597
2.28926119403
3.08691044776
3.09839552239
1.99186567164
3.31302985075
2.60160447761
1.69754477612
1.53165671642
1.95514925373
1.58476865672
2.78213432836
3.60242537313
2.69667164179
1.54445522388
2.47105970149
1.51344776119
1.34931343284
1.42008208955
1.60991791045
2.52641791045
1.57703731343
2.50642537313
2.09344776119
3.62001492537
1.84893283582
3.1837761194
4.26759701493
3.72805970149
2.75281343284
1.89255223881
3.28474626866
2.88018656716
2.2845
1.48350746269
2.82729104478
2.21592537313
2.92035074627
2.91805970149
2.72359701493
2.35375373134
4.01031343284
2.67589552239
2.18109701493
1.72747761194
3.70880597015
2.42320895522
1.64140298507
1.71202238806
2.17602238806
1.31604477612
3.18359701493
1.92504477612
3.19629104478
3.2132238806
1.32763432836
1.8783880597
3.79426865672
3.0257238806
1.78496268657
2.53573134328
4.03223880597
5.10630597015
3.86891044776
4.68126865672
5.50863432836
4.63203731343
2.55301492537
1.75597761194
1.40719402985
3.34109701493
2.32547014925
1.83265671642
1.7736119403
6.1703358209
4.81502985075
4.83241791045
3.26746268657
4.47741044776
3.43194776119
2.00728358209
3.23970149254
5.25795522388
1.62568656716
2.34097761194
2.16746268657
2.5493880597
1.50335074627
2.79641044776
2.55691791045
2.8503358209
2.47051492537
1.23591791045
2.46155970149
2.88111940299
3.70963432836
5.76525373134
2.0541641791
3.07888059701
3.46911940299
4.73135820896
4.45226865672
4.45835820896
4.09331343284
3.69018656716
5.65146268657
2.30342537313
3.60570149254
3.62351492537
4.43474626866
6.01970149254
6.13441044776
2.73567910448
2.99441791045
4.49174626866
6.98694776119
6.03843283582
5.67373134328
6.29208955224
2.70755970149
2.30601492537
3.34454477612
6.39567164179
4.52081343284
2.71330597015
2.81038059701
1.7363880597
3.30501492537
5.12230597015
5.22413432836
4.29973134328
3.21619402985
3.30562686567
3.01584328358
1.84693283582
3.83112686567
2.45058955224
2.79870895522
1.19355223881
1.78729104478
2.47641791045
3.30246268657
3.80934328358
5.38039552239
3.4535
2.33776119403
2.73136567164
4.86886567164
4.00286567164
2.63303731343
1.24256716418
2.83025373134
3.37999253731
4.54982089552
3.91126119403
1.8261119403
2.63708208955
2.7436119403
3.14314179104
1.55652238806
2.72547761194
5.39244029851
6.08282835821
4.86088059701
4.62850746269
4.76969402985
3.44448507463
4.50337313433
3.38017164179
2.77929104478
3.19520895522
2.84314179104
2.69181343284
2.71914925373
2.01800746269
1.34626865672
1.53620149254
2.13951492537
1.91040298507
1.9991641791
1.84265671642
3.59946268657
3.04614179104
2.36790298507
1.89021641791
1.76360447761
2.34154477612
0.923656716418
2.1626641791
3.44644776119
2.40902985075
2.69160447761
2.83605223881
3.5093880597
4.26935820896
2.69564179104
2.1787238806
3.77459701493
4.67764179104
1.77220895522
3.03792537313
1.46809701493
1.66559701493
3.01714179104
3.41492537313
4.98594776119
4.16650746269
2.22318656716
2.07964179104
5.27484328358
5.99629850746
6.38460447761
4.39554477612
2.62126119403
4.33879850746
2.51855970149
1.79500746269
2.4091641791
3.15617164179
4.7762761194
6.21028358209
4.69882835821
2.60947761194
3.40932835821
5.86163432836
5.22237313433
4.37408208955
3.62501492537
2.73843283582
2.66808955224
3.66695522388
3.55470149254
2.78059701493
1.62518656716
2.30247761194
2.42997014925
1.52684328358
1.88064925373
1.9461119403
2.34530597015
4.09937313433
6.0868880597
3.79682835821
2.63297761194
3.05361940299
5.45702985075
6.41478358209
2.39217164179
2.40694776119
2.60097014925
3.03707462687
1.85719402985
4.35320149254
5.631
5.41510447761
5.69894776119
5.28170895522
4.59362686567
3.44308208955
2.5838880597
1.92356716418
4.05762686567
3.36058955224
4.04038059701
4.56129104478
6.29573880597
6.25179104478
4.84862686567
3.45224626866
2.59262686567
3.05323880597
2.42732089552
1.89385074627
3.04786567164
4.44423134328
2.97544029851
2.5438880597
2.08898507463
1.51719402985
2.09238059701
1.50557462687
1.62142537313
2.54624626866
2.13885820896
2.14674626866
3.60909701493
3.10034328358
3.05426119403
1.856
1.89473880597
1.52214179104
1.59260447761
2.34132835821
1.71496268657
2.6955
1.78215671642
1.74044776119
2.85713432836
3.33602238806
3.48425373134
2.68945522388
2.82712686567
3.81763432836
4.62547761194
3.35249253731
2.74171641791
3.46375373134
3.92048507463
3.43647014925
1.95405970149
2.70048507463
3.47687313433
3.25358955224
3.64465671642
3.39487313433
2.40180597015
3.34458955224
1.91132089552
2.37696268657
1.88445522388
3.51775373134
3.57446268657
3.78278358209
3.40350746269
2.40034328358
2.87094029851
3.25976119403
3.00421641791
1.78792537313
3.29751492537
3.31818656716
4.29895522388
4.12507462687
4.20264925373
4.94120895522
2.80773880597
1.69375373134
1.72264179104
2.36213432836
3.01358955224
2.23632089552
2.42914179104
3.40298507463
2.33854477612
1.52119402985
1.47544776119
1.80904477612
2.23471641791
2.50531343284
3.86958208955
3.4146119403
2.11486567164
2.17164925373
1.76976865672
1.07220895522
1.61844776119
3.60144776119
2.52935074627
1.95080597015
3.23221641791
1.95386567164
1.61155223881
1.41252238806
1.64911940299
4.0326641791
5.6513880597
3.9977761194
3.25264179104
3.03475373134
2.1576119403
2.02355970149
1.19544029851
1.57780597015
3.07496268657
4.3997238806
4.20006716418
3.29551492537
1.43432089552
2.80914925373
2.58985074627
2.79732835821
2.68004477612
1.94458208955
2.7973880597
2.73100746269
4.54932835821
4.3993880597
4.17502238806
4.32441791045
5.13263432836
3.14711940299
1.81930597015
2.54773880597
1.55344029851
1.61694776119
1.13575373134
1.0505
1.67341791045
1.29032089552
1.09574626866
1.53921641791
1.45120895522
1.23085074627
0.95921641791
2.3517238806
2.93471641791
2.11002238806
2.93570895522
1.32805970149
2.17389552239
2.33670149254
3.84646268657
6.14929850746
5.35563432836
2.96335820896
2.72249253731
4.30128358209
3.69603731343
3.87514179104
1.6306641791
1.88213432836
2.39410447761
2.8611119403
2.45576119403
3.01152238806
2.27119402985
3.28717164179
3.00817164179
3.7386119403
4.59259701493
2.51704477612
2.36523880597
4.57742537313
4.34174626866
5.80952985075
3.5407761194
3.08134328358
5.0985
5.73282835821
5.00102985075
4.85090298507
6.1287761194
5.80214925373
1.13207462687
1.11308955224
1.79903731343
1.70682835821
3.48325373134
3.03775373134
2.70614179104
4.492
6.22831343284
5.92210447761
5.28556716418
6.58193283582
4.30242537313
3.32787313433
4.27803731343
4.85350746269
4.68851492537
4.04626865672
3.75090298507
2.25097014925
2.92684328358
3.26230597015
2.60981343284
5.28885074627
2.39425373134
5.24129850746
4.99530597015
2.81780597015
2.69408955224
3.76508208955
1.63560447761
2.82312686567
6.49162686567
6.85151492537
6.14065671642
4.57888059701
7.49498507463
7.3773880597
7.19382089552
4.6707238806
4.09623880597
4.47512686567
3.39144029851
2.99708208955
4.28423880597
4.10020895522
5.87299253731
4.58175373134
5.31062686567
3.79997761194
1.80693283582
3.43631343284
5.06847014925
4.99149253731
6.65832089552
8.6523358209
6.23964179104
9.0391641791
5.99784328358
5.86626865672
2.42667164179
2.18048507463
2.081
5.1673880597
2.58325373134
2.58067164179
4.96267164179
3.14404477612
9.3367238806
5.75840298507
5.8868880597
5.22130597015
2.23606716418
4.45594029851
4.65284328358
1.85841044776
1.23176119403
1.66689552239
2.52045522388
4.80062686567
2.48920895522
1.22282089552
1.6058880597
1.68094029851
1.62476865672
2.54747014925
3.48091791045
4.16243283582
8.55541791045
4.18715671642
4.7168358209
4.66611940299
5.31020895522
6.3773880597
3.04158955224
7.8278358209
4.4272238806
1.81730597015
1.17838059701
1.28830597015
1.20124626866
1.39174626866
1.63897761194
3.69065671642
2.96370149254
1.63497014925
1.6212761194
1.71035074627
1.89621641791
1.38665671642
2.37397014925
3.8303358209
3.38403731343
4.75254477612
2.39487313433
2.29548507463
2.1872761194
2.99955970149
2.35485820896
2.91025373134
7.25987313433
7.13769402985
6.34217164179
3.27814179104
8.15443283582
4.8751641791
4.38923134328
6.11061940299
3.77563432836
2.02529104478
2.58241791045
3.26755970149
6.83041791045
5.36078358209
5.29899253731
7.38880597015
4.66932835821
6.51552238806
4.27890298507
4.89990298507
3.36161940299
4.14505970149
3.82870149254
1.50455223881
3.31725373134
2.80494029851
2.27592537313
1.64361940299
2.02152238806
2.41211940299
2.16260447761
1.5945
1.42432835821
1.48602238806
1.27860447761
2.64617164179
1.56381343284
2.43556716418
3.26695522388
1.75196268657
4.48964179104
4.6631641791
2.44809701493
3.79779104478
2.8583880597
4.15688059701
3.8631641791
1.58652238806
3.00579850746
3.1665
5.17596268657
3.34323880597
3.96690298507
4.00362686567
5.52320895522
4.26894029851
3.9652238806
1.89367910448
3.49541044776
3.16970149254
2.90508955224
2.82942537313
2.05005223881
1.87813432836
4.77002985075
5.60901492537
2.61540298507
2.0246119403
1.62240298507
1.3356119403
1.89039552239
2.05692537313
1.76054477612
1.61913432836
2.09346268657
2.35311940299
1.82195522388
2.13146268657
2.95155970149
2.80854477612
1.57814925373
3.21461940299
3.41826865672
1.51436567164
1.46993283582
1.61587313433
1.46417910448
1.38771641791
3.01591044776
2.62458208955
3.9293358209
2.70141044776
1.88067910448
3.38141791045
4.20260447761
4.06594029851
2.94564925373
3.18494029851
1.70493283582
4.03781343284
3.81214179104
4.89464179104
3.12356716418
3.32514925373
2.7471641791
1.57399253731
2.64635074627
2.85020149254
1.88614179104
1.91897014925
1.38552985075
1.35084328358
2.29102238806
1.88017164179
7.06510447761
5.51392537313
4.01812686567
2.30714925373
3.15938059701
2.38358208955
1.55729104478
1.49020895522
1.07612686567
1.78481343284
1.91645522388
1.19329850746
1.8143880597
2.80336567164
1.98023134328
2.49920895522
2.32139552239
2.43440298507
3.5331641791
1.68421641791
2.75140298507
1.79300746269
2.97859701493
2.96378358209
2.82168656716
3.44298507463
3.69058955224
3.63673134328
4.14151492537
2.57345522388
2.39536567164
2.55951492537
2.21844029851
2.31945522388
1.7668880597
1.63091791045
1.60159701493
1.65020895522
1.76739552239
1.48912686567
1.56693283582
2.1078880597
2.29080597015
1.81055223881
1.16981343284
1.03469402985
0.998746268657
0.846537313433
2.36439552239
2.96278358209
2.27810447761
2.40670149254
5.20459701493
3.75900746269
3.90120895522
3.03311940299
2.53662686567
2.10461940299
2.67052238806
4.29796268657
2.07058955224
1.5501641791
1.08263432836
0.974208955224
1.5093880597
1.69169402985
1.85387313433
2.01476119403
1.43476865672
0.677
1.49102238806
1.61825373134
1.49523134328
1.6297761194
1.83729850746
1.38388059701
3.15304477612
2.5207238806
3.05439552239
2.19852238806
1.68752238806
2.5503358209
2.81993283582
5.67488059701
3.78694776119
2.86479104478
2.47235074627
1.51387313433
2.88654477612
1.73848507463
2.03685820896
1.81520149254
2.63790298507
1.31618656716
1.81190298507
1.80985820896
5.19814925373
7.819
3.35573880597
3.13005223881
5.94151492537
4.72669402985
3.39714179104
6.5308880597
4.53492537313
3.81123880597
5.50699253731
3.79705223881
2.20859701493
1.22690298507
1.41329850746
2.43732835821
3.24701492537
6.33242537313
1.73875373134
1.65391044776
0.86976119403
2.04620895522
2.80605970149
1.99138059701
1.57558208955
3.79041044776
6.76796268657
3.49850746269
6.45278358209
3.49682089552
5.77967910448
1.50555970149
3.36151492537
4.35894776119
4.76167164179
2.33546268657
2.21726119403
2.2168880597
2.63734328358
5.98291044776
3.83191791045
4.06088059701
5.08479850746
1.86144776119
1.90080597015
3.54120149254
4.96803731343
3.72694776119
6.95271641791
4.9023880597
4.76540298507
6.00747761194
6.62406716418
6.38054477612
4.68549253731
7.38173134328
3.41565671642
3.69144029851
3.66299253731
3.59644776119
1.9731641791
3.14543283582
5.66899253731
5.11751492537
4.60779850746
4.03791044776
2.49915671642
4.52708955224
2.68702238806
1.71629104478
2.89419402985
3.45636567164
4.9333880597
2.82289552239
2.14999253731
2.12939552239
3.27443283582
3.72649253731
1.72407462687
2.4301641791
1.80090298507
1.23844776119
2.11307462687
2.39324626866
1.27084328358
1.84863432836
2.17065671642
3.26661940299
2.82717910448
5.15614179104
2.18791791045
3.95447761194
4.9367238806
5.80081343284
5.55744776119
6.42358208955
2.40686567164
3.74979850746
4.09789552239
1.34849253731
1.3765
1.51662686567
0.644134328358
1.04605223881
1.47486567164
0.956865671642
1.26897014925
2.72902985075
1.57563432836
1.41244776119
2.95798507463
2.57158955224
0.841320895522
1.35264925373
4.3931119403
7.20889552239
2.71197014925
4.50706716418
4.27473880597
5.80548507463
3.95230597015
0.963671641791
2.78936567164
2.89301492537
1.92863432836
1.36914179104
2.54005223881
2.81129850746
2.68444776119
2.42635820896
1.4877761194
1.54744029851
1.63624626866
1.30890298507
1.67047761194
1.8793880597
2.60664179104
3.83779104478
4.80052238806
6.37932089552
3.84179850746
2.83620895522
2.71355223881
2.38737313433
0.847455223881
1.30249253731
1.01098507463
2.2281119403
3.54947014925
6.46420149254
4.70882089552
8.88369402985
6.36428358209
3.01204477612
1.92049253731
4.273
2.01168656716
2.20055970149
7.49099253731
6.27197014925
5.93681343284
3.78279850746
4.55521641791
5.43741791045
6.58286567164
3.31005970149
1.99614179104
1.72875373134
2.37858955224
1.34373880597
1.2648880597
2.75764925373
1.85352985075
1.04918656716
0.988619402985
1.24691791045
2.12841791045
2.79274626866
3.32249253731
5.57578358209
2.89979104478
1.37039552239
3.23517910448
1.54562686567
2.35100746269
4.24898507463
5.17941044776
6.57190298507
6.78154477612
5.12003731343
5.3402238806
4.211
2.24885820896
1.29524626866
2.35921641791
2.20014925373
3.35642537313
3.38015671642
1.71423134328
2.17921641791
1.87599253731
2.58929104478
1.98771641791
3.54010447761
2.62507462687
4.42756716418
3.63959701493
2.80987313433
3.77428358209
4.00098507463
5.4173358209
4.21645522388
5.52194776119
5.25814925373
3.01641791045
2.69652238806
4.05041044776
3.11368656716
1.76081343284
1.30930597015
1.9467238806
1.06642537313
1.37384328358
1.12664925373
1.89714179104
1.73142537313
1.92132835821
1.34761940299
1.99334328358
1.66658208955
1.18002985075
3.08773134328
3.43764179104
3.00199253731
2.30330597015
2.24092537313
2.46559701493
2.32369402985
1.8873358209
4.1667761194
2.66630597015
1.2627761194
2.29252238806
1.28308955224
1.11547014925
1.27194029851
1.77775373134
1.86935820896
1.24794029851
2.16947761194
1.93031343284
2.05741791045
3.44741044776
4.1298358209
3.70548507463
2.86429104478
1.7332761194
1.30674626866
2.24511940299
4.06520149254
2.60709701493
1.06417910448
2.12315671642
3.97144029851
3.79144776119
2.17371641791
2.79885074627
3.2587238806
3.4381641791
4.41988059701
3.53405970149
2.61205223881
1.93781343284
3.07375373134
3.84079104478
3.43514179104
1.84080597015
1.91207462687
0.984119402985
1.86240298507
1.87255970149
2.28540298507
2.08261940299
2.50796268657
2.38252238806
1.61514179104
1.98020895522
2.58309701493
2.59874626866
2.58346268657
2.23913432836
1.78247761194
2.43635074627
1.59859701493
2.0452238806
3.10026119403
1.65932089552
1.67147761194
1.78387313433
2.58813432836
3.46996268657
3.3541119403
1.60753731343
3.34407462687
3.61047761194
1.79882835821
1.57374626866
1.35637313433
1.3886119403
1.62234328358
2.86280597015
3.05208208955
1.12084328358
3.62067164179
3.0133880597
3.51882089552
2.27008208955
2.93604477612
2.87985074627
4.69808208955
3.85199253731
3.61708208955
5.28638059701
3.3895
2.49399253731
1.52110447761
4.06391044776
3.85889552239
3.64350746269
1.47463432836
1.0181119403
2.57586567164
2.02594776119
2.19518656716
2.54276119403
1.99593283582
2.38056716418
1.50764925373
3.15860447761
2.13270149254
2.45997014925
1.4342761194
2.28091044776
1.30048507463
1.22089552239
1.27439552239
0.747917910448
0.830253731343
0.795186567164
0.840731343284
0.941164179104
2.10032835821
2.46381343284
5.72507462687
1.61864925373
1.6367238806
2.77076865672
2.36373880597
3.49973880597
3.28964925373
1.38493283582
1.64667164179
1.22330597015
1.36259701493
1.4581119403
1.00163432836
1.47528358209
2.80915671642
2.02244029851
2.71574626866
4.65506716418
4.60512686567
1.93520149254
3.03261940299
4.67888059701
3.78114925373
6.67879104478
5.37542537313
3.04192537313
2.35570149254
1.56679850746
1.95419402985
4.28354477612
3.27091044776
2.48345522388
1.37981343284
2.7107761194
1.40781343284
2.16850746269
1.16476119403
2.68712686567
2.67573880597
1.96423134328
3.72891044776
3.07074626866
2.73631343284
0.686701492537
1.03807462687
3.85126119403
4.07876119403
4.08850746269
2.69882835821
4.78978358209
4.64758955224
3.75414179104
3.26873880597
4.62393283582
3.09641791045
1.4226119403
5.04520895522
4.23358208955
5.76309701493
6.75193283582
6.12143283582
3.20367910448
4.7046641791
4.20314179104
5.46641791045
4.0038880597
3.0626119403
1.1308880597
1.73060447761
2.00114925373
4.44976865672
5.54173880597
2.16494776119
1.63470149254
2.17393283582
4.49754477612
2.18908955224
1.78455223881
4.6913358209
5.58935074627
8.05668656716
5.56354477612
2.66185074627
2.31390298507
2.60071641791
8.95404477612
8.5931641791
2.97529850746
1.26447014925
5.60836567164
6.94831343284
8.81840298507
3.72092537313
1.32191791045
3.65282089552
3.15398507463
3.19208955224
4.57461940299
5.73339552239
1.82242537313
1.40326119403
2.4601119403
3.60702985075
3.87407462687
4.91610447761
7.95362686567
3.61096268657
6.25384328358
5.14882089552
4.66164925373
6.09349253731
4.54073880597
3.45170895522
4.81491791045
5.82992537313
7.04541044776
5.86839552239
7.55446268657
7.0113880597
8.44629104478
5.31074626866
3.15310447761
5.27194776119
3.50555970149
1.54464179104
1.72834328358
4.40176865672
3.20073880597
6.36070895522
5.8196119403
6.3651641791
5.62355970149
6.61046268657
10.3142462687
6.78461940299
3.90675373134
2.12208955224
5.78651492537
2.6382761194
2.41689552239
1.57380597015
2.42630597015
2.2426119403
2.8775
3.1517238806
2.80739552239
3.41046268657
3.48160447761
2.70876865672
2.62082835821
1.65824626866
1.5691119403
2.39704477612
2.19335820896
1.33761940299
1.98200746269
1.84005223881
2.07271641791
3.25541044776
2.9178880597
4.27532089552
1.30942537313
1.955
2.183
2.07889552239
3.559
5.00312686567
5.06184328358
3.63474626866
3.21373134328
3.53732835821
5.07748507463
3.03070149254
2.77806716418
3.4663880597
2.00797761194
2.20128358209
2.67356716418
2.85889552239
3.40352985075
2.57882089552
5.15538059701
8.22239552239
7.06403731343
6.79055970149
4.40214925373
4.11978358209
3.50423134328
2.13391044776
3.37994029851
6.07392537313
3.63593283582
2.03720895522
3.15079104478
2.98989552239
1.76615671642
4.27242537313
7.30107462687
4.73594776119
2.07758955224
2.63057462687
2.26750746269
3.37693283582
3.37831343284
2.89450746269
3.0458358209
2.90063432836
2.71108955224
4.00744776119
2.78541791045
2.31439552239
3.43570895522
2.58629850746
2.39488059701
2.01976119403
1.23237313433
1.6925
2.3431119403
4.6756641791
3.60632835821
3.05610447761
1.65082089552
2.57443283582
5.09490298507
4.80859701493
3.56587313433
1.8996641791
3.5358880597
2.25497014925
2.45105223881
2.74562686567
2.16026865672
4.67926119403
5.71514925373
3.07244029851
2.41412686567
2.31681343284
3.25067164179
2.44344776119
3.87073880597
2.2422761194
2.78432089552
3.10164179104
1.96148507463
1.98931343284
2.15002238806
1.95270149254
2.48343283582
1.75626865672
2.53813432836
3.70071641791
2.26129104478
1.74547014925
2.56655223881
3.73798507463
1.77239552239
1.86859701493
1.60108208955
3.33429104478
3.38779104478
1.90208955224
2.01814925373
1.85235074627
1.5172761194
1.42934328358
2.18446268657
1.81124626866
2.28582089552
2.50458955224
2.06212686567
1.75734328358
3.56906716418
2.774
2.9361119403
3.32741044776
1.50553731343
1.52976865672
1.45802238806
1.65567164179
2.33373134328
3.25753731343
3.52778358209
4.35503731343
2.01442537313
1.59678358209
1.00714179104
1.58044776119
2.52164925373
1.63285074627
1.2788358209
1.57567164179
1.4483358209
2.11113432836
1.83370149254
2.26781343284
3.05442537313
2.46367910448
1.9251119403
2.47841791045
1.82002238806
2.64440298507
1.49536567164
3.17779104478
2.31078358209
1.5242238806
1.50902238806
1.74615671642
1.75385074627
2.64531343284
1.84076119403
2.71321641791
2.62158208955
2.72170895522
1.96331343284
4.46279850746
2.96528358209
2.48055970149
2.77119402985
3.16282835821
2.16437313433
1.59353731343
2.18797761194
2.28604477612
1.59604477612
1.38308955224
2.19570895522
3.9035
1.34065671642
1.75011940299
2.4705
1.4238358209
1.2081641791
1.98694029851
2.01821641791
1.68167910448
0.942567164179
1.34931343284
3.12775373134
3.58584328358
2.70641044776
1.93707462687
2.73057462687
3.01670895522
1.68738059701
1.70555970149
2.8426119403
3.17971641791
6.20720895522
4.84006716418
5.08365671642
3.22392537313
3.11438059701
2.4727761194
3.22917910448
4.31955223881
5.54132089552
5.53767164179
4.03632835821
4.06787313433
4.37229850746
5.55449253731
4.26340298507
4.25917910448
3.67124626866
2.19028358209
2.62573134328
4.35362686567
0.859649253731
2.71152238806
2.54078358209
0.938395522388
1.08073134328
1.84180597015
2.29430597015
2.18708955224
3.69049253731
2.05385820896
3.40370895522
3.30214179104
3.92691791045
4.2363358209
3.84064179104
4.70946268657
5.03476865672
4.23035074627
4.47439552239
4.88985074627
2.90485074627
3.09741044776
4.98976119403
7.44176119403
5.5092238806
5.0603880597
4.57925373134
2.82829104478
1.43211940299
0.656910447761
0.973962686567
1.49376119403
1.43630597015
2.81430597015
2.2835
2.28088059701
1.80741044776
1.43915671642
4.06944776119
3.80882089552
2.17907462687
2.35408955224
2.31698507463
1.23263432836
0.822634328358
1.19885820896
1.10547014925
0.604044776119
0.69697761194
1.41942537313
2.91685820896
3.4318358209
1.69135074627
3.34465671642
2.57305223881
1.24005223881
1.06759701493
2.34007462687
3.22970149254
3.16492537313
2.17635074627
3.2411641791
2.57907462687
4.09370895522
7.02606716418
9.57855970149
4.37857462687
3.07526865672
3.74180597015
1.38558955224
0.986208955224
0.802373134328
1.07692537313
1.73901492537
2.33214925373
2.23363432836
3.84319402985
6.10152985075
3.508
1.92970149254
1.30802238806
1.37079104478
2.58964925373
1.85815671642
1.48934328358
1.47668656716
1.85282835821
2.07358955224
3.20843283582
1.67957462687
4.1741119403
4.90941791045
2.93032089552
5.60224626866
5.75542537313
4.88275373134
5.88482089552
3.51310447761
4.35043283582
5.3263358209
5.85634328358
6.85605223881
8.81679104478
5.51
3.82484328358
3.80453731343
5.02697014925
5.77102238806
3.18225373134
1.96729104478
7.73026865672
4.9648358209
9.07576865672
6.72962686567
6.93344029851
6.70270149254
7.94380597015
5.07555970149
1.59575373134
1.03354477612
2.48458955224
4.99055970149
4.20456716418
6.22143283582
3.22591791045
2.01026865672
2.17805970149
1.77614179104
3.82497014925
3.08617910448
3.46529850746
2.45002238806
3.948
5.69782089552
4.03135074627
4.39085074627
6.07036567164
5.69650746269
4.77245522388
4.79361940299
1.5713880597
2.93771641791
3.24210447761
2.63135820896
2.20520149254
1.97139552239
2.21617164179
0.824888059701
2.63075373134
4.68837313433
2.45564179104
2.4533358209
1.89430597015
1.52303731343
3.20364925373
4.33030597015
3.31398507463
2.34550746269
1.50176865672
0.981589552239
0.669597014925
3.68901492537
2.97232089552
1.40702238806
1.83171641791
1.5561119403
2.91688059701
3.34878358209
2.16503731343
1.66437313433
0.976208955224
1.98805223881
2.71076119403
2.28623134328
2.94282089552
3.06873134328
4.94232835821
4.47479850746
4.16670149254
2.56820149254
1.80317910448
1.99954477612
1.43447761194
3.52235820896
1.59555970149
3.48445522388
4.3573880597
5.10799253731
4.41209701493
1.94914179104
1.84362686567
2.92405223881
3.30561940299
2.2958880597
0.762074626866
1.17339552239
1.18074626866
2.0746119403
1.25249253731
1.07629104478
3.05797014925
1.54541044776
1.57240298507
1.11019402985
2.14546268657
3.38191044776
2.271
1.6455
1.09494776119
1.15479104478
1.23384328358
1.0517761194
1.55474626866
2.91782089552
2.9995
1.60431343284
3.40734328358
2.98685074627
3.97465671642
3.73197761194
3.59787313433
2.41751492537
2.62668656716
1.42750746269
1.6275
2.68534328358
1.93046268657
3.30793283582
2.80392537313
1.8992238806
2.378
4.36374626866
4.78147761194
2.71417164179
1.9423880597
1.67306716418
2.09609701493
3.32778358209
2.10400746269
2.42718656716
3.38050746269
3.36932835821
4.10118656716
1.78054477612
1.94345522388
2.18186567164
1.66202238806
1.73638059701
2.71656716418
2.60480597015
4.53445522388
1.87173880597
2.9847761194
2.4643358209
4.23885074627
2.29597014925
1.79499253731
2.83641044776
3.50287313433
2.65982089552
3.11520895522
2.08578358209
2.52785074627
1.48029104478
3.3423880597
3.62817910448
2.87731343284
1.88897014925
1.13829850746
1.66044029851
1.19680597015
1.51179850746
2.34194029851
3.7267238806
5.3203358209
3.23255970149
4.20026119403
3.10818656716
3.41609701493
1.80013432836
2.43432835821
3.32614179104
1.77363432836
1.57844776119
3.12423880597
2.68725373134
2.78454477612
2.29856716418
1.3617238806
2.29990298507
1.79147761194
1.79545522388
2.10556716418
3.78975373134
3.67436567164
3.97091044776
2.4256641791
3.01597761194
2.75641044776
2.37245522388
2.28512686567
1.91489552239
1.80557462687
1.63937313433
1.79367164179
1.53812686567
1.73979104478
2.80853731343
2.78914925373
2.35856716418
2.39065671642
2.35357462687
2.45396268657
1.77697761194
1.98698507463
2.60881343284
1.99226119403
2.56689552239
1.95702238806
1.38978358209
3.19205970149
3.11341791045
3.71879850746
2.21852238806
1.703
1.21481343284
1.22464925373
1.77119402985
1.34495522388
1.0682761194
1.09797014925
0.824835820896
0.918582089552
0.933686567164
1.94420895522
1.37814179104
1.44096268657
1.80644776119
1.97405223881
1.011
0.978462686567
2.05941044776
3.13858208955
3.67049253731
4.43075373134
2.71220149254
4.47744776119
5.65808955224
2.41805970149
2.03767910448
3.64220895522
3.58395522388
5.0438358209
6.16776119403
4.68355970149
3.89035820896
1.6325
1.62449253731
1.49310447761
3.14279850746
1.50043283582
2.11361940299
2.58013432836
2.92734328358
3.47902985075
3.32674626866
2.4373358209
2.33994776119
3.35985820896
4.11643283582
2.39882089552
1.26226865672
0.951776119403
2.59802238806
2.8257238806
3.10782835821
2.01855970149
2.15980597015
2.14221641791
3.54096268657
3.99069402985
4.36036567164
3.93185074627
1.26367910448
2.2243880597
2.23452238806
1.5482761194
2.76504477612
2.84620895522
0.909492537313
2.61275373134
5.73232089552
5.03632089552
7.7922238806
4.38219402985
5.82747761194
5.37038059701
2.12379850746
3.99700746269
3.89017164179
1.19789552239
0.845589552239
2.43087313433
1.29082835821
1.92959701493
1.15260447761
2.03430597015
3.66649253731
1.98365671642
2.38619402985
1.75781343284
1.3862238806
1.34950746269
2.45476119403
2.1236119403
2.902
3.11015671642
2.73085074627
2.62408208955
2.50867910448
4.71235074627
2.88182089552
2.62448507463
2.1681641791
3.00592537313
4.17747014925
6.5263880597
8.7283358209
9.22594029851
4.5358880597
2.45226119403
3.15
3.88798507463
2.06902238806
1.42811940299
2.12900746269
1.92580597015
1.40349253731
2.80703731343
3.45941791045
4.21849253731
2.42007462687
3.38158955224
3.73191791045
4.00807462687
2.61359701493
1.59620895522
3.55673134328
2.24670149254
1.94617910448
1.88484328358
2.1368880597
3.60455223881
4.81329850746
5.76855223881
5.66182835821
2.68582835821
2.9417238806
3.81580597015
1.80930597015
2.46270895522
1.26057462687
1.91497014925
0.75073880597
1.89803731343
3.32356716418
4.03721641791
2.43353731343
1.77948507463
2.07147761194
2.39469402985
1.91101492537
2.18785820896
1.25723134328
4.29437313433
1.70261940299
1.376
2.91576865672
2.55800746269
3.13990298507
3.8668880597
2.03994029851
0.97471641791
0.685656716418
0.690335820896
1.32721641791
2.14655223881
4.35070895522
2.80108208955
4.03842537313
5.66168656716
4.27124626866
2.77419402985
2.6436641791
4.01523134328
4.11332835821
6.26738059701
5.54965671642
6.99517910448
3.36717164179
1.27432089552
0.969731343284
2.11170149254
1.9522761194
4.8025
5.46314179104
3.8743880597
4.55187313433
3.58101492537
1.76414925373
1.14036567164
2.25419402985
1.40576865672
2.50365671642
2.36095522388
1.4056641791
1.59520149254
2.32613432836
1.69990298507
2.74920895522
2.8161641791
1.0238880597
1.28397014925
0.859813432836
1.01094776119
1.74731343284
2.04307462687
2.6715
2.8781119403
1.44673134328
1.71368656716
0.971492537313
1.02470149254
1.73770149254
1.79858955224
1.43955970149
2.77520895522
1.06978358209
2.32897761194
3.24598507463
1.81110447761
2.12494029851
4.6953358209
2.6405
2.95310447761
2.75117910448
1.42347014925
2.41617910448
2.2096641791
3.39004477612
6.31815671642
4.82062686567
5.37167910448
6.29958208955
5.98270895522
5.27299253731
3.63026119403
5.089
3.17817910448
3.25987313433
2.18944029851
3.17855970149
4.47129850746
5.55252238806
3.07729104478
2.32061940299
3.8911641791
6.70964925373
4.76952985075
5.81235820896
3.85459701493
2.24835820896
1.06595522388
1.84170149254
1.78228358209
2.8435
3.60176865672
2.7921119403
3.98206716418
3.31811940299
3.28405970149
2.25300746269
4.80702985075
5.13444776119
5.11491044776
5.27719402985
4.90046268657
5.19299253731
2.80236567164
1.79565671642
1.75075373134
4.47326119403
6.28218656716
4.58235074627
2.20029104478
1.64705223881
2.99314179104
4.48274626866
3.03323134328
3.37670895522
1.4125
2.12347761194
2.86800746269
3.04948507463
2.58950746269
2.15304477612
1.61275373134
1.84985074627
2.49291044776
1.83079104478
1.59979850746
1.75896268657
1.70902985075
2.08207462687
3.05329104478
2.93185074627
2.13634328358
2.06476865672
2.82131343284
2.40952985075
1.88558955224
2.24744029851
2.31405970149
3.75530597015
3.04035820896
4.43944776119
3.60965671642
3.42797761194
4.69489552239
4.8692238806
2.27559701493
4.1342238806
1.80898507463
2.6338358209
1.85705970149
2.14290298507
2.36585074627
2.03055970149
1.97763432836
2.05403731343
2.2226119403
2.47792537313
2.60217910448
3.9636641791
2.38845522388
3.00514925373
2.74508955224
1.70093283582
1.97702985075
1.48876119403
3.49181343284
2.99851492537
1.92576119403
2.24576119403
1.76926865672
1.80730597015
1.64320149254
0.857820895522
1.59165671642
1.05745522388
2.52053731343
2.84482835821
2.26547014925
1.7568358209
2.19244776119
3.29347761194
3.0546119403
2.95702238806
3.66408208955
3.24347761194
1.2367238806
1.01078358209
2.04594776119
3.20991791045
2.03564179104
3.62485074627
4.92644029851
3.23875373134
1.91974626866
2.97268656716
3.88776865672
3.51905223881
5.90046268657
1.53813432836
1.93718656716
2.59315671642
1.65414925373
3.46953731343
2.64243283582
1.91845522388
1.50134328358
2.18434328358
1.85114179104
1.27091791045
1.84819402985
1.91876865672
1.97495522388
2.99828358209
2.76844776119
2.34386567164
2.48073880597
3.4172238806
3.32501492537
2.15089552239
1.57317910448
0.853597014925
1.11697014925
1.15097761194
2.46346268657
3.0365
3.00365671642
3.25626119403
3.45140298507
3.97059701493
4.20156716418
3.57938059701
2.09447761194
2.84650746269
1.62384328358
1.63491791045
1.01376119403
2.0996119403
1.8501119403
2.88569402985
3.41998507463
4.63384328358
1.37823134328
3.17744029851
1.81693283582
2.73207462687
3.43194029851
1.22758208955
1.58578358209
1.39229104478
0.875007462687
0.694328358209
1.4213358209
1.09417910448
1.37371641791
1.7422238806
2.42445522388
3.27278358209
2.58568656716
1.22591791045
0.96721641791
2.41940298507
3.03467910448
4.0456641791
3.22423134328
3.07263432836
2.50537313433
1.98675373134
2.35300746269
2.51281343284
1.30800746269
0.829223880597
0.782619402985
1.91303731343
1.68452238806
2.33384328358
3.33108208955
4.2978358209
4.31826119403
4.24037313433
2.35284328358
1.13107462687
1.55547761194
2.51282089552
2.16176119403
2.29556716418
2.59076865672
4.2838880597
2.33540298507
1.65380597015
5.5411119403
5.0112761194
4.82014925373
3.01581343284
5.65464925373
6.32521641791
4.72776865672
2.15779850746
0.881582089552
0.610955223881
0.90247761194
1.27173880597
2.73797014925
6.18311940299
5.97476119403
4.45126119403
2.89808955224
1.34514179104
1.0328358209
1.82796268657
0.903298507463
1.58790298507
3.97487313433
3.73403731343
2.62751492537
1.21840298507
2.41209701493
3.86655223881
4.13293283582
3.42220149254
4.34590298507
6.30934328358
5.13070895522
1.35381343284
2.08321641791
2.54591791045
2.23419402985
1.29156716418
3.39508208955
3.58419402985
3.80029850746
3.80535074627
4.0321119403
4.23484328358
4.19985074627
3.98602238806
4.51858955224
2.95201492537
2.36255223881
3.51779104478
4.12017910448
4.71337313433
3.54490298507
2.92967910448
2.15039552239
1.3282761194
1.23979104478
2.83517164179
3.27926865672
3.68639552239
2.35952985075
3.99456716418
3.01575373134
0.928552238806
2.294
2.10152238806
3.50059701493
3.21044029851
4.24762686567
4.55535074627
5.61870895522
5.04020149254
3.03108955224
3.00045522388
4.58695522388
6.18175373134
5.72410447761
6.20552985075
6.28708955224
5.4132761194
3.58302238806
3.36959701493
1.9937761194
3.35925373134
3.95680597015
2.78339552239
4.4923880597
6.2952238806
6.33221641791
4.4355
5.26764179104
4.93819402985
3.40671641791
3.97780597015
3.47887313433
2.4003358209
3.78917164179
4.32969402985
4.29041044776
4.50893283582
4.1561119403
4.22386567164
3.89478358209
3.58425373134
5.76535074627
3.11002238806
2.84045522388
1.96225373134
1.0288358209
1.00286567164
2.64788059701
1.49343283582
3.32603731343
3.95113432836
3.9266641791
5.58036567164
4.87313432836
3.9531641791
2.73223880597
3.95147014925
4.68032835821
2.22470895522
1.79768656716
2.68368656716
1.82004477612
1.35468656716
1.57234328358
2.30595522388
1.4825
0.484111940299
2.76597014925
2.26214179104
1.52589552239
1.64742537313
1.51303731343
2.52696268657
2.88388059701
3.59489552239
5.79292537313
4.99241044776
6.02511940299
4.18046268657
5.92664925373
5.89892537313
5.10902238806
5.44436567164
4.71689552239
5.79440298507
2.14008955224
2.25008955224
1.85390298507
1.44079104478
2.95082089552
4.83798507463
4.36307462687
5.36825373134
5.6243880597
4.17491044776
1.76271641791
2.02002238806
3.0237238806
3.49207462687
2.64887313433
2.84125373134
2.03996268657
1.71744029851
3.85395522388
3.79514925373
3.97446268657
2.65343283582
2.00679850746
1.82629850746
3.40041044776
2.487
2.96926119403
3.83373880597
3.55175373134
3.18550746269
3.40665671642
2.41565671642
2.61905223881
2.51296268657
2.09179850746
2.60018656716
3.23075373134
3.03978358209
3.33794029851
3.68592537313
2.90394776119
2.84992537313
1.94890298507
3.18452985075
2.11313432836
2.34594776119
2.19058955224
1.29732089552
2.87736567164
2.58285074627
2.91869402985
2.08944029851
2.57743283582
2.72308955224
2.36570895522
2.36897014925
1.96891791045
2.07428358209
3.48153731343
1.6347238806
1.6536119403
1.31359701493
3.31757462687
2.97459701493
2.72958955224
5.23836567164
4.65691044776
2.48087313433
1.9907761194
2.87985074627
1.9347238806
3.01957462687
3.26773880597
4.41014925373
5.10935820896
3.29696268657
1.90370895522
1.67371641791
2.94257462687
3.54690298507
3.22453731343
2.14925373134
3.63191044776
2.38429104478
1.84385074627
2.12282835821
1.54043283582
2.07878358209
3.3147238806
2.48361940299
1.12028358209
0.900246268657
2.32914179104
2.06078358209
2.95957462687
2.45764179104
2.40262686567
2.04093283582
2.6146119403
2.56446268657
2.59460447761
1.99440298507
2.23735820896
2.32732089552
1.4292238806
1.23408208955
1.93118656716
3.26147761194
2.22555970149
1.49464925373
1.4342238806
2.27947014925
2.93006716418
4.20262686567
3.60863432836
2.88252985075
1.66175373134
1.35694776119
3.35138059701
1.71653731343
3.19768656716
2.06501492537
2.68252985075
2.68085074627
2.16676865672
2.96114925373
1.88820149254
2.86587313433
2.32419402985
1.12176865672
1.57200746269
1.60851492537
1.57244029851
1.1832761194
1.64337313433
2.33329104478
2.81479850746
1.90394029851
1.81552985075
2.13102985075
2.92852238806
1.5082761194
2.0057238806
2.91148507463
1.52602985075
1.64693283582
4.13597761194
5.81102238806
2.78801492537
3.05760447761
3.96980597015
2.47491044776
3.08520895522
4.05446268657
4.14892537313
2.88036567164
2.15224626866
2.60691791045
2.63276865672
2.70818656716
1.7693358209
1.09423134328
1.11519402985
1.76108955224
2.56135820896
4.61485820896
3.6042238806
3.17400746269
4.16610447761
2.48052238806
1.21076865672
1.1146119403
2.36194029851
2.58354477612
2.06273880597
2.48093283582
2.93884328358
1.66343283582
0.675074626866
0.807029850746
1.6752761194
1.72726865672
1.93982835821
2.27999253731
1.30355223881
1.09423134328
1.08320895522
2.28443283582
2.19047761194
1.91450746269
1.80256716418
2.10297014925
1.71170895522
3.01662686567
1.35878358209
1.4328358209
0.981865671642
1.64544776119
2.39852985075
2.83806716418
4.25869402985
6.22979104478
5.75804477612
4.4072761194
4.38697761194
3.53575373134
4.53406716418
3.87889552239
2.72491044776
4.66708208955
3.04008208955
2.21288059701
4.2476641791
4.09005223881
3.50563432836
1.06803731343
2.31419402985
3.94111940299
3.60773880597
3.39037313433
4.34905223881
3.01053731343
4.1081119403
3.55830597015
1.96965671642
1.93245522388
2.41979850746
2.62344029851
2.07805970149
2.36799253731
5.18102985075
6.19420149254
4.52723134328
2.63319402985
3.87908208955
3.99510447761
5.59781343284
4.95773134328
4.64155970149
2.50229850746
1.26608955224
1.10212686567
2.38015671642
4.51450746269
3.70235074627
4.27794776119
4.61012686567
4.81113432836
3.28831343284
2.11597761194
2.43573134328
2.1966119403
1.76626865672
1.73655223881
2.70671641791
3.92302238806
2.23798507463
3.62244776119
5.78017910448
4.42198507463
5.45541791045
7.45505970149
3.81434328358
3.89391791045
3.09092537313
2.52790298507
1.95514925373
3.92338059701
3.10408208955
3.5038358209
4.33994029851
6.23743283582
5.29197014925
5.54444776119
2.78201492537
4.54842537313
2.33741044776
3.14153731343
5.40167164179
3.67035820896
2.54530597015
3.05521641791
3.3132761194
4.73514925373
3.34308208955
2.84219402985
3.01282089552
6.83600746269
7.99908208955
4.7427761194
3.15614925373
3.62112686567
2.67212686567
1.93374626866
1.79525373134
1.84774626866
2.97139552239
2.05970895522
3.18281343284
3.57370149254
1.59525373134
3.07845522388
3.10280597015
1.33829850746
1.14591791045
1.66953731343
1.69413432836
2.10882835821
1.43686567164
2.04664179104
5.42462686567
3.85097761194
3.36467910448
2.08251492537
3.12508208955
1.77176865672
1.43682089552
1.90654477612
2.24170149254
3.361
1.97593283582
1.64006716418
2.7433880597
3.15874626866
6.47328358209
3.95486567164
1.71471641791
2.5773358209
2.02286567164
2.56952985075
1.61384328358
3.54617910448
2.1102238806
2.34529850746
4.05597761194
3.46747014925
1.1515
0.854850746269
1.72028358209
2.71958955224
3.56192537313
4.65224626866
3.92589552239
4.30468656716
3.41769402985
3.03007462687
3.28695522388
3.09050746269
3.98688059701
3.60002985075
4.86632835821
3.32661940299
3.18384328358
3.53557462687
2.93370149254
3.51282089552
3.37196268657
2.61570895522
3.18138059701
6.36250746269
6.41088059701
3.27173880597
2.21103731343
1.4807761194
1.69601492537
2.3393358209
4.64438059701
3.96708955224
3.23229850746
2.729
2.79535074627
2.90761940299
1.24256716418
2.19551492537
3.58017910448
2.48014925373
1.27507462687
1.33909701493
1.54991791045
1.56531343284
1.5031119403
1.18213432836
1.52212686567
3.93270895522
3.31278358209
1.93171641791
1.37603731343
1.16114925373
1.57985074627
2.66829850746
3.31170895522
2.34321641791
2.40989552239
2.06608955224
2.11363432836
2.5842238806
2.55925373134
3.84242537313
4.31744776119
4.27135820896
2.94341791045
2.38792537313
2.32321641791
3.29358208955
3.56041791045
5.26402238806
2.71982089552
4.17414179104
4.1828880597
2.95165671642
1.82064179104
1.68360447761
2.23885074627
3.53705970149
2.47137313433
1.60286567164
1.57244029851
1.94445522388
2.01594776119
1.37398507463
2.92135074627
2.65760447761
2.04390298507
1.99367164179
1.77280597015
2.55443283582
1.78747761194
2.49531343284
2.7352761194
2.76482835821
3.9866641791
4.30741044776
5.91338059701
3.14947761194
2.5286641791
2.94471641791
1.31481343284
1.78292537313
2.26632835821
3.13897761194
2.84068656716
3.00314925373
2.87455970149
2.47591044776
1.50186567164
1.95089552239
2.13267910448
2.79655970149
2.33276865672
2.2621641791
2.32125373134
3.02679850746
1.81510447761
1.58857462687
1.91373134328
2.15941791045
2.8256641791
3.18793283582
3.2057761194
3.0643880597
2.5281641791
1.81202985075
1.68635820896
2.64011940299
2.13968656716
3.13454477612
2.88864179104
1.80267164179
2.51047761194
2.76636567164
1.6632238806
3.93314179104
2.60554477612
2.61763432836
2.92360447761
2.83582089552
1.66545522388
1.97042537313
2.19780597015
2.5336119403
2.96617910448
4.45026865672
2.82726865672
2.54841044776
2.02840298507
3.1852238806
4.23141044776
2.73070895522
2.6385
2.73224626866
3.27841791045
2.50403731343
2.64855223881
2.96780597015
1.89967910448
2.56495522388
1.03109701493
1.33754477612
1.8657238806
2.47436567164
2.86545522388
1.65802238806
1.65986567164
1.41743283582
1.97482089552
1.04619402985
1.66770895522
1.83955223881
2.00858208955
2.32093283582
4.19046268657
5.39478358209
3.56035074627
3.0966641791
2.36605223881
1.34850746269
2.0221641791
2.07379850746
1.70692537313
0.685246268657
1.37708955224
1.98864179104
2.94085074627
3.68196268657
1.95924626866
2.07798507463
3.37988059701
3.06702238806
5.02961940299
3.74557462687
3.88391791045
2.22229104478
0.962373134328
1.84378358209
1.71820895522
1.14663432836
2.95729104478
2.16167164179
2.18688059701
2.53963432836
3.25620149254
2.64136567164
1.50449253731
2.48156716418
1.69829104478
1.41779850746
3.04778358209
3.41193283582
3.76284328358
3.00117910448
2.09031343284
2.23882089552
4.14371641791
4.73819402985
7.15156716418
4.45240298507
2.76399253731
2.4387238806
3.25705970149
3.50571641791
3.32873880597
5.64524626866
3.98865671642
1.9477238806
1.52965671642
2.65563432836
2.51958208955
2.0507761194
0.870731343284
2.6703880597
1.67793283582
1.19681343284
3.46884328358
3.36847761194
1.92191791045
1.45692537313
1.13852238806
1.69064179104
2.19739552239
2.49346268657
2.40098507463
1.82991791045
1.16024626866
1.2917761194
1.6012238806
2.43921641791
1.86885074627
2.02128358209
3.86737313433
6.41429850746
4.99156716418
4.10702985075
4.42307462687
5.03755223881
4.26696268657
2.68864179104
4.35104477612
4.0345
2.82639552239
2.56949253731
2.43567910448
5.58391044776
3.74490298507
1.83574626866
1.10263432836
1.22897761194
0.753067164179
2.22124626866
4.2643880597
5.07578358209
4.11026119403
2.52491791045
1.68579850746
2.19167910448
2.82193283582
1.35042537313
1.7412238806
2.849
2.72334328358
1.08945522388
2.52667910448
1.71221641791
2.56611940299
3.13350746269
3.10410447761
4.36150746269
3.2527238806
3.29373134328
2.81387313433
2.48815671642
1.3517238806
2.11473134328
3.08694029851
3.35121641791
4.33046268657
4.13867910448
4.82118656716
3.66311940299
2.77297014925
4.95967164179
7.98896268657
6.94498507463
6.56671641791
4.78168656716
5.34045522388
5.47591044776
2.29481343284
2.96851492537
2.84229104478
2.92241791045
2.13288059701
2.66399253731
1.95341044776
2.83968656716
2.24821641791
1.90548507463
1.8558358209
2.6513880597
3.32358955224
2.2932238806
3.81878358209
3.71973880597
4.00408208955
4.39230597015
5.42245522388
2.64676119403
2.50945522388
3.93245522388
3.22317910448
3.46956716418
5.56488059701
6.86359701493
5.46757462687
5.64530597015
4.25584328358
4.97687313433
2.80094029851
5.42385074627
5.79598507463
7.12444029851
5.19631343284
2.43052985075
2.28520895522
2.59480597015
2.49436567164
3.08339552239
4.2913358209
2.98797014925
4.45769402985
2.54845522388
2.41641044776
2.73647014925
3.89243283582
3.79100746269
4.54293283582
4.03567164179
4.52630597015
4.30049253731
4.6531119403
3.75156716418
2.84554477612
4.64478358209
3.34404477612
2.87514925373
4.19030597015
4.29052985075
3.88723880597
1.74136567164
3.17267164179
3.5651119403
4.05130597015
2.26473134328
1.30051492537
3.92492537313
5.07111940299
3.86039552239
2.30641791045
3.15841044776
3.31870149254
1.64693283582
2.86210447761
3.15169402985
4.27958955224
3.94647761194
3.73382089552
4.32826865672
2.95132089552
3.3917238806
2.30854477612
3.10034328358
2.78102238806
1.68371641791
1.81958955224
4.7958880597
4.65811940299
5.40073134328
3.68685820896
2.26204477612
2.02560447761
2.85476119403
2.46247761194
1.98579104478
4.15345522388
1.55445522388
2.58664179104
2.68941791045
2.06787313433
1.74115671642
1.93386567164
2.72726865672
3.05870149254
2.81714925373
4.24810447761
2.74334328358
2.79184328358
2.87445522388
3.67039552239
2.30095522388
1.63329850746
1.26885820896
1.92520149254
2.90141791045
3.59591791045
3.71976119403
2.04497014925
2.73917910448
4.45656716418
4.74211940299
2.70815671642
3.5726641791
4.80982089552
5.62714925373
5.54270149254
5.2322238806
4.87096268657
2.4731641791
2.18047014925
2.52817164179
2.33697761194
3.0431641791
2.01812686567
2.11079850746
3.09480597015
1.83268656716
1.88702985075
2.96205970149
2.83431343284
2.23468656716
3.66157462687
3.56641044776
3.94608208955
2.86415671642
2.9093358209
3.51970895522
2.50821641791
2.06737313433
3.46031343284
1.63335820896
1.73424626866
1.14880597015
1.1123880597
2.89421641791
4.31140298507
2.335
1.87799253731
2.0907761194
2.82018656716
2.70750746269
2.36647761194
2.82154477612
1.95001492537
1.71589552239
2.51050746269
2.20158955224
1.89391791045
1.28524626866
1.52531343284
1.33812686567
1.10830597015
2.00700746269
2.49285074627
3.42436567164
3.64702238806
4.65143283582
4.13825373134
4.47785074627
3.55459701493
3.09319402985
2.6842238806
3.06042537313
2.31764925373
2.96019402985
1.40275373134
2.2761119403
3.66839552239
3.35926865672
3.99914925373
3.63447761194
2.84908208955
1.88600746269
1.86258208955
1.79244776119
3.56076865672
2.98728358209
3.08649253731
3.04985074627
2.79417910448
1.94385074627
2.052
2.93084328358
2.94132835821
2.06331343284
1.23409701493
1.5231641791
2.39120895522
1.41478358209
2.34196268657
1.20223134328
1.2146119403
1.60923134328
1.80832089552
1.06482835821
2.24308208955
3.07268656716
2.94052238806
1.93612686567
2.57947014925
1.91140298507
1.41744029851
1.24921641791
3.14992537313
3.80763432836
4.11170149254
2.67771641791
1.9562238806
3.15121641791
3.39126865672
3.64854477612
2.14970895522
3.33554477612
2.461
2.25638059701
2.35108208955
3.29613432836
3.86136567164
3.69148507463
2.39226119403
2.38170149254
1.8975
1.81025373134
2.4247761194
1.23790298507
1.29260447761
2.25341791045
3.55457462687
3.86956716418
2.27531343284
2.44378358209
2.00597761194
2.37732089552
2.7445
1.67359701493
1.08429850746
1.17578358209
2.02860447761
4.86567910448
6.43141044776
4.11171641791
4.66201492537
3.78889552239
4.77714925373
3.48744776119
1.61725373134
2.86990298507
2.75284328358
1.43769402985
1.40107462687
3.03652985075
5.72952985075
6.11890298507
6.5437761194
6.77498507463
4.07905970149
2.74549253731
1.3368880597
1.73539552239
2.72732835821
2.32317164179
3.12805970149
2.12432089552
1.92928358209
3.28841044776
2.16617164179
1.39524626866
0.84797761194
1.35276865672
1.85075373134
1.65684328358
3.09630597015
3.61852985075
2.47579104478
2.57302238806
1.30835820896
2.33056716418
2.60496268657
2.79285074627
2.07985074627
3.43913432836
2.31182835821
1.27658208955
1.25691791045
2.75719402985
2.2978358209
2.01367164179
2.37712686567
2.29808208955
3.58776865672
3.65390298507
3.39551492537
1.40023880597
2.49626119403
3.76606716418
2.35948507463
2.43048507463
4.30435820896
2.78150746269
3.05629104478
2.75991791045
2.7717761194
1.57338059701
1.86794776119
4.1776119403
4.67741044776
2.39898507463
2.95017164179
3.89813432836
2.00011940299
4.70555223881
4.76698507463
3.89970895522
3.95535820896
2.5177238806
2.46671641791
3.17158208955
3.37751492537
4.17394029851
2.70570895522
3.97825373134
1.76369402985
1.74424626866
3.14055223881
3.76449253731
5.0733880597
3.12851492537
3.86779850746
3.97153731343
5.0713358209
5.20976865672
2.11455223881
2.60178358209
3.49939552239
1.75624626866
1.76794776119
2.56284328358
2.2492238806
1.68034328358
1.49785074627
2.65276865672
3.91930597015
3.46917910448
2.35129850746
2.43791044776
2.61647014925
3.55423880597
3.99847014925
1.96026865672
4.32704477612
3.4071641791
3.73235820896
4.29030597015
2.91191044776
3.50702238806
1.68744029851
1.6736119403
2.87106716418
4.05184328358
1.80449253731
2.36450746269
2.34506716418
2.95086567164
1.74926865672
2.18079850746
3.41219402985
2.83267910448
3.4135
2.21019402985
2.76047761194
2.6893358209
3.53252238806
3.97676865672
4.41844029851
4.04858208955
2.81029850746
1.61955970149
1.60313432836
3.403
3.19797761194
4.01291044776
3.67629850746
4.65857462687
5.21851492537
3.21647014925
2.19703731343
4.74749253731
4.76021641791
3.7992238806
1.1242761194
2.27044029851
3.0151641791
1.87379850746
4.79793283582
5.68910447761
5.14181343284
3.99736567164
6.22731343284
4.26671641791
2.203
2.58485074627
2.41231343284
2.16447761194
1.92930597015
3.05306716418
2.42692537313
2.8168880597
2.44691791045
2.68602238806
4.37079850746
4.11820895522
5.03329104478
2.55364179104
3.92555223881
1.41635820896
3.24032089552
2.50785820896
4.14001492537
4.82805970149
5.0842238806
7.08451492537
3.94064179104
1.59702238806
2.57761940299
2.78808208955
1.96556716418
2.54140298507
1.26498507463
3.67378358209
4.41994029851
5.42280597015
6.92185820896
5.76920895522
4.68075373134
3.90692537313
2.17157462687
2.20718656716
1.93996268657
4.52782089552
2.37587313433
2.2677238806
2.59608955224
2.18605223881
2.34567164179
4.01930597015
1.59732089552
2.71855970149
2.09918656716
1.96655223881
2.9426119403
2.46756716418
2.68345522388
2.23430597015
3.22567910448
1.87873880597
3.05518656716
2.19578358209
1.58830597015
1.72903731343
1.17271641791
1.96871641791
2.08411940299
1.65130597015
4.82489552239
2.26388059701
1.27629850746
2.80626865672
1.94786567164
2.54462686567
3.99102985075
3.18845522388
1.49413432836
1.69813432836
1.67194029851
2.01812686567
3.23752238806
1.79704477612
2.53726119403
3.81199253731
5.02393283582
3.96297014925
3.2043880597
2.70288059701
1.30368656716
3.10041044776
2.26741791045
1.50594776119
2.39120895522
2.12935074627
1.56973880597
2.59943283582
2.00023880597
2.16711940299
2.27419402985
1.93605223881
2.63557462687
2.08618656716
1.89220895522
1.6045
1.9557238806
3.33170895522
3.33435074627
2.5478358209
1.83512686567
1.68175373134
2.47703731343
2.52818656716
2.91803731343
2.28974626866
1.49352985075
1.51090298507
2.35991044776
1.36173134328
1.46867910448
1.5651641791
3.42503731343
2.7762238806
3.35012686567
2.07520149254
2.07179850746
2.33020895522
3.25763432836
4.42193283582
3.63897014925
2.70119402985
2.63417164179
1.91599253731
2.41676119403
1.95475373134
2.17112686567
1.82765671642
2.26431343284
3.28938059701
2.82800746269
3.23407462687
2.52234328358
3.6147761194
2.17219402985
1.95702238806
1.44406716418
1.89031343284
1.44850746269
1.6321641791
1.1857238806
1.35129850746
2.18355223881
1.21303731343
1.69731343284
3.33059701493
3.75058208955
2.746
2.79539552239
2.27164925373
2.2657761194
1.16591791045
1.35741791045
2.06225373134
1.0853358209
1.22848507463
2.4043358209
4.01035820896
3.3461641791
1.85264179104
2.7558880597
3.40757462687
2.6477761194
2.4182761194
1.55924626866
2.40834328358
1.52340298507
1.46170149254
1.85001492537
2.49288059701
2.70900746269
2.8863358209
1.27718656716
3.7961641791
4.32644776119
2.95832835821
1.40292537313
0.986880597015
1.55361940299
1.56347014925
1.90210447761
1.77582835821
1.06197761194
1.14541791045
1.46678358209
2.79752238806
3.53523134328
2.30048507463
3.7436641791
2.98008208955
2.0546119403
3.38471641791
3.03620149254
3.33296268657
2.64642537313
2.33285074627
2.21976865672
1.6112761194
1.41054477612
1.62018656716
1.64100746269
1.42568656716
1.50703731343
1.82509701493
2.0213358209
2.08630597015
2.21318656716
2.42247014925
2.36982089552
3.141
2.7583880597
0.853052238806
1.53470149254
2.53196268657
3.11090298507
2.34778358209
1.55378358209
2.5617761194
2.9022761194
3.24376119403
4.39030597015
3.5632761194
2.4643358209
2.7737238806
2.1411119403
1.43979104478
1.78109701493
3.76585820896
5.38511940299
3.71135820896
2.89723134328
2.6617761194
2.49046268657
2.4592761194
1.98758208955
3.76021641791
5.21838059701
5.51902985075
2.82245522388
1.91207462687
2.19185074627
1.86554477612
3.14259701493
3.48381343284
2.73235820896
2.18679850746
2.98781343284
3.43310447761
3.50805970149
2.17425373134
1.05387313433
1.08847761194
2.31432835821
2.70438059701
3.20261940299
4.36402985075
3.1498358209
1.5916641791
1.63994776119
0.978873134328
2.60117164179
2.11679850746
2.69737313433
2.20191044776
3.81305970149
3.11404477612
2.25241044776
1.11238059701
1.96337313433
1.18673880597
1.00818656716
0.788089552239
1.03875373134
1.49973134328
2.06851492537
2.07285820896
1.38417910448
1.99580597015
1.52487313433
2.91629104478
3.68570149254
4.7133358209
6.30764179104
4.66011940299
3.38734328358
6.10439552239
5.15547761194
5.51891044776
4.7418358209
6.60180597015
4.07367910448
4.5658880597
3.29768656716
2.63530597015
1.67429104478
2.57161940299
2.01447761194
2.47561940299
1.87812686567
1.86332089552
