1.858
2.1
0.838
0.699
0.673
2.202
3.162
1.789
3.713
4.188
3.626
2.721
2.22
1.845
1.875
1.681
3.733
4.843
4.697
2.475
1.699
2.175
3.555
2.517
2.345
1.755
2.698
2.248
1.602
2.928
3.959
3.544
2.967
2.219
2.575
1.038
1.68
3.252
1.63
4.617
5.179
2.12
0.68
2.433
5.932
6.651
6.11
1.26
2.865
3.288
1.466
1.141
1.88
2.144
1.339
1.111
1.872
1.425
2.757
4.148
3.236
3.024
1.5
1.382
3.355
2.717
5.483
3.271
1.502
3.75
3.124
3.518
4.979
2.721
3.626
3.178
2.314
2.456
3.863
4.232
3.34
1.358
2.458
4.135
4.759
4.515
2.236
3.065
2.466
2.316
3.305
3.489
1.643
1.389
0.998
2.657
1.881
3.124
2.598
3.467
2.0
1.175
2.556
2.228
1.781
2.653
2.795
1.389
2.29
2.638
2.7
4.27
4.527
2.178
1.357
2.365
1.967
3.367
3.796
3.317
6.473
3.924
2.379
1.977
2.585
1.992
1.676
1.463
2.916
1.877
2.068
1.472
1.152
1.247
2.339
3.466
1.926
1.556
4.68
4.221
2.064
2.47
2.381
3.768
2.748
2.187
2.757
1.938
2.084
1.329
2.351
2.795
3.221
2.026
1.445
1.517
1.338
2.958
2.35
2.021
2.481
2.111
3.529
3.332
2.62
2.101
3.538
2.356
2.016
2.155
1.32
1.487
1.612
3.002
2.563
1.758
2.003
1.568
2.499
2.866
2.219
1.957
1.514
2.109
1.515
2.139
2.586
3.199
2.847
2.19
1.266
2.298
1.614
2.163
2.088
2.218
2.262
3.173
3.042
3.003
3.875
3.419
2.566
2.581
2.33
1.691
1.444
1.001
2.315
3.138
2.796
3.572
3.623
2.098
1.678
1.202
1.371
1.315
2.953
2.903
3.029
1.599
1.64
1.405
2.547
2.414
3.032
2.066
2.021
1.542
1.73
2.64
2.121
1.775
2.66
2.696
1.718
3.184
2.131
1.421
1.232
1.54
1.23
2.187
3.222
2.253
1.343
1.9
1.088
1.337
1.02
1.351
2.31
1.352
2.045
1.775
3.111
1.566
2.329
3.501
3.34
2.056
1.463
2.673
2.126
1.792
1.244
1.909
1.698
2.919
2.859
2.431
2.151
4.013
2.365
1.199
1.468
3.94
1.508
1.043
0.967
1.226
0.772
2.492
1.364
2.271
2.684
0.782
1.671
2.844
2.254
1.246
2.247
3.745
4.702
3.51
4.437
5.119
4.522
2.428
1.329
1.093
2.211
1.774
1.516
1.117
4.26
4.39
3.958
2.717
3.949
2.911
1.406
2.43
3.586
1.351
1.789
1.617
2.04
1.004
1.764
2.082
2.247
1.755
1.051
1.797
2.438
2.888
4.232
1.713
2.43
2.142
3.235
4.018
3.549
2.439
2.948
4.068
2.038
2.659
2.74
3.223
5.359
5.46
2.254
1.88
3.455
5.634
5.785
4.832
5.878
2.678
1.898
3.516
6.578
3.617
2.057
2.326
1.37
2.013
4.051
4.578
3.915
2.667
3.124
2.477
1.553
2.499
1.581
1.767
0.87
2.004
2.733
3.382
3.751
5.448
3.204
1.447
2.238
4.631
4.023
2.794
0.801
1.702
2.069
3.149
2.783
1.268
2.295
2.33
2.572
0.955
2.016
4.011
4.903
4.33
3.527
3.988
2.936
3.778
3.066
1.884
2.401
1.667
1.778
2.177
1.735
1.014
1.13
1.244
1.369
1.493
1.907
3.192
2.552
2.147
1.383
1.211
1.911
0.567
1.941
3.334
2.167
2.357
2.568
2.985
3.755
2.167
1.873
2.685
3.806
1.415
2.549
1.249
1.687
2.465
2.657
5.179
3.883
2.132
2.166
5.718
6.415
6.631
4.397
2.596
4.282
2.796
1.682
1.824
1.899
3.904
5.525
4.26
1.926
2.481
5.125
4.203
3.773
3.019
2.485
2.136
3.22
2.926
2.332
1.474
1.967
1.821
1.274
1.643
1.823
1.974
3.782
5.481
3.629
2.218
2.345
4.1
5.503
2.368
2.405
1.978
2.945
1.632
4.294
5.571
5.535
5.763
5.407
4.636
3.059
2.221
1.515
3.371
3.019
3.882
4.329
6.249
6.168
4.749
3.396
2.229
2.571
2.173
1.789
2.896
4.644
2.616
2.293
1.975
1.303
1.848
1.394
1.546
2.418
1.838
1.736
3.095
2.868
2.498
1.71
1.721
1.312
1.465
2.05
1.654
2.612
1.525
1.339
2.467
3.139
3.023
2.451
2.917
3.422
4.457
2.934
2.383
3.054
3.467
3.115
1.798
2.432
2.976
2.985
3.54
2.801
1.9
2.692
1.863
1.999
1.98
2.938
3.053
3.34
3.261
2.168
2.562
2.987
2.358
1.344
3.092
3.101
4.028
3.493
3.453
4.225
2.435
1.538
1.511
2.283
2.769
1.998
2.089
3.316
2.08
1.451
1.397
1.454
1.841
2.246
3.395
3.364
1.9
1.887
1.47
1.176
1.549
3.238
2.395
1.684
2.765
1.746
1.4
1.285
1.361
3.787
5.198
3.423
2.899
2.763
2.059
1.788
1.067
1.469
2.788
3.994
3.639
2.593
1.318
2.059
2.069
2.29
2.392
1.528
2.053
2.407
3.932
4.215
3.703
4.02
4.988
3.359
1.502
1.883
1.066
1.228
0.878
0.902
1.36
1.142
1.028
1.172
1.398
1.179
0.925
2.093
2.541
1.865
2.749
1.221
1.679
2.133
3.037
5.261
4.76
2.678
2.178
3.95
3.273
3.008
1.553
1.287
2.005
2.461
2.162
2.691
2.111
2.609
1.912
2.803
3.768
2.071
1.937
3.138
3.026
5.58
3.143
3.26
5.209
6.098
5.083
4.9
6.529
6.284
1.252
0.857
1.58
1.639
2.656
2.499
2.333
3.65
4.545
5.225
4.324
5.972
3.922
2.382
3.078
3.46
3.618
2.827
2.916
1.979
2.203
2.667
2.096
4.797
2.549
3.857
3.703
2.218
2.209
3.206
1.417
2.295
4.557
4.97
4.714
3.33
5.342
5.688
5.77
3.778
3.418
3.445
2.316
2.237
3.215
2.96
4.369
4.066
4.459
2.997
1.786
2.578
3.56
3.564
5.157
6.394
5.085
7.502
4.74
4.641
2.156
1.804
1.434
3.841
2.392
2.758
3.682
2.472
6.615
4.369
4.446
4.02
2.002
3.571
3.68
1.65
0.865
1.303
2.27
3.247
1.978
1.002
1.221
1.508
1.306
1.823
2.637
3.059
6.316
3.391
3.688
3.458
3.99
4.797
2.444
6.323
3.311
1.561
1.318
1.061
1.082
1.305
1.645
3.683
2.956
1.942
1.63
1.73
1.903
1.703
2.576
4.308
3.542
4.214
1.87
1.803
1.812
2.627
2.252
2.374
5.116
5.402
5.615
2.814
6.385
4.514
3.825
4.848
2.907
1.701
2.19
2.624
5.508
4.025
3.92
5.87
3.565
5.406
3.559
3.842
2.563
3.789
3.652
1.446
3.463
2.769
2.46
1.573
2.228
1.917
2.613
1.473
1.397
1.702
1.112
2.435
1.191
2.42
3.716
1.879
4.202
4.501
2.579
2.996
2.92
3.444
3.455
1.651
3.101
2.855
4.72
3.291
3.544
3.406
4.559
3.422
3.045
1.885
3.077
3.001
2.212
2.633
1.638
1.859
3.949
4.902
2.101
1.957
1.966
1.343
1.973
2.314
1.73
1.547
1.94
2.253
1.971
2.095
2.669
2.452
1.456
2.642
2.721
1.436
1.354
1.358
1.631
1.403
2.82
2.39
3.464
2.465
1.944
2.987
3.637
3.629
2.737
2.939
1.813
3.746
3.605
4.284
2.953
2.999
2.535
1.797
2.546
2.881
1.99
2.142
1.472
1.35
2.108
2.05
6.289
5.079
3.599
1.981
2.921
2.692
1.59
1.781
1.005
1.979
1.785
1.122
1.47
2.66
1.917
2.557
2.032
2.447
3.377
1.734
2.492
1.714
2.831
2.717
2.494
3.111
3.346
3.144
3.332
2.101
1.982
2.182
1.548
2.189
1.613
1.323
1.63
1.589
1.466
1.381
1.467
1.533
1.697
1.45
1.396
1.029
1.039
0.849
2.093
2.522
2.08
2.069
4.376
3.293
2.928
2.476
2.411
1.8
2.23
3.258
1.966
1.294
1.072
0.996
1.735
2.116
2.199
2.294
1.57
0.549
1.284
1.366
1.244
1.474
1.26
1.087
3.057
2.186
2.599
1.954
1.295
2.193
2.429
4.043
3.296
2.358
2.067
1.242
2.386
1.597
1.752
1.452
2.283
1.014
1.66
1.367
4.255
6.295
2.868
2.603
5.375
3.637
2.836
5.371
4.231
2.892
4.623
3.032
2.296
0.97
1.719
1.927
2.801
4.924
1.684
1.344
0.899
1.654
2.149
2.099
1.26
3.231
5.328
2.787
5.212
2.586
4.805
1.1
2.625
3.172
3.566
2.086
1.73
1.882
1.954
3.892
2.71
3.193
3.501
1.677
1.162
2.485
3.702
3.198
5.109
4.215
4.191
4.595
5.548
5.158
3.894
5.328
2.98
2.588
2.704
2.979
1.493
2.336
3.964
3.945
3.592
3.322
2.081
3.946
1.868
1.55
2.082
2.542
4.329
2.812
2.748
2.208
3.58
3.017
1.315
2.04
1.233
0.902
2.053
1.823
1.089
1.072
1.355
2.605
2.312
3.988
1.49
3.03
3.47
4.62
5.093
5.552
2.156
3.339
4.048
1.89
2.008
1.421
0.782
1.006
1.117
0.748
0.838
1.844
1.354
1.258
2.456
2.005
0.77
1.353
3.354
5.379
2.095
3.876
3.626
4.539
3.251
0.995
2.739
2.536
1.217
0.978
2.023
2.148
1.891
1.942
1.039
1.207
0.976
0.837
1.015
2.197
2.677
3.964
4.62
5.965
4.195
2.908
2.836
2.3
0.634
1.394
1.044
1.779
2.756
5.278
4.031
7.065
5.422
2.393
2.095
4.412
1.904
2.006
5.909
5.192
4.573
3.034
3.296
4.097
5.12
2.487
1.506
1.678
2.499
1.137
1.453
2.497
1.997
0.953
0.861
1.455
1.9
2.401
3.523
5.591
2.843
1.413
2.799
1.472
2.254
3.756
4.298
5.332
5.291
4.08
4.351
3.48
2.064
1.442
2.755
2.453
3.141
3.028
1.603
2.464
1.872
2.793
2.003
3.222
2.414
3.913
3.45
2.496
3.261
3.518
4.578
3.79
4.903
4.753
2.649
2.484
3.714
2.403
1.911
1.369
1.941
1.128
1.396
1.432
1.723
1.721
1.645
1.47
1.887
1.544
1.301
2.907
3.194
2.752
2.186
2.174
2.298
2.145
2.088
4.16
2.639
1.344
2.432
1.163
1.046
1.156
1.664
1.616
1.078
1.97
2.0
2.02
3.013
3.626
3.072
2.419
1.749
1.167
2.174
3.436
2.666
1.243
1.928
3.847
3.38
1.97
2.567
3.114
3.413
3.724
3.41
2.418
1.748
2.868
3.491
3.207
1.888
1.654
1.022
1.768
1.662
2.473
2.232
2.675
2.117
1.694
1.967
2.289
2.73
2.947
2.332
1.584
2.001
1.103
1.807
2.62
1.659
1.473
1.591
2.603
3.413
3.271
1.223
2.827
3.17
1.671
1.54
1.117
1.41
1.39
2.661
2.931
1.312
3.191
2.875
3.189
2.029
2.551
2.568
4.137
3.45
3.128
4.314
2.906
2.017
1.487
3.399
3.189
3.286
1.303
1.051
2.163
1.807
1.884
1.981
1.924
1.988
1.361
2.814
2.195
2.257
1.49
1.892
1.13
1.049
1.084
0.736
0.789
0.69
0.8
0.838
1.793
2.192
5.155
1.501
1.368
2.278
1.679
2.943
2.505
1.294
1.569
0.924
1.198
1.417
0.913
1.333
2.359
2.081
2.451
3.698
3.283
1.663
2.541
3.768
3.059
5.553
4.969
2.395
1.707
1.246
1.691
3.35
2.599
1.964
1.383
2.448
1.385
1.842
1.195
2.908
2.23
1.351
3.179
2.356
2.059
0.477
0.847
3.69
4.049
4.078
2.101
4.161
3.58
2.845
2.486
3.752
2.513
1.131
3.924
3.686
5.014
5.896
5.226
2.661
3.925
3.326
4.394
3.014
2.173
1.292
1.469
2.134
4.695
5.729
2.49
1.86
1.851
3.508
1.977
1.724
3.822
4.442
6.639
4.929
2.101
2.512
2.44
6.935
7.104
2.727
1.075
4.387
5.607
6.922
3.087
1.335
3.03
2.475
2.42
3.98
3.939
1.386
1.115
1.885
2.854
3.0
3.774
6.681
3.088
4.816
4.379
3.746
5.094
3.886
3.232
3.815
4.746
5.977
4.363
5.392
6.142
6.816
4.279
2.74
4.624
2.742
1.216
1.45
3.286
2.559
5.405
5.277
5.654
4.738
5.057
8.434
5.573
3.373
1.757
4.247
2.149
2.694
1.158
2.575
2.455
2.856
2.879
2.996
4.077
4.107
3.49
2.892
1.344
1.379
2.135
2.099
1.494
1.808
1.231
1.641
2.594
2.341
3.556
1.198
1.952
1.579
1.618
3.02
4.258
4.074
2.914
2.551
3.025
3.95
2.544
1.892
2.362
1.249
2.037
2.266
2.46
2.932
2.203
4.706
6.857
5.726
5.579
3.78
3.454
2.893
1.82
2.806
4.733
2.924
1.835
2.511
2.303
1.368
3.565
5.885
3.561
1.737
2.246
1.919
2.714
2.793
2.574
2.674
2.284
2.224
2.99
2.298
2.165
2.858
2.215
2.323
1.627
1.157
1.564
2.17
4.008
2.948
2.768
1.437
2.387
4.588
4.17
2.588
1.84
3.118
1.956
2.492
2.338
2.068
3.99
4.735
2.383
1.947
2.022
2.989
2.152
3.383
1.843
2.364
2.705
1.688
1.999
1.748
1.87
2.235
1.491
2.239
3.004
1.987
1.57
2.104
3.179
1.796
1.676
1.521
3.263
3.087
1.614
1.823
1.676
1.399
1.252
2.136
1.802
2.17
2.165
1.919
1.94
3.413
2.869
2.761
3.176
1.347
1.412
1.158
1.799
1.97
2.622
2.952
3.565
1.608
1.38
0.84
1.76
2.746
1.378
1.256
1.392
1.543
2.054
1.658
1.899
2.717
2.088
1.5
2.24
1.467
2.255
1.061
2.802
1.843
1.237
1.276
1.297
1.574
2.075
1.612
2.531
2.106
2.08
1.533
3.72
2.595
2.188
2.187
2.485
1.925
1.891
2.334
2.295
1.865
1.398
1.837
3.188
1.087
1.563
2.19
1.32
1.235
1.866
1.708
1.45
0.783
1.337
2.929
3.304
2.526
1.564
2.429
2.818
1.597
1.358
2.165
2.519
5.273
4.224
4.603
2.819
2.946
1.828
2.403
3.193
4.732
4.697
3.649
3.036
3.664
4.627
3.604
3.504
3.207
2.096
2.294
3.506
0.723
2.178
2.147
0.958
0.938
1.965
2.311
2.246
3.421
1.455
2.665
2.549
3.312
3.601
3.106
4.131
4.343
3.881
3.689
4.009
2.384
2.637
4.176
5.919
4.348
3.905
4.108
2.149
1.31
0.644
0.754
1.528
1.556
2.516
1.8
1.824
2.208
1.337
3.064
3.154
1.793
1.589
1.962
1.109
0.706
1.267
0.83
0.681
0.915
1.682
3.296
3.736
2.465
2.686
2.225
1.451
1.154
1.825
2.694
2.544
1.981
2.473
1.963
3.193
5.745
7.808
3.305
2.624
2.751
1.172
1.182
0.9
0.893
1.167
1.709
1.558
2.874
4.684
2.684
1.476
1.796
1.359
1.896
0.958
1.191
1.03
1.532
1.496
2.419
1.37
2.884
4.073
2.327
4.433
4.698
3.894
4.9
2.899
3.075
4.191
5.5
5.5
7.259
4.764
2.743
2.818
4.103
5.22
2.499
1.397
5.62
4.21
6.985
5.597
5.765
5.675
6.761
4.641
1.19
1.047
2.534
3.967
3.809
4.921
2.561
1.602
1.571
1.359
3.001
2.374
2.664
1.786
2.992
4.433
3.288
3.582
4.93
5.095
3.888
3.859
1.637
2.619
3.143
3.211
2.469
2.489
2.429
0.645
2.762
4.792
2.181
2.084
1.429
1.729
3.08
4.553
3.505
2.741
1.708
1.073
0.713
3.141
2.597
1.478
1.767
1.344
2.409
3.336
2.294
1.233
0.797
2.123
2.944
2.52
3.186
3.507
4.824
4.597
4.162
2.304
1.693
1.786
1.265
2.994
1.384
2.848
3.436
4.057
3.42
1.777
1.656
3.5
3.215
2.03
0.677
1.291
1.271
1.76
1.108
1.128
3.251
1.567
1.546
1.101
1.88
2.879
2.056
1.597
1.155
1.087
1.205
0.987
1.348
2.667
3.0
1.669
3.205
3.364
3.667
3.972
3.706
2.098
2.351
1.382
1.377
2.645
1.951
3.174
2.639
1.668
2.783
4.241
4.57
2.787
1.815
1.434
2.164
2.91
1.925
2.541
2.899
3.464
3.438
1.544
2.0
1.77
1.381
1.621
2.427
2.442
4.01
2.154
2.553
2.105
3.811
2.197
1.611
2.392
3.177
2.541
2.935
1.918
2.201
1.31
3.079
3.126
2.477
1.473
0.998
1.49
1.086
1.269
1.921
3.423
4.974
2.864
3.666
2.642
3.167
1.348
2.037
2.87
1.604
1.468
2.69
2.348
2.152
2.062
1.236
2.182
1.716
1.653
2.101
3.612
3.266
3.411
2.252
2.644
2.307
2.076
2.067
1.731
1.694
1.425
1.694
1.46
1.581
2.512
2.434
2.094
2.355
1.906
1.837
1.43
1.683
2.034
1.753
2.145
1.737
1.423
3.029
2.667
2.994
1.683
1.25
1.19
1.172
1.713
1.279
1.046
1.076
0.826
0.858
0.955
1.683
1.081
1.401
1.808
1.607
1.006
1.004
1.945
2.802
2.961
3.556
2.019
3.901
4.54
2.18
1.73
3.154
3.137
4.103
5.425
3.906
3.033
1.428
1.333
1.176
3.348
1.314
1.793
2.232
2.314
2.827
2.939
1.881
1.969
2.957
3.608
2.016
1.002
0.759
1.944
2.189
2.685
1.637
2.063
1.88
2.719
3.323
3.888
3.828
1.278
1.783
1.948
1.28
2.199
2.423
0.888
2.17
4.802
3.789
6.63
3.921
4.299
4.693
1.803
3.02
3.114
1.016
0.739
1.766
0.868
1.59
0.988
1.662
2.901
1.578
1.791
1.409
0.973
1.127
2.46
1.375
2.591
2.433
1.754
1.951
2.693
4.137
2.739
2.119
1.622
2.383
3.159
4.973
7.335
7.956
4.277
2.029
2.373
3.038
1.543
1.042
1.581
1.36
1.028
2.24
2.72
3.181
1.902
2.57
2.764
3.361
2.314
1.188
2.952
1.658
1.69
1.476
1.86
2.712
3.817
4.405
4.177
2.132
2.033
2.579
1.342
1.876
1.323
1.941
0.643
1.525
2.584
3.39
2.259
1.639
1.629
2.034
1.832
2.342
1.046
3.402
1.505
1.198
2.451
2.972
3.828
3.868
1.711
0.838
0.631
0.651
1.539
1.209
3.233
2.332
3.714
4.573
3.272
2.608
1.937
2.674
2.972
4.809
4.675
5.339
2.791
0.9
0.811
1.752
2.012
4.34
5.542
4.133
4.952
4.118
1.665
1.035
1.951
1.335
2.397
2.503
1.205
1.418
2.005
1.89
2.365
2.488
0.762
0.963
0.663
1.018
1.535
1.688
2.05
2.217
1.143
1.602
0.9
1.052
1.778
1.635
1.503
3.046
0.88
2.086
2.643
1.644
2.065
4.226
2.507
2.349
2.337
1.101
2.04
1.866
2.586
5.162
3.878
4.483
5.58
4.902
4.177
2.445
4.588
2.572
2.356
1.798
2.796
3.779
4.861
2.914
2.156
3.368
5.906
4.169
4.935
3.069
1.849
1.028
1.938
1.637
2.496
3.817
3.354
3.706
2.857
2.871
1.899
4.022
4.583
4.05
4.066
4.074
4.768
2.401
1.675
1.613
4.31
5.453
4.134
1.958
1.531
3.288
4.422
3.331
3.066
1.41
2.477
3.197
3.47
2.351
1.673
1.517
1.819
2.325
1.678
1.472
1.686
1.514
1.726
2.841
2.839
2.133
2.342
2.721
2.572
1.77
2.184
2.307
3.428
2.632
3.971
3.289
3.051
4.161
4.056
1.984
3.472
1.553
2.449
1.748
1.93
2.596
1.625
1.733
1.903
1.931
2.262
2.22
3.481
2.563
2.63
2.443
1.63
1.829
1.596
3.288
2.661
1.745
2.081
1.674
1.73
1.665
0.835
1.614
1.113
2.241
2.889
2.263
1.752
1.891
3.077
2.712
2.737
2.624
3.341
1.141
1.021
1.928
3.022
1.655
2.844
4.403
2.918
1.868
2.614
3.392
3.264
4.934
1.403
1.819
2.214
1.211
3.052
1.97
1.542
1.353
1.697
1.574
1.107
1.757
1.782
1.336
2.914
2.201
1.71
2.186
2.628
2.719
1.935
1.481
0.751
0.996
0.808
1.712
2.644
2.487
2.474
3.336
3.141
3.551
3.369
1.804
2.318
1.557
1.287
0.961
1.491
1.488
2.595
2.866
4.058
1.074
2.209
1.485
2.206
3.193
1.02
1.418
1.082
0.728
0.574
1.044
0.8
0.871
1.132
1.328
2.181
1.746
0.941
0.817
1.477
2.39
3.146
2.911
2.433
2.041
1.545
1.978
1.678
1.083
0.7
0.612
1.534
1.237
1.874
2.995
3.929
4.306
4.075
2.392
0.916
1.289
2.312
2.079
1.803
1.751
3.921
1.884
0.894
4.466
4.784
4.113
2.016
4.544
5.688
4.458
1.983
0.842
0.616
0.63
0.86
2.443
6.269
6.014
4.757
2.882
1.374
0.89
1.804
0.778
1.222
3.26
3.174
1.576
1.308
1.17
2.453
2.254
2.299
3.06
5.923
4.246
0.773
1.266
2.485
1.771
1.014
2.274
2.739
3.445
3.679
3.875
3.483
3.718
3.378
3.307
1.468
1.117
2.261
2.807
3.679
3.057
3.12
1.976
0.955
0.743
1.985
2.102
2.892
2.135
2.932
2.309
0.704
2.198
2.378
2.562
2.7
4.08
3.987
5.211
4.507
2.477
2.481
3.541
5.383
5.288
5.085
5.517
4.722
3.39
2.441
1.679
2.899
2.969
2.429
4.607
6.557
6.647
4.663
5.68
5.451
3.639
4.164
3.341
1.784
3.332
3.931
4.137
4.986
4.351
4.165
3.851
3.591
6.445
3.255
2.266
1.807
1.023
0.945
2.777
1.334
3.586
4.142
3.687
5.194
5.14
4.059
3.071
3.223
3.559
1.527
1.618
2.735
1.829
1.473
1.742
2.48
1.44
0.224
2.893
2.214
1.061
1.102
1.134
1.957
2.577
2.874
5.036
4.051
5.674
3.754
4.958
5.245
4.441
4.839
4.325
5.842
1.704
2.047
1.755
1.398
2.965
5.413
4.887
5.482
4.866
3.945
1.694
1.646
2.272
2.977
2.141
2.326
1.819
1.595
3.473
3.145
3.485
2.345
1.658
1.826
3.699
2.081
2.798
3.816
2.736
3.309
3.101
2.055
2.364
2.205
1.797
2.271
2.969
2.895
2.307
3.276
2.448
2.313
1.574
2.635
1.698
1.89
1.694
1.185
2.42
2.114
2.66
1.57
2.229
2.228
1.742
2.081
1.738
1.851
2.657
1.451
1.494
1.266
2.979
2.504
2.445
4.805
4.417
2.181
1.668
2.488
1.751
2.512
2.757
4.276
5.18
3.029
1.597
1.452
2.955
3.483
3.151
2.265
3.534
2.235
1.772
1.951
1.477
1.646
2.798
2.412
0.996
0.781
1.989
2.052
2.59
2.211
2.241
1.976
2.564
2.358
2.37
1.761
1.899
2.073
1.3
1.237
1.781
2.53
1.828
1.378
1.252
2.121
2.552
4.041
2.815
2.66
1.478
1.194
2.955
1.452
2.782
2.037
2.122
2.374
1.75
2.829
1.607
2.518
2.19
0.979
1.298
1.46
1.333
1.006
1.292
1.728
2.477
1.715
1.625
1.705
2.538
1.242
1.372
2.622
1.286
1.353
3.062
4.904
2.41
2.709
3.49
2.245
2.708
3.467
3.507
2.315
1.923
2.144
2.381
2.32
1.573
0.922
0.864
1.404
2.367
3.984
3.008
3.013
4.359
1.997
1.042
0.993
1.936
2.231
1.906
2.124
2.561
1.531
0.65
0.606
1.378
1.351
1.41
1.838
1.002
0.922
0.625
1.761
1.821
1.619
1.315
1.312
1.156
2.632
0.751
0.671
0.665
1.248
2.309
2.077
3.543
5.555
5.106
3.668
4.062
2.94
3.291
3.67
1.965
2.984
2.265
1.297
3.288
3.314
2.929
0.906
2.106
3.462
2.984
2.586
3.333
2.017
2.653
2.29
1.086
1.103
1.512
1.364
1.139
1.407
4.077
4.885
3.813
1.547
2.707
3.007
4.614
3.774
3.669
2.337
0.755
0.718
1.831
3.62
2.728
2.925
3.019
3.217
3.033
1.744
1.379
1.19
1.25
1.365
2.204
2.968
1.827
2.898
5.378
3.981
4.671
6.795
3.453
3.323
2.482
1.972
1.54
2.87
2.463
2.911
4.129
6.37
5.125
5.195
2.663
4.528
2.087
2.436
4.834
3.17
2.262
2.763
3.276
5.266
2.65
1.849
2.858
7.516
8.748
4.975
3.358
3.78
2.668
1.947
1.391
1.419
2.57
1.506
3.052
2.834
1.011
2.374
2.137
0.839
0.676
0.869
0.927
0.992
0.717
1.252
4.354
3.271
2.477
1.579
2.211
1.303
1.003
1.44
2.056
3.413
1.319
1.292
2.673
2.903
6.633
3.888
1.536
2.163
1.716
2.247
1.166
2.307
1.496
2.484
4.686
3.357
0.986
0.718
1.596
2.846
3.231
4.712
3.986
4.449
3.687
2.768
3.437
2.651
3.279
2.673
4.144
2.971
2.948
2.751
2.394
2.34
2.546
1.846
2.982
5.11
5.776
2.86
2.103
1.396
1.54
1.96
4.328
3.829
3.264
2.394
2.154
2.648
0.801
1.76
3.006
1.962
1.25
1.187
1.408
1.347
1.326
0.957
1.414
3.897
2.816
1.811
1.225
0.958
1.354
2.387
3.549
1.863
1.761
1.555
1.978
2.211
2.147
2.804
3.162
3.426
2.464
1.975
1.911
2.469
3.139
4.488
2.47
3.845
3.572
2.971
1.629
1.598
2.057
3.089
2.394
1.365
1.333
1.743
1.881
1.269
2.737
2.59
1.665
1.894
1.466
2.274
1.57
2.136
2.831
2.742
3.232
3.536
5.481
2.865
2.19
2.343
1.188
1.718
1.974
2.725
2.377
2.769
2.655
1.992
1.123
1.735
1.995
2.639
2.081
2.112
1.913
2.902
1.749
1.138
1.65
1.883
2.832
3.096
3.033
3.159
2.128
1.63
1.389
2.587
1.929
2.644
2.662
1.57
2.366
2.417
1.414
3.347
2.284
2.222
2.279
2.464
1.442
2.104
2.084
2.27
2.679
3.724
2.451
2.056
1.573
2.751
3.783
2.346
2.226
2.329
2.983
2.381
2.151
2.759
1.392
2.357
1.097
1.332
1.523
2.317
2.533
1.364
1.337
1.115
1.903
0.975
1.336
1.327
1.496
2.025
3.54
4.488
3.0
3.005
2.084
1.067
1.698
1.738
1.455
0.576
1.05
1.762
2.753
3.353
1.688
1.907
2.816
2.711
4.139
3.005
3.693
2.021
0.68
1.087
1.123
0.951
2.562
1.337
1.479
2.181
2.869
2.381
1.186
1.938
1.332
1.176
2.837
2.935
3.306
2.513
1.828
1.445
3.278
4.1
5.965
3.464
1.978
1.836
2.699
2.604
2.416
4.359
3.086
1.361
0.938
2.334
2.128
1.604
0.712
2.695
1.415
0.906
3.167
2.853
0.975
1.013
0.835
0.99
1.588
1.995
2.32
1.739
1.153
1.054
1.465
2.072
1.765
2.175
3.163
5.325
3.96
3.9
3.647
4.176
4.229
2.462
3.613
3.452
2.36
2.107
2.306
5.658
3.42
1.374
0.927
0.982
0.723
2.125
4.359
5.143
3.862
1.81
1.078
1.923
2.258
1.182
1.588
2.407
2.55
0.845
2.336
1.374
1.992
1.749
2.392
3.644
2.874
2.958
2.616
2.278
1.047
1.158
2.189
2.577
3.445
3.326
3.569
3.26
1.785
4.125
7.266
6.242
5.721
3.773
4.421
5.063
1.994
1.724
1.914
2.255
1.314
1.502
1.026
2.464
1.639
1.461
1.307
2.051
2.444
1.8
3.087
3.15
2.744
3.328
4.8
2.517
1.569
3.103
2.632
3.175
4.327
6.297
4.962
4.647
3.317
4.521
2.408
4.66
4.912
6.499
4.583
1.872
1.908
1.54
1.634
2.173
3.941
2.589
3.463
2.088
2.055
2.415
3.75
2.889
3.562
2.755
3.578
3.883
4.048
3.012
2.514
3.885
2.679
2.864
3.352
3.333
3.003
1.481
2.374
3.173
3.194
1.746
1.063
2.678
4.271
3.612
2.004
2.28
2.823
1.262
2.871
2.463
3.655
3.326
3.408
3.878
2.612
2.707
1.903
2.586
2.296
1.562
1.773
4.909
4.66
5.524
3.74
1.709
1.659
2.635
2.144
1.761
3.2
1.305
1.863
2.092
1.629
1.441
1.481
2.351
2.758
2.423
3.798
2.621
2.62
2.87
3.664
2.4
1.208
1.094
1.697
2.256
2.948
3.119
1.741
2.601
4.439
4.414
2.62
3.637
4.757
5.456
5.47
5.209
4.749
2.113
1.917
2.16
2.295
2.87
1.709
2.135
2.571
1.357
1.807
2.524
2.552
2.108
3.144
2.879
3.542
2.566
2.794
3.099
2.472
1.701
2.439
1.489
1.393
1.138
1.099
2.635
4.221
2.212
1.636
1.768
2.542
2.397
2.069
2.504
1.624
1.458
2.136
1.833
1.605
1.119
1.471
1.26
1.053
2.036
2.124
2.941
3.117
3.931
3.341
4.019
3.181
2.908
2.381
2.904
2.102
2.743
1.293
1.91
3.273
3.0
3.635
3.302
2.79
1.656
1.768
1.491
3.214
2.564
2.798
2.539
2.412
1.872
1.706
2.612
2.65
1.834
1.135
1.341
1.945
1.416
2.075
1.094
1.093
1.428
1.824
0.848
2.183
2.714
2.82
1.611
2.421
1.736
1.295
1.115
2.613
3.312
3.658
2.446
1.749
2.74
2.888
3.341
1.63
2.622
2.263
2.044
1.894
2.759
3.385
3.069
2.153
1.833
1.543
1.657
2.155
0.986
1.165
2.047
3.34
3.804
1.819
1.687
1.771
2.034
2.307
1.277
1.114
0.806
1.511
4.063
5.983
3.848
4.179
3.061
3.819
3.059
1.377
2.757
2.331
0.832
0.854
2.07
4.963
5.689
6.343
5.632
3.808
2.407
1.409
1.264
2.769
2.391
3.163
2.286
2.275
3.829
2.262
1.048
0.748
1.153
1.64
1.781
2.202
2.095
1.926
2.249
1.017
1.849
2.444
2.424
1.854
2.91
1.392
0.895
0.915
2.391
1.538
0.805
1.272
1.273
2.811
2.914
2.513
1.102
1.659
3.075
1.956
2.108
3.741
2.193
2.486
2.482
2.374
1.419
1.654
3.44
4.206
2.48
2.986
4.357
1.669
3.607
4.495
3.461
3.24
2.286
1.984
2.057
3.123
3.442
2.15
2.838
1.226
1.147
2.397
3.214
4.565
2.479
2.938
3.503
4.392
4.68
1.513
1.915
2.849
1.256
1.381
1.949
1.982
1.453
1.178
1.495
2.485
3.119
1.551
2.006
2.388
2.896
3.289
1.334
3.126
2.882
2.735
3.804
2.295
3.039
1.587
1.196
2.153
3.086
1.486
1.898
1.736
2.085
0.791
1.114
2.37
2.019
2.843
1.801
1.97
2.298
2.858
3.22
3.29
3.301
2.115
0.909
1.19
2.658
2.537
3.04
2.967
3.863
4.714
2.988
1.686
3.864
4.324
3.166
0.92
1.477
2.431
1.538
3.982
5.001
4.419
3.521
5.442
3.83
1.75
2.275
1.728
1.441
1.303
2.505
2.016
1.866
1.872
2.399
3.817
3.875
4.249
2.137
3.348
1.245
2.404
1.848
3.683
4.189
4.781
6.285
3.565
1.265
1.808
2.001
1.865
2.122
1.043
3.487
4.729
5.407
7.102
5.606
3.71
3.106
1.663
1.836
1.36
3.755
1.79
1.732
2.281
1.828
2.418
3.702
1.485
2.465
1.875
1.612
1.953
2.321
2.029
1.657
2.792
1.784
2.333
1.821
1.359
1.425
1.025
1.62
1.94
1.369
4.269
1.906
1.115
2.35
1.898
2.318
3.37
2.866
1.379
1.675
1.479
1.709
3.194
1.567
2.485
3.771
5.087
3.501
2.828
2.422
1.054
2.607
2.183
1.226
1.945
1.815
1.326
2.461
1.952
2.144
2.108
1.668
2.19
1.78
1.71
1.567
1.75
3.282
3.289
2.625
1.764
1.651
2.252
2.135
2.737
1.862
1.329
1.337
1.98
1.209
1.356
1.281
2.941
2.62
2.707
1.835
1.782
2.198
2.75
4.64
3.858
2.47
2.312
1.724
2.192
1.664
1.945
1.686
1.961
3.122
2.567
2.969
2.264
3.323
2.04
1.737
1.367
1.685
1.167
1.465
1.075
1.35
1.887
1.115
1.426
2.894
3.545
2.469
2.558
1.987
2.046
1.177
1.25
1.907
1.041
1.054
1.881
3.124
2.649
1.499
2.379
2.702
2.208
2.118
1.288
1.951
1.222
1.155
1.595
2.169
2.481
2.48
1.047
3.368
3.593
2.437
1.129
0.797
1.214
1.15
1.18
1.349
0.847
0.927
1.332
2.559
3.435
1.852
3.819
3.058
1.533
3.111
2.685
3.02
1.806
1.641
1.83
1.384
1.195
1.342
1.346
1.151
1.377
1.623
1.644
1.61
1.843
1.98
1.833
2.681
2.218
0.643
1.07
1.853
2.669
1.863
1.28
2.141
2.527
2.839
3.904
3.436
2.105
2.183
1.631
0.943
0.979
2.972
4.439
2.777
2.057
2.241
1.84
1.748
1.727
2.923
4.452
5.186
2.436
1.673
1.559
1.247
2.658
2.889
2.267
2.047
2.154
2.833
2.417
1.05
0.596
0.695
1.661
2.067
3.285
3.944
2.779
0.862
0.927
0.668
1.737
1.97
2.606
2.059
3.424
2.911
1.782
0.683
1.543
0.867
0.542
0.384
0.718
1.037
2.032
1.551
1.138
1.691
1.103
2.402
2.688
4.016
5.38
4.29
2.831
5.138
4.109
5.155
3.622
6.003
3.13
4.095
2.357
1.21
0.822
1.685
1.744
2.593
1.628
1.445
