2.2007961165
2.17929126214
1.25261165049
0.758378640777
0.88854368932
4.10454368932
4.42431067961
2.43576699029
4.25444660194
4.59529126214
3.89011650485
3.38531067961
2.79282524272
2.08912621359
2.16180582524
1.94293203883
3.69766990291
4.44361165049
3.82422330097
2.37324271845
1.79753398058
3.01436893204
3.65026213592
3.56839805825
3.96300970874
2.3845631068
2.95706796117
2.93989320388
2.41377669903
3.24838834951
5.31113592233
4.5863592233
3.53190291262
2.93583495146
2.93148543689
1.29839805825
2.6277184466
3.70103883495
1.6105631068
4.70780582524
5.37497087379
2.65266990291
1.38418446602
3.28747572816
5.49361165049
6.30499029126
5.67095145631
1.11889320388
2.9319223301
3.18945631068
1.57465048544
1.36095145631
2.24369902913
2.61677669903
1.72038834951
1.3192815534
2.63900970874
2.40436893204
3.3893592233
5.43530097087
4.09273786408
3.69970873786
1.36396116505
1.71676699029
4.19821359223
3.20659223301
6.73505825243
3.74924271845
2.69123300971
4.00447572816
3.24565048544
3.31066990291
4.45339805825
2.82161165049
3.69470873786
3.10418446602
2.60215533981
2.30077669903
4.58667961165
5.04045631068
3.72260194175
1.39876699029
3.64830097087
5.03030097087
5.86050485437
5.35416504854
2.38496116505
3.6785631068
2.77910679612
2.59949514563
4.00123300971
4.00675728155
1.8677961165
1.47144660194
1.35822330097
3.21182524272
2.05623300971
3.2734368932
2.88488349515
3.57891262136
2.4165631068
1.61821359223
2.76170873786
2.35518446602
2.27106796117
3.18612621359
3.35215533981
1.45698058252
2.67824271845
2.83899029126
3.4736407767
4.97575728155
5.11505825243
2.63259223301
1.62638834951
2.84094174757
2.05105825243
3.73490291262
4.5496407767
3.91153398058
7.01144660194
4.45626213592
2.5332038835
2.08781553398
2.70098058252
2.28875728155
2.19795145631
1.80866019417
3.31405825243
2.41504854369
2.45938834951
1.65533980583
1.39972815534
1.32797087379
2.70552427184
4.32470873786
2.56388349515
1.57741747573
4.72569902913
4.85811650485
2.84981553398
2.99485436893
2.6595631068
4.41163106796
3.36654368932
2.73680582524
3.44077669903
2.45062135922
2.2797961165
1.59167961165
2.73954368932
3.2713592233
3.55994174757
2.18309708738
1.77376699029
1.64737864078
1.48758252427
3.1792038835
2.58266019417
2.0606407767
2.72423300971
2.3235631068
3.6535631068
3.69280582524
3.09690291262
2.61286407767
4.34176699029
3.35025242718
2.39531067961
2.1415631068
1.41948543689
1.80497087379
1.98790291262
3.34202912621
2.75398058252
2.09870873786
2.2060776699
1.81378640777
2.86249514563
3.16425242718
2.5674368932
2.0737184466
1.76898058252
2.55808737864
1.82303883495
2.24044660194
2.85301941748
3.59033980583
3.3354368932
2.46044660194
1.36555339806
2.70861165049
1.84714563107
2.62110679612
2.37224271845
2.33290291262
2.48883495146
3.41103883495
3.1805631068
3.14025242718
4.06229126214
3.7674368932
2.59917475728
2.62725242718
2.49100970874
1.96093203883
1.65169902913
1.1150776699
2.67659223301
3.52160194175
3.20161165049
4.24
4.23331067961
2.39026213592
1.75508737864
1.36866019417
1.37233980583
1.49613592233
3.17134951456
3.31485436893
3.4982815534
1.74726213592
1.66339805825
1.59263106796
3.25066019417
2.77615533981
3.28202912621
2.39738834951
2.4053592233
1.78387378641
2.07144660194
3.11099029126
2.25695145631
2.2460776699
3.02962135922
3.07602912621
1.9877184466
3.28610679612
2.57688349515
1.69295145631
1.45460194175
1.90813592233
1.59715533981
2.75557281553
3.55614563107
2.64965048544
1.49978640777
2.35402912621
1.50826213592
1.32326213592
1.38448543689
1.58100970874
2.50644660194
1.53388349515
2.46962135922
2.06344660194
3.54842718447
1.81284466019
3.13516504854
4.21206796117
3.67280582524
2.7076407767
1.83490291262
3.20223300971
2.80667961165
2.22530097087
1.45169902913
2.81482524272
2.23126213592
2.90442718447
2.88652427184
2.63969902913
2.30021359223
3.90986407767
2.5720776699
2.12306796117
1.68278640777
3.59390291262
2.3372038835
1.57726213592
1.67752427184
2.08919417476
1.28836893204
3.11000970874
1.83290291262
3.13650485437
3.16568932039
1.29195145631
1.81788349515
3.76649514563
3.00570873786
1.77298058252
2.51218446602
3.93405825243
4.92532038835
3.6705631068
4.49602912621
5.30844660194
4.48883495146
2.48884466019
1.72068932039
1.36355339806
3.31881553398
2.29532038835
1.77376699029
1.74641747573
6.13318446602
4.73591262136
4.77245631068
3.20823300971
4.38659223301
3.365
1.97272815534
3.2469223301
5.19968932039
1.59924271845
2.22957281553
2.10823300971
2.52972815534
1.50859223301
2.77638834951
2.56790291262
2.7846407767
2.43604854369
1.25485436893
2.52087378641
2.91536893204
3.75068932039
5.781
2.00382524272
3.0386407767
3.48531067961
4.73478640777
4.35613592233
4.41025242718
4.07127184466
3.66249514563
5.58865048544
2.2137961165
3.56354368932
3.58514563107
4.36346601942
5.89663106796
6.01582524272
2.70155339806
2.99165048544
4.41275728155
6.87985436893
5.98019417476
5.62217475728
6.21527184466
2.65394174757
2.29141747573
3.34121359223
6.25841747573
4.49701941748
2.65618446602
2.79786407767
1.72353398058
3.2654368932
5.05672815534
5.14711650485
4.26000970874
3.19494174757
3.27453398058
2.98188349515
1.82274757282
3.80966990291
2.44319417476
2.77950485437
1.16998058252
1.78148543689
2.43584466019
3.28425242718
3.78554368932
5.31331067961
3.37227184466
2.36224271845
2.70839805825
4.76959223301
3.89304854369
2.57476699029
1.23367961165
2.89081553398
3.30534951456
4.44488349515
3.83800970874
1.8013592233
2.60154368932
2.70461165049
3.12366990291
1.55893203883
2.71388349515
5.30672815534
5.94657281553
4.78388349515
4.51876699029
4.65930097087
3.35952427184
4.38557281553
3.2854368932
2.70618446602
3.14693203883
2.7940776699
2.62874757282
2.68403883495
2.00389320388
1.36484466019
1.56522330097
2.09637864078
1.88311650485
1.94450485437
1.81365048544
3.43462135922
2.86704854369
2.2504368932
1.7676407767
1.63705825243
2.24505825243
0.914485436893
2.12770873786
3.45404854369
2.36186407767
2.67994174757
2.79722330097
3.46401941748
4.24118446602
2.66387378641
2.14424271845
3.68926213592
4.581
1.72519417476
2.93516504854
1.42644660194
1.66232038835
2.994
3.31719417476
4.92802912621
4.11457281553
2.22037864078
2.07024271845
5.24946601942
5.97949514563
6.33872815534
4.31075728155
2.55404854369
4.28385436893
2.49817475728
1.76467961165
2.35626213592
3.04411650485
4.68901941748
6.11775728155
4.64616504854
2.58259223301
3.35065048544
5.78572815534
5.17806796117
4.36070873786
3.58100970874
2.68019417476
2.65713592233
3.57533980583
3.51247572816
2.74636893204
1.61572815534
2.20794174757
2.31075728155
1.47672815534
1.84905825243
1.89151456311
2.33103883495
4.0617184466
5.99886407767
3.7535631068
2.60006796117
3.02024271845
5.36996116505
6.32927184466
2.34875728155
2.39725242718
2.58951456311
3.027
1.82898058252
4.2900776699
5.58201941748
5.33861165049
5.61411650485
5.22010679612
4.54200970874
3.36496116505
2.53523300971
1.89316504854
4.00033009709
3.30157281553
3.94485436893
4.45415533981
6.18246601942
6.13659223301
4.76106796117
3.39104854369
2.53606796117
3.00327184466
2.3762815534
1.85911650485
3.02327184466
4.42022330097
2.92736893204
2.47896116505
2.06645631068
1.5060776699
2.05911650485
1.46919417476
1.60873786408
2.49802912621
2.12793203883
2.10015533981
3.55098058252
3.04748543689
3.0076407767
1.81804854369
1.85695145631
1.50534951456
1.58163106796
2.31751456311
1.69095145631
2.63611650485
1.76765048544
1.68893203883
2.7780776699
3.29190291262
3.46161165049
2.64994174757
2.78187378641
3.77491262136
4.55930097087
3.31201941748
2.71581553398
3.40247572816
3.86274757282
3.37542718447
1.92797087379
2.68202912621
3.4299223301
3.19896116505
3.57296116505
3.28716504854
2.3406407767
3.25813592233
1.87570873786
2.34595145631
1.86283495146
3.45062135922
3.47742718447
3.74296116505
3.32969902913
2.34748543689
2.8423592233
3.2037184466
2.94223300971
1.74877669903
3.28766019417
3.30508737864
4.21404854369
4.03814563107
4.10763106796
4.85470873786
2.74832038835
1.63787378641
1.70484466019
2.31754368932
2.95600970874
2.23305825243
2.39315533981
3.33291262136
2.28677669903
1.50221359223
1.42469902913
1.73234951456
2.17713592233
2.47473786408
3.79951456311
3.37784466019
2.1029223301
2.1203592233
1.73686407767
1.05330097087
1.5995631068
3.53696116505
2.50232038835
1.89632038835
3.1032815534
1.90674757282
1.60083495146
1.38652427184
1.6193592233
3.9684368932
5.5716407767
3.93915533981
3.21323300971
2.99313592233
2.13797087379
1.95446601942
1.18433009709
1.55591262136
3.02253398058
4.31062135922
4.12218446602
3.22659223301
1.38151456311
2.70538834951
2.55205825243
2.74085436893
2.62825242718
1.90365048544
2.69538834951
2.67663106796
4.49365048544
4.30022330097
4.09825242718
4.25229126214
5.03502912621
3.10273786408
1.76660194175
2.47376699029
1.50985436893
1.56878640777
1.08418446602
1.01934951456
1.65202912621
1.22917475728
1.09203883495
1.52625242718
1.39202912621
1.18759223301
0.949834951456
2.35826213592
2.87713592233
2.06090291262
2.87883495146
1.27015533981
2.12074757282
2.29795145631
3.7803592233
6.01880582524
5.27688349515
2.91899029126
2.68614563107
4.14090291262
3.62347572816
3.77131067961
1.60908737864
1.85557281553
2.28526213592
2.78624271845
2.42365048544
2.96475728155
2.23681553398
3.26805825243
2.97166019417
3.66245631068
4.50795145631
2.45395145631
2.32111650485
4.55714563107
4.29406796117
5.7412815534
3.4819223301
3.04186407767
4.96640776699
5.67239805825
4.97358252427
4.82299029126
6.10700970874
5.78598058252
1.12385436893
1.07660194175
1.73536893204
1.69600970874
3.47850485437
3.05425242718
2.72072815534
4.49945631068
6.215
5.83431067961
5.20268932039
6.49960194175
4.25614563107
3.27151456311
4.2312815534
4.80948543689
4.64527184466
4.03788349515
3.70810679612
2.20287378641
2.92594174757
3.25066990291
2.62641747573
5.29597087379
2.44608737864
5.04429126214
4.72618446602
2.72427184466
2.64696116505
3.65134951456
1.57580582524
2.70619417476
6.03715533981
6.49439805825
5.96013592233
4.36133980583
7.08099029126
6.98285436893
6.80245631068
4.40727184466
4.09037864078
4.30772815534
3.2063592233
2.88555339806
3.99597087379
3.85306796117
5.51852427184
4.4245631068
5.11097087379
3.60005825243
1.88419417476
3.27261165049
4.79602912621
4.68308737864
6.35296116505
8.02597087379
5.93751456311
8.51989320388
5.65431067961
5.60734951456
2.41786407767
2.12851456311
2.04624271845
5.07438834951
2.69253398058
2.67533009709
4.78918446602
2.993
8.73633009709
5.46657281553
5.53199029126
4.96618446602
2.19967961165
4.30888349515
4.48170873786
1.90125242718
1.33676699029
1.75848543689
2.6344368932
4.49874757282
2.37983495146
1.31526213592
1.64433009709
1.74785436893
1.7297184466
2.59921359223
3.47546601942
4.06572815534
8.06305825243
3.98318446602
4.47093203883
4.4347184466
4.93632038835
5.90983495146
2.91759223301
7.43098058252
4.15987378641
1.78325242718
1.21633980583
1.22260194175
1.1896407767
1.40266019417
1.66288349515
3.64066990291
2.99524271845
1.72923300971
1.58818446602
1.70527184466
1.8587184466
1.50266990291
2.40801941748
3.90297087379
3.40084466019
4.54604854369
2.41069902913
2.25027184466
2.13682524272
2.9322038835
2.34858252427
2.89827184466
6.78483495146
6.76714563107
6.09159223301
3.18809708738
7.71124271845
4.69891262136
4.24678640777
5.85711650485
3.60877669903
1.99793203883
2.4687184466
3.16204854369
6.5287184466
5.06745631068
5.07782524272
7.04002912621
4.45850485437
6.22933980583
4.16708737864
4.66429126214
3.1677184466
3.99684466019
3.68603883495
1.52466990291
3.35841747573
2.76475728155
2.38262135922
1.68924271845
2.16490291262
2.31833980583
2.28349514563
1.61578640777
1.42112621359
1.53322330097
1.22767961165
2.65662135922
1.57591262136
2.46440776699
3.33737864078
1.84011650485
4.44291262136
4.6067184466
2.48253398058
3.57811650485
2.89873786408
3.91950485437
3.74969902913
1.63252427184
2.99300970874
3.04059223301
4.9935631068
3.38167961165
3.85760194175
3.87375728155
5.2416407767
4.06025242718
3.70875728155
1.87875728155
3.44266019417
3.11689320388
2.83888349515
2.81351456311
1.988
1.88151456311
4.55267961165
5.37702912621
2.49321359223
1.99863106796
1.68533009709
1.33922330097
1.965
2.08744660194
1.83163106796
1.64589320388
2.04062135922
2.36302912621
1.90053398058
2.16638834951
2.91645631068
2.78977669903
1.59653398058
3.11259223301
3.32238834951
1.52757281553
1.48491262136
1.60114563107
1.50636893204
1.43261165049
3.01303883495
2.58619417476
3.81066019417
2.65866990291
1.9255631068
3.30188349515
4.09653398058
3.96030097087
2.95167961165
3.16076699029
1.72272815534
3.91633009709
3.74385436893
4.69768932039
3.06249514563
3.28184466019
2.68683495146
1.61715533981
2.70458252427
2.91639805825
1.95452427184
2.00412621359
1.40608737864
1.37846601942
2.28018446602
1.97666019417
6.81681553398
5.31667961165
3.91833980583
2.26124271845
3.09433009709
2.48584466019
1.62514563107
1.56560194175
1.06136893204
1.82229126214
1.87665048544
1.18136893204
1.75666990291
2.7313592233
1.92967961165
2.51451456311
2.24873786408
2.45533009709
3.47
1.71881553398
2.76169902913
1.7677961165
2.92131067961
2.93576699029
2.79732038835
3.40495145631
3.57916504854
3.51242718447
3.95019417476
2.48387378641
2.28954368932
2.50411650485
2.02903883495
2.36740776699
1.81161165049
1.54686407767
1.5939223301
1.64677669903
1.72239805825
1.50638834951
1.54384466019
1.98566990291
2.31005825243
1.84296116505
1.29957281553
1.02772815534
1.02115533981
0.85467961165
2.36278640777
2.87699029126
2.26972815534
2.39787378641
5.06302912621
3.64599029126
3.73625242718
2.96329126214
2.62005825243
2.03353398058
2.58614563107
4.06815533981
2.10209708738
1.52265048544
1.10103883495
1.01569902913
1.5940776699
1.82982524272
1.97706796117
2.119
1.51957281553
0.663660194175
1.49123300971
1.70418446602
1.45617475728
1.56654368932
1.6877184466
1.35906796117
3.16002912621
2.4949223301
3.07274757282
2.15803883495
1.55524271845
2.54004854369
2.77974757282
5.4274368932
3.72365048544
2.8016407767
2.39332038835
1.57054368932
2.87480582524
1.83060194175
2.0150776699
1.85270873786
2.67739805825
1.31416504854
1.83434951456
1.80136893204
5.07661165049
7.59455339806
3.42114563107
3.10359223301
5.80806796117
4.53526213592
3.42702912621
6.33
4.45404854369
3.68166019417
5.28019417476
3.66640776699
2.25329126214
1.19527184466
1.45733980583
2.4903592233
3.21253398058
6.07417475728
1.74634951456
1.69498058252
0.908533980583
2.06017475728
2.81577669903
2.0270776699
1.52086407767
3.71313592233
6.4913592233
3.3867184466
6.14357281553
3.32824271845
5.50942718447
1.46684466019
3.18222330097
4.0844368932
4.52416504854
2.38991262136
2.15491262136
2.19041747573
2.50257281553
5.62226213592
3.63197087379
3.8546407767
4.80329126214
1.84618446602
1.7974368932
3.56493203883
4.82296116505
3.64806796117
6.6143592233
4.75081553398
4.57110679612
5.77932038835
6.34187378641
5.9813592233
4.52627184466
6.97642718447
3.31967961165
3.47840776699
3.45282524272
3.55558252427
1.95314563107
3.00265048544
5.3733592233
4.8123592233
4.4407961165
3.93493203883
2.39866990291
4.3952038835
2.52096116505
1.67208737864
2.72744660194
3.31516504854
4.81288349515
2.8677184466
2.36278640777
2.1277184466
3.37874757282
3.63459223301
1.67123300971
2.30540776699
1.76201941748
1.25033009709
2.06858252427
2.28594174757
1.22278640777
1.73097087379
2.12078640777
3.18727184466
2.83084466019
4.98114563107
2.17183495146
3.83444660194
4.81608737864
5.65258252427
5.48103883495
6.2302038835
2.36984466019
3.60419417476
4.0662038835
1.53170873786
1.61854368932
1.55408737864
0.696155339806
1.12233980583
1.61998058252
0.966165048544
1.36596116505
2.74374757282
1.69377669903
1.51480582524
2.85481553398
2.49300970874
0.872766990291
1.39634951456
4.27914563107
6.92585436893
2.67380582524
4.37057281553
4.15598058252
5.5134368932
3.84788349515
0.966805825243
2.74115533981
2.8232038835
1.87174757282
1.57513592233
2.69718446602
2.83897087379
2.63100970874
2.51910679612
1.6157961165
1.70125242718
1.6337184466
1.37961165049
1.66954368932
2.01501941748
2.603
3.77170873786
4.67108737864
6.15001941748
3.89631067961
2.80757281553
2.74904854369
2.39837864078
0.822601941748
1.37854368932
1.03746601942
2.32633009709
3.55697087379
6.27704854369
4.5520776699
8.51029126214
6.13087378641
2.90683495146
1.9389223301
4.22854368932
2.01774757282
2.24802912621
7.24746601942
6.01510679612
5.67806796117
3.62626213592
4.33445631068
5.20966019417
6.33424271845
3.20199029126
1.96465048544
1.76715533981
2.4080776699
1.3313592233
1.33675728155
2.78540776699
1.93970873786
1.05546601942
0.977252427184
1.29460194175
2.08924271845
2.74788349515
3.46944660194
5.50289320388
2.83524271845
1.40472815534
3.11027184466
1.51048543689
2.41211650485
4.24698058252
5.08767961165
6.32255339806
6.35381553398
4.84487378641
5.0703592233
4.00393203883
2.23081553398
1.36859223301
2.46581553398
2.32561165049
3.38624271845
3.38888349515
1.70305825243
2.22040776699
1.89060194175
2.59166990291
2.03261165049
3.59775728155
2.64710679612
4.37795145631
3.65801941748
2.79481553398
3.68180582524
3.90061165049
5.24972815534
4.11789320388
5.47095145631
5.09200970874
2.96889320388
2.59342718447
3.98147572816
3.02112621359
1.82570873786
1.32705825243
1.94152427184
1.1432038835
1.41457281553
1.23891262136
1.85095145631
1.77675728155
1.87913592233
1.41815533981
1.97621359223
1.68300970874
1.18983495146
3.12748543689
3.4223592233
2.94877669903
2.35787378641
2.27329126214
2.49785436893
2.28429126214
1.95781553398
4.12887378641
2.65448543689
1.33286407767
2.33247572816
1.26849514563
1.10759223301
1.28744660194
1.76010679612
1.84467961165
1.22609708738
2.17838834951
1.93021359223
2.11480582524
3.41053398058
4.05976699029
3.57055339806
2.78015533981
1.80569902913
1.302
2.26109708738
4.04109708738
2.62401941748
1.13675728155
2.10691262136
3.97324271845
3.77108737864
2.11626213592
2.78793203883
3.2644368932
3.48837864078
4.28946601942
3.4952815534
2.57416504854
1.95604854369
3.15591262136
3.7395631068
3.39601941748
1.86763106796
1.89667961165
1.0034368932
1.83576699029
1.85175728155
2.32496116505
2.18521359223
2.55715533981
2.32918446602
1.66201941748
2.03149514563
2.57253398058
2.67595145631
2.68460194175
2.30032038835
1.8082038835
2.41215533981
1.50237864078
2.07827184466
3.06613592233
1.68815533981
1.68086407767
1.79263106796
2.59787378641
3.46574757282
3.32118446602
1.51130097087
3.24554368932
3.47987378641
1.82283495146
1.61522330097
1.3404368932
1.4463592233
1.56432038835
2.7840776699
2.99703883495
1.18213592233
3.5766407767
2.97534951456
3.42306796117
2.27582524272
2.8785631068
2.80588349515
4.62322330097
3.73432038835
3.52176699029
5.1006407767
3.28712621359
2.42516504854
1.51923300971
3.94899029126
3.79589320388
3.57960194175
1.49132038835
1.04524271845
2.55249514563
1.96430097087
2.12385436893
2.42457281553
1.98408737864
2.36686407767
1.49014563107
3.12746601942
2.13480582524
2.41516504854
1.43869902913
2.18374757282
1.32152427184
1.19414563107
1.26284466019
0.759815533981
0.832097087379
0.793699029126
0.844330097087
0.947572815534
2.0964368932
2.49534951456
5.69051456311
1.61010679612
1.61017475728
2.77208737864
2.31039805825
3.44254368932
3.21639805825
1.46313592233
1.66494174757
1.20688349515
1.37526213592
1.44924271845
1.03358252427
1.44975728155
2.71966990291
2.0762815534
2.70847572816
4.53162135922
4.38469902913
1.96194174757
2.99341747573
4.50881553398
3.68902912621
6.46032038835
5.22949514563
2.95125242718
2.28666019417
1.59734951456
1.96255339806
4.23932038835
3.25885436893
2.49480582524
1.47867961165
2.66297087379
1.5192815534
2.30184466019
1.2679223301
2.71649514563
2.57804854369
1.9020776699
3.73854368932
3.08987378641
2.68653398058
0.683398058252
1.02045631068
3.7234368932
4.03817475728
4.07755339806
2.72362135922
4.76949514563
4.50476699029
3.64616504854
3.22865048544
4.43287378641
3.047
1.41927184466
4.88354368932
4.12480582524
5.64132038835
6.5417961165
5.86937864078
3.27803883495
4.65113592233
4.14666019417
5.27924271845
3.98362135922
2.96982524272
1.22090291262
1.70115533981
2.07953398058
4.42881553398
5.45455339806
2.26191262136
1.67336893204
2.15450485437
4.50600970874
2.29032038835
1.78604854369
4.5466407767
5.4132815534
7.74296116505
5.42176699029
2.54705825243
2.35202912621
2.60075728155
8.59282524272
8.1179223301
2.98361165049
1.2367961165
5.42245631068
6.72621359223
8.44480582524
3.62288349515
1.35603883495
3.63941747573
3.05584466019
3.16442718447
4.45714563107
5.34641747573
1.78105825243
1.34311650485
2.48342718447
3.6450776699
3.77453398058
4.8259223301
7.64242718447
3.5949223301
6.01030097087
5.03100970874
4.45699029126
5.92209708738
4.35181553398
3.42882524272
4.66169902913
5.68712621359
6.80160194175
5.54766019417
7.06495145631
6.7494368932
7.97255339806
5.1180776699
3.12614563107
5.00040776699
3.25850485437
1.50310679612
1.9567184466
4.38639805825
3.18672815534
6.2037184466
5.66170873786
6.1653592233
5.42169902913
6.2952815534
9.88745631068
6.45948543689
3.86045631068
2.05658252427
5.56367961165
2.581
2.50038834951
1.53365048544
2.48532038835
2.33667961165
2.95014563107
3.21605825243
2.8506407767
3.57242718447
3.60133980583
2.92077669903
2.69234951456
1.60011650485
1.54195145631
2.32758252427
2.20660194175
1.38174757282
1.98902912621
1.79113592233
2.09130097087
3.2760776699
2.90449514563
4.16322330097
1.29731067961
1.93186407767
2.01708737864
2.07001941748
3.40304854369
4.76884466019
4.76062135922
3.48078640777
3.10740776699
3.38468932039
4.80777669903
2.88833980583
2.65394174757
3.37559223301
1.89889320388
2.24011650485
2.68232038835
2.82914563107
3.35405825243
2.52711650485
5.10852427184
7.81589320388
6.79066990291
6.55151456311
4.31697087379
4.06816504854
3.46393203883
2.15740776699
3.27161165049
5.85584466019
3.56621359223
2.05987378641
3.18003883495
2.83396116505
1.75260194175
4.19027184466
7.00947572816
4.52448543689
2.12183495146
2.57260194175
2.29138834951
3.24983495146
3.26016504854
2.87934951456
3.02097087379
2.84747572816
2.70076699029
3.88083495146
2.7212815534
2.36657281553
3.32447572816
2.53788349515
2.40314563107
1.94677669903
1.22941747573
1.70067961165
2.33921359223
4.61617475728
3.53085436893
3.02408737864
1.6454368932
2.59951456311
5.03852427184
4.76185436893
3.36475728155
1.91895145631
3.40408737864
2.22859223301
2.48173786408
2.71526213592
2.21929126214
4.611
5.54033980583
3.01826213592
2.39812621359
2.3310776699
3.2092815534
2.44308737864
3.81893203883
2.17504854369
2.74909708738
3.04432038835
1.94153398058
2.10745631068
2.15273786408
1.95468932039
2.40766019417
1.69938834951
2.53874757282
3.58731067961
2.24100970874
1.69058252427
2.54031067961
3.68506796117
1.7933592233
1.89027184466
1.64654368932
3.36327184466
3.31539805825
1.91237864078
2.01613592233
1.83325242718
1.52330097087
1.40630097087
2.26627184466
1.83419417476
2.32332038835
2.46249514563
2.0692815534
1.88070873786
3.63166019417
2.84183495146
2.9303592233
3.2605631068
1.47223300971
1.5380776699
1.41116504854
1.72181553398
2.27053398058
3.11411650485
3.49623300971
4.24404854369
1.94481553398
1.59697087379
1.01042718447
1.65596116505
2.57246601942
1.60177669903
1.26589320388
1.56221359223
1.51213592233
2.09806796117
1.86259223301
2.21227184466
3.02087378641
2.40965048544
1.84360194175
2.46613592233
1.78436893204
2.55630097087
1.43024271845
3.12583495146
2.20866990291
1.46751456311
1.44885436893
1.62761165049
1.66839805825
2.54855339806
1.85229126214
2.74073786408
2.52023300971
2.54002912621
1.87551456311
4.37365048544
2.92366019417
2.52062135922
2.68268932039
3.12215533981
2.23502912621
1.66747572816
2.22486407767
2.2977961165
1.6977961165
1.42741747573
2.12377669903
3.74223300971
1.31130097087
1.75137864078
2.45383495146
1.4270776699
1.20125242718
1.95744660194
1.95083495146
1.66800970874
0.931077669903
1.32326213592
3.09053398058
3.52001941748
2.66698058252
1.92961165049
2.72655339806
2.98651456311
1.64126213592
1.6236407767
2.78812621359
3.15118446602
6.15406796117
4.79325242718
5.0126407767
3.18615533981
3.05532038835
2.43381553398
3.12215533981
4.23941747573
5.47458252427
5.50752427184
3.97417475728
3.91867961165
4.37487378641
5.40380582524
4.18080582524
4.23934951456
3.67985436893
2.20282524272
2.65553398058
4.1422815534
0.864116504854
2.7662815534
2.50550485437
0.972902912621
1.10560194175
1.87684466019
2.25614563107
2.20083495146
3.57150485437
2.08647572816
3.30230097087
3.28949514563
3.85840776699
4.05485436893
3.69184466019
4.60878640777
4.87345631068
4.24825242718
4.29837864078
4.69449514563
2.93903883495
3.07680582524
4.92908737864
7.1897184466
5.2896407767
4.91613592233
4.49091262136
2.6762815534
1.47932038835
0.689980582524
0.989436893204
1.56806796117
1.5240776699
2.77670873786
2.30044660194
2.20385436893
1.9382815534
1.41069902913
3.84170873786
3.67980582524
2.16299029126
2.25425242718
2.41506796117
1.32887378641
0.915291262136
1.2490776699
1.26166019417
0.668446601942
0.802019417476
1.52675728155
2.96988349515
3.49441747573
1.90272815534
3.23903883495
2.5423592233
1.34803883495
1.08544660194
2.27151456311
3.15068932039
3.03418446602
2.14749514563
3.11727184466
2.60259223301
4.11080582524
6.73212621359
9.17908737864
4.16303883495
3.01527184466
3.62658252427
1.35026213592
1.0246407767
0.860699029126
1.19841747573
1.91077669903
2.30059223301
2.14951456311
3.80222330097
5.80900970874
3.43541747573
1.87655339806
1.42742718447
1.49161165049
2.64130097087
1.83478640777
1.51826213592
1.53409708738
1.86622330097
2.08872815534
3.21122330097
1.7624368932
4.0582815534
4.79182524272
2.91251456311
5.38861165049
5.56350485437
4.7397961165
5.55322330097
3.42252427184
4.17250485437
5.01565048544
5.87993203883
6.58902912621
8.49089320388
5.3114368932
3.68233009709
3.6804368932
4.90353398058
5.62160194175
3.07717475728
1.92408737864
7.44038834951
4.84583495146
8.65638834951
6.49101941748
6.61929126214
6.52587378641
7.65525242718
4.95775728155
1.60853398058
1.05457281553
2.48412621359
4.67336893204
4.16851456311
5.93338834951
3.10522330097
2.04455339806
2.1505631068
1.80627184466
3.75482524272
3.07410679612
3.41132038835
2.37693203883
3.88955339806
5.63494174757
3.98290291262
4.29634951456
5.9732815534
5.60436893204
4.69533980583
4.72061165049
1.58076699029
2.90966990291
3.1632815534
2.79381553398
2.27630097087
2.0577961165
2.23615533981
0.820475728155
2.62765048544
4.67183495146
2.38462135922
2.46612621359
1.84112621359
1.58121359223
3.28083495146
4.41701941748
3.33946601942
2.46470873786
1.52193203883
1.01888349515
0.704077669903
3.72887378641
2.91995145631
1.45432038835
1.85816504854
1.53195145631
2.89855339806
3.46591262136
2.25650485437
1.61113592233
1.02953398058
2.00999029126
2.72389320388
2.34622330097
3.0254368932
3.195
4.81685436893
4.4142815534
4.09444660194
2.47813592233
1.77034951456
1.93151456311
1.37577669903
3.461
1.61306796117
3.48538834951
4.22495145631
4.95642718447
4.24197087379
1.94677669903
1.87853398058
3.11875728155
3.5074368932
2.29448543689
0.749281553398
1.25082524272
1.25253398058
2.05374757282
1.25778640777
1.09047572816
3.09083495146
1.58167961165
1.61196116505
1.1329223301
2.15717475728
3.35554368932
2.30352427184
1.67134951456
1.11040776699
1.15378640777
1.26641747573
1.03108737864
1.563
2.91623300971
3.03503883495
1.6386407767
3.39027184466
3.10434951456
3.91687378641
3.74639805825
3.57946601942
2.40629126214
2.67110679612
1.48202912621
1.62774757282
2.69588349515
1.92901941748
3.40618446602
2.84280582524
1.92339805825
2.50169902913
4.32994174757
4.72673786408
2.84829126214
1.99340776699
1.64515533981
2.17541747573
3.22983495146
2.14672815534
2.48080582524
3.32798058252
3.42112621359
3.99270873786
1.73486407767
1.93501941748
2.05472815534
1.64419417476
1.71144660194
2.64297087379
2.62466019417
4.42148543689
1.93075728155
2.93301941748
2.42324271845
4.05945631068
2.25569902913
1.76996116505
2.7594368932
3.47040776699
2.59167961165
3.06788349515
2.04951456311
2.48103883495
1.45082524272
3.28847572816
3.54327184466
2.79604854369
1.81963106796
1.10982524272
1.64590291262
1.16830097087
1.46448543689
2.30752427184
3.65539805825
5.22280582524
3.15248543689
4.10069902913
3.00375728155
3.3657184466
1.75834951456
2.3842038835
3.26800970874
1.7557184466
1.61247572816
3.0487184466
2.60767961165
2.61184466019
2.25546601942
1.31103883495
2.32403883495
1.83257281553
1.80788349515
2.23012621359
3.75770873786
3.60701941748
3.91215533981
2.36583495146
2.94970873786
2.67084466019
2.33291262136
2.22874757282
1.87495145631
1.76919417476
1.61418446602
1.75258252427
1.51800970874
1.7284368932
2.74758252427
2.72739805825
2.29818446602
2.35821359223
2.26821359223
2.39991262136
1.71786407767
1.94555339806
2.54319417476
1.95259223301
2.51821359223
1.92237864078
1.36046601942
3.1407184466
3.05888349515
3.66022330097
2.17794174757
1.66093203883
1.15623300971
1.19525242718
1.75178640777
1.32291262136
1.05366019417
1.08833980583
0.828951456311
0.890097087379
0.933300970874
1.90213592233
1.30049514563
1.44485436893
1.77286407767
1.90010679612
0.980446601942
0.96654368932
2.0383592233
3.08241747573
3.50174757282
4.18890291262
2.56166990291
4.38833009709
5.44946601942
2.43217475728
2.07440776699
3.53618446602
3.45739805825
4.88098058252
5.95908737864
4.50726213592
3.6554368932
1.56804854369
1.62124271845
1.42381553398
3.20382524272
1.45925242718
1.98086407767
2.53560194175
2.83924271845
3.39678640777
3.28691262136
2.35059223301
2.27963106796
3.27821359223
4.0124368932
2.2667184466
1.2383592233
0.955825242718
2.5530776699
2.74744660194
3.05983495146
1.97530097087
2.15189320388
2.09960194175
3.35404854369
3.8282815534
4.2689223301
3.92161165049
1.32472815534
2.16572815534
2.14482524272
1.52366990291
2.61800970874
2.71874757282
0.901786407767
2.65708737864
5.56205825243
4.83352427184
7.55482524272
4.23846601942
5.5760776699
5.24608737864
2.11291262136
3.8713592233
3.6806407767
1.18844660194
0.891398058252
2.49604854369
1.34058252427
2.02633009709
1.24926213592
2.10758252427
3.59800970874
1.97461165049
2.30498058252
1.77982524272
1.41402912621
1.33057281553
2.43062135922
1.97575728155
2.76668932039
2.94201941748
2.52505825243
2.45433009709
2.48524271845
4.47312621359
2.73665048544
2.46785436893
2.0652815534
2.95048543689
4.06058252427
6.2337184466
8.33551456311
8.84163106796
4.45866990291
2.36065048544
3.03382524272
3.95629126214
2.08048543689
1.48933980583
2.17523300971
1.95844660194
1.40534951456
2.75106796117
3.33111650485
4.09426213592
2.36718446602
3.31512621359
3.5549223301
3.79218446602
2.48994174757
1.50809708738
3.30161165049
2.13705825243
1.95153398058
1.72411650485
2.13198058252
3.41621359223
4.72597087379
5.60472815534
5.33409708738
2.62219417476
2.90247572816
3.66001941748
1.84231067961
2.44166990291
1.30181553398
1.94395145631
0.761533980583
1.86509708738
3.27494174757
4.06644660194
2.58296116505
1.85545631068
2.08952427184
2.45687378641
1.93826213592
2.22332038835
1.23384466019
4.28969902913
1.7319223301
1.39466019417
2.88069902913
2.70747572816
3.33594174757
3.80495145631
1.98408737864
0.91745631068
0.679087378641
0.665281553398
1.29782524272
2.07084466019
4.23477669903
2.77744660194
3.9855631068
5.5937184466
4.17382524272
2.746
2.54429126214
4.01291262136
3.88833009709
5.967
5.33119417476
6.55785436893
3.27670873786
1.32255339806
1.01599029126
2.04184466019
2.01146601942
4.63168932039
5.41152427184
3.95862135922
4.56893203883
3.69752427184
1.76132038835
1.16569902913
2.22547572816
1.39615533981
2.48780582524
2.42725242718
1.35451456311
1.61708737864
2.22994174757
1.75773786408
2.7089223301
2.72031067961
0.993417475728
1.36717475728
0.848067961165
1.01090291262
1.84210679612
2.0800776699
2.64674757282
2.81740776699
1.4514368932
1.71694174757
0.956233009709
1.05537864078
1.76626213592
1.73203883495
1.44306796117
2.83955339806
1.05766019417
2.32763106796
3.14015533981
1.79996116505
2.21767961165
4.74542718447
2.67357281553
2.74746601942
2.60325242718
1.3616407767
2.40514563107
2.22197087379
3.30833009709
6.08247572816
4.65347572816
5.08973786408
6.10588349515
5.86960194175
5.0614368932
3.47367961165
4.94402912621
3.04568932039
3.17057281553
2.17762135922
3.129
4.35076699029
5.42941747573
3.09313592233
2.29210679612
3.87238834951
6.54588349515
4.65330097087
5.62183495146
3.6757184466
2.217
1.07426213592
1.87016504854
1.81180582524
2.8787184466
3.65078640777
2.98594174757
4.0195631068
3.24997087379
3.17661165049
2.17172815534
4.67119417476
4.9942038835
4.81309708738
4.93070873786
4.64033009709
5.05697087379
2.76308737864
1.81758252427
1.75338834951
4.41783495146
5.98275728155
4.44911650485
2.15991262136
1.65850485437
3.10068932039
4.46374757282
3.11321359223
3.38814563107
1.4335631068
2.23637864078
2.99676699029
3.11027184466
2.54412621359
2.06204854369
1.5779223301
1.81887378641
2.47878640777
1.83410679612
1.62406796117
1.726
1.69070873786
2.05940776699
3.13414563107
2.98636893204
2.19555339806
2.19061165049
2.8407961165
2.42666019417
1.88847572816
2.27722330097
2.30305825243
3.66598058252
2.92332038835
4.37640776699
3.59674757282
3.33314563107
4.61153398058
4.68539805825
2.22976699029
3.94563106796
1.77408737864
2.59837864078
1.86814563107
2.10153398058
2.4765631068
1.96350485437
1.95286407767
2.06165048544
2.21927184466
2.4257961165
2.55610679612
3.8225631068
2.43261165049
2.97242718447
2.69533009709
1.69033980583
1.95425242718
1.50401941748
3.42188349515
2.88621359223
1.92111650485
2.2409223301
1.7784368932
1.79995145631
1.64427184466
0.841504854369
1.65013592233
1.10044660194
2.4972815534
2.82048543689
2.24401941748
1.76818446602
2.14438834951
3.23005825243
3.0032815534
2.92237864078
3.60602912621
3.1780776699
1.23402912621
0.990941747573
1.98504854369
3.17566019417
1.96818446602
3.54376699029
4.86629126214
3.17857281553
1.88361165049
2.92466990291
3.8274368932
3.47485436893
5.80833009709
1.50329126214
1.88415533981
2.55570873786
1.63717475728
3.41433009709
2.5816407767
1.85932038835
1.43321359223
2.1187184466
1.80938834951
1.24382524272
1.83098058252
1.89791262136
1.93039805825
2.93869902913
2.72733009709
2.315
2.43430097087
3.3484368932
3.28100970874
2.11762135922
1.54166990291
0.849825242718
1.08629126214
1.10819417476
2.3973592233
2.98070873786
2.95222330097
3.15214563107
3.38377669903
3.90642718447
4.14612621359
3.51690291262
2.0344368932
2.77768932039
1.59837864078
1.60497087379
0.985359223301
2.07737864078
1.82370873786
2.83357281553
3.3965631068
4.55389320388
1.34473786408
3.10782524272
1.78355339806
2.67154368932
3.36238834951
1.20403883495
1.54951456311
1.35788349515
0.830514563107
0.678757281553
1.36199029126
1.04146601942
1.33433009709
1.68984466019
2.38142718447
3.18559223301
2.51872815534
1.21230097087
0.928621359223
2.3636407767
2.95161165049
4.00115533981
3.16583495146
3.02732038835
2.40115533981
1.87375728155
2.26344660194
2.426
1.24273786408
0.795796116505
0.753873786408
1.86062135922
1.57714563107
2.20042718447
3.21374757282
4.08941747573
4.1552815534
4.0753592233
2.26368932039
1.1127184466
1.5025631068
2.41538834951
2.12457281553
2.22931067961
2.52444660194
4.23523300971
2.33783495146
1.53453398058
5.39319417476
4.94489320388
4.74430097087
2.95370873786
5.53494174757
6.24469902913
4.69584466019
2.14975728155
0.864281553398
0.597495145631
0.892194174757
1.21084466019
2.64587378641
6.08930097087
5.93609708738
4.4535631068
2.91645631068
1.35139805825
1.01104854369
1.82778640777
0.886165048544
1.61294174757
4.00667961165
3.7097184466
2.61196116505
1.18094174757
2.38397087379
3.83157281553
4.09846601942
3.33545631068
4.26063106796
6.19598058252
5.01803883495
1.26521359223
2.00101941748
2.49983495146
2.18287378641
1.2947184466
3.39765048544
3.59761165049
3.73144660194
3.71326213592
3.95554368932
4.19158252427
4.12248543689
3.90634951456
4.45366019417
2.85475728155
2.30480582524
3.42627184466
4.01463106796
4.62132038835
3.44451456311
2.91550485437
2.14090291262
1.32868932039
1.21624271845
2.81796116505
3.20875728155
3.64601941748
2.33212621359
4.01301941748
3.01408737864
0.923116504854
2.24553398058
2.09589320388
3.5272038835
3.15504854369
4.16731067961
4.45583495146
5.52300970874
4.98647572816
3.00066019417
2.95655339806
4.52010679612
6.08240776699
5.64982524272
6.12616504854
6.22401941748
5.32695145631
3.50403883495
3.34086407767
1.95641747573
3.35099029126
3.91842718447
2.64617475728
4.36166019417
6.22304854369
6.25158252427
4.37918446602
5.20426213592
4.87261165049
3.36685436893
3.93319417476
3.4120776699
2.38348543689
3.76081553398
4.27787378641
4.23568932039
4.42588349515
4.04718446602
4.10873786408
3.78333980583
3.50019417476
5.71859223301
3.09429126214
2.8276407767
1.9294368932
1.01238834951
0.987834951456
2.62058252427
1.44481553398
3.31501941748
3.84793203883
3.78065048544
5.39562135922
4.74415533981
3.9409223301
2.71303883495
3.94367961165
4.69857281553
2.2013592233
1.76608737864
2.63553398058
1.79130097087
1.33142718447
1.55457281553
2.2595631068
1.46339805825
0.477796116505
2.72190291262
2.18952427184
1.48153398058
1.59681553398
1.46062135922
2.51395145631
2.85000970874
3.61813592233
5.78523300971
4.88542718447
5.93554368932
4.13184466019
5.89403883495
5.85002912621
5.06302912621
5.38638834951
4.61145631068
5.74658252427
2.124
2.20513592233
1.84282524272
1.38608737864
2.89366019417
4.78083495146
4.34618446602
5.34509708738
5.5936407767
4.13725242718
1.71558252427
2.02741747573
2.98761165049
3.44870873786
2.63021359223
2.83490291262
2.02012621359
1.6857961165
3.84544660194
3.74840776699
3.98976699029
2.64059223301
1.99870873786
1.80267961165
3.37022330097
2.479
2.94670873786
3.81955339806
3.49261165049
3.13384466019
3.27447572816
2.3366407767
2.57485436893
2.45530097087
2.03832038835
2.57427184466
3.18491262136
3.00830097087
3.28981553398
3.61051456311
2.86
2.78639805825
1.86877669903
3.1105631068
2.09521359223
2.27288349515
2.13003883495
1.26783495146
2.78131067961
2.50006796117
2.88185436893
2.05258252427
2.5173592233
2.70698058252
2.30999029126
2.32423300971
1.93899029126
2.03119417476
3.40396116505
1.5797961165
1.63500970874
1.27875728155
3.28958252427
2.89875728155
2.70746601942
5.14944660194
4.57303883495
2.44080582524
1.9673592233
2.78563106796
1.8797961165
2.9489223301
3.1666407767
4.31394174757
5.01204854369
3.20388349515
1.85489320388
1.63170873786
2.89234951456
3.49880582524
3.20433980583
2.13272815534
3.55174757282
2.33088349515
1.8097961165
2.06323300971
1.50104854369
2.03474757282
3.25621359223
2.41951456311
1.08840776699
0.877
2.29315533981
2.02029126214
2.93066019417
2.37911650485
2.34530097087
2.00057281553
2.57784466019
2.51124271845
2.53565048544
1.94916504854
2.19449514563
2.2762815534
1.3957961165
1.20451456311
1.91400970874
3.17924271845
2.18324271845
1.47166990291
1.38025242718
2.23823300971
2.86289320388
4.14530097087
3.55403883495
2.83261165049
1.65798058252
1.3372038835
3.28634951456
1.68533009709
3.12061165049
2.04149514563
2.62044660194
2.57131067961
2.11162135922
2.90375728155
1.82309708738
2.81391262136
2.29661165049
1.10702912621
1.58280582524
1.60638834951
1.54767961165
1.1599223301
1.61285436893
2.28245631068
2.78698058252
1.87746601942
1.78093203883
2.11001941748
2.8723592233
1.48387378641
1.93281553398
2.83666990291
1.46413592233
1.62274757282
3.9874368932
5.72768932039
2.74998058252
3.01244660194
3.90604854369
2.43725242718
3.04730097087
3.9713592233
4.05126213592
2.82385436893
2.12972815534
2.56909708738
2.57495145631
2.66786407767
1.7039223301
1.05741747573
1.0732038835
1.72110679612
2.49553398058
4.52672815534
3.48759223301
3.1394368932
4.12309708738
2.41711650485
1.16013592233
1.08315533981
2.31896116505
2.52215533981
2.02895145631
2.42605825243
2.86372815534
1.60689320388
0.646524271845
0.793174757282
1.63554368932
1.66022330097
1.80394174757
2.2403592233
1.24834951456
1.05741747573
1.06254368932
2.25333980583
2.1395631068
1.84589320388
1.79604854369
2.04878640777
1.69524271845
2.88622330097
1.29260194175
1.40154368932
0.959902912621
1.58816504854
2.34531067961
2.7242815534
4.15652427184
6.10959223301
5.66524271845
4.2364368932
4.2962038835
3.47198058252
4.41594174757
3.81737864078
2.69306796117
4.61361165049
3.01185436893
2.20870873786
4.19651456311
4.03321359223
3.4475631068
1.04124271845
2.29694174757
3.90031067961
3.52288349515
3.3542038835
4.27375728155
2.94138834951
4.01013592233
3.44866990291
1.89266019417
1.82432038835
2.32855339806
2.53158252427
1.97925242718
2.30091262136
5.10705825243
6.10500970874
4.44813592233
2.50487378641
3.80224271845
3.9362815534
5.53233009709
4.90683495146
4.59967961165
2.45227184466
1.23900970874
1.06312621359
2.38024271845
4.48576699029
3.68938834951
4.2433592233
4.58172815534
4.78080582524
3.20154368932
2.04970873786
2.34388349515
2.15490291262
1.74554368932
1.73008737864
2.71075728155
3.87878640777
2.19931067961
3.55536893204
5.69866990291
4.35327184466
5.3596407767
7.37611650485
3.74460194175
3.83754368932
3.07659223301
2.50501941748
1.90813592233
3.90521359223
3.03566990291
3.46404854369
4.24272815534
6.14518446602
5.18338834951
5.44096116505
2.69973786408
4.46125242718
2.28119417476
3.11719417476
5.33938834951
3.63219417476
2.51767961165
3.02417475728
3.26572815534
4.7263592233
3.30768932039
2.82581553398
3.00760194175
6.73730097087
7.92482524272
4.68146601942
3.11668932039
3.57822330097
2.61723300971
1.89147572816
1.78037864078
1.81933980583
2.89783495146
2.00638834951
3.11229126214
3.48882524272
1.54960194175
3.02432038835
3.01146601942
1.24823300971
1.09296116505
1.65033980583
1.55036893204
2.09784466019
1.431
2.03621359223
5.3599223301
3.76267961165
3.29349514563
2.03524271845
3.04086407767
1.69609708738
1.42186407767
1.87618446602
2.17701941748
3.32800970874
1.94955339806
1.61069902913
2.71025242718
3.08465048544
6.38409708738
3.90726213592
1.66837864078
2.51618446602
1.88425242718
2.41133980583
1.55841747573
3.48848543689
2.01242718447
2.30439805825
3.99689320388
3.38699029126
1.13846601942
0.81254368932
1.68840776699
2.63836893204
3.41610679612
4.5375631068
3.83490291262
4.21262135922
3.33623300971
2.90936893204
3.20431067961
3.04480582524
3.93227184466
3.55029126214
4.77188349515
3.23408737864
3.14466990291
3.45476699029
2.81925242718
3.4137961165
3.31057281553
2.52983495146
3.10696116505
6.23532038835
6.33855339806
3.21084466019
2.16798058252
1.43698058252
1.64094174757
2.2632815534
4.49425242718
3.83252427184
3.17282524272
2.68660194175
2.73482524272
2.8779223301
1.23367961165
2.14408737864
3.53739805825
2.45217475728
1.24652427184
1.32234951456
1.51329126214
1.52380582524
1.46484466019
1.13962135922
1.47193203883
3.87113592233
3.23803883495
1.88538834951
1.32948543689
1.10913592233
1.53650485437
2.61816504854
3.266
2.22737864078
2.34757281553
2.03900970874
2.0920776699
2.54830097087
2.51480582524
3.80960194175
4.21203883495
4.16168932039
2.90342718447
2.32067961165
2.30019417476
3.21906796117
3.52038834951
5.16616504854
2.67947572816
4.10723300971
4.11073786408
2.89830097087
1.78673786408
1.63966019417
2.1865631068
3.4775631068
2.43001941748
1.55712621359
1.54767961165
1.89978640777
1.99521359223
1.35425242718
2.87265048544
2.60987378641
1.96952427184
1.95258252427
1.74597087379
2.51155339806
1.73181553398
2.43218446602
2.67668932039
2.735
3.90439805825
4.22838834951
5.83882524272
3.11236893204
2.49370873786
2.87945631068
1.28970873786
1.71348543689
2.22810679612
3.0983592233
2.78070873786
2.95004854369
2.82422330097
2.41083495146
1.45658252427
1.91762135922
2.10449514563
2.74044660194
2.27495145631
2.22286407767
2.29011650485
2.98621359223
1.79740776699
1.55476699029
1.88266019417
2.11076699029
2.79663106796
3.14077669903
3.1609223301
2.98198058252
2.40990291262
1.77231067961
1.63955339806
2.58791262136
2.10710679612
3.10397087379
2.83741747573
1.75055339806
2.42700970874
2.7133592233
1.58438834951
3.8557961165
2.56655339806
2.57491262136
2.84765048544
2.75462135922
1.63033009709
1.92161165049
2.16732038835
2.48754368932
2.92163106796
4.36863106796
2.76022330097
2.51065048544
1.97110679612
3.13250485437
4.16014563107
2.66889320388
2.59883495146
2.68753398058
3.23118446602
2.47858252427
2.61711650485
2.91336893204
1.84402912621
2.51073786408
1.01013592233
1.31321359223
1.80736893204
2.43244660194
2.79426213592
1.62669902913
1.65844660194
1.35497087379
1.9187184466
1.01285436893
1.59739805825
1.76032038835
1.9514368932
2.24363106796
4.14215533981
5.31783495146
3.51239805825
3.04170873786
2.31503883495
1.31329126214
1.97576699029
2.00217475728
1.67184466019
0.664757281553
1.36725242718
1.93741747573
2.88461165049
3.59701941748
1.90421359223
2.04762135922
3.32431067961
3.0193592233
4.9777961165
3.68251456311
3.79652427184
2.19176699029
0.919922330097
1.799
1.67021359223
1.09636893204
2.8846407767
2.09906796117
2.13227184466
2.44825242718
3.17906796117
2.58939805825
1.46753398058
2.40132038835
1.64140776699
1.36276699029
2.93246601942
3.23598058252
3.59911650485
2.84498058252
1.99958252427
2.08741747573
4.06293203883
4.64027184466
7.03250485437
4.34780582524
2.5845631068
2.38114563107
3.21024271845
3.41533980583
3.23596116505
5.48509708738
3.91304854369
1.938
1.4672038835
2.50478640777
2.39541747573
1.96555339806
0.837359223301
2.58549514563
1.60352427184
1.13760194175
3.28530097087
3.18959223301
1.87324271845
1.43986407767
1.13495145631
1.69688349515
2.17433009709
2.43269902913
2.3347961165
1.75370873786
1.12072815534
1.25308737864
1.59612621359
2.42625242718
1.84846601942
1.98480582524
3.8203592233
6.29900970874
4.9062815534
4.02366990291
4.40959223301
4.95813592233
4.18216504854
2.63741747573
4.28125242718
3.9599223301
2.7810776699
2.56242718447
2.39359223301
5.50187378641
3.68330097087
1.85095145631
1.06534951456
1.17334951456
0.745029126214
2.15933980583
4.18198058252
5.00702912621
3.9844368932
2.44496116505
1.67076699029
2.18114563107
2.73727184466
1.27
1.64945631068
2.83137864078
2.66265048544
1.05753398058
2.40984466019
1.68704854369
2.52637864078
3.07783495146
3.04102912621
4.25908737864
3.17040776699
3.20705825243
2.78386407767
2.41777669903
1.26606796117
2.07750485437
3.07894174757
3.31587378641
4.28236893204
4.07840776699
4.79793203883
3.5964368932
2.72818446602
4.90896116505
7.87947572816
6.84840776699
6.45539805825
4.67972815534
5.24599029126
5.40549514563
2.24744660194
2.90305825243
2.82706796117
2.87018446602
2.08676699029
2.59000970874
1.93104854369
2.75630097087
2.1880776699
1.85049514563
1.80469902913
2.65313592233
3.34248543689
2.22619417476
3.6907961165
3.64066019417
3.92626213592
4.26940776699
5.32201941748
2.59760194175
2.38773786408
3.82432038835
3.16938834951
3.43034951456
5.41836893204
6.75718446602
5.36012621359
5.55200970874
4.17129126214
4.88177669903
2.76555339806
5.32459223301
5.69538834951
7.03213592233
5.10585436893
2.33160194175
2.24730097087
2.45900970874
2.37016504854
3.02088349515
4.22405825243
2.90051456311
4.36014563107
2.48258252427
2.41215533981
2.67542718447
3.82576699029
3.7162038835
4.44082524272
3.96119417476
4.40354368932
4.22316504854
4.58726213592
3.68076699029
2.78932038835
4.59802912621
3.27865048544
2.82641747573
4.1249223301
4.20191262136
3.79444660194
1.68939805825
3.14593203883
3.48651456311
3.95827184466
2.17752427184
1.25398058252
3.82215533981
4.97794174757
3.78174757282
2.25102912621
3.08214563107
3.23636893204
1.57866019417
2.8042815534
3.10203883495
4.21655339806
3.83363106796
3.67927184466
4.26454368932
2.90113592233
3.30485436893
2.21154368932
3.05004854369
2.71661165049
1.6742038835
1.77701941748
4.73976699029
4.60400970874
5.33246601942
3.63115533981
2.20950485437
1.95512621359
2.81931067961
2.45452427184
1.93473786408
4.08821359223
1.48349514563
2.47629126214
2.58840776699
2.03729126214
1.73104854369
1.86983495146
2.66022330097
3.0327961165
2.77532038835
4.1694368932
2.6889223301
2.7542815534
2.82038834951
3.61367961165
2.26560194175
1.61316504854
1.25380582524
1.85158252427
2.83966019417
3.54089320388
3.66872815534
2.03268932039
2.70221359223
4.34401941748
4.52818446602
2.6386407767
3.51144660194
4.69559223301
5.47487378641
5.42258252427
5.1393592233
4.78354368932
2.4242038835
2.17066019417
2.52223300971
2.27233009709
2.96768932039
1.96103883495
2.07089320388
2.98183495146
1.79232038835
1.82821359223
2.85604854369
2.73065048544
2.19460194175
3.6392815534
3.50119417476
3.89417475728
2.83153398058
2.87086407767
3.49944660194
2.46000970874
2.03249514563
3.38429126214
1.61058252427
1.69884466019
1.1237961165
1.11609708738
2.87070873786
4.24084466019
2.28753398058
1.85293203883
2.0673592233
2.80044660194
2.6565631068
2.33468932039
2.76972815534
1.88909708738
1.6792038835
2.45096116505
2.14352427184
1.83491262136
1.25000970874
1.48888349515
1.31800970874
1.08663106796
1.96923300971
2.44267961165
3.32151456311
3.57723300971
4.55417475728
4.05883495146
4.38086407767
3.53140776699
3.06640776699
2.64293203883
3.02581553398
2.30559223301
2.91806796117
1.36654368932
2.23339805825
3.58866019417
3.31754368932
3.93387378641
3.5853592233
2.79540776699
1.84130097087
1.83716504854
1.74438834951
3.5080776699
2.92261165049
3.02597087379
3.02923300971
2.75474757282
1.9097961165
2.00721359223
2.87015533981
2.91751456311
2.03378640777
1.23795145631
1.47626213592
2.35090291262
1.39910679612
2.2954368932
1.16704854369
1.18315533981
1.56957281553
1.78126213592
1.02426213592
2.19717475728
3.02466990291
2.88636893204
1.88238834951
2.53823300971
1.86624271845
1.3857961165
1.20723300971
3.08639805825
3.73229126214
4.06185436893
2.63990291262
1.90985436893
3.0997961165
3.33612621359
3.57039805825
2.14281553398
3.24947572816
2.40255339806
2.21633980583
2.27866990291
3.1939223301
3.79816504854
3.61309708738
2.35259223301
2.30782524272
1.82880582524
1.74060194175
2.31723300971
1.18073786408
1.28163106796
2.20726213592
3.5127961165
3.8063592233
2.25422330097
2.399
1.95272815534
2.31084466019
2.65425242718
1.59442718447
1.06166019417
1.14034951456
1.96285436893
4.77915533981
6.36014563107
4.01517475728
4.60417475728
3.75034951456
4.69476699029
3.42912621359
1.56324271845
2.78800970874
2.63553398058
1.31266019417
1.31330097087
2.92302912621
5.62991262136
6.0375631068
6.42431067961
6.6674368932
4.00911650485
2.61982524272
1.30181553398
1.68846601942
2.6535631068
2.30172815534
3.05955339806
2.07388349515
1.90387378641
3.22974757282
2.08562135922
1.39513592233
0.844533980583
1.30116504854
1.81110679612
1.62801941748
3.00840776699
3.58440776699
2.40961165049
2.48962135922
1.24103883495
2.29580582524
2.54834951456
2.74267961165
2.03650485437
3.2284368932
2.24022330097
1.25297087379
1.20642718447
2.58058252427
2.21493203883
2.02391262136
2.37634951456
2.27352427184
3.53002912621
3.58390291262
3.29582524272
1.34624271845
2.42318446602
3.70821359223
2.30137864078
2.37717475728
4.23547572816
2.74949514563
3.09518446602
2.71030097087
2.69074757282
1.53338834951
1.81986407767
4.15991262136
4.60137864078
2.30606796117
2.8755631068
3.86289320388
1.97669902913
4.59333980583
4.70553398058
3.84127184466
3.84937864078
2.45115533981
2.4047184466
3.101
3.29006796117
4.07129126214
2.61746601942
3.85546601942
1.68765048544
1.74447572816
3.14906796117
3.70058252427
4.95925242718
3.04696116505
3.82894174757
3.89052427184
4.98973786408
5.09030097087
2.06785436893
2.57918446602
3.44040776699
1.72021359223
1.75305825243
2.56641747573
2.19645631068
1.636
1.39366019417
2.57944660194
3.8635631068
3.41600970874
2.27301941748
2.34996116505
2.5506407767
3.54100970874
3.93576699029
1.91124271845
4.24146601942
3.36089320388
3.65649514563
4.21694174757
2.88694174757
3.47567961165
1.65421359223
1.67714563107
2.83555339806
3.98852427184
1.76753398058
2.36324271845
2.35734951456
2.93626213592
1.76447572816
2.21283495146
3.46413592233
2.84612621359
3.40680582524
2.1860776699
2.7363592233
2.66206796117
3.55261165049
3.97539805825
4.41130097087
3.99163106796
2.79519417476
1.61572815534
1.51932038835
3.44100970874
3.22847572816
3.99388349515
3.6277961165
4.57536893204
5.14994174757
3.1506407767
2.14790291262
4.68465048544
4.66447572816
3.73502912621
1.10190291262
2.17191262136
2.95451456311
1.80217475728
4.7002038835
5.60878640777
5.06077669903
3.91282524272
6.15336893204
4.16229126214
2.16093203883
2.549
2.38530097087
2.06833009709
1.90234951456
3.00209708738
2.39531067961
2.77401941748
2.42532038835
2.62651456311
4.3103592233
4.06229126214
4.95163106796
2.44011650485
3.85248543689
1.36547572816
3.20363106796
2.45752427184
4.07465048544
4.74734951456
5.04293203883
6.98508737864
3.86736893204
1.57866019417
2.44765048544
2.74312621359
1.94634951456
2.50801941748
1.23086407767
3.66100970874
4.36206796117
5.33244660194
6.84414563107
5.65721359223
4.60999029126
3.85699029126
2.13773786408
2.14884466019
1.85859223301
4.43277669903
2.3442038835
2.26415533981
2.5595631068
2.13178640777
2.30278640777
3.96660194175
1.56783495146
2.67536893204
2.04191262136
1.91990291262
2.9187961165
2.42161165049
2.57539805825
2.15339805825
3.21783495146
1.84690291262
2.96789320388
2.1517961165
1.54437864078
1.65852427184
1.12740776699
1.91647572816
2.02432038835
1.61588349515
4.72636893204
2.22380582524
1.2425631068
2.7630776699
1.88987378641
2.45691262136
3.91359223301
3.16425242718
1.47214563107
1.64701941748
1.59999029126
1.96103883495
3.17178640777
1.74526213592
2.48534951456
3.76162135922
4.9247184466
3.80568932039
3.07667961165
2.62223300971
1.26969902913
3.09946601942
2.22982524272
1.50087378641
2.35090291262
2.07160194175
1.55160194175
2.59245631068
1.97162135922
2.13811650485
2.246
1.89722330097
2.56691262136
2.05312621359
1.86737864078
1.56486407767
1.91030097087
3.28002912621
3.27621359223
2.49936893204
1.80887378641
1.6507961165
2.43388349515
2.47932038835
2.87050485437
2.23224271845
1.45145631068
1.46674757282
2.34369902913
1.32993203883
1.46204854369
1.52255339806
3.39704854369
2.73603883495
3.32630097087
2.0503592233
2.02689320388
2.29484466019
3.23110679612
4.38558252427
3.58780582524
2.63987378641
2.57224271845
1.88047572816
2.3436407767
1.9246407767
2.13561165049
1.80527184466
2.2380776699
3.24461165049
2.78224271845
3.18702912621
2.47701941748
3.53881553398
2.10776699029
1.92237864078
1.41631067961
1.81440776699
1.41329126214
1.63306796117
1.16433980583
1.31331067961
2.13694174757
1.158
1.68638834951
3.24766019417
3.70457281553
2.70366019417
2.74822330097
2.2203592233
2.22332038835
1.17536893204
1.35150485437
2.0294368932
1.06597087379
1.16851456311
2.35825242718
3.90151456311
3.23390291262
1.81323300971
2.66604854369
3.3296407767
2.55637864078
2.34746601942
1.50421359223
2.2902038835
1.45327184466
1.44195145631
1.78375728155
2.39451456311
2.64178640777
2.80347572816
1.24039805825
3.72999029126
4.26361165049
2.86763106796
1.39167961165
0.975116504854
1.50427184466
1.50950485437
1.85102912621
1.72553398058
1.02160194175
1.1189223301
1.40905825243
2.67533980583
3.45386407767
2.25126213592
3.69254368932
2.90023300971
1.97255339806
3.31440776699
2.93959223301
3.26673786408
2.60840776699
2.29621359223
2.17144660194
1.54489320388
1.33234951456
1.60044660194
1.62445631068
1.39924271845
1.48781553398
1.79441747573
1.96199029126
2.00881553398
2.14708737864
2.35277669903
2.29122330097
3.07360194175
2.69432038835
0.814242718447
1.48240776699
2.48366019417
3.0492815534
2.30452427184
1.50547572816
2.51244660194
2.84959223301
3.19106796117
4.31694174757
3.5003592233
2.42324271845
2.7476407767
2.1283592233
1.41624271845
1.75384466019
3.66560194175
5.28312621359
3.64861165049
2.82219417476
2.61244660194
2.44215533981
2.4254368932
1.8969223301
3.70851456311
5.12584466019
5.41066990291
2.76749514563
1.8574368932
2.12617475728
1.80341747573
3.09877669903
3.3830776699
2.67932038835
2.12048543689
2.91524271845
3.37593203883
3.46517475728
2.12432038835
0.981281553398
1.06954368932
2.3247184466
2.6287184466
3.10121359223
4.15650485437
2.97823300971
1.55300970874
1.62016504854
0.950834951456
2.55052427184
2.10782524272
2.71719417476
2.20210679612
3.83805825243
3.09038834951
2.19078640777
1.03976699029
1.84002912621
1.0897184466
0.903757281553
0.707106796117
0.978572815534
1.39584466019
2.0502038835
2.04984466019
1.35772815534
1.94648543689
1.50530097087
2.92425242718
3.63725242718
4.61952427184
6.16290291262
4.55850485437
3.23838834951
6.00286407767
5.026
5.44152427184
4.62438834951
6.48748543689
3.97052427184
4.49181553398
3.2483592233
2.54653398058
1.54884466019
2.55896116505
1.99119417476
2.44461165049
1.86009708738
1.81012621359
