1.8703164557
2.08525316456
0.840481012658
0.681518987342
0.660772151899
2.29224050633
3.21369620253
1.78832911392
3.71578481013
4.17663291139
3.60821518987
2.74229113924
2.25301265823
1.84518987342
1.87458227848
1.67407594937
3.68953164557
4.79049367089
4.63472151899
2.46393670886
1.68749367089
2.20939240506
3.52824050633
2.57436708861
2.40537974684
1.76072151899
2.68573417722
2.26587341772
1.62502531646
2.9184556962
3.99927848101
3.5385443038
2.98584810127
2.24846835443
2.58492405063
1.01613924051
1.67648101266
3.25641772152
1.61856962025
4.54408860759
5.07891139241
2.11917721519
0.691126582278
2.42687341772
5.90394936709
6.60672151899
6.06194936709
1.24786075949
2.85750632911
3.24737974684
1.43808860759
1.13830379747
1.88991139241
2.15449367089
1.33667088608
1.11444303797
1.89524050633
1.44175949367
2.76259493671
4.1813164557
3.22963291139
3.01894936709
1.47798734177
1.36010126582
3.36860759494
2.71101265823
5.50070886076
3.27586075949
1.53189873418
3.72370886076
3.10987341772
3.50494936709
4.95156962025
2.70379746835
3.6027721519
3.1434556962
2.30297468354
2.44198734177
3.88232911392
4.24553164557
3.33701265823
1.34887341772
2.47340506329
4.16216455696
4.78586075949
4.51083544304
2.22321518987
3.09213924051
2.47202531646
2.3303164557
3.30811392405
3.49439240506
1.64053164557
1.37821518987
1.00256962025
2.67675949367
1.85983544304
3.08692405063
2.56286075949
3.43888607595
2.01287341772
1.19926582278
2.54596202532
2.21344303797
1.78437974684
2.6712278481
2.80513924051
1.37570886076
2.30151898734
2.63263291139
2.71711392405
4.2573164557
4.53381012658
2.17581012658
1.35815189873
2.37073417722
1.9617721519
3.38093670886
3.81102531646
3.32759493671
6.48594936709
3.92259493671
2.35572151899
1.97373417722
2.58072151899
2.0145443038
1.68539240506
1.47444303797
2.92169620253
1.88936708861
2.05921518987
1.45503797468
1.15069620253
1.24744303797
2.33315189873
3.47888607595
1.94050632911
1.54418987342
4.63703797468
4.23669620253
2.06556962025
2.4543164557
2.377
3.77201265823
2.72608860759
2.19782278481
2.77059493671
1.92898734177
2.06489873418
1.33637974684
2.37249367089
2.79098734177
3.21506329114
2.01639240506
1.45902531646
1.50643037975
1.32456962025
2.95088607595
2.34679746835
2.02088607595
2.47079746835
2.11518987342
3.51393670886
3.32721518987
2.61026582278
2.102
3.52258227848
2.36644303797
2.01841772152
2.137
1.30336708861
1.4877721519
1.61525316456
2.97479746835
2.54920253165
1.76993670886
2.00740506329
1.56241772152
2.50340506329
2.8685443038
2.21537974684
1.93327848101
1.49713924051
2.09788607595
1.50665822785
2.11729113924
2.57865822785
3.1805443038
2.83178481013
2.18181012658
1.2643164557
2.28284810127
1.6202278481
2.16549367089
2.08294936709
2.20391139241
2.25443037975
3.16389873418
3.02518987342
2.99683544304
3.85717721519
3.41537974684
2.55273417722
2.56591139241
2.32051898734
1.68281012658
1.43862025316
0.992379746835
2.31510126582
3.13511392405
2.78065822785
3.57883544304
3.60727848101
2.09164556962
1.669
1.20087341772
1.35160759494
1.31316455696
2.9466835443
2.88753164557
3.01602531646
1.59615189873
1.6324556962
1.40691139241
2.53908860759
2.41408860759
3.03560759494
2.0743164557
2.02291139241
1.54240506329
1.72256962025
2.65073417722
2.10996202532
1.77637974684
2.64950632911
2.70397468354
1.72912658228
3.17718987342
2.14010126582
1.43198734177
1.20479746835
1.5345443038
1.25392405063
2.20117721519
3.21525316456
2.24829113924
1.32949367089
1.86479746835
1.10489873418
1.32449367089
1.01927848101
1.34744303797
2.3113164557
1.34015189873
2.04717721519
1.774
3.09713924051
1.56050632911
2.34275949367
3.50726582278
3.32835443038
2.06486075949
1.4522278481
2.6574556962
2.12107594937
1.78281012658
1.23862025316
1.94464556962
1.73020253165
2.91097468354
2.84673417722
2.40137974684
2.1333164557
3.96313924051
2.32559493671
1.21370886076
1.45708860759
3.87146835443
1.50416455696
1.03637974684
0.982582278481
1.22353164557
0.781835443038
2.48573417722
1.34069620253
2.28278481013
2.68440506329
0.788037974684
1.64843037975
2.87311392405
2.27924050633
1.26436708861
2.24929113924
3.7077721519
4.62759493671
3.42346835443
4.35303797468
5.03393670886
4.45467088608
2.40175949367
1.33020253165
1.08412658228
2.25172151899
1.78406329114
1.49893670886
1.13278481013
4.32970886076
4.36718987342
3.96597468354
2.71037974684
3.92511392405
2.90001265823
1.41518987342
2.47262025316
3.63325316456
1.34973417722
1.75492405063
1.61037974684
2.05405063291
1.02997468354
1.80170886076
2.11072151899
2.2395443038
1.76886075949
1.06975949367
1.86064556962
2.47748101266
2.94917721519
4.31148101266
1.70235443038
2.43889873418
2.21235443038
3.30611392405
3.98644303797
3.56611392405
2.50320253165
2.96896202532
4.10626582278
2.00226582278
2.68102531646
2.75874683544
3.23906329114
5.32210126582
5.4264556962
2.25740506329
1.9302278481
3.45989873418
5.63727848101
5.76586075949
4.84321518987
5.85716455696
2.65213924051
1.90840506329
3.5093164557
6.50243037975
3.64616455696
2.05673417722
2.34094936709
1.38074683544
2.05048101266
4.06487341772
4.56718987342
3.91221518987
2.68021518987
3.11483544304
2.48351898734
1.55482278481
2.54906329114
1.61725316456
1.80411392405
0.872316455696
1.9932278481
2.70196202532
3.37048101266
3.74193670886
5.41175949367
3.17470886076
1.50115189873
2.24940506329
4.58989873418
3.9665443038
2.75873417722
0.816772151899
1.78560759494
2.08803797468
3.15612658228
2.79581012658
1.28140506329
2.29174683544
2.32832911392
2.58806329114
0.984050632911
2.04279746835
4.02811392405
4.88244303797
4.31359493671
3.51832911392
3.96465822785
2.91388607595
3.74702531646
3.02967088608
1.88575949367
2.41239240506
1.69551898734
1.78601265823
2.18393670886
1.74125316456
1.03989873418
1.16494936709
1.26179746835
1.37916455696
1.48712658228
1.88948101266
3.12449367089
2.48011392405
2.09591139241
1.34127848101
1.16826582278
1.87993670886
0.57817721519
1.9325443038
3.34360759494
2.15326582278
2.36667088608
2.55960759494
2.98508860759
3.76439240506
2.17487341772
1.86969620253
2.68910126582
3.7942278481
1.40703797468
2.51698734177
1.23693670886
1.68603797468
2.47824050633
2.63960759494
5.14226582278
3.87008860759
2.13688607595
2.15875949367
5.68882278481
6.39225316456
6.59981012658
4.35482278481
2.56235443038
4.25846835443
2.77493670886
1.6725443038
1.82259493671
1.89584810127
3.89563291139
5.50636708861
4.25230379747
1.9437721519
2.49162025316
5.11737974684
4.22508860759
3.79369620253
3.02311392405
2.46586075949
2.15603797468
3.19074683544
2.93239240506
2.33569620253
1.47681012658
1.9327721519
1.78584810127
1.25967088608
1.63721518987
1.80034177215
1.98394936709
3.77735443038
5.46146835443
3.61393670886
2.22015189873
2.36060759494
4.11611392405
5.50008860759
2.34653164557
2.40144303797
2.00149367089
2.9455443038
1.62808860759
4.26601265823
5.55162025316
5.49227848101
5.71941772152
5.37240506329
4.60944303797
3.03730379747
2.21155696203
1.51794936709
3.37183544304
3.00474683544
3.84126582278
4.2855443038
6.1953164557
6.11497468354
4.709
3.36797468354
2.21643037975
2.56693670886
2.1586835443
1.77616455696
2.89017721519
4.62225316456
2.60748101266
2.27027848101
1.96906329114
1.30740506329
1.84173417722
1.38067088608
1.54315189873
2.39873417722
1.8473164557
1.73039240506
3.08832911392
2.85087341772
2.49921518987
1.69759493671
1.70996202532
1.31289873418
1.46617721519
2.05205063291
1.64469620253
2.58512658228
1.53027848101
1.33029113924
2.44416455696
3.12536708861
3.03279746835
2.44196202532
2.88950632911
3.41858227848
4.43079746835
2.93148101266
2.38688607595
3.041
3.45796202532
3.0983164557
1.79188607595
2.43560759494
2.97443037975
2.96915189873
3.50730379747
2.77060759494
1.89025316456
2.67656962025
1.84765822785
2.0005443038
1.96581012658
2.92898734177
3.02548101266
3.33965822785
3.22829113924
2.15087341772
2.56289873418
2.97096202532
2.35521518987
1.34351898734
3.09778481013
3.10548101266
3.99591139241
3.47487341772
3.43611392405
4.21202531646
2.4213164557
1.51589873418
1.51187341772
2.26520253165
2.75240506329
2.00851898734
2.08662025316
3.28546835443
2.06418987342
1.44487341772
1.37474683544
1.42960759494
1.82915189873
2.2426835443
3.38021518987
3.34792405063
1.90508860759
1.87384810127
1.46653164557
1.16230379747
1.54343037975
3.22117721519
2.38648101266
1.66782278481
2.71988607595
1.73162025316
1.40470886076
1.27816455696
1.35883544304
3.76475949367
5.17720253165
3.41865822785
2.89562025316
2.75520253165
2.05486075949
1.76321518987
1.06749367089
1.46350632911
2.77424050633
3.96550632911
3.62498734177
2.58856962025
1.2957721519
2.03855696203
2.07364556962
2.28384810127
2.37793670886
1.52639240506
2.034
2.39394936709
3.93188607595
4.1703164557
3.6846835443
3.99712658228
4.94415189873
3.32753164557
1.48937974684
1.87463291139
1.06535443038
1.22121518987
0.862810126582
0.893202531646
1.36356962025
1.11715189873
1.03010126582
1.18218987342
1.36994936709
1.15897468354
0.921708860759
2.11017721519
2.52915189873
1.85135443038
2.7286835443
1.19567088608
1.67470886076
2.12273417722
3.03869620253
5.23149367089
4.74564556962
2.66802531646
2.18434177215
3.88408860759
3.25486075949
2.99353164557
1.54694936709
1.30117721519
1.96672151899
2.44188607595
2.1595443038
2.68253164557
2.10081012658
2.63106329114
1.94435443038
2.80586075949
3.76110126582
2.05927848101
1.93408860759
3.19437974684
3.06116455696
5.55624050633
3.13093670886
3.23351898734
5.13794936709
6.05392405063
5.06778481013
4.88567088608
6.50451898734
6.25918987342
1.24332911392
0.84946835443
1.55611392405
1.63726582278
2.69202531646
2.53421518987
2.35903797468
3.69292405063
4.61453164557
5.20929113924
4.32396202532
5.95610126582
3.91525316456
2.39534177215
3.10846835443
3.49984810127
3.64434177215
2.88003797468
2.93149367089
1.96613924051
2.23748101266
2.68915189873
2.12837974684
4.824
2.55487341772
3.74978481013
3.59805063291
2.15711392405
2.14813924051
3.13739240506
1.38236708861
2.24473417722
4.38579746835
4.79429113924
4.5832278481
3.22778481013
5.12659493671
5.49653164557
5.59339240506
3.67436708861
3.36829113924
3.34793670886
2.22537974684
2.14453164557
3.09724050633
2.85155696203
4.21169620253
3.96846835443
4.34969620253
2.89487341772
1.76992405063
2.51702531646
3.44708860759
3.43149367089
4.99370886076
6.16724050633
4.9592278481
7.31959493671
4.60402531646
4.52313924051
2.11159493671
1.75084810127
1.39036708861
3.75692405063
2.38203797468
2.74946835443
3.56339240506
2.39353164557
6.36229113924
4.23502531646
4.2857721519
3.88374683544
1.95743037975
3.47721518987
3.58826582278
1.6334556962
0.859569620253
1.30702531646
2.29408860759
3.11407594937
1.91064556962
0.98917721519
1.20996202532
1.5235443038
1.3073164557
1.7927721519
2.58215189873
2.98546835443
6.07537974684
3.28825316456
3.58206329114
3.34181012658
3.84315189873
4.63417721519
2.36953164557
6.16425316456
3.20507594937
1.52808860759
1.30788607595
1.0374556962
1.05530379747
1.27511392405
1.62070886076
3.65326582278
2.93284810127
1.96330379747
1.61396202532
1.7197721519
1.89206329114
1.73679746835
2.5655443038
4.30984810127
3.49818987342
4.09640506329
1.81762025316
1.74479746835
1.7572278481
2.5854556962
2.21017721519
2.31462025316
4.91053164557
5.21960759494
5.50805063291
2.73897468354
6.21181012658
4.44529113924
3.74540506329
4.7134556962
2.81972151899
1.66972151899
2.12560759494
2.56337974684
5.3765443038
3.89326582278
3.79253164557
5.71546835443
3.43989873418
5.27443037975
3.47783544304
3.71027848101
2.48994936709
3.69069620253
3.58348101266
1.42748101266
3.44317721519
2.74807594937
2.47424050633
1.57781012658
2.23479746835
1.86470886076
2.63006329114
1.45683544304
1.37910126582
1.7093164557
1.07402531646
2.37236708861
1.15669620253
2.40460759494
3.73983544304
1.87005063291
4.16124050633
4.46329113924
2.57684810127
2.91017721519
2.91863291139
3.35335443038
3.39992405063
1.64439240506
3.08596202532
2.78486075949
4.63912658228
3.28793670886
3.49410126582
3.33770886076
4.44230379747
3.31779746835
2.95305063291
1.86413924051
3.01369620253
2.96565822785
2.14934177215
2.58294936709
1.57918987342
1.82891139241
3.83369620253
4.79989873418
2.04643037975
1.94621518987
1.99017721519
1.33421518987
1.96710126582
2.30918987342
1.72530379747
1.53217721519
1.89427848101
2.19415189873
1.95873417722
2.08898734177
2.61664556962
2.39534177215
1.44243037975
2.57083544304
2.64956962025
1.39951898734
1.33946835443
1.31030379747
1.63621518987
1.39120253165
2.79672151899
2.34749367089
3.41216455696
2.42681012658
1.93898734177
2.93244303797
3.56450632911
3.58475949367
2.71392405063
2.89130379747
1.80187341772
3.69783544304
3.56929113924
4.2044556962
2.92505063291
2.94313924051
2.49558227848
1.80294936709
2.52149367089
2.87770886076
1.97650632911
2.14972151899
1.47286075949
1.32626582278
2.08384810127
2.04481012658
6.17308860759
5.00051898734
3.53973417722
1.92825316456
2.86518987342
2.7046835443
1.5847721519
1.79091139241
0.98746835443
1.97006329114
1.75167088608
1.102
1.43986075949
2.62484810127
1.88691139241
2.54234177215
1.97850632911
2.42032911392
3.34208860759
1.70930379747
2.42324050633
1.67229113924
2.78570886076
2.67265822785
2.42330379747
3.05481012658
3.28587341772
3.07737974684
3.22606329114
2.02950632911
1.92381012658
2.13296202532
1.46410126582
2.1566835443
1.59836708861
1.29113924051
1.61824050633
1.55608860759
1.43444303797
1.3604556962
1.43794936709
1.47969620253
1.64805063291
1.42821518987
1.40358227848
1.00115189873
1.03162025316
0.840481012658
2.04282278481
2.46434177215
2.06384810127
2.03002531646
4.27636708861
3.23682278481
2.82805063291
2.40421518987
2.38325316456
1.75505063291
2.17107594937
3.14340506329
1.93113924051
1.25630379747
1.0633164557
0.984481012658
1.74372151899
2.13973417722
2.21088607595
2.28950632911
1.56139240506
0.529860759494
1.22864556962
1.34182278481
1.21286075949
1.43979746835
1.19362025316
1.0354556962
3.03755696203
2.15967088608
2.57511392405
1.91994936709
1.24588607595
2.13053164557
2.37560759494
3.87202531646
3.21360759494
2.28598734177
2.01846835443
1.21797468354
2.34127848101
1.53426582278
1.72793670886
1.39002531646
2.21394936709
0.984126582278
1.58789873418
1.32
4.13632911392
6.14793670886
2.82462025316
2.51260759494
5.28824050633
3.52149367089
2.75720253165
5.23344303797
4.15655696203
2.80267088608
4.5183164557
2.95732911392
2.27697468354
0.936113924051
1.71091139241
1.87117721519
2.74067088608
4.76917721519
1.67515189873
1.32007594937
0.884860759494
1.63064556962
2.07383544304
2.07470886076
1.20832911392
3.16717721519
5.17159493671
2.69975949367
5.06810126582
2.48687341772
4.68294936709
1.05475949367
2.53591139241
3.03935443038
3.44494936709
2.04939240506
1.68215189873
1.85632911392
1.90569620253
3.73579746835
2.62236708861
3.09839240506
3.3655443038
1.65784810127
1.08492405063
2.39060759494
3.58513924051
3.11572151899
4.92567088608
4.10830379747
4.08575949367
4.45488607595
5.42607594937
5.0412278481
3.82305063291
5.14843037975
2.92769620253
2.49987341772
2.59578481013
2.92134177215
1.4423164557
2.26243037975
3.80579746835
3.82921518987
3.4836835443
3.22974683544
1.98370886076
3.86734177215
1.78274683544
1.50646835443
1.99320253165
2.45918987342
4.21802531646
2.78087341772
2.78488607595
2.19662025316
3.59607594937
2.94879746835
1.284
1.98289873418
1.17951898734
0.882417721519
2.01648101266
1.75375949367
1.05860759494
0.993734177215
1.28182278481
2.4956835443
2.22601265823
3.8337721519
1.42537974684
2.93598734177
3.34821518987
4.48886075949
5.00487341772
5.44856962025
2.12294936709
3.23770886076
3.99425316456
1.87541772152
2.03630379747
1.37529113924
0.762189873418
0.966721518987
1.11036708861
0.723721518987
0.844164556962
1.79770886076
1.35807594937
1.27025316456
2.41486075949
1.94658227848
0.751544303797
1.35311392405
3.29044303797
5.21497468354
2.03472151899
3.79567088608
3.54175949367
4.39701265823
3.15065822785
0.972113924051
2.66206329114
2.4485443038
1.15803797468
0.978518987342
1.99575949367
2.09891139241
1.80634177215
1.91070886076
0.992481012658
1.18181012658
0.913164556962
0.77917721519
0.985025316456
2.2163164557
2.67274683544
3.93926582278
4.58269620253
5.89969620253
4.14769620253
2.84874683544
2.80236708861
2.27153164557
0.604
1.38330379747
1.03801265823
1.75813924051
2.69502531646
5.14553164557
3.96032911392
6.85775949367
5.32275949367
2.31575949367
2.08003797468
4.36081012658
1.85511392405
1.9775443038
5.74037974684
5.08826582278
4.46518987342
2.97074683544
3.20136708861
3.94789873418
4.95440506329
2.39267088608
1.47121518987
1.67810126582
2.47203797468
1.12982278481
1.45932911392
2.45287341772
1.98192405063
0.934113924051
0.839949367089
1.4315443038
1.85430379747
2.35203797468
3.53250632911
5.53035443038
2.78235443038
1.39334177215
2.73497468354
1.43579746835
2.18713924051
3.69841772152
4.19179746835
5.17826582278
5.14991139241
3.96956962025
4.24210126582
3.413
2.04729113924
1.43472151899
2.74496202532
2.44440506329
3.10315189873
2.98258227848
1.57091139241
2.46934177215
1.86106329114
2.77106329114
1.99120253165
3.18687341772
2.37949367089
3.83373417722
3.40407594937
2.44679746835
3.18075949367
3.46196202532
4.47229113924
3.73335443038
4.81689873418
4.65469620253
2.58650632911
2.44415189873
3.64967088608
2.33755696203
1.908
1.35250632911
1.91110126582
1.1345443038
1.38358227848
1.43911392405
1.68526582278
1.68770886076
1.59472151899
1.47994936709
1.85626582278
1.53249367089
1.28894936709
2.87510126582
3.13682278481
2.69481012658
2.17548101266
2.11243037975
2.26451898734
2.10460759494
2.08467088608
4.1175443038
2.58915189873
1.34358227848
2.41940506329
1.13972151899
1.02169620253
1.14156962025
1.63906329114
1.574
1.05532911392
1.94001265823
1.99164556962
1.9932278481
2.94807594937
3.55770886076
2.99321518987
2.36296202532
1.71430379747
1.14759493671
2.12927848101
3.37191139241
2.64973417722
1.25241772152
1.87872151899
3.81102531646
3.32343037975
1.92321518987
2.5363164557
3.08775949367
3.385
3.64230379747
3.37091139241
2.38548101266
1.70270886076
2.8166835443
3.42469620253
3.15969620253
1.87102531646
1.60694936709
1.01821518987
1.73730379747
1.62684810127
2.46646835443
2.23406329114
2.67336708861
2.06834177215
1.67726582278
1.96787341772
2.26101265823
2.72820253165
2.96205063291
2.32982278481
1.57564556962
1.96275949367
1.05270886076
1.77964556962
2.58062025316
1.63316455696
1.44207594937
1.55549367089
2.58216455696
3.37426582278
3.23683544304
1.17656962025
2.75307594937
3.11107594937
1.65641772152
1.52546835443
1.09578481013
1.42059493671
1.36270886076
2.63073417722
2.90374683544
1.3232278481
3.12803797468
2.84537974684
3.14324050633
1.99055696203
2.50834177215
2.52988607595
4.07202531646
3.39388607595
3.07229113924
4.23251898734
2.85194936709
1.96862025316
1.47205063291
3.32343037975
3.1082278481
3.23173417722
1.28573417722
1.04337974684
2.10927848101
1.77365822785
1.84318987342
1.91697468354
1.90360759494
1.95037974684
1.31948101266
2.76044303797
2.18924050633
2.23636708861
1.4865443038
1.81026582278
1.108
1.0313164557
1.06558227848
0.73282278481
0.776139240506
0.683455696203
0.785050632911
0.823253164557
1.7672278481
2.15087341772
5.09796202532
1.47060759494
1.33707594937
2.21659493671
1.56302531646
2.8604556962
2.43216455696
1.28456962025
1.52669620253
0.867151898734
1.17946835443
1.37455696203
0.866569620253
1.29486075949
2.2727721519
2.07086075949
2.36591139241
3.59243037975
3.15663291139
1.62641772152
2.47626582278
3.67183544304
2.96265822785
5.41044303797
4.90225316456
2.32393670886
1.61860759494
1.19913924051
1.66346835443
3.27192405063
2.5506835443
1.91083544304
1.37053164557
2.39412658228
1.37801265823
1.82324050633
1.19855696203
2.88764556962
2.14710126582
1.27205063291
3.14651898734
2.30883544304
2.00974683544
0.464215189873
0.834303797468
3.63612658228
3.94841772152
3.97659493671
2.01132911392
4.09234177215
3.48639240506
2.7695443038
2.38415189873
3.64937974684
2.44187341772
1.09594936709
3.8435443038
3.64212658228
4.92249367089
5.79812658228
5.11536708861
2.60678481013
3.83191139241
3.22230379747
4.26535443038
2.91496202532
2.07273417722
1.29792405063
1.43612658228
2.13165822785
4.70307594937
5.67803797468
2.45808860759
1.83081012658
1.81117721519
3.45915189873
1.94997468354
1.6847721519
3.71648101266
4.31565822785
6.46798734177
4.85735443038
2.03365822785
2.53736708861
2.42988607595
6.74048101266
6.92697468354
2.6904556962
1.03293670886
4.27786075949
5.45687341772
6.73262025316
3.0143164557
1.33510126582
2.98994936709
2.43070886076
2.37507594937
3.8995443038
3.77220253165
1.32615189873
1.08870886076
1.85796202532
2.81684810127
2.93224050633
3.68297468354
6.52625316456
3.02330379747
4.66969620253
4.29858227848
3.64617721519
4.98165822785
3.79291139241
3.20382278481
3.72430379747
4.66126582278
5.85760759494
4.21594936709
5.21029113924
6.02269620253
6.65386075949
4.16846835443
2.69010126582
4.5213164557
2.65541772152
1.19910126582
1.46964556962
3.18839240506
2.49448101266
5.28927848101
5.15958227848
5.52949367089
4.61636708861
4.89767088608
8.20586075949
5.42962025316
3.30487341772
1.70905063291
4.11186075949
2.09882278481
2.70506329114
1.12207594937
2.57808860759
2.4635443038
2.84502531646
2.8493164557
2.98537974684
4.10688607595
4.12469620253
3.51678481013
2.88013924051
1.29441772152
1.33651898734
2.09936708861
2.07251898734
1.4673164557
1.72469620253
1.1383164557
1.56384810127
2.51239240506
2.27226582278
3.47529113924
1.16662025316
1.93524050633
1.50755696203
1.58332911392
2.93506329114
4.14820253165
3.9516835443
2.83143037975
2.46663291139
2.95751898734
3.81555696203
2.4513164557
1.77891139241
2.2483164557
1.15487341772
1.99616455696
2.21958227848
2.40381012658
2.86440506329
2.15029113924
4.62130379747
6.69336708861
5.57905063291
5.43598734177
3.6903164557
3.36264556962
2.8317721519
1.77563291139
2.74018987342
4.57832911392
2.83926582278
1.79493670886
2.44624050633
2.23908860759
1.33481012658
3.48916455696
5.7305443038
3.44525316456
1.6567721519
2.20441772152
1.85874683544
2.61072151899
2.70801265823
2.53027848101
2.63396202532
2.20082278481
2.16981012658
2.85083544304
2.21460759494
2.14089873418
2.76041772152
2.11826582278
2.28730379747
1.56567088608
1.13236708861
1.52644303797
2.13306329114
3.92397468354
2.87178481013
2.71701265823
1.39063291139
2.33546835443
4.51098734177
4.094
2.48775949367
1.82318987342
3.04611392405
1.86893670886
2.47598734177
2.28735443038
2.03812658228
3.88913924051
4.61074683544
2.30865822785
1.88444303797
1.97263291139
2.92789873418
2.11312658228
3.3266835443
1.78089873418
2.28721518987
2.63207594937
1.65507594937
1.96629113924
1.70330379747
1.84484810127
2.19569620253
1.4473164557
2.20410126582
2.9103164557
1.95432911392
1.54081012658
2.04717721519
3.13158227848
1.7992278481
1.66808860759
1.49610126582
3.24470886076
3.00251898734
1.56470886076
1.79941772152
1.65494936709
1.394
1.23502531646
2.13467088608
1.78796202532
2.13698734177
2.11835443038
1.89220253165
1.94179746835
3.38255696203
2.8612278481
2.72592405063
3.14001265823
1.32644303797
1.40492405063
1.12789873418
1.79972151899
1.91978481013
2.5512278481
2.89705063291
3.49121518987
1.5534556962
1.36850632911
0.831607594937
1.76679746835
2.74343037975
1.34207594937
1.24393670886
1.3705443038
1.53964556962
2.02529113924
1.63302531646
1.845
2.66159493671
2.03773417722
1.46686075949
2.21470886076
1.42326582278
2.20411392405
1.02006329114
2.74927848101
1.77972151899
1.20664556962
1.2514556962
1.23701265823
1.53663291139
1.99736708861
1.59802531646
2.51137974684
2.03520253165
2.00855696203
1.47105063291
3.63469620253
2.56664556962
2.15249367089
2.11126582278
2.39108860759
1.90412658228
1.89789873418
2.31908860759
2.27692405063
1.86665822785
1.38764556962
1.7904556962
3.10853164557
1.04946835443
1.53107594937
2.15836708861
1.30794936709
1.22293670886
1.81720253165
1.66313924051
1.4217721519
0.784037974684
1.32449367089
2.91956962025
3.28305063291
2.51449367089
1.57821518987
2.44158227848
2.81243037975
1.5776835443
1.33084810127
2.16689873418
2.53456962025
5.28764556962
4.22806329114
4.58713924051
2.8186835443
2.92360759494
1.83706329114
2.38305063291
3.20164556962
4.73488607595
4.72025316456
3.63416455696
2.92478481013
3.58937974684
4.52569620253
3.53493670886
3.44196202532
3.15860759494
2.06946835443
2.21730379747
3.40451898734
0.69382278481
2.1353164557
2.0914556962
0.952658227848
0.932430379747
1.96679746835
2.2553164557
2.23283544304
3.35491139241
1.39832911392
2.58750632911
2.47886075949
3.23991139241
3.52478481013
3.02837974684
4.0624556962
4.24887341772
3.82721518987
3.59278481013
3.91506329114
2.3122278481
2.57456962025
4.07425316456
5.75956962025
4.23107594937
3.795
4.03484810127
2.07556962025
1.27250632911
0.623924050633
0.731291139241
1.51675949367
1.55284810127
2.47602531646
1.75737974684
1.76955696203
2.21349367089
1.31339240506
2.96494936709
3.08275949367
1.75298734177
1.48959493671
1.95415189873
1.10502531646
0.700772151899
1.21665822785
0.834721518987
0.650759493671
0.871607594937
1.68224050633
3.26569620253
3.70850632911
2.49827848101
2.63513924051
2.21136708861
1.48513924051
1.15806329114
1.80062025316
2.65496202532
2.49135443038
1.97969620253
2.43308860759
1.92475949367
3.11851898734
5.58216455696
7.60016455696
3.16729113924
2.55294936709
2.66126582278
1.15213924051
1.1725443038
0.861772151899
0.906139240506
1.16108860759
1.64775949367
1.50026582278
2.81670886076
4.5293164557
2.59948101266
1.43767088608
1.79108860759
1.33767088608
1.84678481013
0.879620253165
1.13186075949
0.966670886076
1.46243037975
1.40292405063
2.32186075949
1.30983544304
2.75997468354
3.95993670886
2.2426835443
4.28034177215
4.56594936709
3.78826582278
4.76375949367
2.84440506329
2.95639240506
4.05953164557
5.44437974684
5.36272151899
7.07616455696
4.66236708861
2.65886075949
2.73227848101
4.0133164557
5.13813924051
2.42816455696
1.35003797468
5.45773417722
4.12053164557
6.77321518987
5.44113924051
5.62079746835
5.54824050633
6.60540506329
4.5702278481
1.13921518987
1.01998734177
2.50025316456
3.80462025316
3.71979746835
4.767
2.49167088608
1.53426582278
1.49591139241
1.29992405063
2.91336708861
2.31505063291
2.58607594937
1.77706329114
3.00408860759
4.45630379747
3.29555696203
3.56730379747
4.92879746835
5.07165822785
3.88653164557
3.77175949367
1.62389873418
2.58324050633
3.1065443038
3.22350632911
2.46281012658
2.49386075949
2.42330379747
0.61417721519
2.7536835443
4.73512658228
2.11606329114
2.00986075949
1.36044303797
1.73434177215
3.05648101266
4.55896202532
3.50901265823
2.75806329114
1.70772151899
1.05672151899
0.693063291139
3.0826835443
2.54536708861
1.46592405063
1.74640506329
1.3117721519
2.33775949367
3.31869620253
2.2832278481
1.17991139241
0.790873417722
2.12858227848
2.93106329114
2.50360759494
3.18156962025
3.52781012658
4.77937974684
4.56746835443
4.10970886076
2.24826582278
1.67778481013
1.75510126582
1.23550632911
2.89637974684
1.35460759494
2.76803797468
3.31592405063
3.92186075949
3.30191139241
1.73903797468
1.63398734177
3.52351898734
3.21244303797
2.01337974684
0.667569620253
1.29908860759
1.26436708861
1.71662025316
1.08346835443
1.11987341772
3.24683544304
1.55978481013
1.52888607595
1.08698734177
1.81464556962
2.81150632911
2.01615189873
1.56816455696
1.14016455696
1.05597468354
1.19493670886
0.970898734177
1.323
2.64059493671
2.96773417722
1.63529113924
3.1606835443
3.357
3.61198734177
3.95287341772
3.68689873418
2.05024050633
2.30148101266
1.36373417722
1.3493164557
2.62248101266
1.93744303797
3.13744303797
2.59772151899
1.64562025316
2.79186075949
4.1965443038
4.5246835443
2.77396202532
1.77748101266
1.38573417722
2.16344303797
2.84846835443
1.88943037975
2.53259493671
2.83864556962
3.43172151899
3.35562025316
1.50963291139
1.97055696203
1.7297721519
1.35135443038
1.60269620253
2.37415189873
2.41597468354
3.91601265823
2.14543037975
2.54537974684
2.1002278481
3.73820253165
2.18015189873
1.60672151899
2.3722278481
3.17615189873
2.51065822785
2.9193164557
1.90673417722
2.19186075949
1.30240506329
3.0636835443
3.10456962025
2.45284810127
1.45510126582
0.98964556962
1.49037974684
1.07591139241
1.25472151899
1.92334177215
3.39944303797
4.93907594937
2.83869620253
3.63686075949
2.60783544304
3.15315189873
1.34703797468
2.02853164557
2.86081012658
1.57692405063
1.4343164557
2.61951898734
2.29513924051
2.0674556962
2.02453164557
1.20927848101
2.12273417722
1.69067088608
1.62034177215
2.07151898734
3.60455696203
3.24917721519
3.40772151899
2.22915189873
2.62707594937
2.28259493671
2.06950632911
2.04753164557
1.71865822785
1.68067088608
1.42174683544
1.67778481013
1.45312658228
1.58273417722
2.49249367089
2.41758227848
2.07455696203
2.33992405063
1.88121518987
1.83658227848
1.41412658228
1.67549367089
2.02583544304
1.74336708861
2.13916455696
1.72982278481
1.40603797468
3.01091139241
2.65827848101
2.99530379747
1.68655696203
1.24846835443
1.15989873418
1.15530379747
1.6914556962
1.2645443038
1.03493670886
1.06058227848
0.821265822785
0.845987341772
0.941240506329
1.62301265823
1.03770886076
1.38582278481
1.79711392405
1.56718987342
0.99746835443
0.99735443038
1.92273417722
2.76405063291
2.88427848101
3.46002531646
1.95367088608
3.8213164557
4.42232911392
2.13243037975
1.70726582278
3.06913924051
3.04553164557
3.98450632911
5.32830379747
3.80518987342
2.92098734177
1.38764556962
1.29729113924
1.13791139241
3.35053164557
1.28064556962
1.73543037975
2.19263291139
2.25667088608
2.75217721519
2.88307594937
1.82425316456
1.9207721519
2.90908860759
3.53539240506
1.96112658228
0.963721518987
0.729113924051
1.87594936709
2.1006835443
2.62150632911
1.58016455696
2.01779746835
1.82093670886
2.61810126582
3.25094936709
3.819
3.79030379747
1.25491139241
1.74025316456
1.90701265823
1.24707594937
2.1236835443
2.35179746835
0.870506329114
2.11513924051
4.68020253165
3.63644303797
6.49141772152
3.85055696203
4.14470886076
4.59672151899
1.75437974684
2.89093670886
3.00293670886
0.990215189873
0.692860759494
1.72296202532
0.833607594937
1.57424050633
0.972886075949
1.65008860759
2.84893670886
1.545
1.71740506329
1.35005063291
0.951278481013
1.05991139241
2.39908860759
1.30546835443
2.49006329114
2.29616455696
1.61769620253
1.85082278481
2.66630379747
4.03078481013
2.68905063291
2.05094936709
1.57201265823
2.34196202532
3.04960759494
4.79521518987
7.14079746835
7.78697468354
4.20887341772
1.96575949367
2.29446835443
2.96112658228
1.49537974684
1.01162025316
1.51648101266
1.31910126582
1.00446835443
2.20103797468
2.66613924051
3.08820253165
1.8657721519
2.50929113924
2.67358227848
3.28549367089
2.27291139241
1.11197468354
2.84226582278
1.60360759494
1.6612278481
1.42498734177
1.81659493671
2.62044303797
3.74191139241
4.29392405063
4.02265822785
2.09083544304
1.93632911392
2.41897468354
1.31386075949
1.82007594937
1.32136708861
1.93715189873
0.628734177215
1.49272151899
2.53737974684
3.33102531646
2.24364556962
1.62573417722
1.59683544304
2.02334177215
1.82083544304
2.32416455696
1.01349367089
3.33925316456
1.49326582278
1.18236708861
2.40296202532
2.9885443038
3.85379746835
3.83806329114
1.69711392405
0.813202531646
0.630544303797
0.639303797468
1.51562025316
1.21097468354
3.22312658228
2.34115189873
3.70003797468
4.58418987342
3.26416455696
2.60062025316
1.91664556962
2.7347721519
2.84675949367
4.65183544304
4.56058227848
5.16402531646
2.71307594937
0.873455696203
0.79764556962
1.70334177215
1.9972278481
4.21724050633
5.53101265823
4.11750632911
4.93939240506
4.08058227848
1.5794556962
1.00507594937
1.90663291139
1.31307594937
2.36451898734
2.50283544304
1.15226582278
1.39896202532
1.95427848101
1.90530379747
2.34469620253
2.44160759494
0.730518987342
0.947405063291
0.64935443038
1.01360759494
1.51487341772
1.65891139241
1.98187341772
2.13073417722
1.10855696203
1.59463291139
0.883860759494
1.04582278481
1.76469620253
1.60894936709
1.49558227848
3.04167088608
0.861936708861
2.05502531646
2.59494936709
1.60979746835
2.06159493671
4.18497468354
2.48836708861
2.27332911392
2.27736708861
1.06058227848
1.99040506329
1.81329113924
2.49624050633
5.01682278481
3.76379746835
4.39332911392
5.49411392405
4.79220253165
4.04837974684
2.3273164557
4.50789873418
2.51107594937
2.26210126582
1.75875949367
2.74636708861
3.68865822785
4.77353164557
2.89318987342
2.13575949367
3.30711392405
5.81146835443
4.09124050633
4.83624050633
2.97665822785
1.79491139241
1.00779746835
1.92616455696
1.59188607595
2.46364556962
3.82140506329
3.3887721519
3.66403797468
2.79863291139
2.81455696203
1.85764556962
3.92926582278
4.532
3.94178481013
3.93902531646
3.96392405063
4.70675949367
2.35501265823
1.65853164557
1.58551898734
4.27079746835
5.33706329114
4.08282278481
1.92262025316
1.52034177215
3.30429113924
4.39879746835
3.33098734177
3.02970886076
1.39301265823
2.49018987342
3.21270886076
3.48387341772
2.31540506329
1.608
1.49481012658
1.78955696203
2.29415189873
1.6602278481
1.4574556962
1.64703797468
1.46720253165
1.6735443038
2.79508860759
2.81439240506
2.12110126582
2.35415189873
2.69165822785
2.56283544304
1.72849367089
2.16110126582
2.28249367089
3.3752278481
2.58065822785
3.91218987342
3.24287341772
2.99826582278
4.08562025316
3.94706329114
1.94720253165
3.38208860759
1.52191139241
2.40962025316
1.73294936709
1.87541772152
2.57775949367
1.56705063291
1.68611392405
1.88083544304
1.89594936709
2.2196835443
2.16582278481
3.42193670886
2.56111392405
2.5972278481
2.41541772152
1.60873417722
1.79297468354
1.58826582278
3.21298734177
2.5965443038
1.7144556962
2.04049367089
1.65151898734
1.71044303797
1.64912658228
0.826
1.6235443038
1.11508860759
2.17649367089
2.87930379747
2.24427848101
1.7444556962
1.87987341772
3.05334177215
2.70141772152
2.72982278481
2.64111392405
3.30275949367
1.14481012658
1.0104556962
1.90196202532
3.01318987342
1.6367721519
2.83687341772
4.39560759494
2.90067088608
1.85174683544
2.60605063291
3.38324050633
3.25292405063
4.93058227848
1.39127848101
1.79716455696
2.21144303797
1.22294936709
3.04212658228
1.96859493671
1.52781012658
1.32434177215
1.68451898734
1.56451898734
1.10020253165
1.75267088608
1.77830379747
1.34112658228
2.88646835443
2.20443037975
1.72349367089
2.1753164557
2.62843037975
2.72311392405
1.92798734177
1.46843037975
0.753164556962
0.984582278481
0.800303797468
1.71108860759
2.6325443038
2.48389873418
2.45501265823
3.30636708861
3.14512658228
3.55218987342
3.34643037975
1.78559493671
2.30594936709
1.54786075949
1.2877721519
0.948417721519
1.50678481013
1.49101265823
2.58072151899
2.87969620253
4.04151898734
1.07069620253
2.21650632911
1.48305063291
2.19839240506
3.16735443038
1.0172278481
1.40673417722
1.07753164557
0.709949367089
0.571164556962
1.02917721519
0.784873417722
0.872392405063
1.13216455696
1.3552278481
2.1857721519
1.75003797468
0.946417721519
0.803101265823
1.49117721519
2.37536708861
3.16353164557
2.89483544304
2.43873417722
2.0064556962
1.50440506329
1.94805063291
1.66978481013
1.05927848101
0.688050632911
0.604784810127
1.52343037975
1.20040506329
1.82496202532
2.94949367089
3.837
4.22388607595
3.99863291139
2.34469620253
0.916050632911
1.27253164557
2.27024050633
2.06449367089
1.78998734177
1.75379746835
3.91155696203
1.90732911392
0.863974683544
4.43610126582
4.75974683544
4.10360759494
2.02827848101
4.53040506329
5.67313924051
4.4536835443
1.98736708861
0.834443037975
0.608810126582
0.637379746835
0.846139240506
2.40892405063
6.21878481013
5.9954556962
4.74574683544
2.89270886076
1.37670886076
0.885215189873
1.80586075949
0.774265822785
1.25206329114
3.30994936709
3.18658227848
1.61529113924
1.28470886076
1.21206329114
2.49908860759
2.32167088608
2.30462025316
3.07482278481
5.87969620253
4.22389873418
0.751936708861
1.25892405063
2.46387341772
1.76429113924
1.02850632911
2.32762025316
2.78606329114
3.42478481013
3.63562025316
3.84118987342
3.4943164557
3.69812658228
3.36187341772
3.32817721519
1.48469620253
1.14264556962
2.27051898734
2.81112658228
3.67529113924
3.02411392405
3.10673417722
1.98124050633
0.973405063291
0.75346835443
2.01564556962
2.11843037975
2.90763291139
2.1304556962
2.99048101266
2.34002531646
0.711341772152
2.17840506329
2.36430379747
2.61988607595
2.69267088608
4.04521518987
3.95850632911
5.17787341772
4.50184810127
2.48686075949
2.48182278481
3.55292405063
5.36583544304
5.26867088608
5.09470886076
5.51856962025
4.70613924051
3.35710126582
2.46772151899
1.67455696203
2.91712658228
2.99527848101
2.37375949367
4.53620253165
6.51191139241
6.59473417722
4.62529113924
5.63275949367
5.39574683544
3.61021518987
4.13486075949
3.31325316456
1.80415189873
3.33821518987
3.92373417722
4.11548101266
4.92359493671
4.28637974684
4.10913924051
3.7972278481
3.54932911392
6.39374683544
3.24079746835
2.28501265823
1.79772151899
1.01508860759
0.93946835443
2.75753164557
1.3152278481
3.57148101266
4.081
3.62256962025
5.11774683544
5.06284810127
4.04996202532
3.04705063291
3.25256962025
3.61937974684
1.54712658228
1.60969620253
2.70824050633
1.81429113924
1.45662025316
1.72646835443
2.44863291139
1.4324556962
0.232
2.86608860759
2.17874683544
1.05848101266
1.10005063291
1.12343037975
1.97716455696
2.57346835443
2.92029113924
5.06636708861
4.03669620253
5.64218987342
3.74693670886
4.98540506329
5.24917721519
4.44870886076
4.83612658228
4.28408860759
5.81472151899
1.71601265823
2.03232911392
1.75375949367
1.36978481013
2.93511392405
5.35918987342
4.85575949367
5.46450632911
4.88449367089
3.93612658228
1.67216455696
1.66765822785
2.28715189873
2.97770886076
2.15503797468
2.34663291139
1.81920253165
1.58353164557
3.48648101266
3.14974683544
3.51637974684
2.3532278481
1.66993670886
1.81439240506
3.67186075949
2.09606329114
2.7952278481
3.81096202532
2.74072151899
3.27739240506
3.04637974684
2.03041772152
2.35292405063
2.1893164557
1.78253164557
2.27313924051
2.95744303797
2.88667088608
2.32907594937
3.25534177215
2.44646835443
2.30472151899
1.54802531646
2.62094936709
1.70824050633
1.87278481013
1.68467088608
1.17481012658
2.39096202532
2.09149367089
2.65224050633
1.57470886076
2.21306329114
2.24351898734
1.74121518987
2.07079746835
1.73263291139
1.83874683544
2.65397468354
1.43063291139
1.49126582278
1.24997468354
2.98035443038
2.48563291139
2.4475443038
4.77789873418
4.38313924051
2.17367088608
1.67089873418
2.45751898734
1.73063291139
2.49813924051
2.72626582278
4.23308860759
5.12924050633
2.99417721519
1.58543037975
1.43974683544
2.92934177215
3.46191139241
3.14529113924
2.25221518987
3.49905063291
2.21372151899
1.75824050633
1.92779746835
1.45948101266
1.64196202532
2.79108860759
2.38216455696
0.984974683544
0.774544303797
1.98662025316
2.03234177215
2.59320253165
2.18050632911
2.21902531646
1.9584556962
2.54792405063
2.33986075949
2.34970886076
1.74743037975
1.89244303797
2.0586835443
1.28805063291
1.22121518987
1.78015189873
2.51903797468
1.8236835443
1.37188607595
1.23164556962
2.10663291139
2.53403797468
4.01902531646
2.82203797468
2.6445443038
1.48515189873
1.19163291139
2.93907594937
1.44813924051
2.75992405063
2.02672151899
2.11537974684
2.33096202532
1.74072151899
2.8052278481
1.58539240506
2.50691139241
2.18278481013
0.978
1.31721518987
1.46682278481
1.33140506329
1.00210126582
1.29187341772
1.72896202532
2.47902531646
1.70983544304
1.61605063291
1.71451898734
2.52732911392
1.24240506329
1.36187341772
2.59613924051
1.26397468354
1.35482278481
3.03236708861
4.9006835443
2.40760759494
2.70106329114
3.47862025316
2.23612658228
2.70626582278
3.44924050633
3.48455696203
2.31132911392
1.92273417722
2.14617721519
2.36311392405
2.31639240506
1.54692405063
0.910924050633
0.853506329114
1.39983544304
2.34170886076
3.96734177215
2.97439240506
3.00227848101
4.33026582278
1.98512658228
1.02259493671
0.982215189873
1.93367088608
2.21487341772
1.89675949367
2.11183544304
2.5387721519
1.50767088608
0.635936708861
0.607911392405
1.37087341772
1.3326835443
1.36246835443
1.8383164557
0.987063291139
0.910924050633
0.634746835443
1.76927848101
1.81240506329
1.59592405063
1.33421518987
1.31924050633
1.17379746835
2.58179746835
0.743708860759
0.688670886076
0.667759493671
1.23563291139
2.28478481013
2.052
3.52160759494
5.52164556962
5.08613924051
3.60774683544
4.02886075949
2.93358227848
3.28550632911
3.6474556962
1.98350632911
3.03473417722
2.28678481013
1.33705063291
3.30341772152
3.31834177215
2.92374683544
0.898810126582
2.10778481013
3.4617721519
2.96756962025
2.60541772152
3.34017721519
2.02612658228
2.66856962025
2.2902278481
1.08518987342
1.08349367089
1.50541772152
1.37330379747
1.12905063291
1.41430379747
4.08758227848
4.89730379747
3.8034556962
1.52702531646
2.72003797468
3.02059493671
4.62355696203
3.80146835443
3.69197468354
2.31835443038
0.763924050633
0.714544303797
1.8573164557
3.64605063291
2.76702531646
2.96886075949
3.07730379747
3.27526582278
2.99739240506
1.72707594937
1.37837974684
1.21369620253
1.26232911392
1.37913924051
2.23025316456
2.98826582278
1.82558227848
2.89640506329
5.35418987342
3.96470886076
4.65532911392
6.78237974684
3.43173417722
3.31925316456
2.50197468354
1.98478481013
1.5345443038
2.90959493671
2.45688607595
2.91646835443
4.08607594937
6.31459493671
5.07386075949
5.15508860759
2.62487341772
4.48212658228
2.06786075949
2.45539240506
4.82598734177
3.17205063291
2.25937974684
2.76060759494
3.25327848101
5.24030379747
2.66202531646
1.88537974684
2.86518987342
7.43688607595
8.68010126582
4.93303797468
3.32907594937
3.75201265823
2.64016455696
1.92448101266
1.40196202532
1.42450632911
2.54941772152
1.50362025316
3.02056962025
2.82259493671
1.01392405063
2.37793670886
2.13296202532
0.813759493671
0.668835443038
0.89535443038
0.885303797468
1.03784810127
0.746632911392
1.28364556962
4.36726582278
3.25046835443
2.4797721519
1.57724050633
2.2075443038
1.28430379747
1.01563291139
1.44549367089
2.03203797468
3.39486075949
1.33516455696
1.29144303797
2.65917721519
2.87687341772
6.58172151899
3.86703797468
1.52029113924
2.14889873418
1.65734177215
2.17884810127
1.15725316456
2.33332911392
1.47218987342
2.45840506329
4.62974683544
3.319
0.987215189873
0.701151898734
1.58497468354
2.79865822785
3.17043037975
4.65127848101
3.93686075949
4.39602531646
3.63260759494
2.71735443038
3.38803797468
2.64653164557
3.28211392405
2.68781012658
4.12603797468
2.93915189873
2.93925316456
2.74343037975
2.3566835443
2.34062025316
2.54944303797
1.83534177215
2.95212658228
5.09992405063
5.76562025316
2.84613924051
2.08501265823
1.37684810127
1.51827848101
1.93778481013
4.2646835443
3.76603797468
3.23137974684
2.38826582278
2.15198734177
2.64503797468
0.816772151899
1.75189873418
3.00901265823
1.97088607595
1.23593670886
1.18537974684
1.39579746835
1.33556962025
1.31408860759
0.943898734177
1.39224050633
3.86627848101
2.79905063291
1.79275949367
1.20791139241
0.939506329114
1.34153164557
2.37339240506
3.51562025316
1.82306329114
1.758
1.56392405063
1.97453164557
2.20826582278
2.1403164557
2.83143037975
3.15497468354
3.40382278481
2.46416455696
1.95707594937
1.91740506329
2.46479746835
3.13667088608
4.46751898734
2.45824050633
3.82240506329
3.55972151899
2.94046835443
1.61973417722
1.57827848101
2.03637974684
3.0753164557
2.37472151899
1.35158227848
1.33140506329
1.72949367089
1.87692405063
1.26411392405
2.72105063291
2.56844303797
1.6425443038
1.87778481013
1.46627848101
2.26483544304
1.54992405063
2.11937974684
2.79698734177
2.72844303797
3.22351898734
3.5295443038
5.46224050633
2.85953164557
2.18760759494
2.3367721519
1.18051898734
1.68478481013
1.96778481013
2.72363291139
2.36670886076
2.7522278481
2.63937974684
1.98036708861
1.1162278481
1.72798734177
1.98691139241
2.61729113924
2.06311392405
2.0993164557
1.91562025316
2.88736708861
1.74306329114
1.14086075949
1.64679746835
1.87027848101
2.81701265823
3.07662025316
3.01711392405
3.11284810127
2.08397468354
1.61725316456
1.37807594937
2.56275949367
1.92248101266
2.65141772152
2.64626582278
1.55321518987
2.32979746835
2.40587341772
1.38327848101
3.33450632911
2.27912658228
2.21858227848
2.26818987342
2.43912658228
1.43394936709
2.07250632911
2.07388607595
2.25881012658
2.66943037975
3.71359493671
2.4326835443
2.05998734177
1.56315189873
2.7443164557
3.76692405063
2.33135443038
2.22462025316
2.32444303797
2.97302531646
2.37401265823
2.15826582278
2.74027848101
1.38620253165
2.33889873418
1.08341772152
1.31994936709
1.50853164557
2.30297468354
2.51179746835
1.36194936709
1.3517721519
1.09560759494
1.87737974684
0.960594936709
1.31413924051
1.30846835443
1.48937974684
1.99832911392
3.545
4.48967088608
3.00102531646
2.9814556962
2.07101265823
1.06146835443
1.68905063291
1.71592405063
1.4476835443
0.569582278481
1.06069620253
1.74626582278
2.73241772152
3.32339240506
1.67193670886
1.9
2.81232911392
2.70327848101
4.15488607595
3.00479746835
3.65678481013
2.01517721519
0.670088607595
1.09753164557
1.12401265823
0.933569620253
2.54248101266
1.34196202532
1.48211392405
2.14811392405
2.84607594937
2.36564556962
1.18116455696
1.92118987342
1.31917721519
1.15815189873
2.78726582278
2.86451898734
3.24230379747
2.45405063291
1.79346835443
1.40111392405
3.27535443038
4.07808860759
5.95693670886
3.45415189873
1.91915189873
1.83339240506
2.70056962025
2.59851898734
2.40858227848
4.33469620253
3.08792405063
1.38320253165
0.931860759494
2.27024050633
2.08143037975
1.57984810127
0.701860759494
2.65036708861
1.38758227848
0.887924050633
3.08537974684
2.7832278481
0.991924050633
1.02432911392
0.846708860759
1.02593670886
1.60437974684
1.98606329114
2.2894556962
1.703
1.13335443038
1.04441772152
1.46870886076
2.08218987342
1.76037974684
2.15024050633
3.17074683544
5.31305063291
3.96156962025
3.86521518987
3.67630379747
4.17367088608
4.18584810127
2.44626582278
3.60917721519
3.43889873418
2.35750632911
2.12460759494
2.29055696203
5.61446835443
3.40250632911
1.40406329114
0.915063291139
0.963670886076
0.719911392405
2.09648101266
4.31284810127
5.10702531646
3.80927848101
1.80108860759
1.09820253165
1.93083544304
2.23867088608
1.14651898734
1.5466835443
2.41924050633
2.5267721519
0.839746835443
2.28401265823
1.37749367089
1.99893670886
1.78773417722
2.39103797468
3.62297468354
2.84736708861
2.92805063291
2.611
2.25125316456
1.01520253165
1.18253164557
2.22725316456
2.59398734177
3.46025316456
3.33184810127
3.61364556962
3.24356962025
1.80618987342
4.13629113924
7.23944303797
6.22110126582
5.69906329114
3.76434177215
4.41313924051
5.04616455696
1.98227848101
1.74603797468
1.94955696203
2.25825316456
1.32686075949
1.51516455696
1.05679746835
2.43853164557
1.63559493671
1.45308860759
1.30413924051
2.0802278481
2.49583544304
1.7876835443
3.05263291139
3.13462025316
2.76034177215
3.31067088608
4.77575949367
2.49772151899
1.54727848101
3.08349367089
2.62941772152
3.16820253165
4.30629113924
6.2643164557
4.92793670886
4.64473417722
3.31475949367
4.49196202532
2.40862025316
4.64274683544
4.89963291139
6.47746835443
4.5636835443
1.84512658228
1.90626582278
1.51530379747
1.60820253165
2.18183544304
3.92164556962
2.56097468354
3.45627848101
2.07348101266
2.07048101266
2.3983164557
3.72116455696
2.89024050633
3.55197468354
2.77294936709
3.55562025316
3.86129113924
4.04091139241
3.00824050633
2.49979746835
3.89551898734
2.67363291139
2.83994936709
3.35478481013
3.32937974684
2.99483544304
1.46564556962
2.39744303797
3.14934177215
3.18381012658
1.72262025316
1.04920253165
2.67994936709
4.25765822785
3.58188607595
1.98848101266
2.27965822785
2.80241772152
1.24234177215
2.84064556962
2.46848101266
3.64974683544
3.29349367089
3.39530379747
3.86478481013
2.60097468354
2.69306329114
1.87034177215
2.58351898734
2.28408860759
1.56305063291
1.75340506329
4.87756962025
4.63330379747
5.4846835443
3.71025316456
1.70596202532
1.63720253165
2.62734177215
2.15481012658
1.74492405063
3.20843037975
1.27846835443
1.83710126582
2.06615189873
1.6332278481
1.44972151899
1.46759493671
2.3326835443
2.75936708861
2.41951898734
3.77678481013
2.59898734177
2.60853164557
2.84258227848
3.63683544304
2.37736708861
1.21689873418
1.09459493671
1.66824050633
2.25388607595
2.94944303797
3.12103797468
1.74918987342
2.58930379747
4.38393670886
4.31798734177
2.58929113924
3.60506329114
4.70225316456
5.38739240506
5.41346835443
5.16550632911
4.71202531646
2.10502531646
1.9253164557
2.175
2.26464556962
2.8387721519
1.69302531646
2.11443037975
2.53640506329
1.35772151899
1.78093670886
2.4892278481
2.51187341772
2.09249367089
3.15758227848
2.87669620253
3.533
2.56374683544
2.78002531646
3.10901265823
2.44956962025
1.69996202532
2.44572151899
1.4842278481
1.39037974684
1.12544303797
1.10192405063
2.6354556962
4.18969620253
2.19318987342
1.63413924051
1.77089873418
2.54529113924
2.38482278481
2.06615189873
2.49172151899
1.6062278481
1.45088607595
2.12269620253
1.81949367089
1.58653164557
1.10781012658
1.45451898734
1.25312658228
1.04388607595
2.01502531646
2.11470886076
2.90915189873
3.10496202532
3.91383544304
3.33679746835
3.98998734177
3.18782278481
2.9033164557
2.37407594937
2.89432911392
2.1064556962
2.7317721519
1.27926582278
1.90475949367
3.24964556962
2.99648101266
3.61887341772
3.29265822785
2.76591139241
1.64334177215
1.76025316456
1.47987341772
3.20316455696
2.55008860759
2.78039240506
2.55297468354
2.40946835443
1.85824050633
1.69826582278
2.59556962025
2.65205063291
1.82991139241
1.14179746835
1.32439240506
1.94388607595
1.40825316456
2.06291139241
1.08030379747
1.08221518987
1.41587341772
1.80978481013
0.83653164557
2.16246835443
2.70605063291
2.79755696203
1.59767088608
2.40663291139
1.71987341772
1.28353164557
1.09843037975
2.60472151899
3.29524050633
3.6532278481
2.43741772152
1.73402531646
2.73294936709
2.88202531646
3.31311392405
1.65074683544
2.60924050633
2.24106329114
2.03239240506
1.87651898734
2.73113924051
3.37444303797
3.05665822785
2.14336708861
1.81953164557
1.52340506329
1.62746835443
2.11127848101
0.966848101266
1.16617721519
2.03267088608
3.32898734177
3.77524050633
1.82964556962
1.69753164557
1.75358227848
2.01469620253
2.27967088608
1.25344303797
1.10156962025
0.804151898734
1.49967088608
4.05321518987
5.96692405063
3.80811392405
4.17178481013
3.07416455696
3.81984810127
3.04841772152
1.35912658228
2.71934177215
2.28944303797
0.792620253165
0.832594936709
2.0534556962
4.94559493671
5.66665822785
6.28948101266
5.62788607595
3.78389873418
2.35711392405
1.38848101266
1.2606835443
2.72998734177
2.37821518987
3.1273164557
2.25397468354
2.24730379747
3.77610126582
2.21611392405
1.06372151899
0.750379746835
1.13537974684
1.62964556962
1.76065822785
2.19637974684
2.1472278481
1.91612658228
2.22025316456
0.994126582278
1.85363291139
2.42144303797
2.41470886076
1.84153164557
2.82243037975
1.39636708861
0.899772151899
0.903734177215
2.31502531646
1.52902531646
0.865493670886
1.32288607595
1.30681012658
2.81598734177
2.91058227848
2.50065822785
1.08665822785
1.6582278481
3.07603797468
1.9425443038
2.09488607595
3.72901265823
2.20375949367
2.53402531646
2.46926582278
2.35010126582
1.40484810127
1.63859493671
3.46469620253
4.18702531646
2.42903797468
2.94459493671
4.31596202532
1.67278481013
3.60167088608
4.47629113924
3.45148101266
3.21892405063
2.26210126582
1.97479746835
2.07475949367
3.08956962025
3.42365822785
2.13024050633
2.82943037975
1.21184810127
1.17673417722
2.43798734177
3.20758227848
4.52949367089
2.46806329114
2.96315189873
3.48363291139
4.38212658228
4.64341772152
1.51753164557
1.93698734177
2.84993670886
1.2615443038
1.39183544304
1.98149367089
1.96724050633
1.4405443038
1.13767088608
1.50960759494
2.52240506329
3.10734177215
1.5456835443
1.97892405063
2.3634556962
2.91987341772
3.28832911392
1.33681012658
3.13621518987
2.88265822785
2.73991139241
3.78794936709
2.31030379747
3.04450632911
1.57410126582
1.22069620253
2.16787341772
3.09988607595
1.48116455696
1.91920253165
1.77246835443
2.11789873418
0.843139240506
1.18027848101
2.44679746835
2.06630379747
2.86756962025
1.80844303797
1.99388607595
2.30234177215
2.90049367089
3.2554556962
3.33836708861
3.30455696203
2.13948101266
0.939379746835
1.16429113924
2.71418987342
2.58427848101
3.07513924051
2.97392405063
3.85343037975
4.70011392405
2.9634556962
1.68311392405
3.87087341772
4.29158227848
3.15953164557
0.916835443038
1.46030379747
2.42592405063
1.51592405063
3.96711392405
4.99006329114
4.40934177215
3.49734177215
5.4376835443
3.79405063291
1.74846835443
2.27144303797
1.74513924051
1.4227721519
1.31758227848
2.50281012658
2.01841772152
1.88653164557
1.88753164557
2.38136708861
3.81083544304
3.85717721519
4.24094936709
2.09478481013
3.33574683544
1.22535443038
2.4233164557
1.8523164557
3.66940506329
4.17458227848
4.77407594937
6.26726582278
3.54221518987
1.27103797468
1.77365822785
2.01262025316
1.85994936709
2.12440506329
1.03489873418
3.49034177215
4.68715189873
5.36329113924
7.05721518987
5.5564556962
3.71693670886
3.11701265823
1.66837974684
1.82224050633
1.34330379747
3.74053164557
1.80105063291
1.75539240506
2.277
1.81558227848
2.39326582278
3.68937974684
1.47481012658
2.45392405063
1.85444303797
1.60429113924
1.98603797468
2.30379746835
2.00089873418
1.64055696203
2.80851898734
1.77116455696
2.31892405063
1.81440506329
1.34573417722
1.40186075949
1.0075443038
1.60824050633
1.91540506329
1.36287341772
4.24229113924
1.9012278481
1.10460759494
2.34881012658
1.86949367089
2.28121518987
3.35753164557
2.8685443038
1.37284810127
1.64998734177
1.44993670886
1.69302531646
3.16364556962
1.55048101266
2.46135443038
3.74894936709
5.03515189873
3.44069620253
2.77820253165
2.39362025316
1.04727848101
2.63024050633
2.16727848101
1.23608860759
1.94388607595
1.79846835443
1.32837974684
2.46530379747
1.94049367089
2.13083544304
2.10062025316
1.65960759494
2.17258227848
1.77587341772
1.70534177215
1.54844303797
1.73506329114
3.25865822785
3.26159493671
2.59720253165
1.75341772152
1.6367721519
2.24015189873
2.12667088608
2.72070886076
1.85081012658
1.31359493671
1.32097468354
1.98991139241
1.19870886076
1.35803797468
1.27143037975
2.94925316456
2.60625316456
2.72367088608
1.8327721519
1.77216455696
2.18612658228
2.7597721519
4.61353164557
3.82408860759
2.45053164557
2.29592405063
1.715
2.16412658228
1.66164556962
1.93672151899
1.68146835443
1.96207594937
3.10789873418
2.55610126582
2.95781012658
2.25326582278
3.29655696203
2.01244303797
1.72982278481
1.35660759494
1.65529113924
1.16146835443
1.4742278481
1.06864556962
1.33012658228
1.87672151899
1.09072151899
1.43356962025
2.87115189873
3.5312278481
2.46069620253
2.54551898734
1.97384810127
2.03463291139
1.18278481013
1.25256962025
1.89772151899
1.03381012658
1.03051898734
1.88130379747
3.10720253165
2.62140506329
1.49562025316
2.34940506329
2.69378481013
2.18015189873
2.09532911392
1.27193670886
1.91017721519
1.19912658228
1.15910126582
1.57208860759
2.13224050633
2.45736708861
2.45601265823
1.03844303797
3.3532278481
3.59416455696
2.41441772152
1.13637974684
0.799253164557
1.20343037975
1.14026582278
1.18541772152
1.34221518987
0.835126582278
0.923594936709
1.30798734177
2.50674683544
3.39944303797
1.84772151899
3.79151898734
3.01507594937
1.51346835443
3.08663291139
2.64939240506
2.99955696203
1.82508860759
1.65446835443
1.82256962025
1.35974683544
1.164
1.34529113924
1.35140506329
1.14973417722
1.37373417722
1.61653164557
1.62917721519
1.59013924051
1.82564556962
1.96374683544
1.81670886076
2.66744303797
2.20883544304
0.632025316456
1.06330379747
1.85874683544
2.65755696203
1.86259493671
1.2675443038
2.13534177215
2.51688607595
2.83069620253
3.88794936709
3.40936708861
2.1002278481
2.19696202532
1.64825316456
0.95346835443
1.00159493671
2.95558227848
4.42893670886
2.78773417722
2.05627848101
2.23534177215
1.845
1.76332911392
1.69203797468
2.9353164557
4.43840506329
5.14430379747
2.42562025316
1.65544303797
1.55334177215
1.24284810127
2.65886075949
2.86344303797
2.26096202532
2.01841772152
2.15408860759
2.83060759494
2.44612658228
1.07489873418
0.577924050633
0.702746835443
1.69744303797
2.05755696203
3.23015189873
3.85618987342
2.70725316456
0.875582278481
0.950392405063
0.668101265823
1.75005063291
1.97256962025
2.62151898734
2.06602531646
3.45653164557
2.90937974684
1.77124050633
0.664151898734
1.49760759494
0.830430379747
0.507835443038
0.35935443038
0.700670886076
1.00369620253
2.02555696203
1.56315189873
1.136
1.68029113924
1.11275949367
2.43079746835
2.7087721519
4.00044303797
5.349
4.25479746835
2.77998734177
5.13162025316
4.09172151899
5.13213924051
3.61549367089
5.97173417722
3.12216455696
4.07910126582
2.37688607595
1.23364556962
0.797987341772
1.72173417722
1.74464556962
2.57087341772
1.63079746835
1.43753164557
