1.7953125
2.04479166667
0.732229166667
0.6423125
0.586479166667
1.9025
2.94422916667
1.612875
3.57370833333
4.049875
3.51145833333
2.59064583333
2.14347916667
1.7796875
1.79554166667
1.594625
3.64352083333
4.83354166667
4.79185416667
2.47916666667
1.646625
2.0294375
3.4665625
2.368375
2.0503125
1.59872916667
2.60039583333
2.10316666667
1.43629166667
2.81839583333
3.689375
3.24935416667
2.85952083333
2.09545833333
2.5029375
0.915375
1.41577083333
3.14127083333
1.608625
4.42408333333
4.8943125
1.97516666667
0.5160625
2.18820833333
5.98933333333
6.64310416667
6.11789583333
1.2696875
2.83070833333
3.2205625
1.37195833333
1.0755
1.80566666667
2.04108333333
1.22916666667
1.0633125
1.72016666667
1.199375
2.59972916667
3.87827083333
2.98966666667
2.8289375
1.48477083333
1.23947916667
3.1588125
2.56954166667
5.18691666667
3.15175
1.25077083333
3.61889583333
3.058375
3.54660416667
5.060625
2.65470833333
3.55310416667
3.11945833333
2.20964583333
2.4664375
3.71233333333
4.04639583333
3.22952083333
1.32552083333
2.17125
3.95741666667
4.52520833333
4.27985416667
2.16583333333
2.96416666667
2.39514583333
2.27364583333
3.12435416667
3.36235416667
1.57672916667
1.341375
0.911833333333
2.55477083333
1.78483333333
2.99747916667
2.4395
3.37258333333
1.91877083333
1.112875
2.47902083333
2.1603125
1.65641666667
2.55135416667
2.668875
1.3396875
2.21210416667
2.5721875
2.531125
4.049
4.3840625
2.051125
1.28689583333
2.24925
1.93341666667
3.30139583333
3.62752083333
3.181125
6.35885416667
3.776625
2.28195833333
1.94020833333
2.543625
1.96627083333
1.55804166667
1.3974375
2.8225625
1.76047916667
1.94075
1.3825625
1.0825625
1.22614583333
2.2271875
3.26447916667
1.78895833333
1.52266666667
4.5695625
4.087125
1.855625
2.29225
2.2965625
3.60479166667
2.5308125
2.06504166667
2.60541666667
1.77933333333
1.988
1.2759375
2.2979375
2.65952083333
3.11758333333
1.9628125
1.38929166667
1.45695833333
1.26645833333
2.88177083333
2.28022916667
2.0116875
2.39239583333
2.06377083333
3.46041666667
3.22410416667
2.46879166667
1.96583333333
3.28435416667
2.11229166667
1.92027083333
2.118
1.2544375
1.403125
1.51854166667
2.84697916667
2.48008333333
1.69502083333
1.95975
1.48825
2.41233333333
2.7930625
2.11779166667
1.8698125
1.40577083333
1.96191666667
1.412125
2.06141666667
2.49708333333
3.05152083333
2.68002083333
2.09879166667
1.235
2.15329166667
1.567
2.046125
1.99970833333
2.15520833333
2.18375
3.08889583333
2.96666666667
2.95247916667
3.78383333333
3.31779166667
2.52722916667
2.53422916667
2.264875
1.599125
1.37535416667
0.949333333333
2.21820833333
3.02870833333
2.65202083333
3.409
3.4211875
2.00422916667
1.6366875
1.15533333333
1.32570833333
1.2618125
2.87966666667
2.755625
2.87145833333
1.552375
1.61683333333
1.35895833333
2.33995833333
2.317625
2.97525
1.99695833333
1.92277083333
1.4783125
1.62116666667
2.5393125
2.05879166667
1.6519375
2.53529166667
2.61320833333
1.6726875
3.14158333333
2.03322916667
1.3739375
1.10864583333
1.427875
1.18804166667
2.06722916667
3.11739583333
2.1356875
1.26922916667
1.6951875
1.01483333333
1.31177083333
0.920229166667
1.28029166667
2.26154166667
1.27527083333
1.9359375
1.695375
2.96127083333
1.48739583333
2.14497916667
3.3244375
3.22375
1.90154166667
1.33670833333
2.49395833333
1.93016666667
1.65385416667
1.17535416667
1.74904166667
1.63104166667
2.90508333333
2.82410416667
2.30652083333
2.07097916667
3.928375
2.2185
0.983833333333
1.3846875
3.87514583333
1.27614583333
0.883666666667
0.8121875
0.98675
0.656041666667
2.3108125
1.1838125
2.06675
2.55635416667
0.658958333333
1.57820833333
2.66370833333
2.1118125
1.14777083333
2.18245833333
3.60916666667
4.46979166667
3.26572916667
4.22766666667
4.87172916667
4.37583333333
2.35258333333
1.22654166667
0.999916666667
2.00854166667
1.65739583333
1.40672916667
0.984916666667
3.9201875
4.24341666667
3.75670833333
2.56939583333
3.775
2.76310416667
1.27408333333
2.3105
3.26416666667
1.2821875
1.5899375
1.46939583333
1.94141666667
0.930083333333
1.58072916667
2.0199375
2.08539583333
1.6043125
1.04102083333
1.75210416667
2.403125
2.8004375
4.0016875
1.60954166667
2.28729166667
1.946
2.99741666667
3.85270833333
3.3583125
2.14970833333
2.80554166667
3.74764583333
1.90577083333
2.46697916667
2.55395833333
2.95279166667
5.12616666667
5.2288125
2.14170833333
1.6979375
3.20777083333
5.30477083333
5.68845833333
4.64464583333
5.7381875
2.6251875
1.81575
3.54975
6.49147916667
3.4489375
1.89585416667
2.234375
1.300875
1.76195833333
3.81175
4.4001875
3.81608333333
2.5555
3.06166666667
2.3565625
1.48535416667
2.26302083333
1.43404166667
1.58191666667
0.794979166667
2.040125
2.74222916667
3.38241666667
3.72204166667
5.40179166667
3.0921875
1.3276875
2.13852083333
4.4986875
3.92920833333
2.7729375
0.721125
1.57820833333
1.78010416667
2.81566666667
2.5286875
1.1564375
2.2046875
2.2250625
2.4601875
0.859854166667
1.8920625
3.70185416667
4.5710625
4.16979166667
3.23779166667
3.75145833333
2.769
3.54072916667
2.9206875
1.66675
2.2281875
1.43089583333
1.5678125
2.05685416667
1.678625
0.980458333333
1.09558333333
1.05583333333
1.25460416667
1.3565
1.89195833333
2.96866666667
2.2985
2.0005
1.1814375
0.996041666667
1.74952083333
0.499291666667
1.87170833333
3.32560416667
2.08225
2.2928125
2.48639583333
2.85647916667
3.64647916667
2.052
1.79270833333
2.4238125
3.56945833333
1.3124375
2.36941666667
1.173625
1.6924375
2.35464583333
2.43879166667
5.1638125
3.79175
2.12125
2.17672916667
5.78097916667
6.48366666667
6.64152083333
4.32472916667
2.52964583333
4.22922916667
2.82870833333
1.63864583333
1.676625
1.58097916667
3.67033333333
5.32010416667
4.13729166667
1.79114583333
2.27114583333
4.927625
3.99104166667
3.664125
2.87802083333
2.38845833333
2.0435
3.05533333333
2.78333333333
2.23002083333
1.44254166667
1.823125
1.60672916667
1.1855625
1.57460416667
1.75197916667
1.9025625
3.69689583333
5.29552083333
3.56041666667
2.1213125
2.20014583333
3.79510416667
5.27404166667
2.3224375
2.40060416667
1.86885416667
2.92520833333
1.56970833333
4.2328125
5.52635416667
5.49014583333
5.70527083333
5.38077083333
4.60195833333
2.92741666667
2.114875
1.42008333333
3.20427083333
2.9105625
3.77222916667
4.1961875
6.14554166667
6.05641666667
4.65466666667
3.3336875
2.11695833333
2.44614583333
2.08516666667
1.73997916667
2.84875
4.65447916667
2.51275
2.190375
1.93722916667
1.25975
1.7769375
1.3424375
1.52345833333
2.35147916667
1.78229166667
1.62577083333
2.95739583333
2.78052083333
2.3645625
1.65185416667
1.65879166667
1.26210416667
1.43647916667
1.98391666667
1.6234375
2.54297916667
1.47229166667
1.22527083333
2.3309375
3.067125
2.929375
2.37677083333
2.89066666667
3.31960416667
4.36814583333
2.8266875
2.30322916667
2.93060416667
3.34045833333
3.0065625
1.74975
2.37525
2.850375
2.89070833333
3.45416666667
2.59902083333
1.7578125
2.50466666667
1.82404166667
1.91041666667
1.97947916667
2.77933333333
2.87491666667
3.23160416667
3.16579166667
2.08052083333
2.48975
2.89170833333
2.19466666667
1.23347916667
3.05483333333
3.05883333333
3.90308333333
3.303
3.2368125
4.02414583333
2.31972916667
1.46077083333
1.46160416667
2.23352083333
2.68166666667
1.961375
2.00214583333
3.24327083333
1.988
1.42389583333
1.33808333333
1.32272916667
1.72435416667
2.1780625
3.25179166667
3.32429166667
1.858625
1.79360416667
1.391125
1.17747916667
1.5231875
3.11925
2.34622916667
1.59002083333
2.56945833333
1.67047916667
1.35827083333
1.242
1.287
3.68747916667
5.04935416667
3.27433333333
2.807
2.68429166667
2.0298125
1.68627083333
1.03722916667
1.43433333333
2.693875
3.8416875
3.4764375
2.41266666667
1.249625
1.83791666667
1.95108333333
2.15502083333
2.29566666667
1.4241875
1.83545833333
2.30466666667
3.78241666667
4.08716666667
3.55354166667
3.90516666667
4.8730625
3.356125
1.402375
1.7044375
0.945625
1.12041666667
0.787291666667
0.8499375
1.2904375
1.06089583333
1.01710416667
1.10154166667
1.33454166667
1.1295
0.911583333333
2.06308333333
2.42435416667
1.78135416667
2.66804166667
1.14904166667
1.55020833333
2.06610416667
2.8409375
4.98745833333
4.58772916667
2.591
2.05710416667
3.7471875
3.13758333333
2.76885416667
1.52516666667
1.16722916667
1.84122916667
2.33035416667
2.08745833333
2.59935416667
2.054125
2.4850625
1.70345833333
2.57795833333
3.55195833333
1.94070833333
1.82825
2.88922916667
2.76783333333
5.48275
3.02539583333
3.2604375
5.1115
6.11460416667
5.0809375
4.89075
6.590125
6.36533333333
1.26795833333
0.781083333333
1.48233333333
1.6203125
2.520375
2.43375
2.29125
3.52164583333
4.256375
5.02202083333
4.08747916667
5.79329166667
3.81739583333
2.173625
2.83797916667
3.1895625
3.4021875
2.625875
2.73891666667
1.88954166667
2.09025
2.56185416667
2.03002083333
4.72683333333
2.57508333333
3.33858333333
3.2495625
1.95814583333
1.9533125
2.94539583333
1.30158333333
2.09377083333
3.8653125
4.229125
4.1135625
2.86795833333
4.45914583333
4.96983333333
5.15322916667
3.41947916667
3.12552083333
3.02239583333
1.9099375
1.86333333333
2.788875
2.5223125
3.76675
3.75960416667
4.06341666667
2.63227083333
1.69810416667
2.29214583333
3.03539583333
3.02329166667
4.5143125
5.56208333333
4.62389583333
6.90808333333
4.24816666667
4.162625
1.97625
1.5978125
1.18029166667
3.3468125
2.26475
2.72910416667
3.14533333333
2.1765625
5.58977083333
3.82547916667
3.8513125
3.4958125
1.84433333333
3.18170833333
3.28814583333
1.53472916667
0.710208333333
1.18060416667
2.2174375
2.6715
1.73025
0.8681875
1.07972916667
1.47472916667
1.18052083333
1.54241666667
2.291
2.64804166667
5.38339583333
3.028375
3.28210416667
2.97422916667
3.46952083333
4.21966666667
2.1635625
5.7385
2.89529166667
1.4288125
1.30383333333
0.976604166667
0.987291666667
1.198875
1.567625
3.62727083333
2.8751875
2.0240625
1.60604166667
1.71047916667
1.89375
1.81045833333
2.579375
4.3909375
3.4526875
3.87314583333
1.59560416667
1.55172916667
1.60122916667
2.46075
2.11752083333
2.09289583333
4.29183333333
4.6846875
5.28039583333
2.54572916667
5.722
4.33285416667
3.54852083333
4.31310416667
2.54875
1.553125
1.98085416667
2.36183333333
4.9916875
3.50177083333
3.36077083333
5.2695625
3.07227083333
4.93241666667
3.226
3.35360416667
2.27475
3.5148125
3.4976875
1.3725625
3.4238125
2.72564583333
2.48808333333
1.546625
2.22289583333
1.70520833333
2.70489583333
1.38975
1.3440625
1.74875
0.996541666667
2.209875
1.00404166667
2.35952083333
3.8525
1.841125
4.04720833333
4.39039583333
2.5868125
2.6845
2.91154166667
3.15077083333
3.26708333333
1.62572916667
3.09025
2.65660416667
4.48639583333
3.251875
3.364375
3.14545833333
4.15725
3.04527083333
2.70864583333
1.83504166667
2.8331875
2.89183333333
1.9120625
2.45902083333
1.4135
1.771875
3.55335416667
4.57708333333
1.894125
1.92552083333
2.08160416667
1.31902083333
1.93954166667
2.34695833333
1.67345833333
1.47564583333
1.80745833333
2.06479166667
1.93366666667
2.05129166667
2.47802083333
2.22354166667
1.38175
2.36477083333
2.4106875
1.31210416667
1.27985416667
1.17504166667
1.66425
1.35239583333
2.71204166667
2.23877083333
3.27460416667
2.3273125
1.9228125
2.78645833333
3.36091666667
3.45977083333
2.6221875
2.76395833333
1.8001875
3.608375
3.4938125
4.02420833333
2.869125
2.79320833333
2.40885416667
1.84495833333
2.42708333333
2.84597916667
1.9439375
2.17285416667
1.48472916667
1.271125
2.00425
2.0266875
5.917375
4.86370833333
3.3898125
1.78466666667
2.74747916667
2.74745833333
1.54975
1.83877083333
0.9488125
1.98227083333
1.68410416667
1.05697916667
1.33558333333
2.56797916667
1.84672916667
2.52339583333
1.85522916667
2.36725
3.27822916667
1.66125
2.2388125
1.59539583333
2.7023125
2.55358333333
2.23820833333
2.89985416667
3.15827083333
2.91079166667
2.950125
1.840875
1.78072916667
1.987625
1.25841666667
2.04591666667
1.51408333333
1.20629166667
1.60910416667
1.48666666667
1.33195833333
1.29097916667
1.37641666667
1.312625
1.41285416667
1.28854166667
1.40454166667
0.955333333333
1.01775
0.8225625
1.89325
2.30366666667
1.99320833333
1.887
3.9793125
3.08766666667
2.50914583333
2.1835
2.26220833333
1.642
2.0075
2.81545833333
1.8305
1.14397916667
1.03589583333
0.948125
1.76939583333
2.2114375
2.25122916667
2.29452083333
1.5356875
0.472979166667
1.08441666667
1.19679166667
1.1195
1.376375
1.01895833333
0.888375
2.97764583333
2.04741666667
2.41522916667
1.82322916667
1.135375
1.94239583333
2.21139583333
3.31566666667
2.98779166667
2.07291666667
1.87822916667
1.08258333333
2.1509375
1.34591666667
1.62920833333
1.1776875
1.9908125
0.8614375
1.4170625
1.13835416667
3.770375
5.64666666667
2.600375
2.24475
5.07154166667
3.16116666667
2.47272916667
4.82347916667
3.99729166667
2.496
4.24397916667
2.71325
2.243125
0.832708333333
1.74777083333
1.62583333333
2.54845833333
4.2995
1.64270833333
1.1835
0.848041666667
1.48947916667
1.782625
2.04095833333
1.07233333333
2.96277083333
4.70047916667
2.43660416667
4.68341666667
2.18516666667
4.37885416667
0.90025
2.29847916667
2.668375
3.07358333333
1.89925
1.5155625
1.74552083333
1.7281875
3.15310416667
2.30685416667
2.83377083333
2.89952083333
1.58922916667
0.829354166667
1.96472916667
3.15664583333
2.88879166667
4.34414583333
3.8388125
3.86727083333
3.9933125
5.10389583333
4.7538125
3.59341666667
4.5570625
2.78297916667
2.19352083333
2.28879166667
2.69552083333
1.250625
2.01627083333
3.27808333333
3.50608333333
3.14033333333
2.953625
1.76820833333
3.66045833333
1.52639583333
1.4141875
1.73195833333
2.1714375
3.94425
2.70183333333
2.88191666667
2.19664583333
3.64275
2.70954166667
1.16072916667
1.85608333333
0.97175
0.761791666667
1.96266666667
1.55410416667
0.988
0.7341875
0.98675
2.190125
1.95347916667
3.380125
1.15535416667
2.61483333333
2.8511875
4.0570625
4.78189583333
5.162125
2.0250625
3.0404375
3.90597916667
1.88614583333
2.11110416667
1.2549375
0.734395833333
0.85125
0.939416666667
0.6271875
0.701833333333
1.5000625
1.251875
1.2015625
2.27679166667
1.75152083333
0.686270833333
1.33141666667
2.99227083333
4.64104166667
1.803
3.57666666667
3.30327083333
4.00064583333
2.86485416667
0.939270833333
2.54245833333
2.24933333333
0.916541666667
0.780645833333
1.74477083333
1.84252083333
1.49972916667
1.694125
0.74025
0.978875
0.648666666667
0.530395833333
0.778166666667
2.25522916667
2.68354166667
3.96089583333
4.542
5.80539583333
4.12266666667
2.77902083333
2.75585416667
2.196375
0.514729166667
1.34808333333
1.02160416667
1.56483333333
2.39660416667
4.73127083333
3.75708333333
6.259625
5.04714583333
2.08910416667
2.086875
4.32860416667
1.7424375
1.8585
5.19758333333
4.78441666667
4.08664583333
2.76414583333
2.85170833333
3.48822916667
4.44789583333
2.089875
1.31127083333
1.64579166667
2.43889583333
1.0744375
1.47791666667
2.3
1.9469375
0.875729166667
0.778645833333
1.416
1.74185416667
2.19833333333
3.52179166667
5.4676875
2.69860416667
1.3525
2.58620833333
1.37454166667
2.01854166667
3.4835625
3.847625
4.74877083333
4.773625
3.6739375
3.95791666667
3.23027083333
1.9836875
1.4203125
2.7683125
2.42658333333
2.9725
2.81779166667
1.49577083333
2.5253125
1.83458333333
2.78079166667
1.95239583333
3.02233333333
2.259125
3.60122916667
3.27220833333
2.29625
2.96975
3.3033125
4.17720833333
3.58666666667
4.548875
4.45158333333
2.4174375
2.37825
3.49547916667
2.1045
1.90525
1.32885416667
1.86110416667
1.12202083333
1.34789583333
1.46685416667
1.60310416667
1.6061875
1.46547916667
1.49054166667
1.7873125
1.47616666667
1.29235416667
2.75710416667
2.9895
2.564375
2.10185416667
1.97541666667
2.15060416667
2.01416666667
2.09189583333
4.06366666667
2.50454166667
1.32625
2.4104375
1.0785
0.967958333333
1.08102083333
1.577875
1.45447916667
0.987583333333
1.8364375
1.9943125
1.91035416667
2.7529375
3.35797916667
2.7765
2.20397916667
1.6215625
1.08370833333
2.02879166667
3.12541666667
2.62745833333
1.2744375
1.7564375
3.71895833333
3.13985416667
1.8240625
2.43404166667
3.00666666667
3.30510416667
3.40514583333
3.29479166667
2.30410416667
1.5715
2.63770833333
3.28047916667
3.0455625
1.83989583333
1.47325
1.01039583333
1.67627083333
1.5278125
2.4805
2.22160416667
2.68516666667
1.95033333333
1.64375
1.94041666667
2.1486875
2.71733333333
3.023
2.3181875
1.50185416667
1.80666666667
0.8985
1.66041666667
2.41695833333
1.57508333333
1.33745833333
1.445
2.54602083333
3.2974375
3.17575
1.05458333333
2.55439583333
2.973125
1.589875
1.47202083333
1.0115625
1.414125
1.2910625
2.5719375
2.856875
1.35760416667
2.94158333333
2.78083333333
3.03535416667
1.8649375
2.37410416667
2.42877083333
3.86660416667
3.26352083333
2.909375
3.95691666667
2.69777083333
1.80829166667
1.44041666667
3.09472916667
2.84441666667
3.0861875
1.20645833333
1.0248125
1.93197916667
1.6968125
1.73620833333
1.734
1.8580625
1.7996875
1.22285416667
2.60347916667
2.19329166667
2.17672916667
1.4919375
1.6285
1.018875
0.97425
0.994104166667
0.719020833333
0.742895833333
0.6478125
0.747916666667
0.770166666667
1.6528125
2.00008333333
4.88335416667
1.39585416667
1.23433333333
1.99395833333
1.230375
2.61625
2.15904166667
1.2075
1.42747916667
0.707020833333
1.10260416667
1.29670833333
0.750333333333
1.208875
2.06429166667
2.04097916667
2.16104166667
3.24777083333
2.7399375
1.48629166667
2.26954166667
3.37810416667
2.67375
5.01116666667
4.76685416667
2.09595833333
1.34933333333
1.02754166667
1.55060416667
2.940375
2.31525
1.69179166667
1.29910416667
2.26460416667
1.3045
1.64620833333
1.15929166667
2.89125
1.94989583333
1.02333333333
2.95679166667
2.04960416667
1.79077083333
0.394145833333
0.776604166667
3.57195833333
3.79114583333
3.80795833333
1.7044375
3.83708333333
3.14554166667
2.48008333333
2.04445833333
3.36389583333
2.20666666667
0.968208333333
3.521875
3.49295833333
4.65060416667
5.53466666667
4.84254166667
2.3481875
3.51497916667
2.86652083333
3.88697916667
2.52129166667
1.73733333333
1.30070833333
1.33354166667
2.119125
4.7863125
5.6808125
2.43160416667
1.81516666667
1.6765
3.13677083333
1.80208333333
1.6033125
3.40325
3.91647916667
5.99808333333
4.65627083333
1.84333333333
2.60904166667
2.3745625
6.11170833333
6.51379166667
2.56520833333
0.930395833333
3.8966875
4.99539583333
6.14975
2.79
1.32089583333
2.78072916667
2.24475
2.12958333333
3.68004166667
3.25845833333
1.14075
1.006125
1.66408333333
2.55554166667
2.6593125
3.30275
6.11758333333
2.7971875
4.203375
4.037875
3.36214583333
4.6401875
3.573875
3.11533333333
3.40958333333
4.3321875
5.52447916667
3.7706875
4.63625
5.7456875
6.231125
3.8323125
2.52114583333
4.33022916667
2.45214583333
1.11370833333
1.32052083333
2.76425
2.23864583333
4.9443125
4.91025
5.24985416667
4.30054166667
4.41702083333
7.58695833333
5.0623125
3.085625
1.5736875
3.62935416667
1.92575
2.7473125
0.982895833333
2.58852083333
2.48095833333
2.78408333333
2.70070833333
2.991125
4.23525
4.24366666667
3.641125
2.8880625
1.16516666667
1.23245833333
2.01116666667
1.9975625
1.4368125
1.5379375
0.860375
1.31975
2.20585416667
2.02520833333
3.22445833333
1.09339583333
1.91847916667
1.32716666667
1.41914583333
2.74179166667
3.90372916667
3.66191666667
2.59835416667
2.218875
2.79875
3.45620833333
2.2505625
1.43902083333
1.83789583333
0.8690625
1.86829166667
2.03914583333
2.2283125
2.66191666667
1.9973125
4.39325
6.29627083333
5.1500625
5.02547916667
3.43216666667
3.07466666667
2.602125
1.614
2.547625
4.10772916667
2.56175
1.66741666667
2.16935416667
2.04647916667
1.19102083333
3.23329166667
5.2786875
3.07629166667
1.41520833333
2.07183333333
1.66047916667
2.342125
2.484375
2.38702083333
2.48952083333
1.9395
1.96733333333
2.436
1.98929166667
2.03810416667
2.51375
1.89016666667
2.2049375
1.40502083333
1.07429166667
1.4275625
2.03152083333
3.6529375
2.62329166667
2.57839583333
1.26389583333
2.18964583333
4.2879375
3.8366875
2.18627083333
1.77010416667
2.892
1.66279166667
2.442875
2.1195
1.93616666667
3.58908333333
4.25597916667
2.0451875
1.67472916667
1.811625
2.78360416667
1.97795833333
3.14147916667
1.61385416667
2.0745
2.44260416667
1.5445625
1.85277083333
1.52977083333
1.78166666667
2.108625
1.33833333333
2.07327083333
2.64316666667
1.84425
1.4781875
1.85360416667
2.94545833333
1.80029166667
1.59729166667
1.41195833333
3.18270833333
2.82389583333
1.4068125
1.71339583333
1.58770833333
1.35435416667
1.17652083333
2.07925
1.74995833333
2.03464583333
1.97952083333
1.80889583333
1.9260625
3.26204166667
2.83564583333
2.62775
3.076875
1.2709375
1.3604375
1.02864583333
1.80083333333
1.77966666667
2.353
2.6829375
3.23445833333
1.39860416667
1.29685416667
0.77575
1.78241666667
2.76775
1.23660416667
1.22397916667
1.29675
1.52360416667
1.96970833333
1.53314583333
1.69404166667
2.50379166667
1.89014583333
1.35064583333
2.12220833333
1.28283333333
2.07029166667
0.880979166667
2.59675
1.61264583333
1.11620833333
1.18475
1.08775
1.47433333333
1.77966666667
1.51397916667
2.42127083333
1.84420833333
1.8275625
1.30789583333
3.35877083333
2.4516875
2.0018125
1.88804166667
2.09127083333
1.77579166667
1.94239583333
2.31004166667
2.24316666667
1.88216666667
1.35045833333
1.6630625
2.885125
0.940625
1.43091666667
2.04677083333
1.26164583333
1.212
1.720625
1.54739583333
1.32577083333
0.746395833333
1.31177083333
2.8645
3.19766666667
2.46122916667
1.5
2.37966666667
2.7611875
1.5399375
1.22295833333
2.00147916667
2.38591666667
5.06947916667
4.08066666667
4.45533333333
2.720125
2.86475
1.68627083333
2.16216666667
2.93129166667
4.53910416667
4.53408333333
3.52635416667
2.5656875
3.29316666667
4.20914583333
3.30254166667
3.1665625
2.96183333333
1.99595833333
1.992875
3.13783333333
0.609666666667
1.90758333333
1.92122916667
0.930520833333
0.876979166667
1.98152083333
2.18375
2.2179375
3.23979166667
1.14235416667
2.33202083333
2.18733333333
3.00527083333
3.3365625
2.79708333333
3.86039583333
4.0069375
3.64275
3.33202083333
3.64495833333
2.04877083333
2.3689375
3.73852083333
5.254
3.86775
3.4066875
3.84391666667
1.86685416667
1.15491666667
0.570270833333
0.632333333333
1.4676875
1.5316875
2.3558125
1.56179166667
1.60814583333
2.251875
1.26302083333
2.6731875
2.87154166667
1.60091666667
1.18891666667
1.80677083333
1.02029166667
0.617625
1.121
0.6975
0.585166666667
0.796229166667
1.69129166667
3.27758333333
3.703
2.63089583333
2.44645833333
2.12127083333
1.5385
1.17627083333
1.67158333333
2.50135416667
2.3203125
1.94614583333
2.2463125
1.701625
2.76820833333
5.14933333333
7.02789583333
2.7860625
2.35460416667
2.3314375
1.08583333333
1.18347916667
0.7905
0.823333333333
0.928354166667
1.41154166667
1.28375
2.51077083333
4.07825
2.29670833333
1.29160416667
1.837625
1.2375625
1.57158333333
0.544854166667
0.945020833333
0.723479166667
1.2615625
1.0986875
1.96760416667
1.09091666667
2.3016875
3.62795833333
1.96408333333
3.85027083333
4.18654166667
3.44495833333
4.46697916667
2.65154166667
2.54125
3.72335416667
5.25279166667
4.94125
6.55952083333
4.41335416667
2.3305
2.4150625
3.70360416667
4.9439375
2.198
1.1560625
4.82689583333
3.84966666667
6.12814583333
5.02685416667
5.2574375
5.17702083333
6.205375
4.4059375
0.950104166667
0.967104166667
2.4548125
3.44622916667
3.4916875
4.3414375
2.27670833333
1.30370833333
1.2380625
1.0848125
2.60464583333
2.05141666667
2.2899375
1.60554166667
2.778125
4.16314583333
3.11795833333
3.35416666667
4.64452083333
4.90016666667
3.666625
3.43835416667
1.61258333333
2.46066666667
3.053625
3.300875
2.47852083333
2.58175
2.45522916667
0.521083333333
2.77222916667
4.672375
1.97583333333
1.788375
1.1595
1.763
2.94745833333
4.57808333333
3.54789583333
2.82108333333
1.74660416667
1.031625
0.65225
2.8331875
2.3944375
1.43764583333
1.68345833333
1.21960416667
2.10472916667
3.22689583333
2.24820833333
1.01452083333
0.71125
2.15952083333
2.95883333333
2.50127083333
3.190125
3.60397916667
4.7399375
4.57714583333
4.0575
2.13729166667
1.64335416667
1.6860625
1.17485416667
2.63539583333
1.24510416667
2.47975
2.95947916667
3.51952083333
2.9513125
1.63483333333
1.53414583333
3.60270833333
3.08425
1.9225
0.638125
1.30133333333
1.2375625
1.57920833333
1.00408333333
1.11091666667
3.26922916667
1.5344375
1.47358333333
1.049375
1.63404166667
2.58964583333
1.87985416667
1.4949375
1.1219375
0.987229166667
1.15454166667
0.939229166667
1.227125
2.53722916667
2.8945625
1.5751875
3.04670833333
3.37579166667
3.4748125
3.9708125
3.69029166667
1.89827083333
2.12860416667
1.293875
1.24204166667
2.56910416667
1.92035416667
2.9935625
2.46925
1.54085416667
2.83954166667
4.10910416667
4.425375
2.7016875
1.65789583333
1.2605
2.1380625
2.69466666667
1.7650625
2.519
2.64789583333
3.37389583333
3.11283333333
1.41752083333
1.93754166667
1.62764583333
1.24266666667
1.5575625
2.25279166667
2.32320833333
3.68841666667
2.16825
2.43370833333
2.00939583333
3.57572916667
2.14164583333
1.55791666667
2.24666666667
3.09670833333
2.45652083333
2.86345833333
1.8571875
2.10402083333
1.2551875
2.98779166667
2.96422916667
2.3355625
1.3374375
0.947854166667
1.44979166667
1.04025
1.18285416667
1.82304166667
3.30635416667
4.82647916667
2.72752083333
3.48077083333
2.46404166667
3.08225
1.23547916667
1.9243125
2.7419375
1.49975
1.333
2.43541666667
2.164875
1.86035416667
1.925875
1.1599375
1.98152083333
1.60872916667
1.5248125
1.95629166667
3.55654166667
3.13425
3.267625
2.16766666667
2.52235416667
2.15154166667
1.99229166667
1.97827083333
1.66335416667
1.6424375
1.3663125
1.64045833333
1.42816666667
1.54566666667
2.40285416667
2.31714583333
1.99302083333
2.31997916667
1.75089583333
1.6846875
1.31522916667
1.59533333333
1.87766666667
1.67745833333
2.03020833333
1.67016666667
1.40108333333
2.9586875
2.54035416667
2.8169375
1.55770833333
1.13610416667
1.12879166667
1.13
1.65054166667
1.23570833333
1.01902083333
1.03335416667
0.812
0.8250625
0.922395833333
1.48077083333
0.932479166667
1.3481875
1.79672916667
1.45025
0.997145833333
0.997520833333
1.86879166667
2.64895833333
2.67125
3.21227083333
1.75495833333
3.59329166667
4.062875
1.98835416667
1.577
2.86216666667
2.84714583333
3.64097916667
5.09416666667
3.5386875
2.6458125
1.304
1.16904166667
1.0334375
3.372375
1.20089583333
1.6290625
2.06533333333
2.05845833333
2.5120625
2.71629166667
1.63945833333
1.78045833333
2.773625
3.3438125
1.84414583333
0.848979166667
0.629979166667
1.62708333333
1.83872916667
2.43758333333
1.414375
1.92166666667
1.67966666667
2.3460625
3.05258333333
3.63485416667
3.70641666667
1.18820833333
1.59264583333
1.81495833333
1.13991666667
1.93647916667
2.19529166667
0.839041666667
1.894375
4.338375
3.18358333333
6.10014583333
3.6944375
3.64564583333
4.3348125
1.60077083333
2.50241666667
2.73577083333
0.907791666667
0.565791666667
1.458875
0.6493125
1.4174375
0.858375
1.50352083333
2.61310416667
1.39714583333
1.49179166667
1.15575
0.802520833333
0.9016875
2.30891666667
1.08470833333
2.31425
1.9878125
1.25808333333
1.6073125
2.67745833333
3.83629166667
2.64470833333
1.89472916667
1.40966666667
2.152125
2.68070833333
4.27185416667
6.67864583333
7.39220833333
4.071125
1.80466666667
2.03597916667
2.59360416667
1.28316666667
0.8370625
1.252375
1.098125
0.874666666667
2.02847916667
2.46377083333
2.747
1.7084375
2.24714583333
2.379625
3.11322916667
2.194625
0.930104166667
2.64216666667
1.42760416667
1.54902083333
1.32322916667
1.67933333333
2.34852083333
3.42264583333
3.86414583333
3.573625
1.92225
1.57547916667
1.93104166667
1.138125
1.596125
1.31289583333
1.92145833333
0.573375
1.3663125
2.30710416667
3.06083333333
2.10020833333
1.53091666667
1.427625
1.888125
1.76958333333
2.31252083333
0.920416666667
3.02347916667
1.41170833333
1.10483333333
2.22885416667
3.03908333333
3.96229166667
3.81708333333
1.60647916667
0.758604166667
0.616625
0.619916666667
1.55060416667
0.980479166667
2.94060416667
2.23360416667
3.60779166667
4.32164583333
3.00795833333
2.55425
1.72572916667
2.45697916667
2.47585416667
4.19072916667
4.26870833333
4.693875
2.488625
0.715125
0.7141875
1.57039583333
1.95560416667
3.98522916667
5.55852083333
4.10972916667
5.00575
4.08645833333
1.41114583333
0.916375
1.77316666667
1.26322916667
2.29210416667
2.50272916667
1.04016666667
1.314125
1.84120833333
1.94741666667
2.239875
2.33445833333
0.630270833333
0.8015625
0.58525
1.00739583333
1.38225
1.5061875
1.73075
1.85647916667
0.975854166667
1.55454166667
0.846833333333
1.02635416667
1.7365
1.55970833333
1.49675
3.066375
0.7920625
1.9449375
2.42322916667
1.51822916667
1.99489583333
3.97825
2.4079375
2.10635416667
2.153125
0.9463125
1.8214375
1.63466666667
2.19408333333
4.6143125
3.42939583333
4.1736875
5.27560416667
4.4054375
3.67658333333
1.92447916667
4.3265625
2.33075
1.9318125
1.60435416667
2.59529166667
3.430875
4.5221875
2.81027083333
2.07635416667
3.08804166667
5.5431875
3.87564583333
4.55666666667
2.72279166667
1.6231875
0.960541666667
1.91435416667
1.4651875
2.30847916667
3.85572916667
3.4835
3.5074375
2.62458333333
2.67545833333
1.74433333333
3.65410416667
4.38575
3.65745833333
3.6115
3.71254166667
4.569875
2.20085416667
1.59072916667
1.50502083333
4.19477083333
5.09625
3.9575625
1.82504166667
1.46895833333
3.34783333333
4.35504166667
3.36116666667
2.88808333333
1.35247916667
2.539
3.25266666667
3.57672916667
2.2210625
1.42895833333
1.45233333333
1.74847916667
2.2095
1.5913125
1.39052083333
1.58095833333
1.34979166667
1.5111875
2.62583333333
2.72260416667
2.06995833333
2.3765
2.60866666667
2.57791666667
1.6283125
2.09158333333
2.24508333333
3.25327083333
2.45616666667
3.7325625
3.09420833333
2.86647916667
3.87325
3.662
1.83925
3.16816666667
1.42520833333
2.3171875
1.67591666667
1.7538125
2.5445625
1.40620833333
1.56085416667
1.802875
1.76820833333
2.1224375
2.00627083333
3.27914583333
2.57795833333
2.46908333333
2.32189583333
1.56077083333
1.70795833333
1.59252083333
3.0730625
2.46410416667
1.6213125
1.935375
1.585875
1.66195833333
1.62685416667
0.813895833333
1.61564583333
1.10964583333
2.011625
2.88675
2.22341666667
1.72522916667
1.79722916667
2.9809375
2.60910416667
2.67016666667
2.39935416667
3.29635416667
1.12520833333
1.00420833333
1.8524375
2.96110416667
1.52725
2.63875
4.26122916667
2.80785416667
1.8261875
2.51195833333
3.25414583333
3.1825625
4.690625
1.34841666667
1.75022916667
2.11560416667
1.12397916667
2.93147916667
1.80204166667
1.42297916667
1.26429166667
1.554375
1.48910416667
1.054
1.728625
1.7425625
1.1878125
2.84372916667
2.06764583333
1.57954166667
2.09479166667
2.4351875
2.57802083333
1.8691875
1.43585416667
0.729458333333
0.944708333333
0.708791666667
1.52547916667
2.52585416667
2.35552083333
2.2470625
3.25433333333
2.94489583333
3.39341666667
3.27735416667
1.69935416667
2.16627083333
1.52514583333
1.203125
0.9248125
1.37060416667
1.405375
2.49714583333
2.7554375
3.88497916667
0.993229166667
1.98447916667
1.40016666667
2.062625
3.088375
0.964041666667
1.3571875
0.996729166667
0.6576875
0.5385625
0.923729166667
0.699291666667
0.749604166667
0.982291666667
1.1085625
1.92220833333
1.54760416667
0.881208333333
0.754666666667
1.27152083333
2.20379166667
2.9568125
2.80466666667
2.28672916667
1.86329166667
1.36125
1.8320625
1.45645833333
0.984041666667
0.64675
0.5564375
1.42104166667
1.05972916667
1.67147916667
2.83083333333
3.67245833333
4.15695833333
3.8988125
2.31833333333
0.863708333333
1.19229166667
2.18783333333
2.033625
1.65722916667
1.54939583333
3.814875
1.817125
0.650145833333
4.14454166667
4.68439583333
3.9199375
1.79145833333
4.24385416667
5.5025625
4.38379166667
1.94858333333
0.817833333333
0.603833333333
0.576395833333
0.733104166667
2.31010416667
6.20395833333
5.99558333333
4.81404166667
2.89747916667
1.3878125
0.8460625
1.80370833333
0.74025
1.18775
3.17733333333
3.05895833333
1.3880625
1.28847916667
0.941875
2.190125
1.915125
2.03245833333
2.77252083333
5.74725
3.983875
0.589979166667
1.050625
2.4321875
1.64402083333
0.9725625
2.09697916667
2.61852083333
3.3205
3.5684375
3.77252083333
3.31783333333
3.56047916667
3.19595833333
3.04758333333
1.13283333333
0.856083333333
1.96925
2.49066666667
3.41479166667
2.87283333333
3.14760416667
1.94566666667
0.897770833333
0.640708333333
1.83235416667
1.84152083333
2.72589583333
2.07095833333
2.77725
2.1906875
0.662125
2.14058333333
2.42404166667
2.43872916667
2.55935416667
3.97472916667
3.79252083333
5.04754166667
4.36479166667
2.3586875
2.35479166667
3.30491666667
5.15289583333
5.14458333333
4.82775
5.32991666667
4.5203125
3.28145833333
2.2601875
1.59545833333
2.82197916667
2.77558333333
2.24275
4.51052083333
6.5461875
6.63570833333
4.65425
5.70252083333
5.48072916667
3.64704166667
4.160625
3.2585
1.66972916667
3.231625
3.82210416667
4.06047916667
4.9953125
4.2839375
4.05260416667
3.7464375
3.52191666667
6.52566666667
3.26564583333
2.15902083333
1.75235416667
1.00710416667
0.920958333333
2.774
1.26066666667
3.62795833333
4.081625
3.51345833333
4.9643125
5.06939583333
4.07164583333
3.113
3.097625
3.39345833333
1.39345833333
1.559125
2.70114583333
1.80604166667
1.47410416667
1.75783333333
2.46779166667
1.41683333333
0.173395833333
2.87797916667
2.13841666667
0.941416666667
0.964416666667
1.02104166667
1.85502083333
2.49454166667
2.78235416667
4.90527083333
3.792375
5.52833333333
3.63427083333
4.77020833333
5.09220833333
4.29252083333
4.68395833333
4.1496875
5.804375
1.6204375
1.970625
1.72954166667
1.33416666667
2.91522916667
5.4609375
4.962
5.47808333333
4.71360416667
3.87370833333
1.636375
1.59520833333
2.11452083333
2.85260416667
2.04183333333
2.23839583333
1.76545833333
1.54427083333
3.40427083333
2.9924375
3.42325
2.2853125
1.59502083333
1.8065
3.72629166667
2.00985416667
2.7519375
3.80577083333
2.54233333333
3.28339583333
2.92777083333
1.92327083333
2.2825625
2.10179166667
1.69816666667
2.1955
2.885
2.84666666667
2.0931875
3.13716666667
2.33533333333
2.166
1.43220833333
2.47422916667
1.615875
1.7473125
1.55489583333
1.13979166667
2.25579166667
1.95664583333
2.58254166667
1.45152083333
2.11485416667
2.13597916667
1.5870625
1.99239583333
1.6721875
1.77458333333
2.4486875
1.3688125
1.44975
1.22522916667
2.89933333333
2.3540625
2.38147916667
4.64864583333
4.29579166667
2.094375
1.59420833333
2.337125
1.6688125
2.36160416667
2.57472916667
4.167375
5.10954166667
2.90195833333
1.5
1.37491666667
2.91270833333
3.43133333333
3.1241875
2.27222916667
3.44991666667
2.1595
1.73014583333
1.867
1.430375
1.53222916667
2.65877083333
2.34102083333
0.945041666667
0.740020833333
1.90214583333
2.015125
2.506625
2.09479166667
2.16247916667
1.929875
2.52429166667
2.27425
2.27964583333
1.6790625
1.80485416667
1.98516666667
1.24675
1.2095625
1.74408333333
2.3281875
1.7220625
1.33866666667
1.16935416667
2.0565625
2.4258125
3.96247916667
2.63258333333
2.57710416667
1.448
1.14997916667
2.829
1.38091666667
2.639625
2.01354166667
1.97208333333
2.22083333333
1.6308125
2.754625
1.4988125
2.41195833333
2.14445833333
0.94275
1.26710416667
1.437875
1.2719375
0.955479166667
1.20520833333
1.580625
2.3985625
1.659625
1.56247916667
1.61925
2.42333333333
1.1783125
1.19710416667
2.50414583333
1.18691666667
1.28535416667
2.74283333333
4.67427083333
2.31372916667
2.60935416667
3.35127083333
2.17370833333
2.61302083333
3.28908333333
3.30779166667
2.1705
1.86752083333
2.0355
2.28710416667
2.2181875
1.47697916667
0.85925
0.782729166667
1.30914583333
2.27435416667
3.79929166667
2.80089583333
2.95475
4.35829166667
1.8545625
0.9645
0.943625
1.82802083333
2.1158125
1.851875
2.01470833333
2.4279375
1.4558125
0.617666666667
0.559333333333
1.29291666667
1.22516666667
1.1921875
1.73091666667
0.900541666667
0.85925
0.530229166667
1.649125
1.715375
1.50429166667
1.231375
1.131125
1.0528125
2.44783333333
0.587458333333
0.515729166667
0.592583333333
1.1275625
2.24327083333
1.84454166667
3.32847916667
5.32664583333
4.90916666667
3.369375
3.9208125
2.78227083333
2.97539583333
3.57777083333
1.8131875
2.6654375
2.11539583333
1.1455
3.07814583333
3.13002083333
2.77677083333
0.853354166667
2.05947916667
3.34364583333
2.79914583333
2.4253125
3.09758333333
1.79
2.3239375
1.978875
0.865958333333
0.8624375
1.27633333333
1.07060416667
0.8888125
1.183125
3.82375
4.584125
3.62010416667
1.24104166667
2.442
2.78735416667
4.3885
3.534
3.4733125
2.26233333333
0.6461875
0.6173125
1.74489583333
3.4485
2.56204166667
2.67325
2.7346875
2.93391666667
2.90302083333
1.62235416667
1.11720833333
0.985083333333
1.14575
1.300375
2.1303125
2.770875
1.72364583333
2.71729166667
5.23625
3.84302083333
4.44741666667
6.6078125
3.32402083333
3.17445833333
2.36841666667
1.85804166667
1.427875
2.68539583333
2.2950625
2.77425
3.99579166667
6.30016666667
4.98789583333
5.03422916667
2.5630625
4.438625
1.989375
2.29770833333
4.67747916667
3.04929166667
2.18710416667
2.68789583333
3.22616666667
5.35445833333
2.50014583333
1.67154166667
2.8373125
7.54539583333
8.81591666667
4.95779166667
3.35735416667
3.76991666667
2.6184375
1.91052083333
1.31245833333
1.32395833333
2.43408333333
1.366375
2.9616875
2.630125
0.872666666667
2.20789583333
1.89185416667
0.668416666667
0.546479166667
0.720708333333
0.660291666667
0.801479166667
0.594416666667
1.11495833333
4.11283333333
3.08922916667
2.26366666667
1.45185416667
1.97772916667
1.1533125
0.9201875
1.3355625
1.96947916667
3.39489583333
1.18604166667
1.2049375
2.63045833333
2.79347916667
6.583375
3.83391666667
1.463875
2.03452083333
1.53297916667
2.04354166667
1.03995833333
2.0513125
1.30083333333
2.47391666667
4.7446875
3.26
0.948145833333
0.653145833333
1.54504166667
2.79291666667
3.04002083333
4.62027083333
3.91379166667
4.3908125
3.65570833333
2.61235416667
3.38685416667
2.53470833333
3.11
2.46939583333
3.931
2.82702083333
2.87533333333
2.5419375
2.19029166667
2.0514375
2.34685416667
1.6375
2.879375
4.7824375
5.59891666667
2.73310416667
2.04433333333
1.33935416667
1.46177083333
1.82758333333
4.13670833333
3.68266666667
3.21270833333
2.302625
1.99295833333
2.57925
0.721125
1.637
2.86995833333
1.84970833333
1.21766666667
1.14660416667
1.3508125
1.27285416667
1.261
0.877041666667
1.34758333333
3.83204166667
2.6615625
1.74835416667
1.1568125
0.873916666667
1.2759375
2.29325
3.54941666667
1.67177083333
1.5960625
1.4461875
1.9406875
2.1139375
2.0306875
2.59502083333
2.85752083333
3.17285416667
2.34475
1.83827083333
1.82
2.25389583333
3.02916666667
4.25283333333
2.38495833333
3.71827083333
3.39520833333
2.917625
1.564375
1.54004166667
1.97152083333
2.9484375
2.33810416667
1.2811875
1.2719375
1.66922916667
1.84183333333
1.2345
2.66447916667
2.53470833333
1.52985416667
1.84045833333
1.3913125
2.1893125
1.4794375
2.01820833333
2.79375
2.71397916667
3.03122916667
3.33483333333
5.34139583333
2.78697916667
2.10264583333
2.18391666667
1.14316666667
1.642
1.89122916667
2.62283333333
2.24504166667
2.68120833333
2.57454166667
1.85220833333
1.01777083333
1.6691875
1.9465625
2.56141666667
1.98710416667
2.05279166667
1.81885416667
2.84604166667
1.72295833333
1.0325625
1.58022916667
1.79158333333
2.8074375
3.03952083333
2.96214583333
3.10097916667
1.9496875
1.56270833333
1.29625
2.53127083333
1.866375
2.53925
2.578125
1.48166666667
2.26647916667
2.3115
1.29625
3.18204166667
2.197875
2.11960416667
2.10054166667
2.3278125
1.37241666667
2.0806875
2.039375
2.1856875
2.5916875
3.52535416667
2.32516666667
1.94335416667
1.44310416667
2.63335416667
3.64425
2.225
2.12322916667
2.22260416667
2.89370833333
2.33985416667
2.04279166667
2.6745
1.25616666667
2.27372916667
1.08904166667
1.30929166667
1.4123125
2.25477083333
2.413375
1.28870833333
1.28541666667
1.00452083333
1.838875
0.931208333333
1.2144375
1.16664583333
1.3578125
1.9054375
3.39008333333
4.26904166667
2.86547916667
2.94166666667
1.992125
0.987875
1.60254166667
1.6154375
1.38008333333
0.537333333333
0.989791666667
1.678125
2.669875
3.21847916667
1.59210416667
1.8541875
2.67095833333
2.61058333333
3.9521875
2.82204166667
3.58095833333
1.96258333333
0.591916666667
0.9195
0.977895833333
0.870875
2.4305625
1.143125
1.31
2.03139583333
2.73185416667
2.2886875
1.098625
1.77395833333
1.21847916667
1.08433333333
2.6959375
2.69039583333
3.0791875
2.28616666667
1.70141666667
1.16875
3.06058333333
3.90464583333
5.65947916667
3.2026875
1.6765625
1.68245833333
2.56522916667
2.37285416667
2.17804166667
3.99989583333
2.86797916667
1.25866666667
0.7813125
2.13947916667
1.94822916667
1.45022916667
0.654520833333
2.62164583333
1.29889583333
0.800458333333
2.94541666667
2.6008125
0.772270833333
0.9246875
0.782291666667
0.883833333333
1.46947916667
1.855625
2.24495833333
1.6515625
1.1155625
0.977916666667
1.43814583333
2.00154166667
1.7326875
2.16941666667
3.004625
5.0346875
3.70827083333
3.78595833333
3.5105625
3.9595
4.141125
2.378125
3.42404166667
3.28397916667
2.24095833333
2.02575
2.2478125
5.60258333333
3.3088125
1.31627083333
0.861520833333
0.887166666667
0.710625
2.04895833333
4.30097916667
5.09958333333
3.7079375
1.61897916667
0.966583333333
1.873125
2.08297916667
1.07545833333
1.474625
2.32216666667
2.46647916667
0.775604166667
2.19295833333
1.29745833333
1.86427083333
1.48114583333
2.21441666667
3.42920833333
2.732125
2.82095833333
2.56045833333
2.17947916667
0.913625
0.968291666667
2.04002083333
2.41872916667
3.254625
3.13791666667
3.34295833333
3.13145833333
1.58072916667
3.94104166667
7.0371875
6.02770833333
5.4705
3.50841666667
4.18052083333
4.93302083333
1.898375
1.45752083333
1.75177083333
2.09708333333
1.13602083333
1.23920833333
0.855041666667
2.32766666667
1.48375
1.33785416667
1.16654166667
1.95810416667
2.32466666667
1.65616666667
2.84347916667
2.98133333333
2.46479166667
3.03239583333
4.602875
2.451125
1.29716666667
2.8624375
2.480125
3.0915
3.9846875
6.095
4.7751875
4.39872916667
3.08220833333
4.35622916667
2.31485416667
4.44054166667
4.6725625
6.30395833333
4.39679166667
1.68566666667
1.81302083333
1.2340625
1.37525
1.96564583333
3.81879166667
2.43920833333
3.20402083333
1.94795833333
1.995875
2.3065625
3.66252083333
2.66922916667
3.301375
2.47158333333
3.3014375
3.74027083333
3.886
2.82354166667
2.40783333333
3.71875
2.50410416667
2.8186875
3.1498125
3.0898125
2.77027083333
1.3886875
2.22145833333
3.0335625
2.96397916667
1.57345833333
0.980083333333
2.37322916667
4.0491875
3.4955
1.90122916667
2.0630625
2.663
1.1301875
2.8180625
2.30279166667
3.49110416667
3.11097916667
3.3055
3.7435
2.5086875
2.51379166667
1.743875
2.4551875
2.15404166667
1.53479166667
1.72666666667
4.88383333333
4.61489583333
5.486625
3.701875
1.5675625
1.527
2.56908333333
2.086625
1.6774375
2.98004166667
1.194
1.63595833333
1.89722916667
1.52847916667
1.38339583333
1.34497916667
2.22516666667
2.68777083333
2.3200625
3.64904166667
2.55129166667
2.55816666667
2.8195625
3.61691666667
2.38466666667
1.12035416667
1.0519375
1.58841666667
2.09389583333
2.792
2.97658333333
1.68322916667
2.54760416667
4.3389375
4.1615625
2.545
3.59875
4.64904166667
5.29383333333
5.35508333333
5.130625
4.65697916667
2.01154166667
1.8701875
2.09829166667
2.23147916667
2.772
1.6036875
2.10525
2.37983333333
1.24158333333
1.74091666667
2.35404166667
2.4108125
2.0486875
3.0434375
2.70639583333
3.42666666667
2.48958333333
2.74225
3.01645833333
2.4243125
1.609625
2.2005
1.44566666667
1.30402083333
1.1121875
1.10158333333
2.57472916667
4.14525
2.14858333333
1.57341666667
1.69420833333
2.48027083333
2.29991666667
1.99070833333
2.40347916667
1.510625
1.38177083333
2.02041666667
1.7186875
1.49977083333
1.05760416667
1.427625
1.22816666667
1.02283333333
2.0054375
2.01658333333
2.76539583333
2.96589583333
3.7250625
3.13939583333
3.8553125
3.1043125
2.8564375
2.294625
2.85083333333
2.05941666667
2.671
1.24166666667
1.81183333333
3.1338125
2.90760416667
3.51802083333
3.20458333333
2.73291666667
1.577
1.732125
1.39722916667
3.11014583333
2.43539583333
2.69677083333
2.44095833333
2.3146875
1.83014583333
1.60791666667
2.50522916667
2.58391666667
1.77077083333
1.1240625
1.266
1.83370833333
1.40366666667
1.98777083333
1.0420625
1.043625
1.36197916667
1.80358333333
0.773270833333
2.13147916667
2.61195833333
2.7505
1.506625
2.3565625
1.663625
1.24427083333
1.05170833333
2.466
3.15972916667
3.53833333333
2.37429166667
1.67158333333
2.62622916667
2.7540625
3.2128125
1.54052083333
2.42270833333
2.17445833333
1.97110416667
1.74920833333
2.57810416667
3.24914583333
2.894
2.07745833333
1.67339583333
1.41979166667
1.56589583333
2.01004166667
0.888895833333
1.13647916667
1.9708125
3.26960416667
3.7375
1.72764583333
1.5195
1.6819375
1.91529166667
2.14972916667
1.13564583333
1.0991875
0.71175
1.36285416667
3.847375
5.84425
3.70839583333
4.04829166667
2.907375
3.58539583333
2.93485416667
1.28479166667
2.65979166667
2.15325
0.609833333333
0.679354166667
1.80135416667
4.7419375
5.54322916667
6.196625
5.34402083333
3.6975
2.23445833333
1.391
1.14270833333
2.71152083333
2.38652083333
3.11058333333
2.2706875
2.31283333333
3.870375
2.20245833333
0.992270833333
0.728
1.07175
1.56966666667
1.77570833333
1.97152083333
1.81754166667
1.77197916667
2.11683333333
0.903291666667
1.73995833333
2.3635625
2.31658333333
1.7759375
2.61947916667
1.17283333333
0.8104375
0.810270833333
2.16222916667
1.33410416667
0.618791666667
1.09410416667
1.08289583333
2.62891666667
2.72472916667
2.27295833333
1.00022916667
1.45129166667
2.906375
1.83114583333
2.005125
3.57872916667
2.06816666667
2.4353125
2.39120833333
2.23408333333
1.35552083333
1.5740625
3.3035
4.05475
2.40910416667
2.91839583333
4.39352083333
1.59497916667
3.32777083333
4.3935
3.33604166667
3.02570833333
2.185
1.84879166667
1.81645833333
2.9986875
3.22875
1.97752083333
2.54245833333
1.06835416667
1.05539583333
2.29047916667
3.0670625
4.374875
2.29935416667
2.7565625
3.3519375
4.20727083333
4.4821875
1.37408333333
1.78725
2.69120833333
1.14358333333
1.306375
1.858375
1.88925
1.37554166667
1.02466666667
1.23647916667
2.2016875
3.01216666667
1.34377083333
1.84914583333
2.28608333333
2.77897916667
3.112875
1.1851875
2.85070833333
2.75535416667
2.49660416667
3.65589583333
2.1725625
2.93504166667
1.53864583333
1.12466666667
2.00385416667
2.87495833333
1.398625
1.82339583333
1.65408333333
1.93414583333
0.6503125
0.9726875
2.25602083333
1.9068125
2.75054166667
1.715625
1.8195
2.21191666667
2.77095833333
3.1000625
3.102375
3.12229166667
1.98983333333
0.790541666667
1.0414375
2.580625
2.46279166667
2.86570833333
2.80633333333
3.64720833333
4.56247916667
2.88608333333
1.5549375
3.65939583333
4.15527083333
2.9960625
0.863708333333
1.250125
2.2780625
1.4154375
3.75427083333
4.81270833333
4.22320833333
3.35975
5.23933333333
3.65635416667
1.63610416667
2.19372916667
1.59189583333
1.22941666667
1.17645833333
2.36577083333
1.92027083333
1.66989583333
1.76004166667
2.29714583333
3.66964583333
3.78383333333
4.04079166667
1.95570833333
3.18241666667
1.16585416667
2.23516666667
1.6939375
3.5459375
4.00320833333
4.694625
6.0536875
3.4295625
1.19466666667
1.5550625
1.8279375
1.83227083333
2.02345833333
0.972729166667
3.450375
4.73275
5.32939583333
7.07102083333
5.4794375
3.48475
2.93047916667
1.54802083333
1.720125
1.18597916667
3.5399375
1.66672916667
1.6434375
2.1965625
1.71641666667
2.39316666667
3.602375
1.43979166667
2.383
1.781875
1.51102083333
1.77147916667
2.25470833333
1.8160625
1.48447916667
2.71691666667
1.737375
2.1276875
1.716875
1.27804166667
1.3075
0.9565
1.51260416667
1.85989583333
1.28858333333
4.0843125
1.80977083333
1.05589583333
2.2365
1.83429166667
2.19422916667
3.19447916667
2.7930625
1.3390625
1.6239375
1.3781875
1.6036875
3.13110416667
1.48027083333
2.4305625
3.72422916667
5.012625
3.27875
2.64589583333
2.3024375
0.9798125
2.52966666667
2.1349375
1.17620833333
1.83370833333
1.70647916667
1.27089583333
2.43658333333
1.92077083333
2.115125
2.05425
1.58639583333
2.04697916667
1.69566666667
1.65720833333
1.52395833333
1.67208333333
3.2291875
3.23029166667
2.5946875
1.72795833333
1.6183125
2.17527083333
2.02327083333
2.66416666667
1.73608333333
1.26010416667
1.26395833333
1.90566666667
1.15285416667
1.33220833333
1.1925625
2.83797916667
2.556375
2.5800625
1.77264583333
1.69310416667
2.14591666667
2.64408333333
4.649375
3.85402083333
2.380125
2.20552083333
1.6620625
2.08622916667
1.588375
1.87377083333
1.64422916667
1.889125
3.0574375
2.4843125
2.88529166667
2.18285416667
3.20441666667
1.95797916667
1.67016666667
1.32960416667
1.58125
1.087875
1.44216666667
1.0369375
1.31389583333
1.79552083333
1.04635416667
1.37454166667
2.745625
3.47020833333
2.38720833333
2.47822916667
1.89360416667
1.97245833333
1.19147916667
1.2293125
1.85235416667
1.01760416667
0.968333333333
1.75447916667
2.87610416667
2.42739583333
1.407
2.23279166667
2.5150625
2.04989583333
2.00420833333
1.19210416667
1.76454166667
1.10602083333
1.08802083333
1.49135416667
2.02227083333
2.38314583333
2.33722916667
0.974729166667
3.23708333333
3.41670833333
2.2696875
1.0759375
0.754770833333
1.10997916667
1.03047916667
1.01227083333
1.23208333333
0.772541666667
0.867333333333
1.25604166667
2.40633333333
3.35020833333
1.73554166667
3.79204166667
3.00279166667
1.3693125
2.99902083333
2.5315625
2.9068125
1.63608333333
1.4965
1.72116666667
1.28439583333
1.08570833333
1.28027083333
1.28383333333
1.0821875
1.34020833333
1.56333333333
1.52372916667
1.45654166667
1.72160416667
1.8425
1.67147916667
2.545125
2.06820833333
0.570875
0.9435625
1.6978125
2.53983333333
1.74414583333
1.19014583333
2.0285
2.4178125
2.72552083333
3.75589583333
3.35629166667
2.00939583333
2.06514583333
1.538875
0.840708333333
0.823583333333
2.74785416667
4.189
2.5695
1.85045833333
2.1285
1.69008333333
1.60145833333
1.60070833333
2.74064583333
4.23864583333
5.0283125
2.322375
1.5829375
1.3930625
1.08758333333
2.54241666667
2.6958125
2.14245833333
1.96110416667
1.94910416667
2.68104166667
2.20395833333
0.818916666667
0.450041666667
0.612291666667
1.56852083333
1.89508333333
3.20939583333
3.68360416667
2.55885416667
0.708
0.795645833333
0.5923125
1.54875
1.94047916667
2.6143125
2.0373125
3.39085416667
2.86
1.64747916667
0.54225
1.35702083333
0.721270833333
0.364041666667
0.238770833333
0.607854166667
0.861875
2.01339583333
1.44627083333
1.074375
1.59758333333
1.01827083333
2.3310625
2.4823125
3.81654166667
5.09535416667
4.13402083333
2.60014583333
4.88939583333
3.8206875
5.02347916667
3.335125
5.79847916667
2.88397916667
3.95008333333
2.1633125
0.903958333333
0.5684375
1.53560416667
1.679125
2.58097916667
1.57189583333
1.3286875
