2.26444117647
2.22613235294
1.34858823529
0.804029411765
0.962580882353
4.40861029412
4.64252205882
2.59588235294
4.38354411765
4.71244117647
3.98498529412
3.5075
2.87455882353
2.15060294118
2.23271323529
2.02201470588
3.77444852941
4.45160294118
3.73570588235
2.37366176471
1.84515441176
3.15780147059
3.72138235294
3.72200735294
4.24709558824
2.52740441176
3.04348529412
3.07633823529
2.56988970588
3.34407352941
5.57019852941
4.85035294118
3.63656617647
3.05777941176
3.00094117647
1.40111029412
2.86561764706
3.80471323529
1.62906617647
4.87049264706
5.61416911765
2.78733088235
1.53481617647
3.50941911765
5.44647058824
6.30738235294
5.65581617647
1.10643382353
2.96524264706
3.24361029412
1.65310294118
1.41909558824
2.31677205882
2.71296323529
1.81740441176
1.36354411765
2.78425735294
2.61190441176
3.53384558824
5.68934558824
4.31533088235
3.87183823529
1.37163970588
1.83642647059
4.37780882353
3.33619117647
7.00870588235
3.85504411765
2.92550735294
4.11375735294
3.30341911765
3.28920588235
4.38233088235
2.87903676471
3.75377941176
3.153
2.69147794118
2.29311764706
4.72836764706
5.21447794118
3.82090441176
1.42729411765
3.90873529412
5.19957352941
6.08222058824
5.56998529412
2.44607352941
3.77925
2.84505147059
2.64358823529
4.16652205882
4.12477205882
1.92905147059
1.50940441176
1.43769852941
3.31184558824
2.13929411765
3.38041911765
3.02041176471
3.66011029412
2.49682352941
1.683625
2.83373529412
2.41638970588
2.38392647059
3.28336029412
3.47066176471
1.49789705882
2.75300735294
2.89813970588
3.62983823529
5.17148529412
5.24772058824
2.74796323529
1.68975
2.94684558824
2.08319117647
3.80125
4.70541911765
4.03804411765
7.12186029412
4.58914705882
2.61375
2.12289705882
2.73761764706
2.32239705882
2.30916911765
1.87327941176
3.40325
2.52360294118
2.57001470588
1.73255147059
1.46236764706
1.34818382353
2.80648529412
4.51300735294
2.69390441176
1.60580147059
4.82263970588
4.98856617647
3.03891911765
3.15175735294
2.73700735294
4.56211764706
3.55903676471
2.85235294118
3.58305147059
2.59319852941
2.36427941176
1.64414705882
2.79829411765
3.39906617647
3.65899264706
2.24052941176
1.82978676471
1.69966911765
1.54908088235
3.24756617647
2.64788970588
2.07202205882
2.80352205882
2.37057352941
3.71227941176
3.79113970588
3.23116176471
2.73731617647
4.56563235294
3.57452205882
2.48470588235
2.17282352941
1.4755
1.88293382353
2.07533088235
3.47494117647
2.82645588235
2.16088970588
2.24883823529
1.88382352941
2.94477205882
3.23413235294
2.66055882353
2.14636764706
1.86146323529
2.68795588235
1.91353676471
2.30691911765
2.93438235294
3.72169852941
3.484375
2.54377205882
1.39468382353
2.84077941176
1.89553676471
2.72942647059
2.45233088235
2.38813235294
2.56052941176
3.48880882353
3.24698529412
3.18822794118
4.14255882353
3.86055882353
2.63460294118
2.66813235294
2.54936029412
2.04321323529
1.71345588235
1.15913235294
2.76618382353
3.62204411765
3.33075
4.39354411765
4.41172794118
2.47352941176
1.79233088235
1.41176470588
1.40927941176
1.54583823529
3.23879411765
3.44552205882
3.63736029412
1.79028676471
1.68438970588
1.63620588235
3.43877941176
2.86675735294
3.33904411765
2.46416176471
2.49708088235
1.84466176471
2.16966176471
3.20766176471
2.31258088235
2.36060294118
3.14033088235
3.15730882353
2.03501470588
3.32672794118
2.67089705882
1.74092647059
1.55925735294
2.00941911765
1.64539705882
2.87088970588
3.65146323529
2.75561029412
1.56491176471
2.53163235294
1.58066911765
1.34430147059
1.47497794118
1.64377941176
2.55615441176
1.60170588235
2.57085294118
2.13673529412
3.68289705882
1.88499264706
3.30861764706
4.37621323529
3.77580147059
2.85297794118
1.94616176471
3.361125
2.98181617647
2.34801470588
1.51345588235
2.97197794118
2.30363235294
2.91642647059
2.91926470588
2.74833088235
2.37218382353
3.98344117647
2.69830882353
2.32363970588
1.75730882353
3.64105882353
2.54771323529
1.72055882353
1.82276470588
2.30563235294
1.39625735294
3.27530882353
1.99081617647
3.32948529412
3.28586029412
1.40594117647
1.89546323529
3.93990441176
3.14479411765
1.868625
2.57614705882
4.05246323529
5.12313235294
3.87370588235
4.67130882353
5.51803676471
4.61163970588
2.55626470588
1.81530147059
1.44616911765
3.51731617647
2.40625735294
1.86791911765
1.87216911765
6.46828676471
4.86229411765
4.95717647059
3.34030147059
4.538125
3.49788235294
2.09480147059
3.37222058824
5.51194117647
1.66288970588
2.39992647059
2.24030147059
2.62625
1.58540441176
2.95745588235
2.63656617647
2.93
2.57652205882
1.27096323529
2.58465441176
2.96190441176
3.85319852941
6.01652941176
2.09553676471
3.17267647059
3.68736764706
4.97330882353
4.49633088235
4.59214705882
4.35388970588
3.80241176471
5.88965441176
2.32190441176
3.74689705882
3.75513235294
4.61077941176
6.09283088235
6.21085294118
2.80416176471
3.17318382353
4.63748529412
7.17605147059
6.06371323529
5.79536764706
6.338125
2.69807352941
2.36774264706
3.31636029412
6.33
4.66019852941
2.80385294118
2.88509558824
1.79209558824
3.50233823529
5.27716176471
5.30758823529
4.35119117647
3.29892647059
3.32644117647
3.09360294118
1.88788235294
4.03997058824
2.58863235294
2.959875
1.23940441176
1.75110294118
2.42446323529
3.28486764706
3.81256617647
5.35177205882
3.47213970588
2.48790441176
2.80472058824
4.88068382353
3.9705
2.59182352941
1.31127941176
3.02835294118
3.57104411765
4.74718382353
4.07333088235
1.90945588235
2.682625
2.79969117647
3.22983088235
1.65397058824
2.83690441176
5.59192647059
6.23597794118
4.92588235294
4.77625735294
4.86589705882
3.50347058824
4.5885
3.40516911765
2.903875
3.31040441176
3.01958823529
2.82216911765
2.79709558824
2.05999264706
1.40478676471
1.60961029412
2.27216911765
1.99035294118
2.065875
1.82461764706
3.62090441176
3.07767647059
2.37208823529
1.93895588235
1.81868382353
2.38516176471
0.978617647059
2.18906617647
3.46675735294
2.43528676471
2.74238970588
2.86880147059
3.58181617647
4.34475735294
2.77244117647
2.21875735294
3.92716911765
4.79210294118
1.81702205882
3.08900735294
1.49228676471
1.66142647059
3.09999264706
3.51080147059
4.93972058824
4.19841911765
2.23730882353
2.06343382353
5.19730882353
5.92497794118
6.33321323529
4.37297058824
2.60744117647
4.33358823529
2.46861764706
1.80523529412
2.48914705882
3.32831617647
4.89302941176
6.29566176471
4.75527205882
2.71244117647
3.54305147059
5.95976470588
5.374625
4.46744852941
3.71091176471
2.76371323529
2.75096323529
3.71433088235
3.64475
2.84384558824
1.64708088235
2.33128676471
2.49602205882
1.554
1.91055147059
1.95133088235
2.40147058824
4.14055147059
6.16088235294
3.81227941176
2.69116176471
3.15889705882
5.65221323529
6.53883088235
2.38431617647
2.404875
2.69830147059
3.04936764706
1.88584558824
4.34625735294
5.62797058824
5.37559558824
5.66638970588
5.24558088235
4.57336029412
3.48426470588
2.62934558824
1.98122794118
4.15297058824
3.39992647059
4.04063235294
4.57028676471
6.27338970588
6.23494117647
4.8415
3.44513970588
2.63610294118
3.11763970588
2.45463970588
1.90140441176
3.06585294118
4.40575
3.02052941176
2.56697794118
2.10141911765
1.54883823529
2.12293382353
1.51372794118
1.63022794118
2.55406617647
2.18439705882
2.20054411765
3.67642647059
3.12375735294
3.13147058824
1.86936029412
1.91258088235
1.55151470588
1.61030882353
2.38204411765
1.71845588235
2.69308088235
1.81971323529
1.79138235294
2.89898529412
3.35607352941
3.55269852941
2.71729411765
2.80072058824
3.86994117647
4.63485294118
3.40905882353
2.79266911765
3.51346323529
3.97818382353
3.47196323529
1.97230882353
2.73904411765
3.54503676471
3.28230147059
3.64221323529
3.46164705882
2.46619117647
3.42672058824
1.90966176471
2.42970588235
1.86338235294
3.59319852941
3.63255882353
3.84352205882
3.40659558824
2.42375735294
2.91320588235
3.28872794118
3.09177941176
1.84884558824
3.32820588235
3.34994117647
4.31984558824
4.20352941176
4.29791176471
5.03323529412
2.85198529412
1.70395588235
1.75206617647
2.36311029412
3.03777205882
2.27408823529
2.47436764706
3.39863235294
2.36640441176
1.52758823529
1.474625
1.84575735294
2.28288970588
2.53905147059
3.92727941176
3.41313235294
2.14643382353
2.20377941176
1.80942647059
1.05047794118
1.62466176471
3.64280882353
2.54380882353
1.97933823529
3.27302205882
1.97491176471
1.64296323529
1.42613970588
1.687625
4.05522058824
5.70315441176
4.07469117647
3.29911764706
3.06759558824
2.16844117647
2.04307352941
1.21319852941
1.58960294118
3.10727941176
4.44107352941
4.26960294118
3.39032352941
1.43894117647
2.90226470588
2.66380882353
2.86408088235
2.71261764706
2.00086029412
2.88991176471
2.76875735294
4.63410294118
4.40249264706
4.23055147059
4.35430147059
5.12979411765
3.10125
1.85638235294
2.63498529412
1.62029411765
1.66671323529
1.16344852941
1.06610294118
1.71827205882
1.29780882353
1.10583088235
1.59503676471
1.44402205882
1.22753676471
0.962294117647
2.39535294118
2.98288970588
2.13639705882
2.95075
1.32988970588
2.23942647059
2.35936029412
3.95914705882
6.25729411765
5.43057352941
2.99758088235
2.80058088235
4.31519852941
3.74491176471
3.98701470588
1.63758088235
1.97088970588
2.42777205882
2.90574264706
2.49466911765
3.05077941176
2.28788235294
3.39153676471
3.17517647059
3.86886029412
4.70269852941
2.57195588235
2.42261029412
4.80409558824
4.54105147059
5.828375
3.58929411765
3.04238235294
5.04572794118
5.65843382353
4.98097794118
4.83596323529
6.05909558824
5.72083823529
1.11083088235
1.14465441176
1.81725
1.71494852941
3.61543382353
3.12922058824
2.77033823529
4.62963970588
6.49573529412
6.010625
5.41829411765
6.65817647059
4.35146323529
3.46511029412
4.45874264706
5.066125
4.84927941176
4.24052205882
3.87394117647
2.28197794118
3.04332352941
3.35506617647
2.69717647059
5.370125
2.394625
5.33339705882
5.05765441176
2.85930147059
2.73903676471
3.799
1.64674264706
2.84864705882
6.57340441176
6.95844852941
6.24747058824
4.651875
7.6195
7.46073529412
7.25091176471
4.69966176471
4.16758823529
4.54240441176
3.455625
3.05573529412
4.32488235294
4.15655882353
5.94269852941
4.60717647059
5.35605882353
3.83906617647
1.83606617647
3.47986764706
5.15063970588
5.06116911765
6.74383823529
8.72663235294
6.28577205882
9.07021323529
6.04336029412
5.92916911765
2.45981617647
2.21271323529
2.13904411765
5.27865441176
2.63493382353
2.59558823529
5.05568382353
3.17993382353
9.46620588235
5.83008088235
5.95184558824
5.28820588235
2.25805882353
4.51530147059
4.71214705882
1.89369852941
1.29604411765
1.72458823529
2.56947794118
4.88352205882
2.52019117647
1.27266176471
1.65377941176
1.71155882353
1.68311764706
2.634125
3.56783823529
4.25028676471
8.67105147059
4.22454411765
4.76330147059
4.73538235294
5.35553676471
6.42227205882
3.07788235294
7.88561029412
4.47488970588
1.83891176471
1.18044117647
1.29535294118
1.21571323529
1.41075
1.65230147059
3.68508088235
2.98030882353
1.63043382353
1.61530882353
1.710125
1.88792647059
1.38431617647
2.36945588235
3.81041176471
3.38788235294
4.77133088235
2.45952941176
2.34098529412
2.22019117647
3.02367647059
2.37355882353
2.96966911765
7.36304411765
7.22973529412
6.36115441176
3.312625
8.22536029412
4.87372794118
4.41838235294
6.18252205882
3.82604411765
2.05413235294
2.60091911765
3.30925735294
6.89286029412
5.42709558824
5.38894117647
7.46102941176
4.73779411765
6.56400735294
4.33099264706
4.95864705882
3.39419117647
4.16002941176
3.82172794118
1.52073529412
3.32277941176
2.80252941176
2.28759558824
1.66203676471
2.04381617647
2.44202941176
2.15486029412
1.61583088235
1.43076470588
1.47944117647
1.28855147059
2.68519117647
1.60923529412
2.44983823529
3.24248529412
1.7695
4.51272058824
4.67136764706
2.44765441176
3.82673529412
2.86558088235
4.17408823529
3.88063235294
1.59628676471
2.99826470588
3.17611029412
5.18508088235
3.36052205882
3.98557352941
4.03618382353
5.55655882353
4.30995588235
3.99536764706
1.89599264706
3.53401470588
3.17888970588
2.96322058824
2.85602941176
2.08386029412
1.88925
4.80964705882
5.63100735294
2.63928676471
2.02594852941
1.60455147059
1.33864705882
1.90697058824
2.04504411765
1.78561029412
1.63757352941
2.10406617647
2.38133088235
1.835125
2.14656617647
2.98036764706
2.84983823529
1.59791176471
3.25415441176
3.47045588235
1.535125
1.48855882353
1.64723529412
1.46088235294
1.40294117647
3.03877941176
2.64546323529
3.94936764706
2.72015441176
1.88997794118
3.40740441176
4.24056617647
4.08552205882
2.97222794118
3.21252205882
1.70395588235
4.04113970588
3.82029411765
4.91205147059
3.12836029412
3.35636764706
2.75915441176
1.56586029412
2.67905882353
2.86826470588
1.90098529412
1.92275735294
1.38404411765
1.36572794118
2.310625
1.89551470588
7.09165441176
5.51566176471
4.04165441176
2.33661764706
3.17656617647
2.38380147059
1.57593382353
1.48464705882
1.08280147059
1.78175735294
1.92571323529
1.20163970588
1.835875
2.80452941176
1.97938235294
2.50310294118
2.34018382353
2.44691176471
3.53797794118
1.696875
2.796125
1.80415441176
2.98736029412
2.98935294118
2.86252205882
3.476375
3.70458823529
3.66144117647
4.18504411765
2.60805147059
2.41636764706
2.58972794118
2.24414705882
2.35359558824
1.79718382353
1.64201470588
1.600125
1.66360294118
1.78914705882
1.509125
1.57686764706
2.13709558824
2.36138970588
1.85730882353
1.18569852941
1.04089705882
1.00370588235
0.850985294118
2.40122058824
2.99202205882
2.29732352941
2.44416176471
5.26291911765
3.78202205882
3.96522794118
3.08102205882
2.57955147059
2.12280147059
2.70059558824
4.35313970588
2.09839705882
1.57483823529
1.09133823529
0.987610294118
1.512
1.688375
1.85636029412
2.02206617647
1.44997058824
0.689544117647
1.52430147059
1.67170588235
1.51425735294
1.63433823529
1.86219117647
1.41665441176
3.16877205882
2.54960294118
3.106
2.21748529412
1.69668382353
2.59572794118
2.85691176471
5.79177941176
3.83377941176
2.91031617647
2.49800735294
1.56060294118
2.93894117647
1.79477205882
2.06197058824
1.87472794118
2.69922058824
1.35017647059
1.85139705882
1.85874264706
5.27734558824
7.92661029412
3.42900735294
3.19311764706
5.97590441176
4.79743382353
3.47627941176
6.61106617647
4.55838970588
3.87806617647
5.54666911765
3.84601470588
2.21916176471
1.24936764706
1.40171323529
2.51253676471
3.29236029412
6.42225735294
1.74820588235
1.69938970588
0.882323529412
2.09076470588
2.88673529412
1.99901470588
1.60136029412
3.83427941176
6.85583088235
3.55199264706
6.51025735294
3.55431617647
5.81944117647
1.542
3.398
4.41880882353
4.82983088235
2.38301470588
2.25460294118
2.24535294118
2.67091911765
6.10269852941
3.89536029412
4.10248529412
5.17780147059
1.87816176471
1.95611764706
3.66577205882
5.06802205882
3.77255882353
7.06495588235
4.94740441176
4.78784558824
6.10249264706
6.66922794118
6.40278676471
4.72750735294
7.49180882353
3.44005882353
3.74970588235
3.71497794118
3.65416176471
2.02301470588
3.19442647059
5.77479411765
5.16261764706
4.677375
4.09552205882
2.53303676471
4.56101470588
2.73333823529
1.72997058824
2.94075
3.51748529412
4.98152941176
2.84544852941
2.14979411765
2.12520588235
3.27380147059
3.78016176471
1.75272058824
2.44346323529
1.85367647059
1.27661029412
2.11538970588
2.43061029412
1.28100735294
1.90342647059
2.24718382353
3.33116911765
2.89670588235
5.24925
2.26177941176
4.02585294118
5.06256617647
5.89648529412
5.59985294118
6.47152941176
2.42702941176
3.77106617647
4.107875
1.35869852941
1.38424264706
1.54839705882
0.652772058824
1.08240441176
1.54990441176
0.984397058824
1.33291911765
2.82277941176
1.62805147059
1.45231617647
2.98297794118
2.61400735294
0.861838235294
1.36521323529
4.46757352941
7.33072794118
2.77114705882
4.54438235294
4.31969852941
5.86969117647
4.01047794118
0.968139705882
2.80097058824
2.92788235294
1.99010294118
1.46280882353
2.63816911765
2.89041176471
2.76110294118
2.50394117647
1.57675
1.62859558824
1.71022058824
1.38649264706
1.73526470588
1.88597794118
2.60081617647
3.81446323529
4.78883088235
6.36669117647
3.84004411765
2.83798529412
2.72245588235
2.40602205882
0.867007352941
1.31958823529
1.01750735294
2.30138235294
3.63740441176
6.54924264706
4.74167647059
8.99016911765
6.40558088235
3.05649264706
1.91475
4.26217647059
2.03625
2.23906617647
7.60413970588
6.31961029412
6.00974264706
3.81972058824
4.62643382353
5.52876470588
6.68326470588
3.37610294118
2.03906617647
1.74439705882
2.38416911765
1.36010294118
1.26775735294
2.80061029412
1.87021323529
1.06460294118
1.00229411765
1.24929411765
2.14940441176
2.82721323529
3.34510294118
5.56993382353
2.90286029412
1.38226470588
3.25402941176
1.55179411765
2.396125
4.30722794118
5.25821323529
6.64849264706
6.82411029412
5.16002205882
5.37683088235
4.23219117647
2.26445588235
1.30594852941
2.35922058824
2.21761764706
3.39436764706
3.42592647059
1.72943382353
2.1655
1.88376470588
2.57865441176
2.00294117647
3.59471323529
2.65960294118
4.47985294118
3.67427205882
2.846375
3.81377205882
4.029125
5.47023529412
4.24036029412
5.58469852941
5.28055882353
3.05172794118
2.69600735294
4.07728676471
3.16631617647
1.76795588235
1.31403676471
1.95400735294
1.08184558824
1.38729411765
1.13127941176
1.90930882353
1.75491176471
1.94682352941
1.35516911765
2.00622058824
1.68536764706
1.17583823529
3.12419852941
3.47022794118
3.02401470588
2.33272058824
2.27347058824
2.49914705882
2.33881617647
1.89165441176
4.16861029412
2.67925
1.27664705882
2.29594117647
1.29577205882
1.12586029412
1.29072794118
1.78947058824
1.89577941176
1.26257352941
2.19785294118
1.92672794118
2.08502205882
3.49216176471
4.17188970588
3.74276470588
2.89391176471
1.76275735294
1.32292647059
2.26845588235
4.13048529412
2.61175
1.06752205882
2.14901470588
3.99308088235
3.83679411765
2.18766176471
2.8245
3.28039705882
3.46307352941
4.46474264706
3.54458823529
2.62697058824
1.97222794118
3.13004411765
3.86002941176
3.45675735294
1.84947058824
1.94301470588
0.987654411765
1.87154411765
1.89440441176
2.28280147059
2.09949264706
2.50888970588
2.40358823529
1.62685294118
1.99644117647
2.61333823529
2.61081617647
2.57799264706
2.25
1.80965441176
2.47769117647
1.62724264706
2.08339705882
3.14315441176
1.67505147059
1.70000735294
1.81330147059
2.59592647059
3.48497794118
3.36166176471
1.62563235294
3.38077205882
3.62708088235
1.82107352941
1.59289705882
1.37841911765
1.40116911765
1.63309558824
2.86574264706
3.05422794118
1.11927941176
3.66247058824
3.02263970588
3.53229411765
2.30341911765
2.96443382353
2.89591176471
4.74280882353
3.86799264706
3.64706617647
5.33906617647
3.41649264706
2.52855147059
1.52761029412
4.10880882353
3.92099264706
3.67100735294
1.49944117647
1.02538235294
2.61975
2.03617647059
2.21275735294
2.57454411765
2.00461764706
2.42122058824
1.52674264706
3.19427205882
2.12981617647
2.47026470588
1.431875
2.30879411765
1.32769117647
1.23297058824
1.29282352941
0.753352941176
0.838066176471
0.805808823529
0.849588235294
0.956117647059
2.13316911765
2.50819852941
5.78048529412
1.63471323529
1.66097794118
2.831125
2.43940441176
3.55419117647
3.35656617647
1.41850735294
1.67058088235
1.26025
1.38582352941
1.47101470588
1.03157352941
1.49084558824
2.84591911765
2.03611029412
2.75966911765
4.73092647059
4.68986764706
1.97675
3.08167647059
4.734625
3.84335294118
6.75186029412
5.38655882353
3.09115441176
2.41608088235
1.61677941176
1.98731617647
4.37339705882
3.33938235294
2.54672058824
1.41226470588
2.734375
1.44469117647
2.24145588235
1.19177941176
2.68272794118
2.70895588235
2.02102205882
3.78866911765
3.151625
2.79419852941
0.707529411765
1.053
3.84321323529
4.09774264706
4.11475735294
2.78289705882
4.85757352941
4.72422058824
3.82233088235
3.35311764706
4.67191911765
3.15219852941
1.456625
5.11745588235
4.26136764706
5.81773529412
6.79183823529
6.15559558824
3.28763970588
4.78255147059
4.29152941176
5.54018382353
4.11138970588
3.14024264706
1.14194852941
1.75374264706
2.01327941176
4.42055147059
5.51482352941
2.17451470588
1.63469852941
2.20744117647
4.59968382353
2.24492647059
1.80127205882
4.75321323529
5.67213235294
8.13449264706
5.59671323529
2.69555147059
2.30136764706
2.61757352941
9.07669852941
8.63171323529
3.00955147059
1.28427941176
5.69016176471
7.04076470588
8.92541176471
3.76715441176
1.33078676471
3.71416176471
3.196375
3.26358823529
4.61395588235
5.82118382353
1.86480882353
1.41785294118
2.52447794118
3.69382352941
3.93975
5.013875
8.01536029412
3.66963235294
6.34769117647
5.20323529412
4.70843382353
6.16076470588
4.56768382353
3.47211029412
4.88196323529
5.90589705882
7.09948529412
5.94514705882
7.64845588235
7.04303676471
8.49340441176
5.37407352941
3.19475
5.27683823529
3.52305882353
1.56577205882
1.81452941176
4.52130882353
3.27032352941
6.42950735294
5.85276470588
6.40273529412
5.67463970588
6.69674264706
10.4146838235
6.83342647059
3.95822058824
2.14786029412
5.89204411765
2.67791176471
2.41481617647
1.60777205882
2.43016176471
2.24938235294
2.90378676471
3.20240441176
2.80694852941
3.39252205882
3.45818382353
2.69630882353
2.62188235294
1.68221323529
1.58934558824
2.40940441176
2.21290441176
1.3445
2.02230147059
1.90411029412
2.13707352941
3.34144117647
2.98285294118
4.32697794118
1.32419117647
1.95314705882
2.20646323529
2.12591911765
3.58366911765
5.02919117647
5.09298529412
3.67502205882
3.26338235294
3.55583823529
5.13314705882
3.05685294118
2.84957352941
3.56680882353
2.06753676471
2.23818382353
2.72433088235
2.90019117647
3.44845588235
2.61085294118
5.20409558824
8.26653676471
7.14059558824
6.86484558824
4.45576470588
4.18758088235
3.56241176471
2.18030882353
3.41629411765
6.16895588235
3.70061029412
2.07244852941
3.23272794118
3.02135294118
1.80580147059
4.33054411765
7.38083823529
4.80777205882
2.14194852941
2.65841176471
2.32154411765
3.42540441176
3.41749264706
2.92985294118
3.08186764706
2.96122794118
2.76526470588
4.09691176471
2.83197058824
2.34924264706
3.48005882353
2.63105147059
2.41325735294
2.04936764706
1.24479411765
1.71649264706
2.36729411765
4.73925735294
3.66247058824
3.08566176471
1.68052941176
2.61236764706
5.14352205882
4.87131617647
3.61917647059
1.91547058824
3.55363970588
2.29738970588
2.46108088235
2.78627205882
2.19388970588
4.74685294118
5.78335294118
3.13700735294
2.46736764706
2.36031617647
3.27824264706
2.47946323529
3.91345588235
2.27452941176
2.83174264706
3.13951470588
1.98842647059
2.03217647059
2.19811764706
1.96761764706
2.49373529412
1.77465441176
2.574125
3.75351470588
2.28826470588
1.75273529412
2.61484558824
3.78421323529
1.77584558824
1.89401470588
1.62810294118
3.35421323529
3.41618382353
1.94377941176
2.04116911765
1.86775735294
1.53083823529
1.44264705882
2.21316176471
1.82268382353
2.31586029412
2.53461029412
2.08397794118
1.77713970588
3.60965441176
2.78813970588
2.95972794118
3.33133088235
1.51527941176
1.54449264706
1.478625
1.66279411765
2.36063970588
3.29014705882
3.583875
4.41141911765
2.04429411765
1.61895588235
1.02496323529
1.58544117647
2.51811029412
1.65582352941
1.28041176471
1.59388970588
1.45996323529
2.12045588235
1.86451470588
2.29834558824
3.08921323529
2.49425
1.94744852941
2.50252941176
1.85236029412
2.66644117647
1.52517647059
3.20975
2.33889705882
1.54088235294
1.51849264706
1.76684558824
1.75466176471
2.68780147059
1.86811029412
2.74244852941
2.65608823529
2.74379411765
1.99205147059
4.52454411765
2.99324264706
2.52785294118
2.81699264706
3.23566176471
2.21197794118
1.58786029412
2.19056617647
2.294
1.60225735294
1.39779411765
2.21855882353
3.94039705882
1.36436764706
1.77572794118
2.49877205882
1.43719852941
1.20727205882
2.00244117647
2.03794117647
1.70571323529
0.965272058824
1.34430147059
3.14991911765
3.61369117647
2.72495588235
1.99532352941
2.77825
3.04080882353
1.68964705882
1.73959558824
2.93708088235
3.27857352941
6.34330882353
4.92677205882
5.14203676471
3.27910294118
3.12574264706
2.56627205882
3.33344852941
4.4795
5.65380882353
5.66508823529
4.08206617647
4.14433823529
4.45539705882
5.61869852941
4.31541176471
4.33623529412
3.72760294118
2.20959558824
2.68456617647
4.39318382353
0.880786764706
2.78586029412
2.58004411765
0.948404411765
1.10210294118
1.84118382353
2.29747058824
2.18978676471
3.69760294118
2.13111764706
3.45945588235
3.383375
3.980125
4.25941911765
3.88234558824
4.74896323529
5.07330882353
4.28083088235
4.51732352941
4.93499264706
2.98005147059
3.148625
5.07061029412
7.54415441176
5.57760294118
5.14838235294
4.61442647059
2.86308088235
1.467125
0.673198529412
1.00396323529
1.51591176471
1.45280147059
2.84039705882
2.34231617647
2.31290441176
1.80947794118
1.44634558824
4.11730882353
3.84761764706
2.21915441176
2.41865441176
2.379125
1.27289705882
0.861477941176
1.22179411765
1.17427205882
0.624566176471
0.720889705882
1.42830147059
2.90861029412
3.43197058824
1.67755882353
3.38494117647
2.59820588235
1.24426470588
1.06428676471
2.37156617647
3.26383088235
3.19502941176
2.1855
3.28267647059
2.65015441176
4.19748529412
7.09541911765
9.67161029412
4.44608088235
3.11624264706
3.81847058824
1.399125
0.983191176471
0.821522058824
1.12509558824
1.84081617647
2.39388235294
2.28365441176
3.93130147059
6.1815
3.58149264706
1.96394852941
1.30250735294
1.413125
2.67860294118
1.95099264706
1.54022794118
1.54986029412
1.90380882353
2.15388235294
3.30468382353
1.74749264706
4.28619852941
4.97861029412
3.00041176471
5.68255147059
5.82713235294
4.95574264706
5.91055147059
3.55500735294
4.44189705882
5.37
5.90981617647
6.93291911765
8.90629411765
5.54426470588
3.90016176471
3.87729411765
5.09569852941
5.79751470588
3.23003676471
2.01707352941
7.87341176471
5.02002941176
9.19225735294
6.80055882353
6.982125
6.77493382353
8.00419852941
5.09819117647
1.64857352941
1.04599264706
2.48990441176
5.03141911765
4.25260294118
6.29150735294
3.267125
2.07454411765
2.24331617647
1.83763970588
3.90008823529
3.16095588235
3.54069117647
2.537375
4.08629411765
5.88457352941
4.13807352941
4.495625
6.22772794118
5.76825735294
4.89422058824
4.87703676471
1.572125
2.96744852941
3.237125
2.62538235294
2.20517647059
1.95066176471
2.205375
0.847661764706
2.62108823529
4.69081617647
2.47686764706
2.50965441176
1.93801470588
1.52072794118
3.24346323529
4.33519117647
3.30419117647
2.34180147059
1.48985294118
0.989176470588
0.681308823529
3.76439705882
3.00373529412
1.418375
1.85100735294
1.57634558824
2.97529411765
3.38908823529
2.18369852941
1.70073529412
1.00917647059
1.98149264706
2.69811764706
2.28849264706
2.94772794118
3.06231617647
4.92846323529
4.45499264706
4.16102205882
2.58026470588
1.80738970588
2.006875
1.44021323529
3.57733823529
1.62725735294
3.56193382353
4.43128676471
5.19202941176
4.48075
1.97389705882
1.87616176471
2.92520588235
3.37354411765
2.32340441176
0.768227941176
1.18376470588
1.19585294118
2.10774264706
1.27338970588
1.07834558824
3.05248529412
1.55609558824
1.59094117647
1.12166176471
2.19002941176
3.43644117647
2.31026470588
1.66519117647
1.09832352941
1.16902941176
1.24875
1.05569852941
1.58202205882
2.94656617647
3.01905882353
1.61809558824
3.43213970588
2.99069117647
3.99981617647
3.72103676471
3.58877205882
2.45504411765
2.67751470588
1.45258823529
1.657125
2.69854411765
1.93225
3.35855147059
2.84111764706
1.93247058824
2.37691911765
4.37708088235
4.79677941176
2.75094852941
1.97867647059
1.69904411765
2.114125
3.35222794118
2.14205882353
2.43564705882
3.42383823529
3.3855
4.14971323529
1.79723529412
1.94427941176
2.19152941176
1.68944117647
1.74425
2.73488970588
2.63194852941
4.57306617647
1.86723529412
3.04058823529
2.51144852941
4.25991911765
2.30108088235
1.81793382353
2.88727941176
3.54676470588
2.66073529412
3.13166911765
2.10318382353
2.56786764706
1.49992647059
3.37052205882
3.68640441176
2.92014705882
1.93729411765
1.15316911765
1.68410294118
1.20708088235
1.53818382353
2.40058088235
3.75664705882
5.35014705882
3.27047058824
4.25964705882
3.15520588235
3.44285294118
1.86177941176
2.48500735294
3.38406617647
1.79072058824
1.607375
3.15920588235
2.70800735294
2.812125
2.31696323529
1.36507352941
2.33388235294
1.81725735294
1.82054411765
2.15089705882
3.80992647059
3.72198529412
4.04529411765
2.43759558824
3.05814705882
2.80577941176
2.40973529412
2.30524264706
1.93373529412
1.81372794118
1.66705147059
1.79872794118
1.54527205882
1.76233823529
2.83989705882
2.82993382353
2.38486764706
2.38785294118
2.40282352941
2.538875
1.81702205882
2.02496323529
2.68382352941
2.02019117647
2.62173529412
1.98317647059
1.37666176471
3.20488235294
3.17058088235
3.81977941176
2.29383823529
1.76472058824
1.203125
1.22519852941
1.77660294118
1.34819852941
1.06897794118
1.10147794118
0.827161764706
0.918882352941
0.935720588235
1.97111764706
1.39316911765
1.44968382353
1.79956617647
1.99525
1.00492647059
0.974801470588
2.06938235294
3.16189705882
3.70383088235
4.46225
2.74634558824
4.52348529412
5.72634558824
2.45597794118
2.08164705882
3.67702941176
3.61071323529
5.11005147059
6.19763970588
4.72694852941
3.92664705882
1.64253676471
1.65867647059
1.51080147059
3.14244117647
1.51366911765
2.11849264706
2.60828676471
2.97072058824
3.53206617647
3.36419117647
2.47588970588
2.36786029412
3.38415441176
4.14997058824
2.40849264706
1.28843382353
0.977985294118
2.66055147059
2.88252205882
3.148
2.05475735294
2.17857352941
2.16890441176
3.58522058824
4.02105147059
4.39358823529
3.94836029412
1.28636764706
2.25741911765
2.244625
1.57356617647
2.79194852941
2.86533088235
0.914029411765
2.67944852941
5.79680147059
5.12711764706
7.86134558824
4.39960294118
5.92891176471
5.41903676471
2.16205882353
4.08057352941
3.92664705882
1.21814705882
0.880977941176
2.51986029412
1.35175
1.99201470588
1.19963235294
2.09167647059
3.72758088235
2.02552205882
2.43415441176
1.81099264706
1.43629411765
1.38195588235
2.4645
2.16445588235
2.91745588235
3.15754411765
2.79288970588
2.66046323529
2.49363235294
4.721875
2.86582352941
2.64131617647
2.19908088235
3.05522058824
4.26165441176
6.62403676471
8.78697794118
9.26974264706
4.55433088235
2.47950735294
3.20502205882
4.00320588235
2.13126470588
1.48800735294
2.20822794118
1.99593382353
1.44304411765
2.85071323529
3.50083823529
4.29801470588
2.45972058824
3.44927941176
3.788875
4.02161764706
2.61491176471
1.62678676471
3.56505147059
2.28063235294
1.97802205882
1.88722058824
2.17141911765
3.65193382353
4.89492647059
5.86952941176
5.73683088235
2.726625
3.03579411765
3.92125
1.86724264706
2.52293382353
1.26786029412
1.92236029412
0.767022058824
1.92941176471
3.38634558824
4.11815441176
2.49667647059
1.81777941176
2.12411764706
2.44748529412
1.92911764706
2.18989705882
1.27765441176
4.38800735294
1.73177205882
1.401375
2.95920588235
2.56197058824
3.13103676471
3.850375
2.07821323529
0.981367647059
0.692639705882
0.690014705882
1.28541176471
2.27717647059
4.49966911765
2.87033088235
4.07644852941
5.81843382353
4.40569852941
2.79348529412
2.73083088235
4.23083823529
4.18076470588
6.34880147059
5.59281617647
7.05856617647
3.41214705882
1.32833088235
1.00076470588
2.13613235294
1.96878676471
4.82678676471
5.44488970588
3.88143382353
4.52616911765
3.57972058824
1.79576470588
1.16532352941
2.28449264706
1.41531617647
2.51754411765
2.36863235294
1.42269117647
1.62233088235
2.33980882353
1.69627941176
2.77643382353
2.82931617647
1.04644852941
1.34076470588
0.877169117647
1.01161029412
1.79907352941
2.09278676471
2.73696323529
2.94145588235
1.48386029412
1.72654411765
0.977705882353
1.03295588235
1.74645588235
1.80044117647
1.43722058824
2.77177941176
1.08772058824
2.35835294118
3.280625
1.83180147059
2.15822058824
4.76186764706
2.66715441176
2.96616176471
2.76043382353
1.44450735294
2.45944117647
2.25771323529
3.46057352941
6.38938970588
4.88478676471
5.39072058824
6.32889705882
6.07349264706
5.34130147059
3.71947058824
5.11188970588
3.20873529412
3.33806617647
2.23094117647
3.21099264706
4.52090441176
5.60022794118
3.10184558824
2.33211764706
3.94788235294
6.75729411765
4.80877205882
5.85957352941
3.895625
2.28870588235
1.07713235294
1.84511029412
1.81613970588
2.89288235294
3.59683823529
2.79084558824
4.02844117647
3.35407352941
3.30393382353
2.27130882353
4.86075
5.15510294118
5.148375
5.31545588235
4.92608823529
5.20692647059
2.83828676471
1.81708088235
1.77116176471
4.48255147059
6.29864705882
4.59669117647
2.21928676471
1.66351470588
2.99511764706
4.48949264706
3.03154411765
3.41721323529
1.42369852941
2.12252941176
2.87297794118
3.02734558824
2.60716176471
2.18603676471
1.61707352941
1.85152205882
2.51188235294
1.85019117647
1.62213970588
1.76645588235
1.7335
2.12075
3.10802205882
2.96263235294
2.15748529412
2.07480882353
2.84405882353
2.40333088235
1.90805882353
2.26811029412
2.31825
3.77224264706
3.05561764706
4.47791911765
3.64652941176
3.44755147059
4.73764705882
4.91577205882
2.29756617647
4.16105147059
1.82973529412
2.65038235294
1.87396323529
2.16436029412
2.38358088235
2.06200735294
2.00440441176
2.07557352941
2.256625
2.49313235294
2.63691176471
3.98055147059
2.38702941176
3.03732352941
2.764625
1.71006617647
1.99313970588
1.48633088235
3.50996323529
3.01288970588
1.948625
2.26975
1.78661029412
1.81747058824
1.64613235294
0.857404411765
1.60439705882
1.06485294118
2.55592647059
2.83670588235
2.26463235294
1.76277941176
2.22818382353
3.31133823529
3.09611764706
2.98317647059
3.81602941176
3.210375
1.25149264706
1.00379411765
2.04867647059
3.23111029412
2.07877205882
3.72879411765
4.99470588235
3.27438970588
1.91843382353
3.01760294118
3.95141176471
3.54846323529
6.03150735294
1.5505
1.94197058824
2.64413970588
1.72098529412
3.52204411765
2.73442647059
1.96322058824
1.50692647059
2.24529411765
1.88465441176
1.28999264706
1.85846323529
1.93524264706
2.06592647059
2.99602941176
2.84886764706
2.43830147059
2.51581617647
3.52591176471
3.41091176471
2.17672058824
1.57966176471
0.869154411765
1.12822058824
1.19475
2.56679411765
3.08463235294
3.07322058824
3.35436029412
3.45191911765
4.08705882353
4.29147058824
3.59663235294
2.12522058824
2.91320588235
1.62789705882
1.68293382353
1.01469852941
2.19190441176
1.90151470588
2.91849264706
3.50302205882
4.70495588235
1.41819117647
3.31480882353
1.86145588235
2.80056617647
3.45188970588
1.25469117647
1.60318382353
1.43292647059
0.886713235294
0.709470588235
1.46609558824
1.12736764706
1.44415441176
1.82651470588
2.58956617647
3.42533823529
2.70296323529
1.26825735294
0.981102941176
2.55623529412
3.11618382353
4.17863235294
3.25904411765
3.16355147059
2.55229411765
2.02754411765
2.38955147059
2.62383823529
1.32669852941
0.841110294118
0.802411764706
1.95994852941
1.72780147059
2.37217647059
3.35388970588
4.30161764706
4.27689705882
4.22308088235
2.32297058824
1.16086029412
1.58408088235
2.51927205882
2.16523529412
2.35708088235
2.70830147059
4.32934558824
2.40894852941
1.74408823529
5.67438235294
5.03021323529
4.91358823529
3.16007352941
5.80122794118
6.40615441176
4.76266176471
2.18383088235
0.883198529412
0.6065
0.943573529412
1.32169852941
2.76097794118
6.14463235294
5.95861764706
4.40282352941
2.90561764706
1.34233088235
1.05000735294
1.83205882353
0.918801470588
1.65368382353
4.09876470588
3.81770588235
2.79256617647
1.19401470588
2.60463970588
4.08497794118
4.42622058824
3.57980882353
4.53038235294
6.34104411765
5.24267647059
1.42353676471
2.192625
2.54340441176
2.295
1.33711029412
3.57641911765
3.72400735294
3.83903676471
3.80105882353
4.03669852941
4.34422794118
4.25644117647
4.06240441176
4.69633088235
3.16485294118
2.54757352941
3.69567647059
4.30330882353
4.85510294118
3.59613235294
2.89569852941
2.17614705882
1.38860294118
1.31358823529
2.96750735294
3.44982352941
3.80361029412
2.38823529412
4.17058088235
3.12900735294
0.963257352941
2.296625
2.05572794118
3.65911029412
3.27772058824
4.25305147059
4.61997794118
5.65848529412
5.11154411765
3.112125
3.07236764706
4.73744117647
6.28356617647
5.77434558824
6.36478676471
6.39416176471
5.50121323529
3.59283088235
3.51135294118
2.03466911765
3.43144852941
4.10569117647
2.80386029412
4.43927205882
6.23427941176
6.26044117647
4.384125
5.18490441176
4.83845588235
3.35883088235
3.93619117647
3.48333823529
2.49509558824
3.85532352941
4.38024264706
4.30046323529
4.41044117647
4.09580882353
4.20288235294
3.87231617647
3.56113235294
5.64395588235
3.08255882353
2.92954411765
1.97845588235
1.02522794118
1.00819852941
2.61986029412
1.506125
3.28155147059
3.89318382353
3.92640441176
5.59340441176
4.79599264706
3.93310294118
2.67276470588
4.06665441176
4.86591176471
2.33094852941
1.81817647059
2.66276470588
1.81106617647
1.32959558824
1.54048529412
2.26566911765
1.48438970588
0.524154411765
2.73391911765
2.25041176471
1.58884558824
1.72172794118
1.55994852941
2.61538970588
2.924125
3.71730147059
5.91283088235
5.11529411765
6.05751470588
4.23589705882
6.07391911765
5.99125
5.20441911765
5.52619852941
4.75143382353
5.77397794118
2.20624264706
2.27080882353
1.86703676471
1.43288970588
2.93334558824
4.73048529412
4.27444852941
5.34374264706
5.738375
4.20202205882
1.76109558824
2.08241911765
3.13509558824
3.56355147059
2.72569117647
2.92269117647
2.07027205882
1.72875
3.91297058824
3.887125
4.05747794118
2.69975
2.06088970588
1.82022058824
3.34448529412
2.55034558824
2.99081617647
3.83311764706
3.66717647059
3.15184558824
3.42059558824
2.45280147059
2.64846323529
2.54722058824
2.12493382353
2.64648529412
3.26080882353
3.05488970588
3.49103676471
3.73171323529
2.96588235294
2.91939705882
1.98755147059
3.25314705882
2.17529411765
2.39994117647
2.25438970588
1.30758088235
2.92543382353
2.63610294118
2.95055882353
2.16327205882
2.61758088235
2.79853676471
2.45122058824
2.40352205882
1.99813970588
2.09876470588
3.59351470588
1.64957352941
1.67443382353
1.31202941176
3.36471323529
3.02991911765
2.76972794118
5.28430147059
4.67311764706
2.51852205882
2.03644852941
2.91775735294
1.94957352941
3.08235294118
3.32280882353
4.40625
5.07229411765
3.31536764706
1.94000735294
1.69817647059
2.92716176471
3.54453676471
3.23111764706
2.12638970588
3.62655882353
2.39403676471
1.846375
2.13461764706
1.54021323529
2.13672794118
3.38227941176
2.47808823529
1.13173529412
0.913213235294
2.37436764706
2.05136764706
3.01147794118
2.47634558824
2.41342647059
2.04075
2.61313235294
2.58344852941
2.61519852941
2.01993382353
2.28055147059
2.35463970588
1.44111029412
1.22575735294
1.95082352941
3.35710294118
2.27822058824
1.50732352941
1.44907352941
2.29403676471
2.97284558824
4.21342647059
3.72185294118
2.90489705882
1.69055882353
1.37791176471
3.39783823529
1.75083823529
3.24403676471
2.06344117647
2.75616176471
2.70099264706
2.21911029412
2.96719852941
1.91606617647
2.90790441176
2.33841911765
1.14088970588
1.61916911765
1.63210294118
1.60444852941
1.20555882353
1.69172794118
2.41706617647
2.86176470588
1.92731617647
1.83705882353
2.19413235294
2.97643382353
1.54466176471
2.08824264706
2.93814705882
1.54815441176
1.68788235294
4.26907352941
5.93477205882
2.83880147059
3.10173529412
4.02997058824
2.50202205882
3.13584558824
4.12671323529
4.22614705882
2.95640441176
2.18321323529
2.67143382353
2.65789705882
2.75997058824
1.78342647059
1.11203676471
1.14438235294
1.80794852941
2.57519117647
4.69282352941
3.66894852941
3.19081617647
4.12383088235
2.54119117647
1.22431617647
1.12583823529
2.41908088235
2.62405147059
2.07902941176
2.52375735294
2.97963235294
1.66958823529
0.671433823529
0.835588235294
1.71260294118
1.76993382353
1.98866911765
2.34060294118
1.33730147059
1.11203676471
1.15152941176
2.36059558824
2.23641176471
1.94371323529
1.87949264706
2.21594117647
1.79682352941
3.04388235294
1.43883088235
1.54717647059
1.02713970588
1.694
2.39873529412
2.93022058824
4.34669117647
6.30607352941
5.83818382353
4.47994852941
4.41485294118
3.61466176471
4.70267647059
3.89608088235
2.83891911765
4.92405882353
3.15745588235
2.35928676471
4.38840441176
4.19978676471
3.58294117647
1.08708823529
2.34322058824
4.00740441176
3.68527941176
3.51035294118
4.49269852941
3.152125
4.31626470588
3.73329411765
2.09123529412
2.03704411765
2.54150735294
2.80160294118
2.20269117647
2.50480147059
5.33892647059
6.38101470588
4.62113970588
2.77358823529
4.04720588235
4.13833088235
5.73863235294
5.134875
4.78715441176
2.51547794118
1.34119852941
1.15353676471
2.46864705882
4.651
3.85604411765
4.48671323529
4.85884558824
5.05995588235
3.30607352941
2.15814705882
2.58119117647
2.34750735294
1.84396323529
1.79475735294
2.788875
4.06515441176
2.29380882353
3.72119117647
5.82310294118
4.474625
5.55583823529
7.54000735294
3.85381617647
3.97063235294
3.18509558824
2.61125735294
2.00941911765
4.08838970588
3.18908823529
3.58859558824
4.34753676471
6.19131617647
5.28955147059
5.57283823529
2.77901470588
4.528375
2.36259558824
3.248625
5.47617647059
3.74067647059
2.58350735294
3.09410294118
3.30664705882
4.64771323529
3.44509558824
2.99786029412
3.03664705882
6.70061764706
7.85918382353
4.68917647059
3.11333088235
3.58427941176
2.65835294118
1.92050735294
1.85654411765
1.90916176471
3.016375
2.13464705882
3.18483823529
3.67005147059
1.67711029412
3.177375
3.23386029412
1.39435294118
1.207375
1.79332352941
1.77904411765
2.28582352941
1.55130882353
2.17188970588
5.57958088235
3.92056617647
3.48857352941
2.15086764706
3.24947794118
1.82701470588
1.50267647059
1.97357352941
2.25452205882
3.34393382353
2.07451470588
1.68827205882
2.74580882353
3.18015441176
6.42402941176
3.95281617647
1.73110294118
2.62763235294
2.03506617647
2.57914705882
1.67107352941
3.73042647059
2.182875
2.31217647059
3.93925
3.46367647059
1.17470588235
0.865522058824
1.73173529412
2.67764705882
3.57615441176
4.61224264706
3.89209558824
4.25704411765
3.352625
3.04006617647
3.24088970588
3.14915441176
4.08622058824
3.73574264706
4.95706617647
3.35926470588
3.211375
3.64007352941
2.98958823529
3.67508823529
3.48834558824
2.71677941176
3.193625
6.53002941176
6.49352941176
3.32169852941
2.21697794118
1.48260294118
1.70639705882
2.38017647059
4.65527941176
3.95349264706
3.21130882353
2.77168382353
2.88230882353
2.94148529412
1.31127941176
2.25178676471
3.66125
2.55594117647
1.27143382353
1.35913235294
1.56286764706
1.58940441176
1.52142647059
1.20707352941
1.52610294118
3.92193382353
3.37264705882
1.93872794118
1.38781617647
1.17996323529
1.60464705882
2.70022794118
3.26150735294
2.38952941176
2.49766911765
2.14119852941
2.12997058824
2.63477205882
2.61358088235
4.00057352941
4.47466911765
4.37775735294
3.00979411765
2.43615441176
2.38332352941
3.40595588235
3.61740441176
5.36219852941
2.74915441176
4.20885294118
4.26156617647
2.93404411765
1.84235294118
1.68551470588
2.25377205882
3.59273529412
2.47258088235
1.62876470588
1.60444852941
1.96491176471
2.03231617647
1.38556617647
2.93813235294
2.65579411765
2.08494852941
1.99872794118
1.81504411765
2.58820588235
1.80761764706
2.53638235294
2.70425
2.76075
4.08615441176
4.41058088235
5.96318382353
3.18550735294
2.57377941176
3.02411029412
1.32851470588
1.77482352941
2.30322794118
3.19492647059
2.89939705882
3.02664705882
2.89666176471
2.53641911765
1.55088235294
1.97672058824
2.14727205882
2.80691911765
2.35789705882
2.27585294118
2.37886764706
3.03602941176
1.821125
1.65211764706
1.94788970588
2.190875
2.81700735294
3.19019117647
3.22170588235
3.02733088235
2.56100735294
1.83083823529
1.72175735294
2.63480147059
2.16494117647
3.20557352941
2.91134558824
1.82610294118
2.51158088235
2.80849264706
1.68222794118
4.00694117647
2.64700735294
2.66994117647
3.00708088235
2.87398529412
1.69205147059
1.936
2.20811764706
2.56376470588
3.00053676471
4.54531617647
2.86993382353
2.61769117647
2.08645588235
3.24117647059
4.284625
2.77610294118
2.69441911765
2.78527941176
3.31345588235
2.51728676471
2.72033823529
2.98697794118
1.96645588235
2.58400735294
1.01498529412
1.33199264706
1.90525735294
2.48873529412
2.89991911765
1.69704411765
1.71155882353
1.449375
1.97132352941
1.04877941176
1.70227205882
1.90081617647
2.07588970588
2.34810294118
4.28234558824
5.52032352941
3.63792647059
3.09690441176
2.39784558824
1.384375
2.06207352941
2.10875735294
1.73822058824
0.697338235294
1.42711029412
2.01134558824
2.95604411765
3.71222794118
1.98816911765
2.09758088235
3.455875
3.11171323529
5.15944852941
3.84802205882
3.89130882353
2.24669117647
0.996426470588
1.95361764706
1.80120588235
1.16467647059
3.00166176471
2.27768382353
2.28622058824
2.57286029412
3.29784558824
2.66936029412
1.54588970588
2.54755147059
1.74202941176
1.44203676471
3.05089705882
3.44172794118
3.79258088235
3.03794852941
2.10835294118
2.32605882353
4.26148529412
4.81486764706
7.31090441176
4.5835
2.84241176471
2.52034558824
3.33445588235
3.62678676471
3.45086764706
5.80961764706
4.11386764706
2.03975735294
1.60822058824
2.66705882353
2.54948529412
2.09994117647
0.887279411765
2.64384558824
1.70022794118
1.22761764706
3.46838970588
3.40380882353
2.06128676471
1.52390441176
1.18654411765
1.80516911765
2.28946323529
2.55730882353
2.39628676471
1.82424264706
1.15077941176
1.31970588235
1.62175
2.49503676471
1.88016911765
1.98690441176
3.96827941176
6.55885294118
5.13478676471
4.11810294118
4.54456617647
5.15499264706
4.25038970588
2.71134558824
4.45119117647
4.10818382353
2.88939705882
2.64214705882
2.44547058824
5.55058823529
3.78080147059
1.91424264706
1.12081617647
1.25376470588
0.755852941176
2.22022794118
4.22733088235
5.047
4.11677205882
2.61879411765
1.77980882353
2.232375
2.88998529412
1.35605147059
1.74125735294
2.91558823529
2.735125
1.12027205882
2.52598529412
1.75986029412
2.64789705882
3.34141176471
3.20183088235
4.44967647059
3.29172058824
3.32456617647
2.83786764706
2.503375
1.37783088235
2.25895588235
3.22958088235
3.46655882353
4.46008823529
4.25350735294
5.01668382353
3.71022794118
2.920125
5.08065441176
8.07584558824
7.03210294118
6.67301470588
4.91676470588
5.46322794118
5.52372794118
2.33055882353
3.15139705882
2.98780147059
3.01589705882
2.25244852941
2.83133823529
2.09696323529
2.87807352941
2.33024264706
1.96230882353
1.93063235294
2.74866176471
3.47046323529
2.35470588235
3.90226470588
3.79025735294
4.18632352941
4.53061029412
5.49582352941
2.65458823529
2.62818382353
4.03704411765
3.30388235294
3.50672794118
5.72494117647
6.92616176471
5.52018382353
5.78122058824
4.38441911765
5.02488970588
2.85494852941
5.52024264706
5.91143382353
7.20025735294
5.27085294118
2.49407352941
2.33584558824
2.72822794118
2.59966911765
3.21334558824
4.32960294118
3.02871323529
4.59150735294
2.60496323529
2.47358088235
2.77196323529
3.89752205882
3.91622058824
4.67358088235
4.22198529412
4.645875
4.34696323529
4.73294852941
3.85176470588
2.88406617647
4.75479411765
3.43358088235
2.86397058824
4.30774264706
4.42093382353
4.00472058824
1.76936029412
3.29421323529
3.60726470588
4.16443382353
2.32466176471
1.32645588235
4.098
5.17496323529
3.87926470588
2.34030147059
3.27944117647
3.37644117647
1.69055147059
2.84516176471
3.24922794118
4.36324264706
4.01578676471
3.77170588235
4.38380882353
2.992625
3.47875735294
2.34778676471
3.16971323529
2.84175
1.70088970588
1.81580147059
4.76293382353
4.64361764706
5.36294852941
3.66361764706
2.33711029412
2.06558823529
2.88080147059
2.51180147059
2.00841911765
4.28955882353
1.57550735294
2.67347794118
2.75847058824
2.13033088235
1.78677205882
1.98963235294
2.76993382353
3.10030147059
2.86940441176
4.29963970588
2.74842647059
2.80963970588
2.86075735294
3.65652205882
2.27572058824
1.69652205882
1.29296323529
1.94228676471
2.98877941176
3.68558823529
3.80296323529
2.09080147059
2.75164705882
4.42966176471
4.73805882353
2.70394117647
3.54618382353
4.78816911765
5.61427205882
5.522875
5.21168382353
4.86766176471
2.51815441176
2.22054411765
2.58590441176
2.32654411765
3.05101470588
2.05258823529
2.09630147059
3.14897794118
1.89851470588
1.88423529412
3.00421323529
2.85219852941
2.244375
3.73917647059
3.65975
3.99729411765
2.90347794118
2.91782352941
3.58231617647
2.50130882353
2.11703676471
3.6045
1.65055147059
1.77971323529
1.14378676471
1.11558088235
2.92994852941
4.30741911765
2.34222058824
1.91030882353
2.13644852941
2.85972058824
2.74408088235
2.40590441176
2.85873529412
1.98615441176
1.74756617647
2.55491911765
2.24550735294
1.92466176471
1.30261764706
1.52439705882
1.34527205882
1.11147058824
1.99224264706
2.53879411765
3.47486029412
3.71376470588
4.74167647059
4.24554411765
4.52597058824
3.60880147059
3.11610294118
2.72201470588
3.07666176471
2.34938970588
2.98397794118
1.41083088235
2.32379411765
3.71077941176
3.40613235294
4.04044117647
3.67490441176
2.84425735294
1.91107352941
1.87110294118
1.82818382353
3.60259558824
3.03813970588
3.11693382353
3.12680147059
2.84529411765
1.946375
2.09584558824
2.96607352941
2.98204411765
2.09232352941
1.25126470588
1.53994117647
2.45233088235
1.41052205882
2.37256617647
1.21022058824
1.22583823529
1.627875
1.79872058824
1.08876470588
2.24047058824
3.11760294118
2.94547794118
1.97405147059
2.59403676471
1.92755882353
1.42875
1.25966176471
3.21939705882
3.86727941176
4.17143382353
2.70494117647
1.97730147059
3.20356617647
3.457625
3.677
2.23158088235
3.42730882353
2.47727205882
2.27996323529
2.40522794118
3.35547794118
3.921125
3.770875
2.42019117647
2.45026470588
1.93611029412
1.81636029412
2.43952205882
1.26311764706
1.31030882353
2.27433088235
3.57814705882
3.86334558824
2.34327941176
2.55361764706
2.02961764706
2.414875
2.79078676471
1.71610294118
1.07347058824
1.225875
2.09436764706
4.97174264706
6.484625
4.12810294118
4.72430882353
3.89596323529
4.90948529412
3.54083823529
1.64143382353
2.86611029412
2.78949264706
1.50169117647
1.4655
3.16179411765
5.82616176471
6.16636029412
6.54415441176
6.93027941176
4.104
2.76651470588
1.31603676471
1.79882352941
2.70125735294
2.30666176471
3.10445588235
2.08510294118
1.86714705882
3.18613235294
2.12913235294
1.45125
0.863286764706
1.37109558824
1.87404411765
1.62927941176
3.21678676471
3.85494117647
2.54644852941
2.60285294118
1.33726470588
2.39880882353
2.61577205882
2.83879411765
2.10464705882
3.467875
2.44068382353
1.33177205882
1.29847058824
2.76880882353
2.39795588235
2.21125735294
2.55495588235
2.45666176471
3.69741176471
3.75414705882
3.510875
1.43375735294
2.61148529412
3.86182352941
2.40878676471
2.46815441176
4.37650735294
2.86769852941
3.15869117647
2.791375
2.81430147059
1.58759558824
1.88959558824
4.29159558824
4.732875
2.36118382353
2.92444117647
3.81483823529
2.04715441176
4.85230147059
4.79421323529
3.95466176471
4.04210294118
2.53720588235
2.52779411765
3.33198529412
3.39498529412
4.26427205882
2.77158823529
4.12883823529
1.82989705882
1.84039705882
3.26247794118
3.83589705882
5.12464705882
3.21116911765
4.00699264706
4.02517647059
5.15883088235
5.26298529412
2.19895588235
2.70625
3.58822058824
1.82708088235
1.82629411765
2.66247058824
2.27810294118
1.70522058824
1.52133823529
2.81949264706
4.13547794118
3.51138235294
2.45914705882
2.48377941176
2.63550735294
3.65689705882
4.09588235294
2.04793382353
4.49769117647
3.47941911765
3.87246323529
4.34902941176
3.00475735294
3.57416911765
1.69475735294
1.75157352941
2.97713970588
4.19033088235
1.84588970588
2.43946323529
2.44636764706
3.08660294118
1.907625
2.36123529412
3.59416176471
2.96721323529
3.50388235294
2.26972058824
2.88127941176
2.74529411765
3.64661764706
4.09833823529
4.59846323529
4.15361764706
2.91835294118
1.73305882353
1.64727941176
3.53340441176
3.31283823529
4.16458823529
3.77769852941
4.76419117647
5.28117647059
3.23550735294
2.26623529412
4.87303676471
4.80459558824
3.88385294118
1.15117647059
2.37174264706
3.09293382353
1.90875735294
4.90322794118
5.77847058824
5.23643382353
4.05142647059
6.33384558824
4.30905882353
2.26472058824
2.62522794118
2.51538235294
2.25524264706
2.02302941176
3.12766911765
2.48470588235
2.95869117647
2.53386764706
2.71635294118
4.44379411765
4.14255882353
5.13769117647
2.59015441176
3.99883823529
1.43020588235
3.36540441176
2.60061029412
4.19610294118
4.90911029412
5.12201470588
7.18647794118
3.98144852941
1.64560294118
2.66669117647
2.90277205882
1.97676470588
2.6
1.29146323529
3.70080147059
4.35498529412
5.40171323529
6.87256617647
5.76586029412
4.81828676471
4.02272794118
2.24447058824
2.25142647059
2.01144852941
4.62699264706
2.46178676471
2.35302205882
2.63700735294
2.22908823529
2.32279411765
4.05638235294
1.60758088235
2.74788970588
2.11988970588
2.01116911765
3.09572058824
2.47903676471
2.75991911765
2.30551470588
3.29358088235
1.88551470588
3.14796323529
2.24443382353
1.61349264706
1.75904411765
1.18433088235
2.01086764706
2.09134558824
1.68729411765
4.88814705882
2.31088235294
1.29322794118
2.86818382353
1.9405
2.5575
4.07027941176
3.23413235294
1.50674264706
1.68810294118
1.68372058824
2.05258823529
3.227125
1.82022794118
2.53189705882
3.805375
4.98759558824
3.99530147059
3.23094117647
2.72656617647
1.33472794118
3.17977941176
2.27108823529
1.54976470588
2.45233088235
2.16435294118
1.60413970588
2.61998529412
2.00043382353
2.163125
2.29348529412
1.96880147059
2.68883823529
2.12648529412
1.91495588235
1.59989705882
1.97670588235
3.32599264706
3.32632352941
2.5225
1.83964705882
1.67844117647
2.50170588235
2.57852941176
2.93461764706
2.34319852941
1.50878676471
1.52703676471
2.41677205882
1.37789705882
1.48502205882
1.59940441176
3.49559558824
2.79055882353
3.44742647059
2.10736029412
2.10642647059
2.34227205882
3.332375
4.37744117647
3.59028676471
2.72216176471
2.66954411765
1.93758823529
2.433375
1.99351470588
2.19794117647
1.84465441176
2.30613235294
3.30460294118
2.85791911765
3.26433088235
2.55193382353
3.64161764706
2.17632352941
1.98317647059
1.44900735294
1.90311029412
1.484375
1.65942647059
1.19797794118
1.34138970588
2.21874264706
1.21400735294
1.73824264706
3.37872058824
3.771375
2.77936029412
2.82109558824
2.30377941176
2.28991911765
1.16675
1.37322058824
2.07845588235
1.08729411765
1.24048529412
2.47646323529
4.12408088235
3.42844117647
1.89911764706
2.79256617647
3.50054411765
2.69426470588
2.44781617647
1.58816911765
2.450375
1.55314705882
1.50588970588
1.87341176471
2.51865441176
2.72780147059
2.92959558824
1.30441176471
3.84757352941
4.42794852941
3.01816176471
1.44414705882
1.01442647059
1.59497058824
1.61563970588
2.00478676471
1.83116176471
1.08584558824
1.17350735294
1.473125
2.80327205882
3.53000735294
2.35963235294
3.71827205882
2.94647058824
2.11665441176
3.40992647059
3.06667647059
3.36572794118
2.77183823529
2.43444117647
2.26966176471
1.63021323529
1.42425735294
1.65972058824
1.68413970588
1.46288970588
1.52289705882
1.84963235294
2.06609558824
2.14231617647
2.25519852941
2.47522794118
2.43525735294
3.19727941176
2.82826470588
0.876433823529
1.59558823529
2.62855147059
3.16555147059
2.41441911765
1.58494117647
2.61639705882
2.94875735294
3.29494117647
4.44902941176
3.56694117647
2.51144852941
2.862125
2.22006617647
1.51358823529
1.90308088235
3.86699264706
5.51028676471
3.84527941176
3.01265441176
2.71639705882
2.58234558824
2.56478676471
2.00534558824
3.88122058824
5.31701470588
5.54366911765
2.86991911765
1.93608088235
2.27616911765
1.94852205882
3.20908823529
3.55256617647
2.79316911765
2.191625
3.10270588235
3.51441176471
3.67243382353
2.34195588235
1.10819852941
1.14680882353
2.4225
2.78702941176
3.16257352941
4.37628676471
3.16376470588
1.69888970588
1.74951470588
1.02144852941
2.72683088235
2.13822794118
2.71769852941
2.22498529412
3.88277205882
3.14047058824
2.31171323529
1.16199264706
1.99809558824
1.21220588235
1.05520588235
0.831375
1.07438970588
1.54634558824
2.06961029412
2.15091176471
1.41676470588
2.03164705882
1.58769117647
3.00155147059
3.83363235294
4.80044852941
6.41816911765
4.69242647059
3.43691911765
6.23275735294
5.28923529412
5.55672794118
4.89058088235
6.66764705882
4.19783088235
4.62183823529
3.43589705882
2.84086764706
1.77783088235
2.71094117647
2.05182352941
2.44844852941
1.91355147059
1.91641176471
