48.7
23.2
16.7
14
11.4
9.63
8.68
8.12
7.76
7.4
7.06
6.71
6.38
6.05
5.72
5.41
5.1
4.79
4.5
4.2
4.35
4.35
4.35
4.79
4.35
4.2
4.06
3.92
3.92
3.92
3.92
3.84
13.1
21.1
9.24
7.26
6.36
5.64
6.18
6
5.46
5.1
5.82
8.52
21.6
34
15.3
10.2
8.7
7.8
7.26
6.9
6.54
6.18
6.18
5.82
5.46
5.46
5.28
5.28
5.64
8.34
20.2
39.2
19.9
21.3
18.8
17.7
46.3
26
49
40.4
37.7
43.9
35.9
29.3
22.9
21.8
18.8
17.3
16.6
14.9
12.7
11.6
15.5
18.2
18.6
21.8
22.4
23.7
19.5
20.6
30.7
25
20.6
18.4
19.5
18.2
15.5
14.4
14
13.1
11.6
10.6
9.62
10.2
14.6
10.6
9.06
8.16
8.16
8.34
12.9
21.6
15.7
14.6
11.2
9.81
8.88
11.8
14
13.8
11.6
10.6
10.6
11
9.62
8.52
7.8
7.44
7.44
10.4
7.8
6.9
6.54
6.18
6
6.18
6.36
5.82
5.46
5.28
5.1
5.82
5.82
5.28
5.4
5.28
4.92
4.74
4.56
5.28
5.28
4.38
4.2
4.2
4.56
4.38
4.38
4.02
4.02
4.02
4.02
5.1
4.38
4.56
4.38
3.66
3.3
3.3
3.14
3.14
3.3
4.56
2.84
2.7
2.7
2.84
5.64
2.98
2.84
2.7
2.7
2.57
2.45
2.45
2.45
2.45
2.98
2.98
3.14
2.7
2.45
2.57
14.6
3.84
2.84
2.84
2.7
2.57
2.57
2.57
2.57
2.45
2.45
2.45
2.45
2.45
2.32
2.45
7.98
3.84
4.56
4.02
6
4.38
4.02
3.48
3.14
2.98
3.3
7.44
5.28
3.84
3.48
3.48
3.3
3.3
3.3
3.48
3.84
3.84
3.66
3.66
3.66
3.66
3.48
3.84
3.66
3.3
3.14
2.98
2.84
2.7
2.7
3.66
3.84
2.84
2.45
2.32
2.32
2.45
3.48
2.84
2.57
2.32
2.07
1.83
1.83
1.83
1.72
1.72
1.83
2.84
2.07
1.95
1.95
1.95
1.83
1.83
1.83
1.72
1.72
1.72
1.72
1.61
1.72
1.61
1.72
1.61
1.61
1.5
1.5
1.5
1.5
1.5
1.5
1.61
1.72
1.72
1.61
1.61
1.61
1.5
1.5
1.61
1.61
1.5
1.5
1.5
1.61
1.61
1.61
1.61
1.83
1.95
1.83
1.61
2.7
3.66
3.84
6.54
17.9
6.9
5.1
4.02
5.46
5.28
5.46
6.36
4.38
4.02
4.2
3.84
3.66
3.84
3.48
3.3
3.14
2.98
3.14
3.3
3.84
3.66
3.48
3.84
3.48
3.48
3.48
4.02
5.1
4.74
5.28
20.2
61.4
48.6
21.6
30.4
31.2
34
23.7
41
26
20.2
16
13.8
12.4
10.6
9.81
8.7
7.98
7.8
8.16
8.88
7.98
7.44
7.26
6.72
6.36
6.54
7.62
11
9.24
7.98
7.08
6.36
5.64
4.74
4.74
4.74
4.56
4.56
4.56
4.38
4.38
4.38
4.92
6.18
7.08
5.46
5.82
4.92
4.38
4.2
6.9
32.6
79.5
33.7
56
62.1
45.2
64.3
48.2
38
30.4
25
23.2
21.3
17.7
15.5
13.5
12.9
11.8
10.4
9.81
8.88
7.98
7.44
7.08
7.08
6.36
6.18
6
6
6
6
6
5.64
5.46
5.28
5.46
9.06
8.52
6.9
6.18
6.18
6.18
6.72
6.72
6.18
6
5.82
5.82
5.64
5.64
5.46
5.28
5.1
4.92
4.92
4.92
5.28
6.54
7.62
7.44
7.08
9.06
13.5
11
9.81
8.52
7.62
7.08
7.08
7.08
7.62
7.98
7.44
7.26
7.08
6.9
6.36
6.18
6
5.82
5.82
5.82
5.64
5.46
5.46
7.26
9.43
7.98
8.7
7.62
7.26
6.54
6
5.82
7.26
6.18
5.64
5.64
5.64
5.64
5.28
4.92
4.74
4.56
4.38
4.02
4.02
3.84
3.84
3.84
3.84
4.02
3.84
3.84
3.66
3.48
3.3
3.48
3.48
3.48
7.62
3.84
4.56
4.92
4.2
4.02
3.66
3.48
4.2
4.74
4.02
5.64
5.46
4.2
3.84
3.66
6.72
4.74
4.38
3.84
4.38
4.38
4.2
4.2
4.38
4.38
5.46
5.1
5.82
4.56
8.34
7.26
6.18
14.2
21.3
20.6
12.2
11.2
9.81
10.2
8.88
8.34
18.4
31.8
28.7
21.6
30.7
31.2
19.3
15.5
15.7
20.2
22.1
49.5
25.2
18.6
15.1
12.9
11.6
12
9.43
8.34
7.8
7.26
6.72
6.36
5.82
5.46
5.28
5.1
5.1
5.1
5.1
4.2
5.28
4.74
4.2
4.02
4.02
4.2
5.64
4.2
4.2
3.66
3.48
3.48
3.48
3.3
3.3
3.3
3.14
2.98
3.48
4.2
4.74
4.02
3.66
3.48
3.48
3.48
3.3
3.14
4.74
3.84
3.66
3.48
4.74
4.38
4.02
3.66
3.48
3.48
3.3
3.14
2.98
2.98
3.3
3.3
3.14
2.98
2.84
2.7
2.7
2.7
2.7
2.84
2.7
2.57
2.57
2.57
5.64
6.54
4.02
3.48
2.98
2.84
2.7
2.7
2.57
2.7
2.84
2.98
2.7
2.57
2.57
2.57
2.57
3.84
6.18
4.2
3.84
3.48
3.48
3.48
3.14
2.84
2.84
2.7
2.57
2.57
2.57
2.84
2.84
2.84
2.84
2.84
2.84
2.7
2.57
3.3
6.9
9.43
7.98
6.36
5.64
5.28
4.92
4.56
4.2
3.84
5.28
5.64
5.1
4.92
4.74
4.38
4.38
4.56
4.74
4.56
4.74
4.56
4.02
4.2
4.2
4.38
5.1
8.34
35.1
42.6
34.5
16.2
12.2
10.6
9.62
10.8
10.4
9.81
14.9
12.2
12.9
10.6
8.88
8.16
7.8
7.62
7.98
8.34
26.5
47.8
19.9
14.9
12.2
10.4
9.43
8.88
8.16
7.62
7.62
7.26
7.26
7.26
7.26
7.44
7.44
7.8
7.08
6.54
6
5.46
5.46
5.1
5.1
4.92
4.92
4.74
4.92
4.74
4.92
4.92
5.64
6.18
5.64
14.4
40.7
48.6
36.8
24
16.8
13.8
11.4
10.2
9.24
8.52
7.98
7.8
7.44
7.08
6.72
6.36
6.18
6
5.64
5.46
5.46
5.46
6
11.2
9.62
7.44
6.72
9.24
25.2
35.6
47.1
51.7
35.6
24.2
22.1
19.5
16
15.1
13.3
11.4
10.4
9.43
8.7
8.7
22.1
14.2
17.1
18.6
13.3
11
9.81
9.24
8.7
8.34
7.8
7.44
7.26
6.9
6.72
6.54
6.18
6
5.82
5.64
5.46
5.28
5.1
4.92
4.74
4.74
4.74
4.74
4.74
4.74
4.74
4.74
4.74
4.56
6.18
7.98
6
6.36
12.2
8.88
6.72
6.18
6.18
6.18
6
5.82
5.28
5.1
5.1
5.64
5.64
6.72
5.64
5.1
5.28
5.1
4.92
4.74
4.38
4.38
4.38
4.74
4.38
4.38
9.62
11.2
6.9
8.16
6.18
5.82
6
7.8
45.2
26
11.6
9.62
8.88
8.16
7.62
7.08
6.54
6.18
5.82
5.82
5.64
5.64
6.18
5.64
5.46
5.64
6.18
5.82
5.46
5.1
5.64
5.82
5.1
10
8.88
6
4.92
4.92
4.92
4.56
4.2
3.84
3.84
3.84
3.66
3.48
4.56
3.66
3.48
3.3
3.3
3.3
3.84
3.66
3.66
4.2
6.18
13.3
8.34
5.46
7.98
11
7.44
6
5.28
5.1
4.92
4.74
4.74
4.2
4.02
3.84
3.84
9.62
4.74
33.7
94.5
37.1
16.8
12.2
10.2
8.88
7.8
7.08
6.54
7.62
7.98
6.36
5.82
5.64
5.28
4.56
4.74
4.56
4.38
4.2
4.02
4.02
3.84
3.84
3.84
3.66
3.48
3.48
3.48
3.48
3.48
3.48
3.3
3.14
3.14
3.14
3.14
3.3
3.14
3.14
3.14
3.3
3.14
4.38
3.66
3.3
2.98
2.98
3.48
4.38
3.84
3.3
3.14
3.3
4.56
3.84
3.66
3.48
3.48
3.3
5.64
17.7
12.7
9.62
7.98
10.4
23.7
10.4
10
12.9
10.8
14.6
9.81
8.16
7.44
6.9
6.9
6.54
6.18
7.08
8.88
10.2
8.7
7.98
8.16
7.44
6.9
6.72
6.54
6.36
6.18
6
5.82
6.18
7.26
7.98
7.08
6.36
6.18
6
8.16
9.06
8.16
9.24
8.16
8.52
7.62
7.8
11.8
27.4
16.6
13.5
17.5
13.8
11.4
20.4
28.5
17.9
19.1
31.2
72.7
33.4
23.2
19.9
16.2
15.1
17.3
14.9
11.4
10.4
9.43
8.52
8.34
8.16
7.98
7.8
7.62
7.44
7.08
6.72
6.72
7.26
35.6
56
30.4
30.7
38
49.9
78.5
40.7
28.2
22.4
19.1
16.8
15.5
12.9
11.4
10.6
9.81
8.88
8.34
7.8
7.44
7.08
6.9
6.9
6.72
6.72
6.72
7.08
6.54
7.26
23.7
48.2
23.7
13.1
10
9
8.56
8.2
8.38
13.3
12.4
9.63
9
9
9
8.7
8.38
8.2
7.84
7.66
7.26
6.72
6.54
6.36
6.36
6.18
6.18
6
5.82
5.82
6.18
8.7
13.3
24
14.4
9.81
8.56
8.02
7.84
8.56
21.8
13.8
15.5
13.1
11
10.8
12.9
13.5
11.2
10
9.63
9
8.82
8.38
7.84
7.66
7.66
7.84
8.02
8.02
7.66
7.3
7.1
7
6.9
6.72
6.36
6.54
18.2
18.6
11.4
10
8.88
8.52
7.8
7.26
7.08
6.9
6.72
6.18
6.18
6
5.82
5.64
7.08
6.54
5.64
5.46
5.46
5.46
5.64
5.46
5.82
5.82
5.64
5.82
6
8.34
8.34
7.08
6.9
20.4
12
9.06
7.98
7.08
6.72
6.36
6.18
6
5.82
5.72
5.72
5.9
5.9
5.5
5.1
4.74
4.56
4.38
4.02
3.84
3.84
3.74
3.64
3.54
3.36
3.36
3.54
3.54
3.36
3.36
3.84
4.74
4.02
4.02
3.84
3.64
3.54
3.44
3.34
3.24
3.14
2.98
2.98
2.88
2.86
2.84
3.48
2.84
3.04
3.14
2.45
2.32
2.32
2.84
2.32
2.19
2.19
2.19
2.07
1.95
1.95
1.95
1.95
1.83
1.83
2.07
2.07
1.95
1.83
1.95
2.07
1.83
2.98
2.84
2.84
2.7
2.19
2.57
2.45
2.07
1.83
1.74
1.74
1.74
1.74
1.74
1.74
1.83
1.83
1.95
1.74
1.66
1.66
1.66
1.58
1.54
1.5
1.42
1.5
1.95
1.74
1.74
1.58
1.5
1.5
1.5
1.5
1.58
1.42
1.42
1.42
1.42
1.5
1.5
1.5
1.42
1.42
1.5
1.5
1.42
1.36
1.36
1.3
1.3
1.42
1.42
1.42
1.42
1.42
1.36
1.36
1.66
1.74
1.95
1.58
1.42
1.24
1.3
1.42
1.36
1.2
1.17
1.3
1.3
1.3
1.24
1.24
1.58
7.08
11.2
4.14
3.14
2.94
4.34
7.44
9.64
9.64
4.64
3.94
3.74
3.34
3.14
3.14
2.94
2.94
3.14
3.04
2.86
2.78
2.78
2.7
2.62
2.62
2.62
2.62
2.54
2.46
2.46
2.38
2.38
2.45
2.45
2.38
2.32
2.32
2.84
2.84
4.2
4.2
4.4
9.62
15.3
9.46
7.26
5.82
6.36
6
5.82
5.28
4.92
4.92
4.56
4.2
4.04
3.9
3.76
3.76
3.48
3.66
4.2
7.08
7.44
12.9
14
9.06
8.7
7.62
7.62
33.4
32.3
16.6
12.2
17.7
30.1
19.3
16.8
12.9
10.6
10
10
13.8
11
9.32
8.56
8.02
7.54
7.7
17.9
27.1
22.6
17.9
15.5
12.9
13.3
12
10.6
9.81
10
10.6
17.7
16.4
14
12
10.4
9.63
10
9.63
8.56
7.86
8.2
9.06
9.81
15.1
13.3
13.5
25.5
35.6
18.8
15.5
13.5
12.9
12.2
10.8
9.62
8.88
8.34
7.62
7.08
6.72
6.36
6
6
5.82
5.46
5.28
5.1
4.74
4.92
4.92
4.74
5.82
14.4
19.9
16
11
8.88
7.8
7.44
7.08
6.9
6.72
6.72
6.36
6.18
5.82
5.64
5.64
5.82
6
5.64
6
7.44
8.34
7.44
7.8
12
19.5
19.1
15.3
14.2
14.4
13.3
11.6
12.2
13.3
19.3
31.2
18.4
16
19.7
23.4
28.2
55.5
30.9
30.4
30.4
31.8
24.7
24.5
24
20.8
17.5
15.5
20.6
15.5
13.1
11.6
13.1
11
10.4
10
9.24
8.52
7.8
7.44
7.62
8.16
7.8
7.44
6.72
6.36
6.9
6.72
6.36
6.36
6
6.18
6.18
6.36
6.54
6
5.64
5.64
5.46
4.92
4.74
6.18
16
20.8
40.1
25
26.5
20.2
18.2
14.6
12
11.8
10
9.06
8.16
7.62
7.26
6.9
6.6
6.3
6
5.7
5.4
5.1
5.1
4.8
4.5
4.2
3.84
3.84
4.14
4.3
3.6
3.6
3.44
4.44
3.44
3.3
3.14
3.14
3.3
3.14
2.98
2.7
2.7
2.7
2.7
2.7
2.98
2.57
2.57
2.57
2.57
2.57
2.57
2.7
2.84
2.57
3.84
2.84
2.32
2.32
2.32
2.19
2.07
2.07
1.95
1.95
1.95
1.95
1.83
1.83
1.89
1.95
1.95
2.14
3.92
2.42
1.89
1.83
1.7
1.62
1.7
1.55
1.55
1.55
1.55
1.62
1.55
1.55
1.47
1.47
1.47
1.47
1.47
1.47
1.47
1.47
1.4
1.4
1.47
1.4
1.4
1.4
1.4
1.47
1.4
1.4
1.4
1.32
1.4
2.8
2.33
1.83
1.7
1.7
2.42
2.8
2.04
1.7
1.55
1.89
1.79
1.89
1.62
1.55
1.55
1.47
1.47
1.47
1.47
1.47
1.47
1.47
1.7
1.62
1.55
1.47
1.47
1.47
1.95
1.95
1.95
1.95
1.89
1.83
1.89
2.7
3.1
2.57
2.27
2.07
1.95
1.83
1.83
1.83
1.83
1.83
1.83
1.83
1.83
1.83
1.83
1.83
1.83
1.83
1.83
1.83
1.83
1.83
1.83
1.83
1.83
1.83
1.83
1.72
1.61
1.61
1.61
1.72
1.72
1.72
1.61
1.61
1.61
1.61
1.5
1.5
2.84
12
14
7.44
6
4.56
3.66
2.98
2.84
2.7
2.57
2.45
2.32
2.32
2.32
2.19
2.19
2.19
2.19
2.07
2.07
2.19
2.45
2.98
3.66
4.02
4.2
5.46
5.82
6.18
14.9
12.9
7.44
6.18
5.46
5.1
4.74
4.74
15.7
16
8.7
7.26
7.98
7.98
6.54
6
5.64
6.36
7.8
26.3
57
23.4
44.9
35.9
19.1
15.1
12.2
10.2
9.43
9.24
8.34
7.44
7.08
6.72
7.26
10.6
14
14.4
15.7
21.6
29.8
24.2
36.5
109
49.9
34.8
25.5
21.6
18.6
14.9
12.7
11.6
10.6
9.43
8.7
8.34
7.98
7.8
7.8
7.44
7.08
6.9
6.72
6.72
6.54
6.36
6.36
6.54
6.54
6.18
5.64
5.64
6
6.36
6
5.64
5.28
4.92
4.92
4.92
4.92
5.28
5.1
5.28
5.28
5.1
4.56
4.56
4.56
4.56
4.92
5.82
6.72
10
14.9
11.6
9.24
9.62
14
11.4
10.8
11
11
10.6
10.2
9.81
9.43
8.88
8.88
8.7
8.16
8.52
9.62
8.52
7.8
7.44
6.9
6.54
6.54
6.54
6.36
5.82
5.58
5.34
5.34
5.1
4.56
4.56
4.2
4.02
3.84
3.84
3.84
3.48
3.48
3.48
3.3
3.3
3.14
3.3
3.48
3.66
3.14
3.14
2.98
2.84
4.56
6
17.1
7.44
18.8
22.9
25
21
35
47
38
42.6
25.2
19.9
16.8
14.9
13.3
17.3
21.3
18.4
38.3
19.7
15.5
13.3
11.8
11.6
10.2
9.43
8.44
7.84
7.44
6.9
6.72
6.54
6.36
6.18
6
5.82
5.64
5.46
5.46
5.28
4.92
5.1
5.48
5.3
4.76
4.4
4.04
3.84
3.64
3.3
3.3
3.3
3.3
3.3
7.3
9.62
8
5.64
5.28
4.92
4.56
4.2
3.84
3.64
3.44
3.3
3.44
3.58
3.58
3.44
3.3
3.58
3.44
2.98
2.7
2.98
2.7
2.7
2.7
2.7
2.7
3.48
4.2
3.14
2.98
2.7
2.57
2.57
2.57
2.57
2.45
2.45
2.32
2.32
2.32
2.32
6.9
3.14
2.57
2.32
2.32
2.32
2.19
2.19
2.07
2.07
2.7
2.84
3.14
3.3
7.26
17.3
10
12.6
9.64
7.08
7.08
6.9
6
5.28
4.74
4.74
4.92
4.92
5.1
6
6
6.18
7.8
6.18
5.46
5.28
4.74
5.82
5.82
5.46
6.18
6.36
6
5.28
5.46
6.54
6.54
5.46
4.92
4.56
4.38
4.38
4.2
4.02
4.74
4.38
4.56
4.38
4.56
5.28
4.74
7.44
8.8
6.34
5.3
5.1
4.7
4.7
4.3
4.1
4.1
3.9
3.9
3.9
3.9
3.7
3.3
3.1
3.1
3.1
3.1
3.1
3.1
3.3
3.3
3.3
3.3
3.7
5.7
35.4
52.1
37.1
19.9
14.6
11.7
10.2
9.04
8.33
7.66
7
6.78
6.34
6.12
5.7
5.5
5.3
5.1
4.9
4.9
4.7
5.1
5.7
5.3
6.56
9.76
12.7
9.04
15.3
12.9
9.28
7.88
7.22
6.78
6.56
6.12
5.7
5.1
4.7
4.6
4.5
4.4
4.3
4.2
4.1
4
3.95
3.9
3.85
3.8
3.75
3.7
3.65
3.6
3.55
3.5
3.5
3.5
3.5
3.7
9.28
23.7
10.4
7.22
9.76
15.1
7.44
4.5
9.52
16
23.2
31.2
17.5
12.7
11.1
10
9.28
8.33
7.88
7.22
5.7
5.4
5.1
4.9
4.7
4.5
4.3
4.1
3.9
3.7
3.7
3.7
3.7
3.7
3.7
4.2
5.3
5.5
5.3
5.5
6.12
5.9
5.5
5.3
5.1
4.9
4.7
4.5
4.4
4.3
4.2
4.2
4.4
4.9
4.9
4.7
4.7
4.7
4.9
5.1
5.9
6.78
7
8.8
14.6
15.3
10.4
9.28
9.76
12
11.1
9.28
9.04
8.33
9.52
9.52
9.28
7.88
7.66
7.88
8.33
11.7
15.3
14.4
11.7
10.3
9.28
8.33
7.88
7.44
6.5
6.3
6.1
5.9
5.7
5.7
7
6.3
6.3
6.48
7
6.48
6.48
6.12
5.5
4.3
3.9
4.1
5.5
5.3
5.1
4.5
4.3
4.3
4.3
4.1
3.9
3.7
4.1
6.78
14.9
15.1
11.1
7.44
6.34
5.7
13.8
11.3
11.1
7
6.12
5.5
5.1
5.1
5.1
6.34
7.44
7.22
6.78
8.8
7.88
6.34
7.66
6.34
5.7
5.1
4.5
4.3
4.3
5.1
10.7
7.44
6.56
5.3
6.56
8.8
14.4
12
12
8.56
6.78
13.3
8.56
6.78
6.12
6.56
6.12
5.5
5.5
5.9
5.1
4.9
4.5
4.3
4.1
3.9
3.9
3.9
5.7
4.7
4.5
4.3
4.1
3.9
3.7
3.7
4.5
4.3
10.9
6.78
5.9
5.9
10.9
4.7
3.9
3.9
3.7
4.3
3.9
3.5
3.5
3.1
3.3
3.5
3.1
2.92
2.92
3.5
3.1
2.92
3.3
2.74
4.5
4.5
3.3
3.5
3.1
2.74
2.56
2.38
2.38
2.38
2.38
2.38
4.1
5.1
4.5
4.1
3.5
3.7
4.9
4.5
3.3
2.92
2.74
2.74
2.74
2.74
2.74
3.3
3.1
2.74
2.56
2.47
2.38
2.29
2.2
2.2
2.2
2.2
2.02
1.86
2.02
2.38
2.56
2.38
2.29
2.2
2.2
2.38
2.38
2.38
2.2
2.02
1.97
1.93
1.89
1.85
1.81
1.81
1.81
1.81
1.81
1.77
1.73
1.73
1.73
1.73
1.73
1.73
1.69
1.65
1.61
1.61
1.61
1.73
1.73
2.2
4.5
3.3
2.56
2.38
10.4
5.7
4.1
3.3
2.92
2.56
2.2
2.02
1.97
1.93
1.89
1.85
1.81
1.77
1.73
1.73
1.73
1.73
1.61
1.5
1.86
4.1
9.04
11.7
10
7
6.56
6.12
9.04
6.34
6.56
5.9
5.1
4.5
4.7
4.9
5.3
5.7
7
8.1
7.44
7.66
6.56
5.7
5.3
5.1
5.5
11.7
13.3
7.88
6.56
5.9
5.5
5.7
7
7.66
6.56
5.7
5.5
4.9
4.7
4.5
5.3
8.56
8.8
27.1
26.5
17.7
12
9.76
31.8
74.5
31.5
30.1
40.7
48.2
27.6
20.6
17.1
15.1
13.1
11.7
10.7
10.2
9.76
8.56
8.33
7
6.56
5.9
5.5
5.1
4.7
4.5
4.3
4.1
4
3.9
3.7
3.5
3.3
3.3
3.1
2.92
2.74
2.56
2.38
2.38
2.38
2.38
2.38
2.38
2.38
2.32
2.32
8.1
29.8
30.9
12.4
9.28
8.24
8.17
8.1
8.1
8.1
8.1
8.8
7.88
7.66
7
7
9.04
8.8
12.2
21.1
47.1
19.9
16.8
15.7
14.4
15.7
46
81.5
35.9
29.6
29.8
22.9
18.8
16.6
15.3
14.2
14
12.4
11
10
9.28
9.28
9.28
10.2
10
10.8
10
10.2
11.4
11
9.76
8.8
8.8
10
8.33
7.88
7
6.34
5.9
5.5
5.3
5.3
7
10
6.34
5.7
5.5
5.5
5.1
4.9
6.12
5.5
4.9
4.3
4.3
5.9
4.9
4.5
4.1
3.9
4.7
3.9
3.7
3.7
3.9
3.7
4.1
3.9
3.5
4.7
5.9
17.3
11.7
9.04
21.3
25.5
13.5
9.76
8.33
7.66
6.78
6.34
5.9
5.9
5.9
17.5
9.28
6.78
5.5
5.1
4.7
4.3
4.3
4.1
3.9
3.5
3.5
3.3
3.3
3.1
2.92
2.92
2.92
3.5
3.7
5.1
3.7
3.5
3.1
2.92
2.74
2.56
2.56
2.56
2.74
4.5
2.92
2.56
2.56
2.56
4.7
3.5
2.92
2.74
3.3
2.38
2.2
2.2
2.2
2.2
2.2
2.02
1.86
1.8
1.73
1.73
1.86
2.02
2.02
2.56
2.2
3.9
2.2
2.02
2.02
2.02
2.38
2.74
3.1
2.38
2.02
2.56
3.3
2.74
2.38
2.2
2.02
2.02
2.02
2.02
2.38
2.38
2.56
3.5
2.38
2.02
2.2
2.02
1.86
1.73
1.73
2.2
3.5
2.74
2.2
3.7
8.1
5.7
3.7
2.92
2.74
2.56
2.38
2.2
2.02
1.92
1.82
1.73
1.73
1.86
1.86
2.02
2.02
1.86
1.86
2.2
2.2
2.2
2.38
2.2
2.02
1.86
1.86
2.02
2.02
1.86
1.86
1.86
2.2
4.1
5.5
19.3
43.9
16.4
9.04
9.04
7.22
5.9
5.9
5.9
5.3
5.9
12.9
8.33
6.34
5.7
5.4
5.1
4.7
4.5
4.3
4.1
3.9
3.7
3.5
3.3
3.1
3.5
3.5
3.5
4.9
5.3
5.3
6.34
5.5
4.9
4.7
4.3
3.9
3.7
3.5
3.3
3.3
3.3
3.3
3.3
3.9
5.3
4.5
4.3
3.7
3.5
3.3
3.2
3.1
3.1
5.1
5.1
9.04
22.4
11.5
9.28
7.88
6.56
5.9
5.5
5.3
5.3
5.9
19.9
36.5
59.6
48.6
60.7
37.7
23.2
19.7
20.6
17.3
13.5
11.7
10.4
7.88
6.56
6.12
5.7
5.5
5.3
5.1
4.9
4.7
4.5
4.3
4.1
3.9
3.9
3.9
3.9
3.9
3.9
3.7
3.2
3.2
3.2
3.2
3.2
3.2
3.2
3.9
10.4
9.76
25.2
34.8
29
17.3
17.1
14.6
12
11
10
9.04
8.1
7.44
7.22
6.78
6.56
6.12
5.9
5.7
7.44
31.2
35.1
40.1
51.7
24.5
19.3
16.2
13.8
11.4
10.2
9.28
8.56
8.33
7.66
7
6.78
6.56
6.56
10
10.6
8.8
7.66
7.66
7.88
34.5
44.2
40.7
28.2
27.6
23.2
17.9
15.3
13.5
12.7
11.6
11.2
10.6
10.2
10
9.28
8.8
8.33
8.1
10.2
10.6
8.56
7.66
7
6.56
6.12
5.7
5.9
6.12
5.7
5.3
5.1
4.9
4.7
4.5
4.3
4.1
3.9
3.9
3.9
4.1
6.56
5.1
4.3
4.1
3.7
3.5
3.5
3.9
5.7
9.04
5.3
7
6.34
4.9
4.3
4.1
4.1
4.7
6.56
6.78
5.9
4.9
4.5
4.5
5.3
4.9
5.1
5.5
10.7
7
8.1
10
8.8
7.44
7.22
7
6.34
5.7
5.5
5.1
8.33
10.7
14.2
21.8
12.4
14
11.1
11.5
9.52
8.1
10.7
12.9
26.8
13.8
11.3
9.76
8.8
8.1
7.44
7
6.56
6.34
5.9
5.3
5.3
8.56
7
5.5
5.1
4.7
4.3
4.2
4.1
4.1
7
6.36
5.9
4.3
4.7
4.9
5.1
3.7
3.3
3.3
3.7
4.5
4.1
14.9
10
6.56
5.9
5.3
14.6
8.33
7.44
5.7
5.1
4.9
4.7
4.3
4.1
3.9
3.7
3.5
3.3
3.3
4.5
3.9
3.5
3.3
3.1
3.7
3.9
3.3
3.3
3.5
3.9
3.5
3.9
3.3
3.2
3.1
3
2.92
3.3
2.92
3.7
15.7
5.7
4.5
4.1
3.9
3.7
3.6
3.5
3.4
3.3
3.2
3.7
3.1
2.92
2.92
6.34
8.1
7
5.1
4.3
3.9
3.7
3.5
3.3
3.1
2.92
2.92
2.92
2.92
3.1
3.3
3.1
2.92
2.92
3.1
3.3
3.9
6.12
7.66
5.5
4.5
3.9
3.7
3.5
15.1
12.4
9.04
7
5.9
5.5
5.1
4.7
4.3
4.1
4.21
4.4
4.23
3.92
3.88
3.67
3.66
3.44
3.24
3.18
3.55
4.37
7.41
14.8
9.04
7.23
9.39
7.51
7.19
12
13.4
14.1
15
11.3
10.9
11.3
9.48
8.6
8.14
7.56
7.06
6.54
6.06
5.62
5.31
5.2
5.44
5.19
4.66
4.5
4.54
4.29
4.19
4.1
4.1
4.15
9.49
37.5
46.2
31
22.1
17
14.1
12.4
11.1
10.5
9.8
9.04
8.6
8.37
8.22
7.56
8.69
13.9
14.6
15.3
13.4
12.7
14.1
11.6
10.3
10.3
10.3
9.22
8.36
7.89
7.97
8.22
8.36
7.91
7.4
7.11
6.92
7.45
8.09
27.4
27.2
18.1
14.4
14.3
14.3
12.7
12.5
19.4
27.8
22.9
23.7
30.1
23.7
18.3
19.6
29
23.3
22.8
20.5
16.1
13.8
12.7
12
11.8
12.6
14.3
12.1
10.9
10.6
10.9
10.5
10.2
9.74
9.29
9.03
8.95
8.83
8.7
8.49
8.27
8.5
9.53
9.35
7.83
7.34
7.96
17.8
15.6
22.5
19.9
59.3
68.8
36.4
23.5
22.3
37.3
43.9
35.8
35.8
38.6
57.3
52.4
43.4
33.6
29.6
27.6
58.2
41.7
29.1
24.2
21.7
20.5
20.7
24.4
24
18.2
15.4
14
13.8
12.3
11.1
10.3
10.2
9.96
9.38
8.83
8.54
7.97
7.38
6.96
6.43
6.18
5.97
7.01
7.02
6.06
5.64
5.68
6.7
5.75
5.28
4.98
4.82
4.65
4.59
4.51
4.23
4.1
3.99
3.68
3.66
3.72
4.29
4.39
4.7
4.63
4.17
3.66
3.3
3.33
3.33
3.22
3.19
3.44
3.02
3.17
3.53
3.63
3.52
2.89
2.8
2.8
3.6
4.24
3.29
2.84
2.83
2.83
2.8
2.63
2.52
2.46
2.34
2.3
2.21
2.21
2.36
2.49
2.91
2.94
2.6
2.4
2.13
2.02
2.26
2.68
3.62
3.1
3.18
2.63
2.27
2.21
2.39
3.12
2.74
2.45
2.21
2.21
2.33
2.31
3.3
3.82
5.1
7.53
4.47
3.55
3.07
2.56
2.13
2.22
3.82
2.85
2.21
2.58
2.22
2.11
1.97
1.69
1.55
1.68
1.89
1.99
1.8
1.86
1.86
1.86
2.72
1.74
1.64
1.83
1.86
1.72
1.77
1.78
1.64
1.68
1.68
1.94
1.68
1.68
1.68
1.77
2.29
2.21
1.6
1.66
1.36
1.5
1.52
1.72
2.27
2.4
2.65
2.8
3.67
2.2
1.95
1.8
1.74
1.31
2.07
2.21
3.05
3.09
2.22
1.83
1.68
1.77
1.77
1.73
1.72
1.84
2.43
2.08
2.54
2.35
1.96
1.87
1.78
1.74
1.64
1.64
1.69
1.78
2.29
6.18
7.46
4.36
3.38
2.97
3.09
2.9
2.44
2.21
2.18
2.06
2.13
2.11
1.94
1.89
1.73
1.79
1.96
2.28
2.11
2
2
1.92
1.87
1.9
2
2.12
2.12
1.94
1.78
1.59
1.67
1.38
1.5
1.73
1.68
1.35
1.66
1.66
2.39
3.11
2.94
2.69
3.58
3.52
3.04
2.6
2.98
3.24
3.83
5.31
5.52
5.65
5.82
11.6
25.1
14.4
9.29
15.6
32.1
15.2
13.6
9.95
11.5
12.3
15.7
15.6
14.7
11.8
10.8
10.3
9.47
8.7
17.4
41
15.4
13.9
14.3
26.3
40.2
19.9
15.7
13.4
11.6
10.4
9.63
8.6
7.83
7.22
6.83
7.43
14.6
19.3
15.5
14
11.3
10.8
10.1
9.94
8.44
7.16
6.83
6.9
6.76
6.42
5.94
5.86
5.81
5.39
5.12
4.87
4.66
4.42
4.21
3.93
3.66
3.66
3.66
3.58
3.64
3.45
3.32
3.33
3.39
3.44
3.25
3.25
3.15
3.14
3.6
4.18
4.14
5.16
5.11
4.75
6.83
7.97
7.56
6.02
5.52
5.31
5.2
5.78
7.73
11
13.9
17.3
24.8
18.7
13.5
12
10.8
10.4
10
9.15
8.29
8.63
8.4
7.8
7.88
11
16.1
11.8
9.17
7.97
7.41
6.99
6.99
7.45
15.9
10
8.5
7.85
7.04
6.65
6.42
6.53
5.71
5.64
5.76
6.96
10.5
8.97
7.97
6.92
5.96
5.59
5.43
6
5.43
6.01
5.64
6.73
6.77
6.37
7.05
6.16
42.3
54.3
19.1
15.1
13.1
11.7
11
10.4
9.61
8.19
7.45
6.91
6.42
6.2
5.9
5.64
5.26
5
7.52
8.64
8.81
7.3
6.12
5.96
5.09
4.66
4.43
4.21
4.1
3.8
3.62
3.53
3.44
3.33
3.22
3.22
3.04
3.08
3.31
3.42
3.01
2.93
3.48
3.64
2.75
2.8
2.96
3.02
3.01
2.83
3.14
2.93
2.48
2.35
2.33
2.31
2.21
2.21
2.12
2.15
2.26
2.85
3.98
6.21
2.68
2.16
2.5
2.45
2.57
2.77
2.93
11.9
3.79
2.8
2.38
2.38
2.21
2.66
3.09
2.49
2.29
2.16
2.22
2.14
2.11
2.03
2.15
2.23
2.2
2.12
1.95
1.94
1.97
4.92
5.59
3.22
3.13
1.87
1.75
1.86
1.98
2.32
2.33
2.01
1.91
1.94
1.9
1.71
2.94
3.62
1.84
1.97
2.34
1.87
1.73
1.65
1.62
2.06
1.43
1.42
1.34
1.6
1.99
1.98
1.52
1.39
1.05
1.74
2.35
2.08
1.74
1.3
1.5
1.7
1.61
1.62
1.6
1.48
1.43
1.36
1.4
1.23
1.2
1.37
1.88
2.16
2.31
3.41
2.42
2.09
1.75
1.66
1.33
1.32
1.18
4.38
3.64
2.04
1.69
1.66
1.6
1.6
1.59
1.61
1.68
1.56
1.51
1.4
2.54
6.73
3.52
3.94
3.42
3.12
2.71
2.7
2.69
2.48
2.21
1.88
1.76
1.89
2.03
1.69
1.44
1.48
1.59
1.7
1.72
1.82
1.97
2.98
4.69
7.22
26.6
20.8
15.6
12.3
8.88
7.55
6.48
6.12
5.4
4.63
4.43
4.32
4.21
3.95
3.55
3.28
3.11
2.9
2.96
3.01
3.37
3.14
2.92
2.9
2.47
2.57
2.71
2.58
2.21
2.09
2.03
2.1
2.03
1.87
1.76
1.68
1.77
1.85
1.81
1.86
2.03
2.87
11
23.5
48
41.1
25.4
32.3
31.3
62.2
35.6
53.6
31.3
23.7
18.8
15.7
13.2
11.1
10.1
9.11
8.14
7.53
6.89
6.6
6.24
5.77
5.31
4.91
4.64
4.43
4.48
4.54
4.38
4.21
4.1
4.44
5.15
5.6
4.77
4.52
4.62
4.94
4.8
28.7
25.6
45.9
28.9
19.5
15.3
13
11.6
10.6
10.8
11
12.6
10
8.95
8.13
7.36
6.87
6.57
11.1
13
13.1
26.2
23.8
19.1
15.1
16.6
18.3
15.9
13.7
12.1
10.7
9.73
9.15
14.9
30.6
22.8
59.2
35.5
22.9
19.1
16.9
15.2
14.1
13.1
11.8
11.3
10.9
9.76
8.94
8.29
7.72
7.25
6.64
6.2
6
5.63
5.85
5.81
6.15
5.63
5.53
5.3
5.2
5.4
5.92
5.31
5.07
4.87
4.76
4.9
5.06
4.65
4.37
4.21
3.99
4.05
3.98
4.36
4.3
3.92
3.88
4.02
4.24
4.77
4.82
4.43
5.1
4.73
4.55
4.39
4.12
3.88
3.77
3.57
3.33
3.18
3.01
3.01
3.01
2.92
2.8
2.7
2.6
2.6
2.93
2.87
3.17
3.3
2.76
2.69
2.5
2.4
2.58
2.55
2.38
2.21
2.12
2.2
2.21
2.31
2.21
2.21
2.11
1.98
1.91
2
1.92
1.91
2.17
2.84
2.77
2.36
2.29
2.14
2.35
2.79
3.02
3.16
4.06
3.06
2.54
2.43
2.46
2.38
2.11
2.11
2.1
2.93
2.18
2.2
2.09
1.97
1.88
1.89
1.93
2.47
3.02
4.45
6.65
3.15
2.76
2.81
2.79
4.12
3.46
3.22
3.88
4.36
3.28
2.53
2.15
1.95
1.74
1.72
1.7
1.6
1.7
1.55
1.5
1.6
1.68
1.61
1.65
1.66
1.7
1.64
1.69
1.56
1.49
1.46
1.49
1.56
1.51
1.37
1.38
1.34
1.28
1.21
1.21
1.21
1.25
1.34
1.6
2.04
1.95
2.56
1.74
1.36
1.82
2.02
1.8
1.46
1.42
1.38
1.21
2.16
2.06
1.7
1.73
1.88
1.27
1.23
1.49
2.32
1.92
1.48
1.61
2.15
1.6
2.05
2.98
2.4
1.6
1.54
1.42
1.31
1.4
1.57
1.56
1.37
1.73
1.82
1.61
2.22
2.05
2.13
1.6
1.43
1.4
1.4
2.84
2.47
1.91
2.18
2
1.84
1.58
1.51
1.48
1.55
1.45
1.49
1.5
1.31
1.6
1.69
1.56
1.26
1.25
1.2
1.16
1.31
1.44
1.43
1.39
1.47
1.49
1.58
6.4
4.99
4.03
3.68
3.75
3.94
3.65
5.02
4.84
3.63
2.88
2.6
2.8
3.23
3.6
3.23
3.24
4.13
4.28
4.29
17.7
12.4
15.2
29.3
12.9
10.8
9.8
8.35
6.9
6.31
5.73
5.29
5.76
5.39
4.6
4.32
4.68
5.8
5.11
4.23
3.95
3.6
3.46
3.58
3.71
4.1
3.69
3.55
3.29
3.37
3.27
2.9
2.68
2.44
3.1
4.3
7.27
7.28
6.77
18.4
20.3
17.4
60.7
34.6
24.3
23.6
31.8
45.7
52.9
36.1
28.5
26.3
22.4
22
29.4
27.8
19.2
15.7
13.2
11.3
10.4
9.33
8.01
7.33
7.4
7.23
6.54
5.94
5.53
5.42
5.19
4.76
4.4
4.21
4.05
3.77
3.59
3.33
3.22
3.22
3.22
3.22
3.22
3.22
3.22
3.22
3.22
3.22
3.11
2.9
2.88
2.7
2.6
2.6
2.68
2.8
2.9
3.23
7.79
8.45
7.23
5.33
4.21
4.02
3.88
4.15
4.86
4.96
5.43
5.85
5.52
5.09
5.73
5.54
5
4.73
4.43
4.17
3.99
3.88
3.77
3.9
5.69
5.45
6.17
5.71
5.09
4.53
4.13
3.77
3.58
3.33
3.22
3.1
3.01
3.01
2.9
2.8
2.7
2.52
2.6
2.83
2.89
2.6
2.56
2.4
2.4
2.4
2.48
2.5
2.31
2.33
2.21
2.21
2.21
2.31
2.9
2.73
2.4
2.25
2.21
2.01
1.92
2.24
5.24
4.21
3.64
3.11
2.71
2.4
2.4
2.23
2.03
2.03
2.14
2.16
2.03
2.38
2.33
2.77
2.56
2.31
2.01
1.86
2.03
2.36
2.31
2.28
2.1
2.32
2.12
2.1
2.26
2.16
1.8
1.81
1.86
1.85
1.77
1.68
1.68
2
2.46
2.9
2.98
3.07
2.5
2.55
2.41
2
1.77
1.61
1.89
2.6
2.28
2
1.75
1.6
1.67
1.62
2.18
2.17
5.13
3.66
2.64
2.09
1.88
1.74
1.62
1.66
1.68
1.65
2.21
2.19
1.9
1.77
1.49
1.36
1.45
1.36
1.3
1.47
1.29
1.28
1.05
0.957
0.956
0.919
1.02
1.5
1.76
1.16
1.1
1.17
1.08
1.14
2.42
2.03
1.37
1.19
1.26
1.22
1.19
1.26
0.987
0.984
0.845
1.19
1.1
1.07
1
0.915
0.923
0.923
0.948
0.923
0.872
0.851
1.03
1.14
0.872
0.861
0.923
1.03
1.05
0.997
0.905
0.771
0.821
0.922
0.923
0.766
0.838
0.944
0.877
0.989
0.926
0.941
0.874
0.753
0.744
0.779
0.683
1.16
0.869
0.825
0.738
0.834
1.48
2.51
1.5
1.47
1.69
2.14
1.84
1.36
1.96
2.56
1.99
1.35
0.953
0.95
1.66
1.78
1.44
1.28
0.988
1.11
1.05
1.08
1.18
1.08
1.12
1.83
1.99
1.48
1.27
1.36
1.22
1.23
1.49
1.34
1.14
1.05
0.994
0.979
1.04
1.14
1.12
1.31
1.54
1.78
1.82
2.44
2.18
2.82
2.95
2.61
2.04
3.28
4.81
6.01
4.34
3.47
2.94
2.6
2.54
3.05
3
2.69
2.11
2.25
2.12
2.09
2.06
1.98
1.71
1.64
1.58
1.5
1.5
1.5
1.5
1.46
1.5
1.48
1.34
1.34
1.34
1.34
1.26
1.3
0.955
0.996
1.11
4.88
7.48
23.5
9.5
17.6
14.3
11.1
9.45
7.49
7.88
7.19
5.77
4.56
4.33
4.33
4.2
4.11
4.11
5.34
8.32
8.14
6.14
6.46
7.56
6.61
5.41
4.66
4.54
4.54
4.19
3.63
3.39
3.52
4.89
3.91
2.96
2.78
2.67
2.72
2.63
2.64
2.72
2.77
2.84
2.59
2.45
2.25
2
2.04
2.33
3.09
3.8
3.7
3.55
3.49
3.63
4.64
6.2
7.4
6.93
8.71
7.09
6.04
5.22
4.9
4.65
4.54
4.54
4.54
4.4
4.22
3.95
3.9
3.73
3.6
3.7
3.79
3.7
3.53
3.45
3.44
3.29
3.13
3.2
3.97
4.97
31.7
33.9
18.8
13.2
10.7
9.34
8.5
7.76
8.11
14.5
20.8
22.6
21.8
19.2
16.5
14.7
12.9
12
11.6
15.1
18.7
16.6
13.9
11.9
10.7
10.4
9.84
9.07
8.39
7.68
7.23
6.88
6.59
6.67
6.54
6.04
6.01
6.26
6.04
5.68
5.06
5.16
5.18
4.87
4.41
4.53
4.39
4.22
3.94
3.76
4.27
4.2
3.64
3.57
3.38
3.29
3.13
3.16
3.77
5.19
4.29
3.49
3.17
3
2.91
2.7
2.49
2.45
2.34
2.51
2.63
2.43
2.19
2.15
2.1
2.11
2.05
1.78
1.67
1.61
1.52
1.74
2.73
7.13
6.07
7.27
3.82
4.69
3.73
3.26
2.63
2.4
2.19
2.07
1.9
1.77
1.66
1.5
3.56
5
15.5
5.75
3.87
8.15
5.54
3.75
2.94
2.4
2.32
2.23
2.19
2.19
2.19
2.11
3.02
5.83
3.46
2.72
2.27
2.2
2.36
2.37
1.93
1.76
2.39
1.96
1.7
4.67
2.66
2.26
5.16
16.4
4.78
3.37
7.62
3.53
2.67
2.36
2.16
2.08
3.08
2.32
2.19
1.99
1.92
1.84
1.89
1.64
1.67
1.51
1.7
1.7
1.56
3.44
5.15
4.04
2.2
2.05
1.79
1.82
5.09
10
3.66
4.33
3.04
2.64
2.3
2.27
1.78
1.78
1.63
2.54
9.28
7.35
10.4
8.81
9.17
5.87
4.94
4.17
3.64
3.19
2.93
2.72
2.34
2.74
3.23
2.83
2.59
2.59
2.57
2.54
2.37
2.36
2.14
1.94
1.87
1.72
1.67
1.71
1.76
1.83
1.97
2.83
2.58
2.26
2.15
2.28
2.25
2.25
2.13
2.14
2.1
2.16
1.88
1.9
2.14
2.4
2.05
1.94
1.84
1.81
1.95
2.17
2.25
2.85
3.91
16.1
8.38
13.4
14.6
9.18
7.17
5.59
4.8
9.24
6.93
5.18
4.54
4.19
4.11
3.62
4.49
9.31
16.7
12.7
9.88
9.52
13.4
17.3
24.2
20.5
18.8
13.4
19.6
31.7
21.4
18.2
27.1
22
19.5
16.7
14.7
13.5
13
24.1
22
25.9
16.5
14.3
13.6
11.9
10.5
9.96
15.8
14.2
12.6
12
10.3
9.43
9.29
9.18
8.82
9.39
9.24
10.5
9.37
8.97
8.23
7.56
6.17
5.72
5.52
5.41
5.09
4.79
4.39
4.54
4.66
5.3
9.7
8.1
7.57
14.7
31.3
83.4
49
28.7
21.4
18.3
15.7
14.3
13
12.2
12.7
15.5
19.2
17.6
18.8
13.9
12.5
11.9
28.6
21.2
13.9
11.4
10.1
9.4
8.76
8.29
7.9
7.57
7.4
7
6.7
6.47
6.2
5.88
5.59
5.4
5.31
5.31
5.6
6.82
7.26
7.7
6.81
5.46
5.11
4.95
4.74
4.45
4.36
4.42
4.36
4.36
4.34
4.17
4.31
6.82
8.3
6.31
5.74
5.7
5.73
5.76
5.71
5.94
6
6.62
6.92
6.18
5.8
5.7
5.61
6.4
5.8
5.23
5.02
5.25
4.92
4.57
4.88
4.93
4.68
4.63
5.34
5.06
5.17
5.4
8.72
7.68
6.22
5.7
5.37
5.47
5.45
4.92
4.74
4.86
5.02
5.12
5.75
6.06
5.39
4.91
4.46
4.1
3.88
3.7
3.49
3.33
3.24
3.24
3.26
3.36
3.37
3.33
3.06
3.01
3.06
3.05
2.97
2.94
2.79
2.7
2.84
2.79
2.7
2.47
2.38
2.38
2.27
2.17
4.51
2.98
2.46
1.88
1.6
1.54
2.56
2.12
2.58
3.03
3.09
2.36
2.25
2.4
2.43
2.51
2.33
2.09
2.03
2.06
1.92
1.96
2.08
2.02
2
2.44
2.04
3.03
2.25
2.19
2.03
1.57
1.59
1.46
1.48
1.63
1.89
1.98
1.78
1.69
1.69
1.6
1.64
1.66
1.46
1.72
2.25
1.52
1.5
1.46
1.36
1.39
1.25
1.14
1.25
1.6
2.54
2.81
1.72
1.2
1.15
1.21
1.07
1.14
1.21
1.36
1.6
1.6
1.84
1.66
1.79
4.06
2.49
1.64
1.43
1.31
2.36
2.42
1.53
1.36
3
3.08
2.25
1.37
1.34
1.54
1.44
1.6
1.52
1.43
1.38
1.34
1.25
1.23
1.29
1.2
1.25
1.22
1.22
1.23
1.1
1.17
1.34
1.22
1.17
1.44
1.92
1.48
1.17
1.31
2.23
1.93
1.82
1.86
2.57
2.51
2.83
2.28
3.05
2.45
1.85
1.55
1.98
1.98
2.99
2.25
1.98
2.22
1.96
1.71
1.57
1.49
1.47
1.31
1.45
9.78
7.62
3.79
2.7
2.36
2.44
3
2.79
3.02
3.02
2.85
2.9
3.04
3.22
2.84
2.7
2.55
2.18
2.17
2.33
2.38
2.38
2.39
2.16
2.02
2.18
2.06
2.03
1.96
2.03
2.14
1.95
1.95
2.16
1.96
2.39
2.39
2.46
2.39
2.36
2.23
1.84
2.36
6.04
4.81
3.55
3.33
3.15
2.97
2.79
2.44
2.38
2.16
2.22
2.04
2.16
1.99
2.3
2.06
2.5
2.79
2.56
3.13
3.01
2.79
2.81
3.27
12.8
12
25.8
12.5
18.6
33.9
21.3
21.4
23.6
15.7
17.7
30.4
92.2
79.7
57.9
49.7
38.6
26.3
21.3
17.9
15.5
22
53.5
57.7
32.9
35.4
55.4
43
56.5
55
34.9
26.1
22.1
18.9
16.8
26.1
23.1
19.8
16.2
14.1
11.6
10.3
9.52
9.1
8.9
11.2
17.3
13.5
26.4
20
41.4
26.1
23
28.3
19.4
17
16.2
17.2
14.5
12.6
11.5
10.5
9.84
10.6
9.88
7.34
6.03
6.37
6.47
6.08
5.72
5.4
5.22
4.95
4.93
4.93
5.6
8.82
7.94
7.13
7.22
7.06
7.97
7.95
10.4
9.92
7.8
7.5
7.09
7.05
7.2
6.78
6.35
7.23
9.35
14.8
11.2
26.8
21.6
17.2
35.4
39.9
22.6
18.1
18.5
19.5
20.1
19.8
15.3
13
11.6
10.9
10.4
12.3
11.3
9.93
11.4
17.2
12
10.3
9.54
11.2
11.3
12.3
18.4
63.4
59
32.2
24.6
21.2
18.5
15.9
13.8
12.2
10.9
9.86
9.08
8.39
7.8
7.4
6.93
6.28
6.1
5.71
5.31
5.22
5.12
5.76
5.3
4.92
4.58
4.36
4.36
4.18
4.17
4.17
4.11
3.66
3.6
3.6
3.6
4.31
4.13
4.42
4.06
8.84
7.71
6.06
5.34
6.13
5.66
4.53
3.62
3.31
3.21
3.34
3.87
3.55
4.4
4.7
4.34
3.95
5.12
4.17
3.99
3.7
3.29
2.95
2.88
2.79
2.93
2.79
2.6
2.45
2.38
2.38
2.32
2.07
2.22
2.06
2.07
3.54
2.55
2.14
1.99
1.85
1.8
2.75
4.52
2.52
2.62
2.54
2.22
2.07
1.9
1.99
1.79
1.92
2.78
2.1
4.8
3.48
5.13
3.57
2.46
2.14
1.81
1.78
1.75
1.66
1.56
1.52
1.54
1.48
1.5
1.83
1.84
1.56
1.38
1.27
1.47
1.39
1.65
2.34
1.74
2.68
6.36
2.5
1.69
1.88
1.71
1.82
2.08
1.85
1.98
1.68
1.61
3.3
5.34
2.6
1.96
1.84
2
1.99
1.88
1.92
1.91
1.78
1.79
1.61
1.92
2.21
2.12
2.26
2.42
2.41
5.31
2.99
2.86
3.94
12
6.61
5.2
3.85
5
4.79
3.64
3.11
2.79
2.62
2.51
2.54
2.43
2.38
2.31
2.11
2.22
2.73
2.55
3.5
2.9
2.62
2.42
2.38
2.38
2.38
2.3
2.22
2.14
1.99
1.99
2.22
1.94
2.45
2.03
1.99
2.16
2.22
2.46
2.98
2.75
3.05
3.17
3.5
3.12
8.1
15.8
12.6
7.13
5.32
4.55
3.81
3.51
3.51
3.51
3.2
3.34
3.42
3.42
3.62
3.34
10.6
13.4
10.6
12.4
18.8
11.2
9.07
7.65
6.6
6
5.64
5.75
7.38
6.26
5.72
5.35
5.19
5
5.02
5.71
9.1
8.13
6.7
6.29
13.2
9.82
8.28
7.67
7.09
23.6
12.8
9.57
7.94
7.31
6.97
6.9
6.52
6.07
5.69
5.4
5.11
4.9
10.5
36.9
39
28.4
22.9
20.3
15.9
12.9
10.8
9.16
8.27
7.54
6.9
6.62
7.77
7.54
6.72
6.12
5.68
5.61
5.74
5.55
5.17
5.3
5.13
6.28
38.8
158
64.6
46.5
61.1
65.8
50.8
80.1
85.4
55.5
35.8
32.3
25.9
21.4
19.1
17.2
16.1
15.2
19.8
15.1
16.5
20.2
16.2
17.3
19.7
26.9
26.8
27.1
21.2
31.4
23.1
20.2
17.5
17.7
19.4
21.6
16.5
15.1
15.1
15.8
17.7
15.5
13.2
13.8
13.9
12.5
11.1
10.1
9.72
9.27
8.72
8.21
8.06
8.42
10.6
22.3
19.9
14.7
11.8
10.4
9.52
9.02
9.17
10.1
15.6
14.8
12.8
11.3
11.4
14.4
19.9
15.2
12.4
10.8
9.95
9.3
8.75
8.21
8.16
7.84
7.29
7.63
6.8
6.38
6.44
7.9
19.1
26.5
28
15.8
12.6
10.8
9.9
9.43
9.09
10.8
10.1
8.21
8.52
7.96
6.98
6.33
5.96
5.91
5.7
5.46
5.38
5.41
5.26
5.05
4.91
4.84
4.69
4.48
4.32
6.87
9.61
9.25
5.59
4.87
4.55
4.34
4.22
3.96
3.86
17.3
7.45
5.34
11.7
12.1
13.7
13.5
8.98
7.7
8.63
7.62
6.64
6.65
5.78
5.43
5.19
5.08
5.2
5.16
4.76
4.79
4.65
4.71
4.53
4.14
3.95
3.79
4
3.79
3.62
3.47
3.3
3.11
3.09
2.96
2.74
3.71
4.51
3.41
2.88
2.78
2.63
2.58
2.35
2.32
2.54
3.16
2.51
2.86
4.89
3.38
2.68
2.92
2.62
2.38
2.28
2.47
3.05
2.22
2.14
1.98
2.54
5.28
4.47
2.87
2.58
2.34
2.29
2.1
1.94
1.76
1.6
1.72
1.78
1.78
1.78
1.77
1.57
2.6
1.84
1.78
1.67
1.52
1.52
1.52
2.34
2.16
2.1
1.79
2.71
1.75
1.87
1.83
2.34
2.69
2.72
2.21
1.73
2.47
1.97
2.11
1.83
1.62
1.64
2.07
2.44
1.75
1.99
2.09
2.98
3.62
2.46
2.06
2.01
1.73
1.82
4.97
6.86
3.42
2.83
2.56
2.54
2.24
5.48
7.46
4.08
3.75
4.93
4.2
3.56
3.75
3.38
3.1
2.87
2.72
2.59
2.54
2.37
2.31
2.28
2.27
2.06
2.08
2.19
2.1
2.11
2.02
2
2.09
2.15
2.26
2.3
2.2
2.16
2.12
2.44
2.36
2.15
2.46
2.78
2.72
2.87
2.35
2.22
2.22
2.34
2.56
2.54
2.14
2.1
2.08
2.02
2.18
3.21
5.72
5.33
3.86
4.04
3.35
3.08
2.99
3.27
3.51
3.24
2.91
2.9
2.88
2.65
2.6
2.59
2.4
2.27
2.06
2.06
2.14
2.06
2.06
2.06
2.06
2.14
2.01
2.06
2.02
1.81
1.89
2.48
2.61
3.08
3.04
4.78
22
31.4
17.8
10.4
7.74
5.62
4.45
4.06
4.76
4.58
4.26
3.98
3.11
2.51
2.37
3.09
3.79
3.58
3.24
3.1
2.84
2.92
2.97
2.79
2.7
2.7
2.7
2.7
2.58
2.54
2.18
2.21
2.3
2.1
1.95
2.29
2.38
2.21
2.06
2.06
2.06
2.06
2.06
2.06
2.06
1.65
1.64
1.64
1.64
1.73
1.73
2.8
9.1
3.68
2.37
2.35
10
22
23
7.68
4.26
2.93
2.6
2.26
2.99
4.11
4.49
4.12
3.98
3.65
2.61
2.48
2.38
2.38
2.21
2.54
2.43
2.25
2.16
2.21
2.21
2.06
2.09
2.21
2.28
2.92
3.57
4.57
5.3
6.48
12.7
11.4
11.3
9.54
8.56
9.09
6.38
5.44
4.97
4.78
4.58
4.24
3.9
3.82
3.63
3.63
3.86
4.07
4.01
3.73
3.65
3.74
3.37
3.28
3.42
3.42
3.1
3.08
2.82
2.83
2.75
2.7
2.67
4.09
3.24
2.91
2.74
2.7
2.91
2.74
2.7
3.32
4.19
3.46
3.2
3.03
3.34
3.43
3.94
3.46
3.18
3
2.98
3
3.4
2.97
3.42
5.4
5.22
5.62
3.94
4.08
3.62
3.47
3.2
3.61
4.57
5.64
4.17
3.43
3.15
3.14
3.41
3.12
2.87
2.65
2.43
2.3
2.21
3.09
2.9
2.23
2.06
1.95
1.87
1.86
1.7
1.78
1.75
1.78
2.05
2.73
2.01
1.83
1.82
1.83
1.75
1.73
1.74
5.34
4.78
2.75
3.19
2.87
2.56
4.6
10.2
5.88
11
11.3
11.7
8.47
5.98
7.46
5.39
4.69
4.18
3.94
3.73
3.64
3.45
3.24
3.19
2.98
3.76
4.9
5.5
3.74
3.08
2.88
3.97
3.05
2.58
2.35
2.26
2.18
2.13
2.09
2.46
2.48
2.07
1.92
2.42
3.77
4.65
5.86
5.07
3.25
2.84
2.61
2.2
2.11
1.99
3.23
4.01
2.82
2.78
2.61
2.42
3.56
3.66
2.79
3.22
3.3
2.63
2.31
2.07
1.98
1.88
1.94
1.81
1.84
1.76
1.83
2.11
4.03
5.48
3.2
2.67
2.44
2.3
2.2
2.07
2.63
3.45
2.48
2.37
2.63
2.55
2.33
2.79
2.53
2.24
2.29
2.8
2.7
2.36
2.46
2.5
2.42
2.36
2.26
2.22
2.04
1.98
1.95
1.99
2.04
8.99
10.9
6.99
5.17
5.3
20.8
15.6
8.64
6.83
5.8
5.23
4.86
6.71
6.11
7.11
5.7
7.22
7.39
5.86
5.29
5.12
5.03
5.64
6.15
5.32
4.9
5.04
5.57
18.1
15.2
8.74
7.14
6.19
6.24
8.5
15.1
19
10.6
7.73
6.59
5.98
6.18
6.84
5.87
5.22
6.1
6.8
9.52
13.8
16.8
12.2
8.87
7.48
6.9
6.9
6.5
6.35
6.3
6.3
6.6
6.18
5.34
6.1
7.77
7.8
9.96
7.8
5.51
5.11
4.52
4.15
4.07
3.57
3.6
3.15
3.08
3.06
2.53
2.47
2.42
2.54
2.6
3.06
2.91
2.88
2.88
3.05
2.9
2.81
2.6
2.6
2.56
2.54
2.69
2.49
2.65
3.77
4.17
3.09
5.49
4.97
5.52
4.4
3.58
3.22
2.97
2.86
2.87
2.88
2.69
2.54
2.51
7.16
6.27
4.12
3.79
6.7
7.24
7.63
14.4
34
28.8
14.3
10.3
8.44
15.1
33.2
15.6
12.5
14.9
12.6
11.5
29.6
57.1
30.7
20.9
17.2
14.9
14.6
13.8
12.1
11.6
10.1
9.17
8.35
7.71
7.22
6.7
6.25
6.13
6.29
7.39
8.67
7.37
8.41
9.48
9.06
8.7
7.32
6.88
6.64
6.44
6.19
6.48
6.32
6.14
6.04
5.49
5.21
4.94
4.8
4.89
5.67
4.87
4.49
4.25
4.05
3.96
3.81
3.6
3.53
3.52
3.39
3.29
3.24
3.18
3.1
3.05
3.02
2.98
2.88
2.83
3.25
3.3
3.08
3.16
3.92
3.24
2.87
2.7
2.67
3.9
4.67
8.86
4.93
4.13
3.93
3.46
3.45
3.19
3.02
2.86
2.79
2.79
3.19
2.77
2.81
3.26
3.92
2.99
2.65
2.5
2.4
2.41
2.46
2.29
2.18
2.22
2.17
2.08
2.06
2.13
2.04
1.92
1.88
2.71
2.8
2.14
1.97
1.98
2.1
3.71
2.93
2.14
2.15
2.35
2.49
2.47
2.81
2.71
3
3.03
2.38
2.64
3.37
2.86
3.21
5.64
3.38
2.91
3.58
2.91
2.33
2.22
2.24
2.08
2.15
2.13
1.95
2.4
2.57
4.2
2.41
3.74
1.78
1.63
2.62
3.09
7.56
4.74
3.49
2.55
7.61
5.73
3.25
2.66
2.24
2.04
2.19
2.67
2.05
1.9
1.71
1.6
1.55
1.44
1.45
1.48
1.48
1.38
1.41
1.37
1.61
1.31
1.38
1.5
1.52
1.53
1.62
1.59
1.55
1.49
1.52
1.39
1.52
1.47
1.84
2.34
1.86
1.39
1.36
1.29
1.44
1.48
1.25
1.87
1.37
1.27
1.31
1.31
1.23
1.21
1.46
1.45
1.29
1.2
1.2
1.2
1.26
1.2
1.23
1.3
1.3
1.18
1.32
1.3
1.2
1.22
1.38
1.23
1.53
1.92
1.41
1.14
1.06
1.1
1.19
1.35
3.91
5.65
2.56
3.26
2.12
1.91
2.12
2.16
1.81
1.49
1.44
1.52
1.52
1.53
1.45
1.4
1.46
1.5
1.49
1.28
1.29
1.34
1.32
1.25
1.29
1.25
1.32
1.26
1.88
2.21
1.65
1.61
1.84
2.25
2.25
6.37
4.13
3.05
6.17
3.98
3.07
2.83
2.64
2.63
2.46
2.41
2.23
2.22
2.1
2.04
1.84
2.46
2.8
3.41
3.4
3.24
2.8
2.69
2.49
2.72
2.52
2.71
5.32
12
18.2
19.3
12
9.85
7.33
6.12
5.57
5.07
4.68
5.12
4.61
4.32
4.26
7
9.3
8.93
8.3
7.74
7.32
6.38
5.36
6.95
9.64
15.6
11.2
11.9
10
9.82
8
6.97
6.21
5.72
5.44
5.12
4.81
6.48
8.5
6.84
9.11
12.3
9.46
7.06
6.06
5.52
5
4.55
4.2
3.85
3.82
3.43
3.24
3.07
3.06
3.06
3.16
3.1
3.27
3.08
3
2.96
3.05
3.08
3.28
4.41
5.04
4.38
4
3.88
3.72
3.44
3.41
3.24
3.42
4.14
3.63
3.6
3.58
3.42
3.82
3.87
3.71
3.8
4.11
11.9
9.96
19.8
20.3
14.2
9.97
8.52
7.43
6.36
6.06
5.93
7.34
6.93
5.89
5.38
5.37
5.27
4.85
4.92
4.63
4.31
4.08
3.85
3.98
3.91
3.76
3.48
3.42
3.5
3.67
6.4
5.21
5.89
7.89
20.3
14.4
11.3
11.4
8.89
7.26
6.49
5.98
5.93
5.48
5.01
4.81
4.49
4.63
4.37
4.2
4.17
3.91
3.8
5.27
4.97
5.52
4.79
5.16
5.58
6.76
5.2
4.71
4.37
4.15
3.84
3.62
3.44
3.26
3.08
2.97
2.86
2.68
2.56
2.54
2.43
2.39
2.26
2.24
2.22
2.2
2.14
2.36
2.32
2.32
2.84
2.22
2.89
3.03
8.73
4.17
3.34
2.71
2.19
1.97
2.29
2.59
2.23
3.08
3.05
2.5
3.28
2.92
3.06
3.22
3.4
3.52
3.7
3.66
3.14
2.92
3.34
3.61
4.43
4.52
4.03
4.53
3.81
3.38
3.36
3.25
3.01
2.88
3.11
3.27
3.15
3.25
2.98
2.97
3.75
3.88
4.81
7.72
3.96
3.17
3
2.55
2.24
1.76
1.64
1.63
1.55
1.65
1.56
1.39
1.39
1.49
2.36
2.56
1.87
1.43
1.72
1.91
1.79
1.58
1.45
1.48
1.47
1.5
1.4
1.52
1.31
1.41
1.26
1.27
1.3
1.22
1.2
1.2
1.2
1.2
4.57
2.21
2.23
2.57
1.8
2.03
1.56
1.48
1.48
1.4
1.4
1.4
1.97
1.83
2.47
2.83
2.42
2.11
1.85
1.98
2.91
2.76
2.6
7.38
28.7
28.2
22.4
27.2
13.6
10.3
8.17
6.51
5.73
5.19
4.56
4.36
4.24
4.03
4.19
4.11
14.2
18.6
21.5
12.7
10.8
8.62
11.2
34.6
16.1
12.4
17.6
19.3
28.1
16.7
19
15
12.2
12.6
10.9
9.77
10.1
8.63
7.85
12.6
39
33
22.8
35.9
70.1
53.6
48.4
74
62.3
40.4
32.2
24.9
20.7
18.7
16.5
26.4
27.9
25.4
19.6
16.8
17.2
22.6
22.2
18.9
15.7
14.1
12.1
10.6
9.7
9.07
8.8
8.7
8.29
8.14
8.6
8.79
7.75
6.98
6.37
6.05
5.9
5.7
5.7
5.34
4.96
4.93
4.93
4.93
5.05
21.6
20.4
18.1
15.7
12.8
11.1
14.4
15.3
11.8
10.2
9.57
8.94
8.17
8.45
22.4
20.4
14
11.9
10.6
9.68
9.34
10
16.3
13.2
10.8
10.4
17.8
16.7
15.2
12.4
10.6
9.87
11
15.8
16.6
14.4
12
10.5
9.47
9.12
8.9
8.5
7.85
7.97
12.1
15.7
15.8
14.3
10.1
9.15
8.49
8.14
8.25
12.1
29.4
19.5
15.6
13.7
12.2
11
10
9.32
8.99
8.74
8.25
8.33
8.35
7.7
8.49
32.2
27.1
34.4
20.7
16.6
14.2
13
12.9
13.3
13.2
31.8
41.9
32.5
24.7
20.4
17.5
15.1
13.7
14.4
14.5
11.7
10.4
9.17
8.69
8.36
7.88
7.5
7.49
7.18
6.86
8.05
8.63
13.4
10.1
8.81
8.54
11.5
9.44
8.54
7.7
7.21
6.85
6.66
7.32
6.92
6.74
7.57
8
7.17
6.64
6.51
6.6
7.17
9.21
17.8
12.6
11
9.99
8.84
8.58
8.33
8.22
7.51
6.96
6.63
6.53
6.31
5.94
5.75
5.52
5.47
5.43
5.09
4.91
4.81
4.78
4.6
4.45
4.45
4.4
4.39
4.28
4.26
4.25
4.02
3.8
3.76
3.58
3.48
3.99
3.98
3.9
3.49
3.16
3
2.98
2.87
2.95
3.74
2.9
2.8
2.73
3.08
3.68
2.98
2.76
5.11
3.8
3.46
3.29
2.86
2.71
2.63
2.51
2.51
2.42
2.55
2.56
2.55
2.52
2.47
2.84
2.78
2.38
2.28
2.26
2.16
2.17
2.45
2.24
3
2.94
2.24
1.91
2.22
2.08
2.98
7.43
3.2
2.54
2.2
1.92
1.99
2.38
2.32
3.25
2.47
2.04
1.78
1.77
2.8
2.08
1.88
3.05
2.53
2.08
1.98
1.89
1.86
1.79
1.75
1.73
1.62
1.65
1.64
1.57
4.55
4.54
2
1.76
2.01
1.7
4.01
2.28
1.76
1.68
2.17
2.14
3.46
2.23
3.07
1.97
1.63
1.58
1.53
1.48
1.44
1.81
1.77
1.68
1.49
1.39
1.39
1.4
1.35
1.3
1.24
1.22
1.7
2.22
1.52
1.37
1.28
1.26
1.22
1.2
1.2
1.16
1.25
1.13
1.2
1.17
1.18
1.17
1.19
1.31
1.22
1.15
1.69
1.45
1.42
1.59
2.45
3.6
3.01
2.27
2.12
2.53
2.37
2.14
1.8
1.89
2.05
2.16
2.28
2.1
2.03
1.99
1.96
1.8
1.83
1.84
1.77
1.8
1.83
1.72
1.8
2.26
1.88
1.7
1.67
1.71
1.72
2.33
2.42
2.79
4.53
3.05
2.6
2.61
2.51
2.35
2.55
3.05
4.53
3.53
2.98
2.79
2.81
2.62
2.47
2.62
2.64
2.61
2.44
2.44
2.72
3.15
3.86
5.48
4.93
4.12
3.85
3.48
3.3
3.94
3.83
4.24
4.17
3.74
4.17
8.09
6.96
7.38
6.11
34.1
43.9
28.3
18.8
11.5
9.15
9.37
8.78
7.38
6.47
5.88
5.37
5.21
13.3
22.3
33
19
11.8
9.85