79.6779795918
82.3956938776
80.9364897959
81.9342653061
78.1833877551
75.6337142857
73.3305918367
89.0260816327
80.4966122449
91.9546122449
91.1771020408
83.3922040816
79.2034081633
76.8637142857
82.8260204082
87.485877551
80.750244898
79.6520408163
83.584755102
83.7600204082
80.5711020408
88.1304081633
75.8091836735
75.9999795918
76.1795102041
79.2409795918
85.511122449
81.5533469388
87.014877551
80.009755102
78.0361020408
85.417
68.7225510204
72.2313061224
81.4160204082
83.5020612245
83.0950408163
70.8678163265
76.9083673469
76.3862653061
60.6803877551
92.2199183673
95.1495714286
87.7827346939
81.254244898
82.6595306122
78.8988979592
84.9412653061
91.0008163265
80.0817959184
78.1865510204
80.0625918367
88.220755102
80.3792040816
76.2846734694
72.9850408163
68.3354693878
60.2311836735
64.5079387755
79.2599591837
87.4786734694
89.3410816327
84.0071020408
82.5236122449
70.4915918367
78.4976938776
76.0444081633
79.1792857143
87.6745102041
68.0428979592
76.6473877551
85.7171632653
91.6517346939
92.7066530612
69.0060612245
82.2245306122
80.6295510204
86.1666122449
73.682755102
54.0121632653
76.6339183673
63.3906326531
77.5775714286
77.2564285714
70.1823673469
76.146122449
89.3211836735
91.359877551
86.906877551
87.2206326531
84.0244489796
78.1898367347
73.4923469388
85.480755102
80.7295102041
84.2818979592
80.5013469388
74.5678163265
59.9685918367
53.959
75.5619183673
66.8337755102
60.2464285714
58.9994081633
85.6339795918
86.7536734694
58.5521020408
64.7169387755
72.502
79.6595510204
84.7695102041
77.9870612245
71.4056734694
82.360244898
76.7002653061
74.4904489796
64.5084897959
72.935755102
76.0368367347
73.2395714286
62.2042244898
76.8980408163
83.5283265306
76.5338163265
81.0333265306
65.9815102041
52.7038571429
51.7003673469
63.9226734694
83.5919591837
79.1407755102
74.9844693878
66.2605102041
59.5716938776
50.8780816327
65.4205510204
79.6500612245
72.8701632653
75.685122449
64.341877551
74.5215102041
61.1144489796
85.0243877551
75.4004489796
55.3297755102
82.0348367347
67.5470204082
64.3285918367
54.8590204082
60.0506938776
65.6833265306
63.946244898
57.4623877551
61.2889387755
72.7470816327
87.2686122449
77.950122449
76.162122449
77.6061020408
75.6576938776
69.2794897959
70.2483061224
69.9533469388
73.1691428571
83.0204489796
77.1820408163
71.2026734694
86.6615918367
76.180244898
74.9769387755
65.5830816327
83.9327959184
90.5306122449
72.2450408163
67.1930612245
69.1439183673
70.0901428571
73.9976734694
72.5344285714
67.2529183673
65.7305918367
68.6063877551
72.2735510204
74.7533673469
71.2355918367
74.186244898
69.5346530612
67.795
80.8275918367
72.0253673469
68.8533265306
69.3656326531
73.8266122449
74.2727346939
72.6320408163
80.561
80.4575510204
73.4160816327
72.6649183673
74.8964285714
70.8257142857
66.3334285714
72.1367959184
73.3164489796
85.5461836735
77.6462244898
75.1964489796
76.6221428571
77.3783061224
70.6871020408
75.2297755102
72.0083877551
79.4103877551
75.6437142857
81.5284285714
74.7914489796
70.435244898
70.4096326531
76.0813673469
74.1801836735
86.0073877551
73.9042857143
83.4452653061
84.0709795918
74.6476530612
75.2108979592
84.3567142857
73.2517346939
82.1603265306
75.6234489796
84.8139183673
75.9688979592
80.387877551
84.0259591837
78.8067959184
77.084244898
79.8244285714
74.1177755102
75.4368367347
71.960755102
78.5190204082
74.1917959184
72.4478163265
77.5459183673
78.0840204082
78.8283469388
77.9777346939
72.4814693878
77.0490612245
84.090755102
92.2819387755
82.0945510204
80.7259387755
82.6590816327
77.567244898
63.3272857143
72.1071632653
74.9591632653
63.2401632653
62.5305918367
72.3822653061
82.0510612245
79.480755102
81.2957959184
75.9718571429
73.7797142857
83.0413673469
81.6890612245
80.9733061224
85.0444489796
79.5946122449
76.5293877551
73.2221020408
67.8375102041
65.5289591837
77.2722857143
81.7872857143
79.5866938776
84.7780612245
80.3806122449
77.9380408163
73.4803265306
78.6332244898
73.8882653061
80.5993469388
80.8236938776
82.1136938776
90.9278979592
77.2144693878
74.919
74.5512857143
78.8014285714
82.2414489796
78.0822040816
70.788
66.8704081633
64.2559387755
39.7683265306
55.6463061224
67.9565918367
86.7304285714
87.5874081633
83.0916326531
87.6884489796
82.2422040816
90.4710204082
66.4255102041
82.4241632653
78.1583469388
79.4183877551
79.7443673469
85.2801836735
82.0439591837
79.5283469388
78.1746938776
86.1341836735
91.0134285714
92.1393061224
86.6277346939
93.8202857143
87.3315918367
87.6360408163
83.6030816327
80.1322244898
89.0163061224
81.3905510204
84.8996938776
79.7811632653
81.6751632653
83.0802653061
83.7516122449
83.2914489796
83.1424897959
85.197122449
77.1490612245
73.1614693878
80.4198979592
70.8491632653
90.7168571429
80.2436122449
85.8632040816
86.9096530612
81.5634693878
79.5819183673
78.5154693878
85.833244898
80.3709183673
79.9457755102
78.7282244898
80.5506938776
79.3986734694
92.499755102
82.8916122449
75.8015306122
92.8236122449
80.2275102041
81.334244898
86.2293265306
88.5396122449
85.4001632653
76.2235510204
81.3196734694
88.2660408163
82.4226122449
83.4700408163
73.9698979592
79.7231632653
84.3785714286
87.1177346939
90.4353469388
92.866877551
89.325122449
83.7131836735
79.1443469388
79.2937959184
76.7776938776
79.6569183673
75.2994897959
81.7687142857
81.7505714286
80.0857755102
82.8310204082
79.9040204082
81.5477346939
82.2475918367
83.6330612245
81.7497959184
91.5826122449
84.4096530612
81.222877551
77.3232040816
80.3140612245
81.2277142857
84.1344897959
83.1415918367
78.1062040816
89.6367142857
81.0913265306
85.2304897959
88.7948367347
87.5769591837
87.7912653061
84.1006938776
78.3597755102
80.1194285714
86.2570204082
85.2603673469
87.0433673469
82.414877551
81.9180612245
89.2696938776
77.5580408163
74.8919387755
72.1911020408
75.1934285714
69.2689591837
72.7286734694
68.0454693878
76.0909795918
76.7997755102
82.2787755102
86.252
79.4086326531
87.5207959184
71.187122449
72.5284897959
65.0001836735
86.5374285714
80.4265510204
79.5774489796
78.6988979592
75.533244898
74.3816938776
75.7928163265
86.1374693878
81.6212653061
81.1015306122
76.0725510204
70.553755102
76.6588571429
75.7195918367
61.5325102041
81.6987755102
72.3226938776
70.0204081633
82.36
74.6010612245
82.2370408163
75.5653877551
79.9440408163
88.0460408163
80.9598163265
72.3163469388
76.7424897959
70.6861632653
85.9535102041
73.3625510204
81.175
76.6416530612
69.3205714286
72.0642857143
64.5431020408
74.4587346939
83.7302040816
81.1353469388
74.6835306122
68.1796938776
57.9186938776
56.0120816327
56.2159795918
54.1013265306
51.067877551
66.434122449
74.4274285714
73.378244898
75.2553061224
79.7014285714
58.8932653061
76.6594489796
89.4344693878
76.2124693878
78.5822653061
78.4787346939
79.7288367347
61.7150612245
60.6075306122
76.7416326531
58.5906938776
51.2934285714
57.6757142857
55.2932244898
77.3064897959
85.7868571429
60.4031632653
48.9075102041
49.1402244898
42.0896734694
41.8931428571
42.6884081633
47.0484489796
57.8584285714
58.7755714286
60.5911020408
66.3418571429
60.7987346939
54.4921632653
54.3318163265
49.5605918367
70.1056734694
72.2058367347
62.9602653061
70.8918163265
84.7098979592
77.6153265306
84.0502653061
71.043244898
83.3174693878
61.0015918367
67.3896734694
68.4663877551
68.6969795918
75.4258979592
74.2070612245
73.7656530612
88.3462857143
88.0923877551
81.5722857143
69.8105918367
73.5574897959
72.2469591837
76.447244898
71.3881020408
79.7019183673
77.0602040816
79.4433469388
67.5235714286
77.6620408163
79.7009591837
80.2423877551
71.3819387755
80.43
78.5237755102
75.0522857143
84.8076938776
77.5636938776
82.1120612245
85.3685510204
85.8801020408
85.8354693878
71.9630816327
84.3651632653
68.4737346939
81.8617755102
78.6070204082
73.7572653061
81.7690204082
87.3534081633
81.6999795918
86.4611428571
88.0633265306
87.928244898
70.7651836735
67.8346938776
74.4307755102
88.9135306122
87.9016530612
81.2216326531
69.5125714286
74.5907755102
70.906244898
69.3082244898
64.681244898
84.1859591837
81.7283673469
79.2067959184
80.4953877551
74.9713673469
74.5547346939
70.8486734694
74.3144489796
73.0568367347
74.0958571429
70.8736326531
71.9894285714
80.119877551
76.4861428571
78.0051020408
74.6340816327
77.4704897959
77.4488979592
73.6466530612
69.6791632653
73.8909387755
75.6177755102
80.5635102041
92.1021836735
68.8052857143
64.8031632653
80.5977959184
76.5035918367
78.3084897959
73.8911836735
68.385877551
67.2295510204
76.248
70.672
79.2692244898
82.5589591837
81.4051020408
74.4180816327
73.9633673469
72.3449795918
79.3285918367
82.9804693878
76.5454489796
75.0930408163
82.4377959184
80.2867142857
81.889244898
79.8697755102
77.2824081633
77.467
88.3385102041
80.4761836735
83.2317142857
80.0506326531
80.7700204082
79.8397755102
80.6705918367
80.9854897959
91.5826530612
84.7084489796
89.4013061224
80.6280816327
83.6219795918
83.1242040816
83.1520204082
73.8216734694
73.4078163265
72.6900408163
79.0669591837
78.0571020408
76.0596530612
80.6122040816
87.1479591837
73.1311632653
77.9356938776
82.4107142857
77.5837959184
81.4850816327
83.3966938776
78.1772244898
85.0530816327
90.7600408163
86.77
81.7722653061
71.5706530612
80.7250816327
77.6269183673
79.4852653061
81.084
86.3132244898
77.8715306122
75.5117755102
83.6902244898
76.6386530612
70.8108571429
69.709755102
76.6716938776
62.4305510204
63.1826938776
73.8983673469
71.5472040816
74.3294489796
84.4823265306
92.0143469388
88.2823673469
85.4494081633
88.7417755102
83.8479387755
79.9354081633
82.1529795918
75.0492857143
86.8883061224
86.1617346939
79.8605306122
67.034877551
77.3119591837
80.4053469388
76.3042857143
77.0424897959
75.9918571429
79.3883265306
89.0233877551
87.2039795918
79.7184693878
88.2122653061
89.5496530612
77.0607346939
75.2005918367
78.9128979592
81.2297346939
87.1558571429
86.8264897959
84.9636326531
83.1878979592
83.4954489796
75.0386938776
57.4462244898
79.7104081633
90.0216122449
75.6505306122
83.2597959184
81.7165306122
76.2853061224
80.6431020408
87.8927346939
80.7157346939
85.8280612245
81.526122449
78.2161836735
89.3049795918
80.3450204082
77.3543673469
80.9083265306
88.6408571429
81.5935714286
85.7952244898
92.5589795918
75.2214285714
77.3587755102
88.3512653061
83.2334489796
82.0058367347
75.8424285714
84.5195510204
81.2788571429
80.2335102041
84.314755102
87.3870612245
80.8661428571
85.1390612245
80.1563673469
87.1004081633
75.5246530612
76.3983265306
85.2072040816
85.6248163265
87.5260408163
85.769877551
81.8933877551
79.839877551
75.3004489796
65.5933673469
84.6475306122
76.8186122449
86.6286530612
87.8793877551
80.3707959184
72.3236122449
75.798
74.6565510204
71.7152857143
78.8665714286
91.3218367347
86.749877551
91.6056530612
87.8224693878
83.9469795918
82.7329591837
74.0418367347
81.8203877551
88.6389183673
85.2786734694
80.1390612245
77.236755102
80.8688367347
83.2719795918
77.438877551
81.8704897959
84.4098367347
77.2287142857
80.3719387755
79.8941020408
89.6419591837
89.7175510204
79.6555102041
68.8050816327
60.9053265306
87.5234489796
87.1092244898
92.4083265306
77.8936122449
80.826
84.3605510204
83.1492653061
85.1948367347
84.6202653061
95.344244898
73.2870408163
80.1454489796
72.6480816327
81.0210408163
76.6583877551
85.579
81.8943469388
71.6315510204
71.2044897959
64.5259183673
59.3239387755
62.4369795918
82.0327142857
66.6600816327
75.7368571429
85.9672040816
66.7427755102
65.562244898
74.7214897959
75.2584489796
76.6135714286
78.0530204082
86.0552040816
74.8602040816
79.6871836735
86.7843265306
81.8499183673
76.8250816327
88.2948571429
66.5231632653
66.4931428571
65.0949183673
63.412122449
79.5094897959
48.513
60.0399795918
58.5996938776
63.476244898
63.4763061224
86.3168979592
57.3711020408
67.6560408163
71.6118367347
84.5910816327
54.5845918367
51.606755102
49.4291428571
81.0401632653
73.715755102
87.5957755102
87.8391632653
66.8840612245
63.6768571429
63.9629795918
77.0964897959
74.6681020408
88.7554489796
70.720877551
68.4686326531
66.5053265306
48.5343673469
61.4622244898
66.7387959184
78.8711020408
88.1122857143
81.1569387755
81.9821428571
80.8522857143
68.4584489796
67.5256938776
66.4669795918
68.802877551
79.8108367347
72.893755102
71.1365306122
80.1697755102
76.2520408163
90.526877551
82.5194489796
87.5054897959
77.8748163265
73.7365714286
78.3447142857
77.283
88.6132857143
91.4117755102
74.7046326531
72.4773673469
74.3803673469
76.1305306122
77.8597755102
68.9379795918
62.3902653061
77.2614693878
64.3506938776
63.9003877551
63.8097959184
59.3905918367
78.5940204082
85.8349795918
74.0582653061
79.6785102041
76.4241632653
74.6159591837
78.9774489796
77.8060612245
73.3713061224
87.0340204082
75.5299387755
77.6544693878
85.2114081633
73.056122449
74.3523469388
74.2997346939
81.5234693878
75.654
76.486122449
75.2875510204
72.8036734694
72.2064693878
70.5855714286
68.0591020408
80.1749795918
69.3770408163
80.0674897959
76.665122449
72.6981632653
74.4780816327
74.5938163265
92.1899183673
87.760755102
88.7881428571
91.8485510204
86.1682040816
86.4037142857
75.4968367347
81.9511632653
79.1475918367
72.1796122449
81.4105102041
79.1564693878
72.1342244898
76.5446122449
81.7676122449
82.5733265306
82.4493265306
77.3700204082
73.2728571429
68.2357142857
75.6259387755
85.4293061224
78.7545918367
93.7275714286
92.9938979592
79.5692244898
77.5100408163
76.5912040816
72.153122449
73.5680408163
73.5352040816
73.380877551
82.3898163265
90.2763265306
78.654877551
82.4808571429
86.0774081633
77.2241020408
80.6816530612
87.1131836735
80.1043469388
74.2628367347
81.5173877551
78.3373265306
77.0480816327
81.3946530612
82.8466530612
79.9860204082
75.7682040816
77.5998979592
75.9259387755
74.2461428571
85.3983469388
84.2469183673
80.3272857143
83.7477346939
90.3705918367
72.4964285714
83.0906122449
77.3274081633
87.9083469388
86.6060408163
80.4295102041
88.2318367347
76.1188571429
81.0836938776
82.5911020408
82.4761428571
83.078755102
80.310122449
84.0433061224
86.3009387755
94.1347755102
87.0425102041
80.4947142857
86.7785102041
89.0626938776
80.8032857143
70.9593061224
88.6408163265
75.4726734694
72.0751836735
77.2454489796
79.3831632653
78.9547755102
79.0178367347
85.6554693878
85.3217959184
83.1849183673
91.3093061224
85.1523265306
91.6233877551
92.2224693878
82.0201836735
84.3412244898
84.1215306122
83.7618979592
89.4085510204
90.4415510204
85.0413061224
82.0364285714
90.3089591837
83.7391632653
83.5412244898
86.2534285714
72.6579183673
88.2000816327
78.8966530612
89.1381428571
80.7980408163
71.9288367347
74.7365306122
81.8114081633
77.6729183673
81.7713877551
80.4942244898
90.6515714286
94.599
87.6710816327
74.1278571429
76.2588571429
87.8473673469
70.5795918367
86.8340612245
89.1265714286
79.8523265306
89.280122449
78.9369795918
76.1375510204
71.6961020408
88.8764897959
94.5956326531
89.8977755102
88.7325510204
87.2095306122
92.9518571429
88.4679387755
89.3370408163
90.311755102
85.6820204082
81.527122449
91.9906326531
89.7686734694
96.0762653061
79.5056326531
86.4939387755
95.8580612245
82.7504897959
82.6714897959
85.7857142857
85.1143061224
85.8614081633
84.4297755102
85.4834489796
83.241755102
85.9964897959
84.9867142857
82.8865714286
88.8062857143
89.4332857143
88.9838979592
83.6987959184
87.6036734694
87.7884081633
83.5743061224
78.7871020408
84.9812653061
91.8418571429
84.3040612245
85.3925714286
82.7136734694
82.2268163265
69.5129795918
80.3633061224
69.0185714286
83.1519795918
81.5942244898
85.0702857143
86.2599183673
86.3225306122
82.243755102
77.3071020408
81.0189183673
79.7523673469
88.7945102041
89.3650408163
92.5275306122
91.6515102041
91.8267755102
92.5204081633
89.042244898
81.2195306122
89.3322857143
89.0463673469
80.1261836735
86.964122449
86.7334285714
75.624244898
88.5441428571
80.6565918367
79.9850816327
80.1788163265
79.1934285714
91.3274693878
87.4266530612
84.8386938776
85.8309795918
80.3895102041
80.7932244898
81.8138367347
80.9060204082
85.0253469388
93.0448979592
81.8118979592
85.0183877551
82.4879183673
72.2259795918
68.2558163265
68.4801020408
64.8484897959
72.7007142857
80.0009795918
75.7190612245
83.6032040816
74.8961428571
87.9526326531
81.6119795918
79.1773877551
85.0268163265
71.5877755102
75.3496530612
66.3701428571
71.178244898
73.3552857143
80.4516326531
78.9391632653
72.9973061224
81.526755102
77.3160612245
75.410877551
57.7687346939
67.7769795918
88.4271020408
80.8607346939
83.0101632653
82.6362040816
80.5584285714
76.9739795918
77.1313061224
69.0992244898
67.7264285714
68.5145918367
62.1287755102
74.9085510204
69.2685306122
74.7104081633
75.7627346939
65.317755102
68.940877551
72.6935306122
62.4753061224
57.8715102041
61.2176326531
82.3806734694
83.0773265306
66.2133673469
80.6652244898
78.2808163265
71.6813469388
78.9962244898
69.9472653061
60.9935918367
58.8032040816
57.3919795918
51.7736734694
53.7473877551
43.181755102
57.979122449
55.2597142857
66.702244898
78.5801632653
68.0260816327
68.0343469388
59.8426530612
78.4342857143
82.7693061224
69.5667142857
82.9526122449
70.4129591837
57.1948571429
65.3233469388
83.7112857143
70.7180408163
84.054
63.5063469388
69.3461428571
84.6334285714
82.3323673469
66.2065918367
57.4111020408
61.5883469388
60.866122449
62.9832040816
77.3366326531
77.7476122449
74.8231020408
69.7259387755
84.1431428571
80.2122040816
86.3125510204
78.0426326531
72.2986530612
68.7824285714
62.3170204082
80.284755102
65.2203469388
52.7735510204
60.9664897959
62.1784081633
57.1584693878
58.365755102
61.4320816327
63.4050816327
67.091122449
71.6580204082
77.2823673469
66.5572040816
65.9945918367
85.0684897959
79.729122449
81.6553673469
76.3762857143
71.3684489796
89.7538367347
71.9022857143
79.4651836735
81.234
82.0041632653
78.3511020408
81.4526122449
71.611755102
80.5501020408
72.842
76.2645306122
77.0073673469
79.0836938776
76.5505918367
71.1999795918
70.5568979592
74.0722244898
79.4307346939
68.9574897959
68.6131428571
65.6462653061
70.8908163265
67.9098163265
61.8045714286
74.2417346939
69.2981020408
63.1830816327
66.8655510204
59.9967346939
63.3193673469
64.8789591837
69.2490612245
59.9473877551
63.2186938776
68.2659795918
67.2934489796
68.2476326531
72.9809387755
75.7155510204
67.6541428571
80.3885714286
69.9449591837
68.5730408163
54.468877551
48.6779387755
51.3460204082
58.2518979592
46.4475714286
50.3073265306
79.0576734694
82.0441428571
77.6020816327
84.9625102041
77.6385102041
70.9922857143
77.6372244898
67.8735714286
63.4360612245
61.4132857143
62.140244898
71.2914285714
64.159755102
74.0420408163
61.3092040816
67.8835510204
70.401244898
70.2067959184
65.7326326531
69.7887142857
73.7572040816
77.0702040816
73.5070408163
71.8932040816
74.0754897959
72.0483469388
67.8778367347
69.1113469388
68.6037142857
76.6342040816
67.2420816327
56.9435714286
60.1149183673
77.2638367347
75.5729795918
70.3280408163
69.445755102
68.4205510204
70.946122449
74.3650204082
78.3794285714
74.2994489796
71.9796530612
71.8585102041
69.3893469388
65.2073877551
68.9861020408
75.9240204082
67.2998367347
72.6363061224
74.2565510204
72.1113061224
71.2389795918
64.9025918367
73.5218979592
76.3524489796
73.7011020408
87.3680612245
88.6623469388
83.3021020408
86.3514489796
79.1740204082
76.6561632653
85.7044693878
89.5123877551
85.6131836735
84.7773265306
87.3154489796
83.9581836735
82.1547142857
88.7085306122
79.7601836735
74.4867755102
75.2878367347
86.5906122449
85.5803877551
87.4894489796
80.1722653061
79.6087346939
80.330122449
87.8010204082
90.8915306122
89.034755102
85.4132857143
90.0295306122
87.7895714286
84.448755102
79.6616938776
81.4498163265
84.2156122449
85.4958979592
90.9805714286
92.3497959184
75.9702040816
67.2276734694
56.8573061224
51.1054693878
76.1307142857
73.3766122449
78.260122449
88.0033877551
82.7973877551
85.677122449
88.4912040816
84.8118571429
86.9373469388
86.5437142857
65.7337959184
72.9691020408
78.7471020408
83.6174897959
72.4587755102
73.0564489796
73.5804081633
80.761755102
89.5926122449
87.6371632653
92.1271836735
82.239
78.4230408163
91.0324285714
92.241755102
92.890877551
87.0144081633
94.0280816327
94.4430816327
78.9604285714
81.7066530612
81.7299387755
84.0236122449
85.1536938776
82.0984693878
83.583122449
87.8354285714
75.7070612245
82.0826938776
82.4017142857
70.960244898
85.3815510204
68.470755102
88.3789183673
93.1594489796
83.4553673469
93.0840204082
91.6541428571
85.1186938776
81.7405306122
76.6594081633
80.2681020408
80.0604489796
78.9632857143
88.7884081633
90.9346938776
76.5332040816
90.748755102
71.8100204082
75.7722653061
83.6287346939
82.9413265306
78.233877551
82.2109387755
79.1391020408
81.0568571429
82.3826530612
86.0914285714
76.4629387755
77.9177142857
61.3808979592
85.5789387755
81.0575918367
84.7726530612
77.350877551
77.2687959184
88.6182244898
83.6885918367
90.2893469388
72.5040408163
81.8123061224
70.3173265306
80.1699387755
79.7576122449
76.300122449
86.0216326531
87.9212857143
81.6172040816
78.0016938776
83.2563265306
86.2994081633
84.2106938776
86.9184081633
88.8231836735
84.4190816327
80.244877551
81.8460408163
81.4379795918
82.0193061224
70.7579387755
72.6081020408
83.2256530612
81.3305918367
86.4694285714
66.8758163265
71.8408367347
66.3981428571
66.4112040816
56.1573469388
92.1448571429
88.2869591837
79.1154897959
85.5691020408
86.1813877551
82.6298367347
77.6836122449
67.1103061224
78.4304285714
78.6945714286
80.8295102041
76.805755102
80.2698163265
61.1462244898
58.0292857143
51.8954489796
72.5752653061
82.0787346939
75.0578571429
72.9475918367
86.4076326531
85.6716326531
76.9696122449
66.7943061224
69.2348163265
70.5872857143
78.373
64.712877551
91.5567755102
71.8382857143
91.5451632653
72.9942857143
78.624
78.0745102041
76.6355510204
90.0434081633
72.3298367347
78.3801428571
79.9959387755
78.9366122449
76.2303673469
91.2793061224
75.6696326531
89.4231632653
83.7796122449
85.5889387755
82.0136326531
90.0026530612
83.556877551
67.4986122449
51.1075714286
54.3385102041
76.6229795918
67.9934693878
68.1969591837
78.7664693878
70.8753061224
81.147122449
67.6615714286
72.5818367347
72.921244898
65.796
76.3500204082
64.1469387755
77.8924489796
68.715122449
83.0215918367
77.2737755102
73.3140408163
62.3266122449
75.2687346939
81.1428571429
78.4520408163
77.4842244898
73.5026734694
70.8850816327
84.8339387755
72.8460816327
82.8770408163
76.83
77.6551632653
67.1882653061
84.6075714286
62.3176326531
67.7965714286
74.4270612245
93.8910204082
92.6024489796
92.3413061224
83.5177959184
89.593122449
73.4011632653
80.6163469388
77.9616938776
67.7168367347
64.6092653061
71.9520408163
66.5412244898
67.5863673469
81.6754081633
58.8784693878
59.6193265306
56.8961428571
75.3508979592
71.3845102041
70.5997959184
64.8776122449
76.6092653061
70.6542857143
69.4983673469
73.2160204082
61.6493265306
77.6649795918
56.0485918367
56.8521836735
62.5456734694
59.6201632653
58.9980204082
61.5883469388
74.7448979592
78.3545510204
85.6781632653
65.6598979592
78.0623061224
76.9395918367
85.4558367347
74.3604081633
68.6743061224
66.2440612245
61.1436326531
70.944
72.9575714286
71.7009795918
59.1268571429
56.963877551
56.9298367347
59.0402857143
60.7376734694
74.1988571429
66.9205102041
80.9583469388
65.3845510204
69.1972653061
92.4537959184
59.769877551
63.4356530612
62.8242653061
59.3217959184
82.5349183673
74.3312857143
57.5547346939
63.9075918367
65.3594285714
71.0659795918
61.5476938776
48.0120408163
57.8196530612
61.656877551
69.4565306122
82.0863265306
86.8634081633
89.5594285714
76.600877551
70.1696734694
73.4131836735
72.2824693878
76.4858367347
63.5289387755
68.5335714286
71.1299795918
68.1649591837
68.5163673469
75.2647755102
73.1615102041
66.3244285714
60.0390612245
66.4901020408
79.3117346939
76.358244898
69.6204693878
62.0809795918
72.1824489796
69.334755102
68.8542040816
65.7003877551
63.509755102
60.9844897959
71.2235510204
67.4786122449
70.525122449
62.4006938776
54.1413877551
55.6246530612
60.5519795918
57.3371632653
74.4582040816
81.7900612245
63.1836734694
72.538877551
74.9343265306
86.9514693878
83.649244898
74.3092857143
76.2553061224
68.8516122449
78.3051020408
78.6066530612
84.4089591837
72.1714897959
76.9735306122
75.5778367347
74.7898979592
79.6651836735
74.3049183673
80.5796326531
81.9967346939
83.2884897959
60.8571836735
85.3435510204
83.5966734694
76.9400612245
67.6134081633
68.8242653061
69.6829387755
70.0341836735
72.6303265306
79.3681836735
75.0791836735
73.1320408163
70.3650612245
75.4926122449
72.5142040816
80.0524897959
78.1296326531
86.1873673469
85.0992040816
72.655
82.488122449
83.9389591837
77.8414897959
79.5778163265
73.043244898
79.4428367347
66.992244898
85.2956734694
80.1831632653
75.2710408163
79.9705714286
73.1337142857
86.8748367347
76.1849387755
83.4066938776
80.2790612245
90.0327346939
87.7602653061
83.0749183673
87.7983673469
88.3691020408
91.9272244898
65.3588571429
72.8956326531
72.1085102041
82.5342653061
91.6668571429
93.3541632653
81.4894897959
88.187
83.0920816327
75.2994897959
77.2922857143
81.4036530612
81.4700408163
91.1417959184
84.0335102041
72.8096938776
87.7043673469
78.4063469388
78.5633265306
85.9881632653
85.4427346939
78.8786938776
76.2977959184
76.8685306122
90.2374285714
86.9365510204
88.1676734694
86.4000612245
81.1616122449
79.8144285714
85.6316734694
87.1158571429
83.7278979592
73.0394081633
83.7200816327
85.0467959184
87.3162244898
90.1473673469
80.2042857143
87.4647959184
80.3414489796
78.0195510204
90.0570204082
70.1008979592
78.6616326531
80.4148979592
83.8723061224
88.325755102
79.805122449
74.9669183673
77.8718979592
86.1075918367
73.6570408163
81.9838163265
82.8227346939
86.9034081633
82.8313877551
79.9814489796
79.2196734694
85.9744693878
83.8797755102
83.1588367347
77.257755102
76.634244898
70.2896530612
77.3641428571
71.0055510204
78.9780816327
78.5799591837
85.2997959184
86.2157959184
76.3962244898
85.4649591837
82.9142040816
80.2910816327
74.6231632653
77.357122449
80.0009387755
81.9667142857
86.8266326531
87.5900816327
91.0732040816
84.1304693878
86.1038163265
77.1333877551
81.8814693878
87.2410816327
68.1988367347
82.3941428571
77.4154897959
85.2041020408
82.1553469388
59.3189795918
76.0987755102
67.1741428571
78.175
70.9691632653
72.0125918367
71.7230816327
64.4973265306
73.5504693878
76.9451428571
88.8649795918
86.2521836735
75.5144897959
80.9075714286
87.7944897959
85.5440204082
76.8897755102
82.3491632653
90.4136530612
87.7856122449
76.1752040816
81.9272857143
77.4268163265
77.3113265306
71.9923061224
65.9382653061
75.5924285714
71.2229795918
65.1334489796
71.3137346939
76.6035306122
73.8067142857
63.5813061224
81.7136938776
67.7162653061
61.909755102
50.6099387755
55.9003061224
54.2128571429
60.0936530612
56.0047959184
56.8983265306
86.4887142857
69.671755102
75.1770204082
73.7156938776
79.1017346939
73.5073469388
76.8840612245
89.738244898
88.039244898
83.9403469388
85.2428163265
75.2299387755
81.1411020408
80.249244898
69.6148367347
83.5315510204
85.6792653061
79.4599591837
92.2307959184
68.8921020408
65.4769591837
58.1837142857
83.4184897959
73.5053673469
64.7356326531
56.6672244898
57.7664693878
56.6902244898
53.5903673469
58.8171836735
53.6263673469
56.8285510204
55.754122449
51.4766734694
59.3350408163
52.8159795918
74.7820204082
82.8213265306
73.9042040816
78.6976122449
71.4182040816
70.1713673469
90.8221428571
70.2964489796
76.4620204082
63.6833469388
77.293
80.2814081633
82.7245510204
92.5964693878
84.0819387755
81.5173673469
76.8876938776
78.1963877551
72.233755102
71.0331632653
70.2545102041
93.3281632653
82.889122449
79.7977755102
88.9415918367
85.7879183673
80.6754081633
86.0848163265
93.8169183673
80.450122449
82.4655306122
81.0463673469
69.0074897959
72.7615510204
62.0065306122
87.4007755102
73.8185918367
91.7857755102
77.1931836735
81.6288979592
78.8110816327
70.4645714286
70.6156122449
68.6595918367
71.7721836735
86.0345714286
79.7537346939
77.423244898
76.5798367347
70.5426122449
71.4776326531
62.6081836735
77.4914081633
60.5001836735
59.7946734694
67.7846326531
81.9146938776
76.9844285714
67.1275306122
73.9293673469
70.0766326531
72.616
65.9571836735
78.661877551
87.5220816327
80.1657755102
78.5803061224
76.7297755102
73.2542040816
67.0755510204
68.6904693878
62.6734489796
65.7214081633
71.0954285714
81.6157346939
86.5714081633
87.0360612245
82.9321836735
80.2343877551
89.8083469388
78.1482857143
79.9335102041
77.2207959184
75.1944285714
71.74
70.7140816327
72.886
77.6620408163
78.7353265306
81.7566938776
78.1079795918
67.7455918367
67.8333469388
93.7470204082
73.0735102041
71.0225102041
84.8318979592
81.167877551
84.2489183673
76.2002857143
73.9866734694
83.5832857143
90.2066122449
93.1046122449
79.0458367347
83.3250612245
76.2876530612
75.946244898
77.6690612245
76.2287959184
72.5577959184
69.4956734694
70.2787346939
72.3495102041
61.5841632653
62.4890612245
69.3876938776
82.7807959184
80.4035102041
73.1950816327
72.9453469388
66.9693061224
70.6174693878
64.9491428571
62.7757346939
72.5085306122
68.1145102041
77.882877551
75.7076938776
87.2909795918
82.3216938776
89.5227142857
89.099244898
85.688
81.293244898
79.1277142857
81.0626122449
79.2494897959
83.6138367347
83.507
84.3844693878
77.4690816327
81.5021632653
77.823244898
76.4277346939
77.4317142857
86.9456938776
85.6456326531
85.331244898
88.4416938776
83.0381836735
81.1138979592
86.3065918367
86.8343673469
77.9196530612
84.8566734694
83.6827755102
82.3929591837
83.1101836735
83.4474489796
72.0088163265
75.6279387755
83.4501020408
88.5161836735
82.2075306122
84.2103673469
83.6521836735
78.6545714286
83.7068163265
83.5454285714
78.1003265306
79.1078367347
77.7303877551
85.7971020408
72.9204693878
88.2715918367
88.9503469388
87.0171428571
84.7258367347
82.8022653061
82.6290204082
91.001755102
82.3713061224
78.6074081633
84.9771836735
90.1702040816
86.1330204082
86.3581836735
85.1659795918
83.2235102041
82.2308571429
86.2159387755
89.2369387755
88.3876734694
86.8133673469
86.3588163265
79.011122449
75.5161632653
75.998
83.4683469388
83.4647346939
91.5630612245
89.2675102041
88.8303673469
90.0655102041
88.5062244898
88.2735918367
74.2837142857
79.1226122449
80.4817755102
81.0850816327
82.5340612245
76.0095102041
82.4803265306
84.8956122449
84.2158571429
89.5029183673
92.0938163265
86.9494489796
89.4467755102
83.8492857143
89.8175306122
88.4822040816
83.2896326531
76.5489591837
88.7064693878
88.5104489796
87.9314693878
92.5113469388
91.4702244898
89.7942244898
92.9158163265
90.9699387755
83.4728163265
87.310244898
77.603755102
85.6475918367
78.4408163265
64.1552244898
84.6752244898
82.9217959184
87.6497755102
78.0538163265
86.9909183673
79.2701632653
80.3208367347
92.0557959184
86.0139387755
85.3408163265
84.584122449
81.6287346939
79.3333877551
82.104
83.7426938776
81.0458979592
83.8713469388
88.1463877551
87.9056938776
82.9035306122
80.4073877551
83.5374693878
86.9965102041
88.5829591837
85.255755102
86.813122449
85.6306122449
88.0075102041
88.233122449
82.9370408163
75.5574897959
78.8314693878
87.1578979592
73.3507959184
73.4943673469
82.4050816327
83.5711632653
82.1581632653
84.6107346939
69.4436938776
64.0493469388
72.8468367347
69.9323061224
85.9328367347
75.5162857143
74.6863265306
81.296755102
79.3583469388
74.5183673469
68.9423469388
74.1826530612
73.0403061224
61.8063469388
70.061
73.4985306122
77.7620408163
63.6731020408
54.8349183673
75.6631020408
78.2990408163
79.1606326531
75.873
82.1276326531
78.7022244898
83.7009183673
91.7203469388
84.959244898
88.5097755102
78.3031632653
70.7829183673
80.2464693878
79.8083673469
88.4031836735
75.2365306122
80.0752244898
75.9478367347
73.3777755102
78.5870816327
80.7259387755
89.6968979592
83.1322244898
88.8661632653
88.0958367347
81.5877346939
83.7192040816
84.1984897959
77.2972857143
81.2291836735
76.1146734694
80.6144693878
75.8828571429
84.0162040816
82.5833265306
65.6059387755
77.2253673469
66.1288163265
81.3020204082
88.259877551
64.8684693878
76.2114693878
58.5540612245
59.2937959184
76.0767755102
67.0086122449
66.2025102041
72.8635102041
81.4926326531
78.2496530612
78.1124897959
75.0902040816
81.1831632653
81.7362244898
88.4051836735
71.1268367347
63.5546938776
63.8786734694
58.668755102
63.6224285714
67.818877551
80.0681020408
59.2516938776
73.6109795918
76.6573469388
84.7079591837
81.2585918367
72.8533061224
66.7225102041
70.3145510204
74.6048163265
82.7063061224
77.3523469388
69.9263673469
65.2264081633
64.1048979592
70.8567755102
80.2481020408
78.583
80.3475102041
75.858755102
77.133755102
74.5665918367
76.4832857143
62.2948163265
58.1667142857
61.0631632653
59.4114489796
73.1752653061
73.0238979592
85.3488163265
81.4973469388
73.3019591837
69.3986734694
60.5913265306
62.5878367347
84.6640408163
83.3594285714
63.4308571429
70.0734285714
64.6346326531
57.3286326531
51.8488367347
63.8739591837
81.4699795918
78.7163673469
72.7594489796
83.1163673469
77.9522040816
80.0125714286
76.5224285714
82.4144897959
83.9847142857
79.1913469388
68.0796734694
65.4653469388
80.8824693878
74.9559591837
64.0787959184
91.0559795918
79.4042244898
81.944122449
78.5256326531
79.7734081633
85.8815102041
90.8757346939
68.1551428571
85.2694693878
77.8766734694
73.7817346939
86.1769387755
74.3144285714
71.1231428571
55.0211020408
60.7230408163
74.9730204082
67.2538163265
80.9433673469
87.2585714286
80.8966326531
76.5702040816
73.8044285714
66.5998571429
62.9501020408
68.6286530612
69.4219183673
70.5595306122
66.0016326531
75.1214897959
72.0105102041
80.6527959184
83.2789795918
79.7264897959
74.7734081633
70.4248571429
79.2154285714
73.4516530612
77.7929591837
80.4498979592
65.6761428571
80.6709387755
84.5963877551
67.9783673469
75.6010612245
67.4279387755
62.7019591837
83.2262857143
80.0263265306
81.7369387755
77.1517142857
75.2634285714
69.0162040816
81.8705306122
82.1213265306
71.1166326531
75.4171428571
86.1063673469
81.7582653061
82.4769387755
83.8682857143
79.0740204082
78.5223673469
79.6113877551
78.0997959184
72.7915918367
71.6233265306
72.0326326531
70.2713265306
74.2497755102
73.0985918367
72.6253061224
74.1591632653
66.7325102041
68.7764897959
85.7889183673
81.1040816327
83.8295306122
74.3410816327
71.3997346939
87.4391836735
73.9820408163
74.2516938776
80.7249387755
80.1641632653
78.3562244898
80.5203061224
80.4992653061
79.4037959184
87.2060408163
80.5058163265
73.1748979592
80.7938979592
73.7191428571
73.0764897959
82.3366734694
79.4863469388
81.4846326531
78.978755102
74.6972653061
86.1744285714
73.5887959184
73.811244898
76.6765918367
87.6028163265
71.0796326531
71.5007346939
85.737877551
88.7900408163
91.033244898
81.2873265306
72.6027346939
77.3196938776
80.952122449
80.5202857143
75.0840408163
78.4287142857
84.848244898
90.4159591837
91.0172040816
83.8765306122
79.0254081633
82.6278571429
82.4313877551
80.8079387755
73.0671020408
76.2085306122
76.7386326531
83.4957346939
93.498877551
83.295122449
80.4158979592
85.4801836735
82.2005510204
87.6242857143
84.2937346939
82.211122449
77.0284489796
80.8463469388
80.7759591837
82.4235714286
84.867
79.7101020408
76.7439591837
71.3110408163
76.5194897959
75.4622040816
91.3189387755
89.4616530612
86.2855102041
85.194
74.4460816327
80.5809591837
88.9275102041
87.922877551
86.5392857143
82.3732653061
86.6338571429
87.1391428571
81.6839387755
82.4297346939
80.7632040816
83.7156122449
93.0389183673
95.7992653061
91.7224693878
81.9960816327
79.7026734694
61.7076938776
69.0787755102
87.8469183673
91.8082040816
87.3033877551
83.5512244898
79.6677755102
86.5883265306
86.7593265306
93.5832244898
89.6648979592
81.5881836735
91.4592653061
89.9767346939
83.0209591837
88.5939591837
74.2262857143
65.1968571429
84.1021428571
81.1688979592
91.2531632653
79.5869387755
88.1593673469
86.1380816327
81.2821020408
83.6437142857
86.4119591837
84.4658979592
84.0822857143
86.8343265306
85.8631428571
75.9037142857
82.5121020408
81.5045918367
78.873755102
79.6541020408
87.7174285714
87.1585306122
83.1372040816
89.4623673469
74.6083469388
83.8094489796
84.1720612245
82.1153061224
90.0818163265
86.0880612245
77.300122449
72.9975714286
68.0272653061
85.7923469388
79.4370408163
80.3884081633
72.0253469388
76.4874693878
85.6603061224
80.0423061224
76.8582040816
80.833122449
79.9059387755
91.7694693878
83.0344489796
79.7806326531
79.7674489796
72.9786530612
67.0629387755
78.0257755102
77.0808367347
82.9245714286
77.4265510204
70.6816122449
63.5144897959
87.1421836735
81.3984489796
83.1109183673
77.5795510204
82.3711632653
87.8152857143
79.4115306122
75.0800204082
74.504122449
78.110244898
66.6178571429
70.2550612245
78.4800204082
66.4458571429
58.9813469388
60.7494285714
69.8079183673
74.2479795918
82.4295510204
91.6046122449
96.1233265306
83.6892857143
86.1356326531
90.4576122449
88.6008367347
90.9135714286
88.7923469388
89.2460408163
87.3409795918
85.3932857143
77.1454489796
69.8278979592
61.5676530612
62.992122449
77.4289795918
75.5216326531
74.241755102
83.5065918367
89.2532653061
58.8854489796
77.458122449
81.2829795918
69.1660816327
78.6535714286
80.9765918367
79.8822653061
66.1246530612
66.9773673469
86.9036530612
91.3316530612
85.7488367347
69.9517755102
88.085877551
86.8472244898
88.8718571429
86.436877551
68.9371632653
73.5982857143
64.3953469388
75.4631020408
61.7941836735
71.1286326531
72.4170612245
79.7172040816
77.4148163265
70.2619591837
74.725755102
71.7363673469
73.0704081633
78.553244898
81.7291632653
86.1186734694
68.7861428571
64.027122449
58.0710204082
78.5626734694
65.3077755102
49.8511632653
52.1442040816
76.9888367347
78.3855918367
78.4906326531
77.4294285714
71.4607142857
69.8491632653
86.4795306122
69.1733673469
66.6102653061
79.8658571429
86.2065714286
84.3186734694
68.3910816327
63.727755102
80.7410204082
78.7869183673
72.8652857143
80.4651632653
67.9569795918
67.2678163265
85.2610816327
70.8422857143
63.8420204082
69.0233265306
71.9915918367
78.1651632653
81.8147959184
64.7759387755
76.1785306122
86.2847142857
76.5121836735
77.9005510204
75.3388571429
85.3973265306
90.1502653061
89.1327755102
73.6701428571
72.1487142857
73.7155306122
70.3184897959
72.4156122449
51.9217755102
58.0485102041
71.3391428571
77.9017142857
83.8869591837
78.2672040816
71.2407346939
75.2593061224
70.6009387755
50.3437142857
66.7500612245
73.8250408163
68.3914285714
64.0574693878
66.1414081633
62.7655714286
65.2622857143
62.5922653061
61.957755102
64.5908367347
65.8975510204
57.4499183673
80.8935510204
79.6931632653
73.8489183673
73.3635714286
85.5054285714
66.3304285714
69.1331836735
62.7427959184
65.715
77.674122449
72.0568367347
64.9742857143
73.6654489796
65.7803673469
65.8429591837
73.7298979592
73.6384897959
85.089755102
76.2283061224
85.9378367347
80.5918571429
81.6871428571
69.8340816327
64.8538163265
68.7598979592
66.4077142857
62.6078979592
64.9888571429
59.2590816327
68.5335918367
59.7755102041
59.3868571429
57.9872244898
64.0640612245
63.1084693878
57.0943469388
71.1108571429
84.3134081633
75.2150816327
72.263755102
75.1255306122
71.463122449
66.4523469388
91.5558367347
93.2565510204
85.6248367347
75.7410612245
90.5167959184
88.5405102041
90.1010204082
76.8542244898
74.3166122449
78.6463469388
80.6891836735
79.3679387755
81.1975510204
74.3302857143
76.2841632653
75.5085102041
86.4489795918
75.1557142857
78.8446734694
69.5441020408
71.6403673469
71.339755102
79.3006530612
73.9914081633
73.4835102041
86.1056326531
87.6561632653
76.6834489796
94.208
91.7839183673
92.6064897959
83.6343673469
81.1808163265
81.2929183673
72.387
70.7415102041
81.8045918367
79.6557755102
79.5905102041
77.5259591837
81.4248367347
81.5351836735
79.5639387755
80.139122449
73.9263061224
79.3570408163
81.8710204082
80.7287959184
75.5466734694
87.2399387755
74.2570612245
81.1991428571
83.228755102
82.0314897959
84.4869795918
77.9395918367
81.9504693878
74.1201020408
78.4149183673
87.320122449
84.3318571429
73.8513673469
86.9887959184
81.2637142857
80.5374897959
94.6372244898
82.1077142857
79.7622857143
84.5047755102
80.2084489796
75.3807755102
74.1885102041
87.9611632653
90.6237346939
86.3345714286
88.3653469388
75.4635918367
79.4033061224
81.3498979592
82.7446122449
77.0066734694
86.6226938776
83.9744285714
80.2776938776
84.018122449
77.3284285714
82.646755102
88.1592244898
85.7825510204
78.1884489796
88.7504693878
91.6263265306
73.2154489796
84.2387142857
86.1869183673
84.756244898
85.4473877551
79.6432653061
76.1452857143
85.8823469388
83.4586122449
80.8014489796
95.0019591837
93.3547346939
90.7588163265
85.2931428571
91.8841020408
86.552877551
74.7326122449
78.1038979592
90.2510204082
90.1915102041
88.3694285714
87.7154693878
86.1811428571
89.642877551
84.8509591837
78.1808571429
85.3034081633
88.0177959184
69.2807755102
84.853877551
84.3702040816
78.8315306122
85.6711632653
87.0003061224
69.1060816327
78.5950204082
80.5653469388
81.4387959184
86.6941428571
82.5537959184
89.5047142857
85.207877551
91.2659387755
85.9627346939
86.2639591837
80.6938571429
81.3454693878
90.3916938776
84.3451428571
87.281
77.9812040816
80.2060816327
86.8007755102
79.0940408163
74.2619795918
78.5442244898
65.5902040816
72.0933877551
75.6770816327
79.925877551
84.4735918367
79.4276326531
86.3272857143
86.5710204082
87.327122449
92.1023265306
93.0518979592
88.1762857143
88.0767755102
86.8510612245
80.802
83.3264897959
65.4506530612
70.075755102
72.4009591837
71.3986938776
70.7692040816
69.512122449
91.3727142857
84.7078163265
85.0823877551
72.6050204082
90.9311836735
92.8156938776
89.8616734694
84.4852653061
91.5052857143
92.759244898
93.540122449
91.4635510204
86.0329591837
84.3696326531
85.1301836735
85.4096122449
83.4041836735
84.7207142857
80.4521632653
69.0467142857
63.923877551
64.7194081633
74.6106326531
95.2537959184
93.0128163265
92.6002857143
83.3407346939
62.6201632653
73.6814693878
70.5227142857
71.3426326531
71.9155714286
74.4858367347
72.0440612245
64.7921020408
67.659
66.1365918367
61.1053469388
67.8943469388
75.5219387755
75.5326326531
89.2898367347
85.9364693878
85.5034897959
74.1043469388
69.3105102041
77.4540408163
91.2557142857
94.2274489796
92.4886326531
68.3188571429
71.0534693878
74.9123469388
69.894
79.7645306122
74.1704693878
89.6577346939
81.4245714286
63.5561632653
78.3869183673
68.4538163265
80.6237755102
64.6885714286
67.7272857143
77.5073265306
75.5080204082
75.8464081633
79.9820408163
74.8691632653
68.6642857143
79.6830408163
81.7134285714
71.1749387755
71.5383673469
71.468122449
60.7462857143
67.5016938776
66.3836122449
63.4475510204
64.3899591837
60.2846938776
56.7063265306
50.0047142857
49.1624285714
46.9908163265
61.5273673469
76.3192244898
66.5524081633
79.4518979592
86.5093877551
87.2731632653
69.5405714286
70.0232244898
69.5023877551
59.9822653061
76.2699795918
57.1847755102
86.9967755102
66.8643265306
71.6021428571
75.5715714286
73.0670204082
64.5337959184
79.1392857143
66.4141020408
67.6676530612
85.9171632653
87.4939795918
86.0796326531
75.1199183673
66.8754693878
63.9322040816
79.404877551
66.0571020408
90.8127346939
84.3184285714
89.1222244898
71.1956122449
86.4503673469
91.1788979592
85.1924081633
84.2825918367
83.9456734694
71.4108979592
66.5292653061
70.3403265306
71.7420408163
79.1073061224
92.1172244898
92.2014081633
74.1715918367
90.7355918367
80.5050408163
82.8806530612
79.6270204082
86.3733673469
83.6153673469
75.9486530612
78.641244898
76.4547755102
88.3117755102
78.5816530612
85.0985306122
70.4396530612
81.6232653061
76.4260612245
76.7408367347
76.0083061224
76.2062040816
66.2680204082
62.9879795918
65.0775918367
64.7289387755
70.047244898
80.1693877551
63.3726326531
64.5238571429
64.1632040816
66.0370408163
70.9813673469
71.1672857143
70.9526122449
80.6811632653
72.7804693878
77.1938571429
70.6687346939
79.5764897959
79.8770816327
83.2668163265
81.2967142857
76.7243877551
76.9022040816
72.183244898
84.8587755102
78.8651836735
87.5682040816
87.525755102
84.424122449
71.7295918367
91.3549387755
82.0829795918
73.9426938776
72.3975102041
72.781122449
63.2206734694
66.7204081633
89.3497142857
77.1072653061
75.4649591837
74.7961632653
79.9497755102
82.0205510204
68.4365102041
83.6238163265
74.311
91.8978163265
83.5854081633
78.0433673469
79.6191836735
76.2276530612
89.4486122449
78.7441836735
74.5600204082
75.1111020408
77.6072857143
78.9835102041
90.992755102
80.5489387755
72.7851020408
75.8482857143
80.2967142857
80.683244898
79.6456122449
86.1614285714
72.1303877551
79.6937959184
79.4559387755
80.1369183673
80.1296734694
80.9761020408
72.1467142857
80.4369387755
85.7296326531
80.405122449
79.0376734694
86.1305306122
90.9013061224
84.1748979592
77.804122449
82.9977142857
82.2603265306
89.3592244898
80.9807346939
78.4607346939
79.8161836735
71.9229387755
78.278
86.1860204082
83.9981020408
78.6074081633
75.1350204082
80.3358571429
79.6392244898
75.3265918367
73.9514897959
69.5059795918
74.6236734694
72.5517755102
71.8401428571
75.1144693878
91.9778571429
82.0887959184
80.894122449
83.5606122449
65.4721632653
86.7191020408
87.8443469388
77.0584081633
82.5698367347
86.6370816327
93.5233265306
88.072122449
88.8629183673
87.1436938776
79.4569183673
76.8374285714
68.163755102
82.5522040816
78.4074489796
80.2501632653
94.6396326531
90.0839795918
80.2943673469
82.2693877551
92.5264693878
78.8867959184
79.1364897959
87.9136530612
84.9416326531
89.6840816327
75.825122449
75.0855510204
73.6788979592
87.3924897959
75.2758979592
88.1524285714
84.4583469388
81.7486530612
86.0346530612
86.3735510204
81.1401428571
90.0604489796
82.4719183673
88.3206326531
93.5234489796
88.3226938776
86.5281632653
83.6425510204
90.8529387755
93.5188979592
80.191877551
71.8286326531
79.0930408163
89.9301632653
91.5519387755
90.4613265306
77.4956734694
90.3465918367
88.9156326531
81.4092040816
88.962122449
94.6060612245
83.0018163265
80.5725714286
89.4573265306
94.0471020408
94.613755102
86.6528163265
81.9829795918
89.8867959184
91.2737959184
79.7584693878
89.9704489796
90.585122449
90.8704693878
91.2888163265
79.3640612245
82.9971632653
82.3555714286
83.9474285714
86.7276530612
78.4499591837
83.1518367347
81.8485306122
83.1859591837
77.426877551
75.8462244898
81.9296122449
83.513122449
79.4703877551
81.9746326531
80.8504285714
86.9478571429
82.9467346939
77.5881428571
86.5641428571
91.3815714286
86.3580408163
83.8217959184
88.436755102
88.7927142857
88.5453877551
80.4946122449
82.3571632653
93.2473673469
81.2202653061
79.6213673469
77.5313673469
94.2194897959
78.457122449
82.3837346939
76.3196122449
84.568
74.3844897959
73.1104897959
64.645877551
85.5272653061
77.3545918367
72.8924897959
82.5835714286
83.7062653061
74.7393673469
79.5719183673
92.4697346939
86.4142653061
77.8271020408
76.7835102041
75.7925306122
84.6646122449
85.2219387755
80.8857142857
76.3671020408
83.903244898
71.0133265306
77.1045510204
85.2802653061
83.1522040816
90.1192857143
83.5977346939
85.1679795918
81.0295306122
82.202
85.7902040816
73.7736938776
89.6023877551
73.9017959184
83.7499387755
84.4795510204
73.5955102041
75.5383265306
86.7273673469
82.740122449
79.4255918367
88.6675510204
82.3084693878
89.2875918367
79.4991428571
71.4498163265
81.9594081633
70.0631428571
86.2279183673
92.9187142857
79.9076938776
84.7872857143
80.4423673469
92.002755102
83.228122449
83.8120204082
73.7474081633
84.6408367347
65.4596938776
86.0471836735
87.4882857143
75.4984693878
64.0241428571
71.2197142857
77.569755102
67.7598367347
70.562244898
84.9775510204
85.1669183673
62.5018367347
60.1431836735
61.4669183673
58.4290408163
50.2690816327
57.1813877551
51.885877551
80.1870612245
74.6091632653
66.0144081633
83.7846734694
66.0629795918
64.0840204082
53.5478979592
55.9830408163
51.9647142857
50.7350612245
41.8313469388
92.5387142857
74.9925510204
74.8317142857
72.4847346939
80.3584081633
77.442755102
71.7364081633
68.5526530612
64.4653673469
57.5675306122
56.396755102
50.4965306122
43.9390612245
44.0847346939
49.6205918367
47.8476734694
45.3422857143
43.946
50.0737755102
78.5778163265
78.7063469388
79.2543877551
73.2945102041
71.0818367347
70.7726938776
62.2554897959
72.347755102
63.9090204082
55.2817142857
77.8404897959
87.603122449
68.2268979592
66.7851632653
76.014
76.3580612245
75.2234693878
71.8877346939
66.5432653061
63.3860204082
88.988877551
84.0025918367
82.2866326531
84.5674081633
77.725755102
78.1101428571
73.6989387755
59.7346326531
55.9259387755
69.8153061224
74.5439795918
60.4103061224
57.7969387755
66.0572244898
75.5
66.2020612245
83.9377346939
74.9072653061
74.9441632653
80.8006938776
74.8548367347
79.4565306122
74.3145306122
73.5906530612
75.2004489796
86.6549795918
67.3874693878
63.7685918367
60.5164897959
67.3027755102
67.0756938776
61.2449591837
70.6435510204
65.602755102
62.1580612245
62.2886122449
68.8552244898
74.4743673469
85.9571632653
83.3946938776
91.0984489796
83.0721020408
84.5605306122
80.8974693878
74.5263877551
89.0530204082
74.5436938776
68.241755102
83.7235102041
69.5312244898
66.1430408163
64.3354489796
68.1496734694
73.7596734694
66.9594693878
69.1257755102
65.3389387755
83.1350816327
78.527755102
74.5454285714
66.8184489796
73.8520816327
68.9752244898
64.5646122449
68.8020408163
74.0220408163
73.8849183673
57.3299183673
52.9200816327
58.4151020408
58.8263265306
62.5575510204
64.6524285714
59.7899591837
72.8903469388
67.6977346939
73.8091020408
87.3081428571
69.833122449
68.1705306122
80.0603877551
69.9875102041
83.9771836735
69.7059591837
72.4298571429
73.3914081633
67.4221428571
74.5948163265
76.2444897959
82.3014693878
70.5722040816
85.2433265306
76.3659183673
78.1618979592
69.6371020408
72.7258979592
73.8236530612
77.6511836735
62.9115306122
78.2250408163
88.5984081633
84.2827346939
86.0415918367
80.8057959184
77.8817755102
80.6914285714
80.8348367347
85.8401836735
80.8473061224
80.8738571429
77.9370204082
88.8724489796
76.0036734694
77.1809591837
67.1314489796
73.9173877551
76.2009183673
76.8845714286
79.484877551
87.1358979592
88.4966530612
84.8846326531
87.8926326531
78.3095306122
68.4034897959
68.5867755102
75.5329183673
91.7238367347
93.0006530612
85.6095918367
89.218244898
90.0683265306
90.1096938776
90.0826122449
89.9759387755
89.3114489796
88.3125102041
83.5298571429
84.459
89.4876734694
87.5881020408
89.0698979592
80.6620816327
71.7910408163
82.5243469388
75.1438571429
83.8225306122
86.7170204082
78.1906326531
83.4540204082
73.5115714286
71.1764489796
72.7324081633
79.2983265306
86.6312040816
87.1174081633
68.3788367347
76.6178367347
88.2400816327
86.7177142857
77.8703673469
85.8177959184
90.3455306122
87.2793061224
90.8790204082
86.5684285714
79.7426326531
88.3303673469
69.9500204082
81.8924693878
87.3959183673
92.8734489796
85.7360816327
88.8317959184
87.2900408163
85.2867346939
79.0706734694
94.6772040816
95.3907959184
89.746244898
92.167244898
89.7168979592
73.173122449
88.6357346939
83.6230816327
91.2062857143
85.4238571429
92.6120408163
83.7308163265
82.953877551
84.8397346939
83.33
79.5312857143
81.4925510204
87.7356530612
92.3436530612
89.554755102
76.0975510204
89.8229795918
85.8011428571
88.4949591837
76.8178571429
93.0615306122
88.8176326531
90.2799183673
91.9167959184
85.2552244898
93.0335510204
93.3447142857
94.5315306122
90.0329795918
84.661
87.5298163265
86.6970816327
94.721244898
88.2181428571
91.8887346939
94.7610204082
86.7296122449
88.1677959184
81.2622040816
72.7558367347
85.2005918367
81.4847959184
86.9988367347
85.8323265306
88.2177755102
90.8680612245
89.732
86.5524693878
85.2123673469
87.1206122449
81.8596122449
82.4873877551
82.5919387755
81.0875918367
81.0884693878
92.4750816327
91.3445714286
94.2535102041
91.7572653061
88.3669591837
90.3587755102
83.4567142857
89.1806122449
89.1497755102
86.343244898
96.5418367347
95.597
83.9555714286
88.325755102
81.0201632653
70.1470816327
69.0902040816
86.3106530612
78.9258571429
68.1216326531
92.8321020408
87.9263673469
76.0798163265
78.5115306122
89.4259591837
86.9237142857
91.0475714286
67.1805510204
76.4325102041
77.9191428571
86.5766326531
79.1324081633
75.965122449
87.3853877551
83.5695102041
84.5225714286
74.5513673469
73.434122449
83.9821020408
67.2204693878
68.497122449
74.0508571429
76.5396938776
74.4227755102
66.4200816327
81.0009591837
93.6611836735
85.2991428571
74.0941020408
67.085877551
79.7528163265
61.4740408163
74.2115102041
53.1713673469
79.3368571429
53.0534693878
73.5370408163
67.3825714286
61.3763673469
87.0285306122
77.4454897959
75.9856734694
73.5261836735
52.0043673469
52.0371632653
73.5961632653
92.3424285714
67.2738367347
80.9649795918
82.6952040816
71.4346734694
74.5681020408
62.0796734694
71.0464489796
84.8560204082
84.7428571429
90.9296734694
87.5163265306
82.9653877551
74.4411020408
88.3967346939
77.8233061224
90.3268163265
70.7523877551
79.8716326531
69.2776326531
65.5919591837
91.2760204082
79.5901020408
85.6226122449
67.7409795918
71.3561020408
64.7532244898
67.9244897959
72.4349183673
76.2476938776
68.6034693878
51.1506734694
60.2794693878
71.2782040816
59.9599387755
90.4076326531
91.809877551
77.9360816327
70.6763673469
77.5766734694
72.8074897959
66.1650816327
62.4112040816
61.1852244898
63.9160816327
68.1358163265
57.0700612245
42.8911428571
38.8473877551
43.2355306122
44.3596938776
56.8857959184
63.2304285714
60.9180204082
65.6996326531
61.2091632653
61.3886734694
59.4776326531
86.4847142857
82.5554285714
84.6285714286
75.8750816327
71.9862040816
84.0243469388
75.0635102041
72.6930408163
64.3699591837
85.7314489796
66.8764081633
62.5521632653
55.568244898
67.211244898
54.4948571429
56.7781632653
59.498
58.079244898
58.8263877551
67.1011428571
91.0126734694
77.417
77.7366326531
66.021244898
76.1208367347
64.608755102
75.7500612245
65.6213469388
70.8466122449
77.5142857143
80.8368163265
78.8575510204
76.8057755102
67.6061836735
59.9297142857
63.7369183673
77.3196938776
84.4245102041
76.0921632653
69.2206530612
64.984877551
66.0910408163
60.9082040816
65.5435306122
60.1633877551
64.5949591837
61.423122449
67.5925918367
66.6144285714
61.723244898
56.4577755102
83.3867346939
75.0627142857
82.3510816327
78.3153877551
76.345244898
69.7808163265
68.3567346939
72.8015102041
76.6292040816
73.9406326531
76.5176530612
71.9466734694
66.0987755102
71.0665102041
67.9214081633
81.8024081633
84.8041836735
78.4620408163
71.4700408163
62.5213469388
70.8106122449
63.1804285714
63.3180612245
65.2216530612
59.468755102
69.5946734694
68.0244081633
62.8219591837
65.4769387755
61.0137959184
61.7269795918
68.4088367347
65.1741632653
77.7630408163
81.6280816327
82.0012653061
78.4686734694
72.6185918367
75.5214693878
73.2542040816
90.2433265306
78.7787755102
82.7361836735
71.0228571429
75.8036530612
73.3741020408
65.3892857143
65.442877551
71.7056734694
65.2434489796
73.1402040816
73.7237346939
93.7345510204
79.587877551
88.3675102041
84.8004489796
81.6556938776
79.0942653061
77.3269795918
80.0074897959
84.8860612245
82.5736326531
89.6187142857
96.6295918367
85.0994897959
83.0463877551
81.2746326531
81.4913877551
82.686
83.4868163265
84.0525510204
71.7234489796
70.8657959184
76.8793265306
76.3545102041
90.4688571429
89.1557959184
88.8740612245
94.6348163265
82.3034897959
77.7935510204
85.6903673469
80.6657755102
80.0228979592
82.9140204082
82.4943061224
83.5606530612
82.3632040816
86.8015714286
89.0110204082
68.7974897959
75.892877551
75.7399591837
83.5759183673
86.9926122449
85.1605102041
87.3595306122
77.1320204082
75.0264489796
77.7817346939
87.6117142857
94.3444285714
85.496122449
94.2666326531
77.9812040816
79.3084489796
84.4904285714
86.1536122449
77.1580816327
74.6650816327
76.0555918367
78.3974285714
78.9744897959
80.7234897959
80.2633061224
76.9807142857
85.035
72.0811020408
73.1977959184
79.9357142857
82.0858367347
91.9815510204
82.8830204082
84.3374693878
85.9934693878
75.1914081633
81.3958163265
88.446244898
84.579
88.9604489796
88.6836938776
83.3388367347
84.4865306122
82.6442040816
93.5664897959
88.4114081633
90.7596122449
83.911244898
96.4810408163
89.7788163265
87.8624081633
84.4603673469
88.0843673469
88.1928979592
80.0622653061
80.8258571429
81.8952040816
78.0280408163
75.1144897959
74.4220204082
89.4452040816
72.8277959184
87.6325306122
77.0495918367
88.4997959184
83.0804693878
89.263755102
87.0258163265
83.8596938776
83.0037959184
88.9734693878
85.1369795918
