80.6824238411
81.8827880795
82.565192053
81.9184834437
77.6568211921
76.3050860927
76.155397351
91.5368940397
81.3813245033
92.0221986755
88.9049801325
85.5502649007
81.377602649
77.4147417219
82.412205298
85.9955165563
78.0698741722
79.6782582781
82.4388344371
82.154602649
79.8166291391
90.3716490066
76.0506887417
75.9318675497
78.0914966887
79.7480596026
86.7191655629
81.3094701987
88.0551589404
80.6779668874
78.0491655629
85.8547748344
67.9236754967
73.2384701987
78.3884768212
79.4563907285
85.6930927152
69.2047284768
76.6654304636
74.8528211921
61.4319403974
92.5670993377
95.7928476821
89.8908609272
83.9827218543
81.670602649
80.9709668874
84.3875761589
88.3624238411
80.2365761589
75.5051854305
80.6269933775
87.5947152318
79.7313907285
76.8410662252
72.5979403974
68.4568211921
63.3888278146
66.6603178808
79.8860264901
88.7218675497
89.0252317881
82.3174437086
83.4819801325
70.1501258278
80.2557350993
78.9325165563
78.8523178808
87.4371788079
69.0460927152
77.5989337748
88.955602649
91.2999337748
92.1720662252
68.8219006623
82.5952715232
82.6037748344
84.0971456954
74.9451390728
53.9065562914
78.0266754967
63.4322913907
80.6957483444
78.2569006623
72.1687748344
76.499384106
89.4730728477
89.8581655629
88.0866887417
88.7961589404
83.0792649007
81.4375165563
73.0479205298
85.749218543
82.5957682119
85.3279205298
78.9087350993
74.7330794702
59.8964503311
54.0921258278
76.8421589404
64.284807947
60.5133443709
57.997
86.6484569536
87.0908609272
58.6266291391
63.8326291391
72.829794702
81.6191589404
85.6109801325
77.1042317881
71.7686688742
84.2665033113
77.059986755
78.2599337748
66.0717615894
73.4229933775
77.7150927152
74.9426357616
61.1577019868
75.3224503311
81.8138344371
77.3845099338
79.222986755
63.2716887417
51.4380596026
51.7737284768
63.7302582781
85.6287086093
77.2450794702
71.2180198675
64.3952384106
59.1034304636
51.881615894
67.8299006623
77.8859403974
71.0827880795
75.5686622517
63.4063774834
77.3752119205
61.7240662252
86.9567218543
71.8206622517
56.9568145695
85.4170397351
67.4717615894
63.4013311258
55.1675562914
58.193218543
69.4332715232
61.3350662252
54.3578278146
59.9857483444
71.3953377483
88.524986755
76.8840662252
74.251807947
73.9474701987
72.6322317881
68.5916556291
70.8709072848
68.9943046358
75.0917019868
84.4792516556
77.020589404
71.6482781457
85.3966556291
73.7711258278
71.5053112583
62.7855629139
85.8358940397
91.0196622517
73.367410596
67.9839006623
67.1307549669
70.6198476821
71.2481125828
73.2425496689
66.0015496689
64.3124039735
65.8488278146
72.6538609272
75.6550397351
70.1835231788
73.0186357616
66.1364768212
69.3111125828
82.9260463576
71.6000331126
67.9370198675
67.8310860927
77.8726688742
72.5711589404
72.3849271523
79.0925629139
80.8072781457
73.5825231788
71.8985761589
74.0522649007
72.4022847682
66.223781457
73.6796423841
73.7544635762
81.899218543
76.5212582781
73.8090463576
74.3704569536
76.0975629139
71.1655298013
74.7154768212
70.9466357616
78.6783774834
81.5394238411
80.550218543
74.9000993377
69.7476291391
71.1015496689
76.4722516556
75.2173509934
85.743192053
74.7305364238
80.9416423841
82.8980463576
74.3668741722
78.9730066225
85.9910794702
73.0144569536
81.5864370861
76.8793708609
84.6427284768
78.4326291391
81.9099470199
81.5462450331
78.9165695364
80.1933907285
83.3495165563
76.4075165563
76.7304834437
73.3023708609
77.2696092715
73.2228807947
72.8500463576
77.352589404
78.0973046358
78.7578940397
77.9446291391
71.8738675497
75.5910596026
83.4386953642
90.2726556291
81.1511456954
80.775205298
80.7860794702
80.3325827815
64.8123245033
70.3281655629
73.6935761589
66.447602649
64.5526092715
73.7672384106
86.1371390728
77.4296291391
81.7744569536
77.0621125828
74.5116688742
78.6178741722
81.3686887417
79.3179933775
86.1392317881
74.9181523179
73.6317218543
73.2889668874
69.7615033113
67.6073112583
76.4062119205
82.6410596026
81.3770596026
85.3368741722
82.0080927152
78.1835231788
73.9369072848
78.7398211921
75.7893907285
78.6831258278
82.338615894
83.1032781457
92.3979602649
78.3866887417
75.781192053
76.7891986755
79.1233907285
83.9580198675
78.7275562914
71.4044834437
66.1674238411
67.9544039735
41.6280397351
57.7817615894
68.5139536424
86.8280860927
85.3604768212
83.6215430464
87.0117748344
82.0524304636
89.630384106
69.9210463576
83.6078344371
81.9859205298
80.8029072848
78.9011125828
85.0301059603
85.2366291391
82.1503509934
80.6003642384
86.2276225166
92.2891059603
92.4564238411
87.1694635762
95.5617682119
87.9560927152
89.2016357616
84.6335761589
81.3049337748
90.8929470199
85.6674834437
86.3178874172
80.601410596
81.5442582781
84.7621125828
85.630794702
85.3138410596
84.8285629139
84.719384106
78.8780463576
76.3005960265
81.8144768212
70.7067218543
92.5573046358
80.5179470199
87.7725960265
89.0828476821
81.997986755
81.2379337748
80.1685298013
87.3830463576
81.7559735099
79.0912317881
79.3308278146
81.848781457
80.1000264901
91.2821721854
83.3566953642
76.0948807947
92.7873377483
80.9735629139
84.898
87.348615894
87.6076887417
85.518807947
76.673615894
83.4156490066
88.5541192053
84.3130927152
84.9909668874
77.2240397351
80.9721456954
86.7370860927
91.0901390728
92.1395960265
92.0795960265
89.1973245033
84.2005827815
77.9710794702
78.9110860927
79.111397351
78.8848278146
77.5123907285
83.2127350993
82.8220066225
80.6041258278
82.7509006623
82.5684437086
84.504
84.5645827815
87.3610728477
84.5435231788
92.1271854305
87.3547682119
82.5124701987
79.5715629139
83.4811986755
83.8112980132
86.666589404
85.4520927152
81.2145562914
90.0006423841
83.4970198675
86.5989801325
88.2648211921
86.754986755
88.4779072848
86.3269536424
76.7087284768
83.0295033113
87.8220596026
86.3202781457
88.1222582781
82.6798211921
84.0352384106
89.1892251656
78.7846423841
73.3372781457
72.4138543046
72.7699139073
68.8050794702
70.3777086093
66.9454370861
75.6479602649
76.9748940397
77.5038874172
87.2367549669
80.5381456954
89.212410596
76.2181258278
72.0168013245
65.7488410596
88.7727549669
80.0037483444
81.2149403974
79.0400529801
74.4200794702
75.3655364238
78.5034701987
86.8586688742
80.1279337748
83.0067152318
78.5425033113
72.6525562914
76.2271390728
77.846794702
65.9847615894
85.6631986755
75.4635364238
72.8763642384
80.8730397351
74.6021655629
81.9670860927
75.8978476821
80.8289602649
90.5356225166
81.9252980132
76.2631390728
77.0735562914
70.6802913907
87.199192053
75.1118145695
79.3064370861
77.0978344371
67.6466423841
71.3954966887
65.9078609272
76.6522847682
81.167
82.0731854305
76.5529006623
68.4123708609
59.1909403974
56.906384106
56.2738410596
53.6030662252
52.3377880795
67.7473245033
75.0250993377
76.2038344371
76.642397351
79.3023774834
60.1815562914
76.9907152318
89.4499072848
76.6115496689
78.0041523179
75.9800662252
78.8331456954
62.2839536424
62.5215430464
78.9133443709
59.0084304636
53.3727086093
55.2641192053
54.8989205298
75.8638013245
85.851807947
56.8769602649
49.1218145695
45.9049801325
41.4808940397
41.4998543046
41.8840596026
44.8909006623
51.7723708609
55.2994569536
58.5412582781
62.0454238411
58.3988211921
53.3748344371
54.8116225166
47.8075960265
70.3359072848
71.2154503311
62.6107549669
69.4074635762
79.9722980132
75.2876556291
81.8476688742
70.3794039735
82.0091986755
62.7756821192
68.4824370861
65.9314834437
66.595384106
69.9000264901
74.8613112583
71.579218543
86.5394503311
86.689218543
79.9497152318
65.7484701987
70.8277350993
68.6601788079
75.1351986755
73.7470264901
81.4414238411
76.1237086093
80.1866291391
68.650384106
78.4295562914
78.0470264901
80.1347880795
72.5316357616
81.7220860927
81.0869205298
75.2951390728
86.7094437086
77.6345695364
79.1291192053
85.2888013245
86.205794702
86.4736821192
72.050410596
86.552205298
68.6031854305
80.6135960265
79.5804701987
73.6077615894
84.698986755
88.4466423841
85.367781457
86.6593245033
87.3390993377
88.9648211921
71.9431523179
69.3389072848
75.4119337748
89.3699933775
88.3791125828
84.5745761589
68.3750331126
71.4291655629
67.6694834437
66.421807947
63.7188609272
78.3355629139
81.0772450331
77.5550066225
83.1073642384
73.6041456954
73.0672781457
70.4319139073
76.6506556291
72.7685430464
73.5471390728
69.2802119205
70.5515099338
82.232384106
77.7418609272
77.6673377483
72.7519072848
78.8557284768
76.8492450331
72.4303642384
67.4451456954
72.018589404
74.9554768212
85.259986755
92.6788940397
68.6159403974
67.3597350993
81.6403774834
78.0953443709
78.1710198675
73.7741125828
67.5103046358
69.0766953642
78.4995231788
72.7773774834
81.1058278146
83.9856225166
80.394615894
72.6238013245
72.4754569536
73.9876688742
80.3817880795
83.8132913907
75.8830463576
75.0480198675
83.5031125828
82.3761059603
84.5106490066
81.1867152318
80.2964304636
77.8778807947
85.2882119205
79.4990463576
84.6110662252
78.8679933775
80.2270463576
78.3375960265
81.5674172185
80.0595761589
91.2064238411
83.0467748344
89.2568543046
80.9607019868
82.7390860927
81.6897483444
81.5504701987
77.724615894
76.0027682119
75.3740463576
78.863589404
79.3784172185
77.0314172185
82.3757284768
88.6256688742
74.8248278146
83.1860927152
84.7849006623
79.254986755
82.389
81.8370066225
80.0929602649
86.5451258278
90.8832251656
87.6091192053
83.5631854305
74.6920331126
79.5385298013
79.1711192053
80.0547549669
84.761
87.5969801325
80.8947086093
73.781013245
84.9598543046
78.1881125828
71.3527748344
71.0954039735
78.3281456954
64.4558874172
65.3483708609
77.5345364238
74.6193178808
76.7901589404
87.4262516556
93.2655827815
89.3638476821
86.9082582781
88.1734701987
84.6121125828
82.5687615894
84.657781457
76.4983774834
89.0808807947
88.4362649007
81.7948940397
70.4257615894
78.2735827815
82.1264834437
78.081986755
80.2039602649
77.6916754967
82.0386225166
89.7397417219
87.280410596
82.4922781457
89.3317483444
89.5751258278
78.7428741722
79.4564304636
84.5179337748
81.9672582781
88.9345298013
88.9557880795
85.8912847682
84.1972582781
84.4278807947
77.9331258278
59.8352847682
80.8309602649
92.0038543046
77.5533046358
85.5935496689
83.9956887417
77.313615894
81.4379072848
89.5861986755
83.4592913907
87.6539139073
84.6443112583
80.692218543
90.9310066225
82.8646423841
80.1187086093
83.6139205298
88.9173112583
84.039384106
87.7103576159
93.4056688742
78.3985430464
80.7237086093
90.0094768212
83.3233046358
81.6725827815
78.9395165563
84.4605099338
84.4680860927
81.3040860927
85.2471589404
88.5610463576
81.0608211921
86.4625364238
82.842781457
86.7407483444
81.4663443709
78.6052980132
87.5252715232
86.873397351
88.0484172185
85.5166953642
82.5456821192
83.6063708609
77.322589404
69.2356225166
87.8731986755
79.9375496689
89.304986755
88.8987284768
81.656781457
73.0780066225
76.7797748344
74.8752847682
75.1652913907
81.2521390728
90.2368543046
86.5953046358
92.4418543046
89.9726225166
84.3691059603
83.1114370861
77.186986755
84.0715364238
87.3885430464
85.1700397351
83.4858013245
79.9570993377
80.1330264901
85.5043509934
79.6957284768
81.0915099338
83.1966490066
78.4312847682
82.0103907285
80.7237682119
86.0793708609
89.3614437086
79.1246556291
68.6934437086
58.8386423841
87.268589404
87.8272450331
91.4229933775
77.2794437086
79.2483907285
82.7567483444
83.8802251656
85.986615894
84.4004768212
94.3592317881
75.6376423841
77.1345231788
72.1176953642
81.9328344371
78.6126887417
86.0816688742
84.7207019868
72.2840860927
70.4594701987
65.9858410596
60.6072582781
65.7596357616
84.1242317881
68.3183443709
74.3752980132
85.7156225166
67.5233112583
63.5864503311
74.7864701987
75.348589404
75.8811788079
75.5017417219
85.2971258278
74.4107019868
78.2833112583
84.4359271523
78.8367086093
74.3467417219
84.3549668874
66.1860596026
64.449410596
58.6441059603
62.9154966887
78.0985695364
45.5809801325
51.9502980132
56.4128476821
63.8787350993
61.0746291391
86.256781457
61.1179602649
63.8486225166
66.5992582781
82.8120662252
53.3586688742
51.7245695364
49.3126225166
83.6484172185
73.613410596
87.6109403974
88.6039337748
69.992
64.056
63.4184503311
76.7201986755
74.3679735099
89.3136556291
70.9132384106
66.1645298013
62.9972582781
48.8026357616
62.3517350993
71.2284966887
77.7738145695
85.4410198675
81.2336556291
75.9532450331
79.046807947
65.2413112583
62.9658410596
61.5403178808
60.4035562914
77.4955827815
68.8796688742
71.1366490066
79.6520198675
74.1050264901
90.7932781457
81.6202980132
88.4462384106
76.8175496689
72.5638741722
75.7814768212
72.3236556291
89.1727284768
91.8939337748
72.1103046358
75.4935099338
72.2938741722
76.678
76.7643046358
65.8057880795
61.0932913907
76.2498675497
61.0892847682
64.0862980132
61.2750463576
59.844397351
79.5577284768
86.6917086093
71.525384106
79.3417417219
75.2479006623
75.1124304636
77.8811456954
71.9697152318
69.9380860927
87.2647086093
75.7843377483
75.6038609272
85.8151788079
72.0660596026
72.9975165563
73.2996225166
82.8405761589
73.3772384106
76.6840993377
72.210410596
69.7809668874
68.5831854305
69.0319403974
66.4776953642
80.3359735099
67.2114370861
77.9009735099
75.1794503311
71.522807947
73.5896092715
73.2417086093
90.1831854305
86.1135298013
86.7711589404
91.2907152318
82.5963708609
87.3546821192
77.7000397351
83.8957350993
80.6829933775
73.5212384106
80.3979072848
77.9890860927
71.8078874172
76.0280794702
82.5329735099
81.948205298
80.4389006623
74.4081258278
70.6672582781
65.0143112583
76.6221324503
83.9398278146
78.8157152318
93.4037152318
91.2593046358
80.4685562914
76.0145695364
75.2182317881
72.721602649
75.0049602649
74.1669668874
72.7987086093
81.4828543046
90.3914437086
77.0151523179
84.2037218543
86.5614768212
75.9797152318
80.015781457
88.5319801325
79.337205298
75.8529668874
81.6519735099
75.7472980132
76.1060264901
79.3656092715
78.380013245
77.7431456954
74.6083311258
74.6295033113
73.4275231788
73.5592251656
84.1184569536
81.7526357616
80.4982847682
82.175807947
87.9390794702
72.1812781457
81.3966622517
79.6252450331
88.6667152318
86.1879470199
80.6082913907
89.7903443709
77.694410596
82.7750331126
83.1469470199
82.9040264901
81.4299470199
81.405589404
84.0035430464
88.0949536424
94.2215364238
84.8155033113
79.5424768212
84.1951456954
88.8152251656
82.2508874172
70.0826092715
88.9179072848
78.3900198675
70.7324966887
80.935218543
79.5261655629
81.7247748344
79.6417549669
88.6011456954
86.626807947
85.6869470199
92.9469668874
84.8800860927
92.3567086093
93.7633642384
82.4584701987
86.6473112583
83.5666225166
84.0470927152
86.4186291391
91.8963112583
88.1974966887
81.0508013245
89.9521788079
82.5959602649
84.7242980132
89.1743509934
73.7440397351
88.9685629139
82.2967483444
90.452205298
82.1169072848
74.8583245033
73.4260331126
78.3295562914
80.2320794702
84.4318013245
82.7898675497
91.844807947
95.1516291391
86.6130264901
77.8956953642
73.7246092715
85.0267880795
72.2495298013
88.4277682119
90.5944768212
81.7312980132
88.8985298013
80.5045364238
77.900410596
74.749781457
86.8316887417
93.9811456954
90.5688211921
88.137192053
88.2798874172
92.7189337748
88.1398874172
89.6441125828
91.4734900662
87.6904768212
82.8274370861
91.5423178808
90.6281986755
94.7289668874
78.3226423841
86.3250662252
95.5619735099
84.1747350993
84.1838675497
85.4295960265
85.3044966887
83.2749337748
84.1010596026
85.1613245033
81.3572251656
85.0076622517
84.6878145695
84.8050529801
89.4540331126
89.5942251656
87.3287284768
87.4644238411
89.804218543
86.8825960265
85.2670264901
79.5768476821
88.8400794702
91.3003708609
86.8918874172
88.5823642384
83.0412980132
83.0047417219
69.8210794702
76.9645430464
67.0290463576
84.1936291391
81.8750066225
82.0933311258
85.1369205298
85.3076754967
81.398781457
77.1899072848
79.4410463576
80.3856754967
89.7784966887
87.6640331126
92.4713112583
91.122013245
92.5014966887
92.580192053
88.582205298
82.987410596
90.7300331126
89.7398211921
81.8213178808
89.0089536424
87.7932649007
77.2174238411
89.0210927152
80.8684569536
78.0312384106
78.5555231788
79.4961854305
91.2284238411
88.5836953642
87.3516821192
86.4776688742
83.3398145695
81.8890264901
84.1028013245
83.2369602649
86.7096490066
92.8838013245
83.5525298013
84.777794702
82.3404900662
71.1575629139
68.2799271523
69.0876291391
66.1368211921
74.3319536424
81.4397880795
76.4657483444
81.8370596026
74.7661456954
88.1477483444
84.0240927152
81.5679536424
85.788192053
73.0721986755
78.3375099338
63.629384106
72.9021655629
74.5954304636
79.2326556291
83.5092715232
73.7946754967
81.4691456954
84.0722715232
78.2545033113
59.6133774834
66.2555430464
89.7828344371
79.9259602649
83.597589404
83.9056953642
81.1839403974
76.3038344371
76.1171655629
65.610807947
64.0382649007
67.0676953642
61.139397351
73.818384106
69.5577748344
75.6128543046
75.9646357616
66.0135496689
69.0329536424
71.9667152318
63.1119271523
58.3045231788
62.4045562914
84.0473443709
85.648615894
70.9937748344
83.0673708609
81.2542847682
77.5075629139
79.242589404
68.9152649007
58.994397351
57.8970596026
59.3891192053
54.4375562914
55.4947615894
46.4883112583
60.0927218543
54.9908543046
66.0598410596
77.2560264901
65.9286490066
67.2111258278
61.5804569536
76.3838145695
84.5487284768
68.5507350993
84.6942450331
68.5483112583
57.5711589404
66.8029205298
83.7671456954
68.3435629139
84.3508874172
63.4880993377
67.7277880795
87.5129271523
81.3251324503
66.7865960265
56.7860331126
57.2266688742
57.7350264901
58.966589404
75.7404701987
77.3633245033
74.6506688742
68.6184900662
81.9249602649
79.7136953642
87.191192053
78.8435165563
70.3846225166
64.4301721854
59.6721986755
78.2919801325
63.2992450331
51.8384966887
57.8793377483
61.1597615894
53.5160264901
57.9529072848
58.2036821192
61.5158344371
68.4599072848
73.3698211921
78.6339536424
65.2837152318
65.0956357616
85.0407880795
83.0213907285
78.9605960265
75.847384106
70.1728940397
88.2815298013
71.3462251656
77.3723576159
78.7954503311
76.8308807947
75.0897086093
79.2718013245
70.5573642384
77.8577086093
70.7244834437
74.3881788079
76.4264966887
78.3324172185
80.0929205298
69.232615894
69.3905364238
70.6247417219
77.3019536424
65.8973311258
63.9463708609
64.7050993377
67.082205298
63.8775165563
58.6604966887
72.8436556291
62.8856821192
62.1736556291
63.8644172185
58.6594966887
61.9024370861
62.5633576159
68.7629801325
58.8497549669
62.4516622517
66.3587615894
68.7915033113
69.1812450331
73.590589404
74.5501721854
68.2630264901
78.1534635762
69.8155496689
68.2543178808
55.4263509934
48.5725761589
52.6155695364
62.1343509934
47.0331258278
49.6481456954
78.1418940397
79.5091258278
74.5000927152
79.6535430464
77.3688344371
72.4789006623
74.8345165563
66.4458741722
63.5275562914
57.420410596
61.0775033113
70.1951125828
62.1222317881
74.9293178808
63.9092649007
67.1646622517
68.1912582781
70.6397748344
63.7582781457
70.6309536424
71.3104635762
77.2795430464
71.8831324503
70.5268145695
69.259205298
68.6240662252
66.0285960265
68.3114304636
67.5341324503
78.9886688742
67.3349205298
55.588218543
60.1526357616
78.0952715232
72.4465761589
69.3402317881
69.3874437086
67.5304503311
70.3925629139
73.2820066225
75.4704437086
73.238986755
71.2963774834
70.6212516556
67.8010463576
64.3416622517
69.9073576159
73.962410596
68.0810463576
71.8376622517
76.7107682119
71.6049139073
72.7765827815
69.5903245033
75.2297748344
75.2408278146
73.4893245033
88.946205298
88.9184503311
82.8553112583
85.2894039735
81.1425430464
76.1171854305
87.2175629139
91.6448278146
88.839384106
86.3168609272
87.4459470199
85.848
84.6326092715
90.973397351
82.4664039735
75.3936556291
78.5703112583
88.8363245033
87.182410596
86.4476887417
82.1219205298
82.0642450331
81.3986092715
87.7438940397
90.2421589404
88.0206887417
85.4363178808
89.0440397351
88.5765562914
85.7405960265
81.0905761589
82.9655562914
85.3328874172
85.8174768212
92.4619735099
94.0695629139
78.7339072848
65.4675231788
53.8870066225
61.6350331126
76.3539139073
77.0894437086
80.2148145695
88.9009801325
84.3692847682
87.6817549669
88.7467152318
86.1811390728
88.1281788079
88.2110198675
68.2412582781
73.3501059603
79.2924966887
85.6281324503
76.6808410596
76.3213311258
74.0485099338
82.7345099338
88.5991986755
88.5346556291
90.4951125828
83.4851324503
79.994615894
89.2726556291
94.1543245033
93.8278675497
88.6163112583
93.8131854305
94.9239470199
82.3426225166
85.034384106
83.8202384106
83.6122582781
87.0714834437
85.7227284768
83.5094966887
89.9839536424
77.3353907285
84.1540794702
85.4743377483
75.4661788079
88.4682384106
70.4918741722
89.7661721854
91.5634635762
83.2443112583
94.3844834437
93.7193046358
88.0350331126
82.5207549669
80.1866622517
80.1025364238
81.6689337748
82.063602649
90.5727615894
91.9142516556
79.3693112583
91.3783112583
74.3539403974
77.6608543046
85.5760662252
84.8270860927
80.6686423841
84.5850860927
81.2600264901
83.1969403974
82.0574503311
88.925192053
79.5596556291
78.5068410596
64.6373708609
87.7082582781
81.9617417219
85.8139933775
80.0161986755
78.5594039735
87.9673245033
84.6991192053
91.405410596
75.3614900662
83.9681059603
74.1188145695
82.2258013245
83.487602649
77.2379337748
86.0837086093
87.6375099338
81.815013245
81.1520993377
86.8320198675
87.6394966887
85.2993907285
86.8713178808
87.4226092715
84.8761655629
81.2966887417
81.4986953642
80.5732384106
80.8291258278
69.8465695364
73.062397351
79.0029337748
82.0113642384
87.4168344371
66.9285761589
68.9478013245
62.8440066225
66.3027483444
59.0337152318
93.7616754967
90.1041589404
78.4424039735
89.3344701987
86.4334635762
81.4200198675
79.6801788079
68.9020993377
79.6743907285
78.1673509934
82.7846092715
78.8215033113
80.9673245033
66.7961589404
57.6436754967
57.5414503311
74.678397351
84.4920596026
75.6773774834
75.6487086093
88.0636423841
87.9513112583
78.8136490066
68.787384106
72.8901125828
74.1602516556
79.1998807947
66.4553245033
92.003192053
72.5680794702
90.9409536424
76.9874304636
79.8143178808
80.7200728477
77.3294437086
91.2549337748
73.8092317881
78.1753509934
82.3126821192
80.5112119205
78.4842251656
91.8654503311
77.7779139073
89.6005165563
86.1854635762
87.2945231788
80.2357152318
90.2641788079
86.8553178808
70.7906688742
57.4115827815
58.7534966887
76.9129801325
67.691384106
67.9248741722
78.4222847682
68.8388013245
82.6403377483
68.2999668874
71.8109403974
72.7828609272
63.9489072848
74.2205364238
62.9227483444
79.6846291391
71.5958476821
79.2014966887
80.7317086093
71.5614503311
60.2319205298
76.1066291391
80.1663443709
81.471218543
78.6345960265
74.6069602649
73.9444701987
86.0101324503
74.9246490066
82.2691059603
77.2552119205
77.289794702
66.9905364238
85.6929205298
61.7026556291
67.8752715232
73.5586490066
92.1394768212
93.1614900662
93.0265960265
84.4778675497
90.0850529801
74.2140728477
81.8205033113
76.7805165563
64.8145165563
64.6445298013
73.042602649
65.8412582781
64.6775165563
77.7422781457
60.9035033113
55.6999735099
55.7493774834
74.495410596
72.0905099338
67.8242715232
66.6471986755
73.3456225166
69.5991059603
69.2605562914
72.0519536424
66.0092384106
75.7362913907
54.588218543
52.6413443709
60.772397351
55.4122251656
56.4533642384
59.9372251656
74.3682913907
74.7736821192
85.3831655629
64.5296357616
77.776781457
74.7893178808
85.0934304636
72.0582715232
66.8664172185
63.9173509934
59.9573907285
69.4251655629
75.9420264901
72.8806688742
57.1054635762
54.0084437086
53.1629337748
56.3840264901
59.636192053
72.6048344371
66.9112317881
75.223602649
64.0602384106
70.3024834437
91.7845562914
62.4992980132
63.6189668874
61.5191523179
58.946384106
80.7950397351
72.9252516556
58.9259536424
65.3053443709
66.7486291391
70.6935099338
62.4550860927
50.6350728477
60.3251589404
63.436615894
69.9040198675
83.0505298013
87.8791258278
89.6874304636
75.5433046358
69.6804437086
71.5692913907
70.3981324503
74.714602649
63.1123907285
68.953384106
71.7546291391
67.7152516556
67.884781457
73.7798675497
71.0145430464
63.9551390728
59.9268410596
66.8963642384
77.0255364238
74.5488211921
70.3143443709
62.3089801325
69.9468874172
68.7613576159
70.8652913907
64.6962119205
62.2138874172
60.3735099338
69.8303708609
67.3492516556
73.4541854305
62.0335430464
56.3838476821
56.7455761589
60.2762913907
60.6730066225
78.5691192053
84.748397351
65.9465761589
74.1382450331
75.0640860927
86.5200860927
85.2136357616
75.4138013245
77.3431589404
70.4597152318
79.1296490066
78.0711788079
84.557602649
73.6534039735
77.9798675497
75.6985496689
74.9863443709
77.8582715232
73.3379205298
79.820205298
82.0372913907
83.676589404
63.6488940397
87.449218543
84.0802781457
77.3930264901
71.651615894
71.4729139073
72.3115827815
72.1025629139
72.3371721854
80.686397351
79.4488410596
75.2555231788
71.0661324503
76.794218543
73.8918543046
77.8612847682
80.0693576159
87.2533708609
86.0229205298
76.0770662252
81.9661456954
84.0165099338
80.4299933775
80.4088675497
74.2607350993
81.3098543046
69.4846953642
85.4588344371
79.8440331126
78.0333245033
81.8244900662
76.2260198675
87.5168344371
80.601192053
85.4026357616
80.9562715232
93.0914834437
88.5067748344
85.0585827815
88.7104172185
89.5006953642
91.9228807947
70.2807152318
72.8837086093
71.3865165563
85.4347615894
92.2221721854
93.5378675497
83.9971125828
89.5469337748
83.6078410596
79.9872847682
79.1194834437
84.9705496689
82.9806423841
92.4296688742
86.2188741722
78.5142251656
87.1994238411
81.7055099338
81.1611986755
85.7395562914
86.0611456954
78.7371788079
76.9889403974
78.0708609272
92.3310331126
88.299410596
91.5397350993
86.7414039735
82.404602649
83.0097218543
86.4905960265
85.6403708609
85.2471192053
79.0305033113
83.7501125828
85.2055761589
88.8766225166
91.6924966887
82.9297748344
89.3758741722
84.6341059603
81.4091456954
91.6202582781
73.1936556291
82.1142913907
82.4920794702
85.9447019868
89.4789735099
84.1464437086
77.0008675497
80.9101589404
88.3393509934
77.8271721854
82.8895562914
85.2516357616
89.0765562914
85.2059337748
80.4721589404
80.8994437086
88.713410596
85.7974039735
85.1614635762
80.9812317881
80.1929006623
74.7809933775
79.9536490066
72.5902980132
81.6499337748
79.8001258278
85.2861125828
85.976589404
80.128192053
87.1556092715
84.6140728477
82.5596688742
77.4302847682
81.936589404
83.5752317881
83.8829072848
89.1771390728
89.2871655629
92.1224304636
84.8255364238
87.1070728477
79.2554966887
83.9058344371
88.2955496689
70.1016688742
85.2464503311
80.2696490066
86.5451721854
84.404602649
61.9603112583
75.5391721854
67.4274437086
73.1749403974
71.8847284768
71.6131655629
73.055205298
68.7157748344
75.7139602649
78.0704437086
90.9997086093
87.7968145695
77.8768211921
82.7499536424
88.7296556291
86.4145562914
78.287192053
79.2829668874
85.7667019868
90.1435364238
76.8382119205
83.1241788079
79.2572317881
78.6585033113
74.0943642384
67.3264172185
78.2894569536
72.0813907285
66.8658013245
74.3239337748
78.7349801325
73.0849536424
65.9134304636
81.030807947
71.1312715232
67.0765960265
56.6335231788
56.9371655629
57.8446092715
60.0212980132
58.5831059603
64.4806622517
85.8925231788
74.4957152318
82.4118543046
76.5869403974
81.6634437086
78.1281788079
79.3696622517
91.8268741722
90.2964701987
86.1017880795
88.536410596
77.2485298013
82.6603708609
83.9999470199
73.5034238411
82.4455099338
80.395794702
76.9968940397
91.4085099338
68.9424503311
65.389986755
58.0769403974
82.1032119205
71.9461192053
62.1411854305
56.4672251656
55.6963377483
54.0549801325
54.1183642384
56.8460794702
52.3721059603
54.7077682119
56.5448675497
48.6796092715
60.8653245033
52.3903443709
73.0243311258
83.1379403974
74.4446887417
80.0196423841
70.3317086093
69.4626754967
88.2183907285
69.4456092715
75.6381324503
62.5025562914
76.4828543046
77.5814966887
84.9732516556
92.4858807947
86.7777350993
79.653589404
75.2844768212
78.2620662252
70.0668874172
71.3110463576
66.8492715232
92.5115761589
81.1149337748
81.4521258278
91.3483112583
87.5605496689
82.0795231788
87.2885430464
93.5146225166
79.3025827815
79.7789337748
79.578986755
71.4321192053
72.1303245033
62.3125827815
87.0855033113
71.0552913907
89.1112649007
75.6472847682
80.1194503311
78.0981655629
69.8638675497
70.0838278146
65.2625298013
70.1920264901
84.6831390728
75.5860066225
75.8612847682
73.8819006623
68.4626092715
66.1956556291
57.7573377483
81.3910728477
60.7127880795
56.9279470199
67.1338675497
82.9747748344
75.8085364238
67.6168476821
76.9489470199
71.8529271523
75.5090529801
64.6603642384
78.1977019868
87.0170596026
80.6310993377
78.5878609272
74.3345960265
71.6066754967
62.110013245
66.0747880795
62.3021324503
64.0972450331
67.6301192053
76.9637086093
85.4742317881
88.7239801325
82.3047284768
81.3135496689
89.4829668874
78.5527350993
77.9054966887
75.8272781457
73.691384106
71.0962119205
70.1530927152
70.3070662252
78.265781457
78.2976953642
82.5678675497
75.905013245
65.1931059603
66.0666821192
93.3721721854
73.1854834437
71.3956490066
85.4651258278
80.7404900662
82.4798609272
76.3057218543
72.1265231788
83.7677019868
90.2487152318
93.1134370861
82.6859933775
83.0219403974
76.7933046358
76.0831390728
77.2563708609
75.7184039735
72.5761192053
69.5461788079
70.5933907285
72.9730397351
64.5659933775
62.1599403974
70.2807483444
84.2489933775
83.3720662252
74.9206622517
75.4492384106
71.0240331126
73.177986755
71.4460927152
68.4064966887
74.1353311258
70.4036688742
79.413794702
77.2741721854
90.0747549669
84.0960728477
91.4824304636
91.8234834437
87.6961390728
85.5779933775
83.0197682119
83.9051324503
80.3700264901
88.4658675497
84.5683046358
85.1791589404
78.7942450331
83.8995033113
79.1726556291
77.9721655629
78.3396423841
87.8823509934
87.7837417219
85.4609735099
88.9590397351
82.5319403974
82.3617152318
86.5132317881
87.9345562914
77.9463046358
85.4665430464
84.1606357616
82.2573774834
84.4074635762
86.5296490066
75.8129072848
82.4560198675
87.284589404
91.7174768212
86.0746754967
85.2521589404
86.7366556291
83.0066887417
83.3272582781
84.6254370861
77.9290264901
77.2299801325
78.362
83.319781457
72.597384106
87.0332119205
90.1559337748
86.9439271523
84.6147483444
83.6459536424
83.4095695364
89.5104768212
82.8128013245
78.6139205298
86.6516887417
90.0433576159
89.1808675497
87.5434172185
87.8921986755
82.7938741722
81.6371788079
87.0873178808
88.4534370861
86.8641059603
87.6188278146
85.8724238411
78.2521192053
73.9540529801
72.9344304636
81.7280596026
85.2781854305
93.5494304636
88.3042980132
90.0283774834
90.8134503311
89.0627417219
89.6531258278
74.1540331126
81.6816225166
81.6613245033
83.4053708609
85.3924370861
75.5487615894
79.0774701987
85.4306092715
87.8697880795
91.4205761589
91.9479801325
87.3680529801
89.935192053
85.5048410596
90.0105231788
88.4572384106
85.7337483444
78.0102317881
87.5274172185
88.6285298013
86.8943642384
92.7357284768
90.239615894
88.9339801325
92.6457682119
92.2100794702
84.9166357616
88.4570596026
80.3911986755
86.206
76.7678410596
64.4667019868
86.1742317881
83.2523708609
86.6772384106
80.222410596
85.3383642384
77.3945562914
80.2498609272
92.1487748344
86.9923178808
83.9267549669
83.7870794702
81.5994370861
78.4604635762
81.853602649
82.5637350993
80.2869536424
83.5493907285
86.8315960265
87.2817086093
82.7154039735
80.598013245
84.2694437086
86.9417284768
87.6575496689
85.1949271523
84.3098278146
87.0685496689
88.6855364238
91.0725231788
84.2061125828
74.542410596
80.7346092715
88.2063245033
72.1928476821
72.4206953642
83.5142516556
83.6073509934
84.865615894
86.5256556291
69.116205298
63.8916357616
69.6261192053
69.1353245033
85.5425033113
73.7256423841
73.2277152318
82.9833112583
76.7249337748
75.938807947
68.8318211921
72.2412715232
74.0491854305
63.758013245
72.1456490066
73.2686092715
75.4800860927
62.5446225166
57.1203509934
73.5518410596
75.2298211921
77.462205298
74.962218543
78.7283245033
78.7335364238
81.8109602649
88.1379470199
85.9945298013
88.9908344371
79.7946423841
71.7202582781
81.207602649
80.3587682119
86.6334768212
73.3625165563
79.3010331126
75.3401854305
73.6029933775
75.6749006623
77.5553774834
91.7991788079
83.910589404
89.9494039735
89.1227483444
82.0221192053
83.0679072848
82.1629006623
76.1581655629
79.1239271523
78.2252516556
82.1049602649
74.4066556291
84.4703112583
86.2807483444
66.6965099338
76.007410596
64.5182119205
82.4656556291
87.4484503311
63.4947682119
76.0013907285
60.7579006623
58.8827019868
77.7734768212
71.0748609272
68.2668145695
74.9218543046
77.3761456954
81.7958874172
78.8031655629
75.8986423841
82.9184238411
82.2166622517
88.9096622517
71.3301059603
60.3238013245
63.9861192053
57.4716490066
62.416013245
66.0278543046
76.9255562914
57.5918013245
72.3385761589
76.0542317881
84.5534834437
78.0565827815
72.548807947
64.0568675497
72.514397351
75.9690529801
81.9819205298
75.6370596026
70.7788476821
63.7990397351
65.0577880795
70.1952847682
78.0061854305
78.5405099338
78.131986755
74.6265496689
76.8035827815
71.0300596026
78.9974172185
63.9721258278
56.706397351
59.1571788079
59.2849602649
73.2195562914
78.7904437086
89.622192053
82.8557615894
73.3412251656
68.1189933775
60.5682913907
63.5326225166
81.8259602649
84.3524370861
61.1421788079
67.6098675497
61.1900529801
54.5938874172
48.9518741722
62.3015960265
77.4906887417
78.8621523179
75.5250927152
84.0437417219
80.2495629139
80.9065231788
79.4281192053
83.5889271523
84.8804304636
77.4221125828
66.5831854305
66.0364834437
78.9869602649
73.723781457
63.2777417219
92.2759006623
82.4751655629
80.6063112583
76.6764370861
80.5928675497
86.684794702
90.5427350993
70.9611456954
81.9559271523
79.7444569536
73.7970662252
84.2428013245
72.9009933775
68.6649933775
54.1404900662
59.2537880795
75.8250264901
66.3646754967
79.5527284768
87.6229205298
81.5504370861
77.0594635762
71.0047218543
64.9578874172
62.6289139073
65.717013245
68.4051125828
67.0954701987
64.912
73.6516225166
71.7049072848
80.8164039735
84.0177284768
79.010397351
73.4554238411
67.2154900662
77.8498410596
73.8063708609
75.984794702
80.5662913907
65.8680264901
80.9543112583
83.4355695364
70.3282980132
72.7595761589
66.6295496689
66.5697549669
84.3709602649
81.2166821192
82.0713046358
75.9776821192
74.8836556291
68.9010529801
82.9667417219
80.9602251656
72.1375695364
74.4312847682
84.848218543
80.3747880795
81.4281721854
85.8748675497
78.8320927152
78.8359602649
80.6432781457
78.2572781457
74.5109271523
74.1914370861
72.9954834437
70.2652450331
74.0936754967
72.9703245033
71.7276291391
74.0329668874
67.4452649007
69.4051523179
87.1798807947
81.3206556291
85.912218543
74.5029801325
70.0907682119
90.5718013245
75.0154768212
74.3529735099
80.5878344371
81.3291523179
79.104013245
78.8725430464
81.7112715232
79.6287748344
87.3029668874
80.9818278146
74.9375231788
80.614013245
75.1368675497
73.8165827815
81.2005761589
79.9084238411
80.7855430464
78.894794702
73.8280198675
84.9243708609
73.8581258278
74.015397351
75.8870860927
87.0906490066
71.8186490066
71.1972384106
85.8103509934
88.4554768212
90.7733642384
81.3703112583
75.1158013245
77.8862913907
81.3463046358
79.7336821192
77.3034569536
77.8920331126
85.1627218543
90.644
90.7726490066
84.7193178808
79.8159735099
82.2087483444
81.2835033113
83.5701390728
74.3504238411
75.9365562914
77.6735231788
82.1446490066
93.7173443709
82.946384106
80.443410596
85.7145562914
82.997602649
88.673410596
87.9048807947
83.6024370861
81.6638874172
82.9508211921
82.2429271523
85.0027748344
85.3114701987
81.5518675497
77.7331390728
73.4127483444
77.2202251656
74.4143642384
87.0040662252
87.8228675497
86.6708278146
85.2304238411
74.5435695364
81.833589404
89.8806357616
89.177205298
88.3007615894
84.9858874172
88.6519006623
87.0148344371
86.1669735099
83.9187682119
83.6073112583
85.7580596026
94.3234370861
95.2893377483
93.0852119205
85.6952317881
83.2341655629
65.4386490066
72.633410596
88.2598940397
92.4515231788
88.7406821192
82.4427019868
78.1654635762
85.5942913907
87.9355364238
94.4546291391
90.7708940397
83.4770397351
89.3643774834
90.9754701987
84.6912317881
89.156192053
75.7935562914
66.4004039735
84.4422980132
82.3436556291
91.4086953642
82.5362715232
89.2354635762
87.1336357616
82.2523907285
85.6600662252
85.4105562914
84.4349735099
88.0784635762
88.3825629139
88.5527615894
80.7681589404
84.2248675497
82.8886754967
79.139807947
81.5795562914
89.7805231788
88.5406556291
84.4687880795
90.4843178808
78.6021192053
84.9425827815
85.1902649007
84.9596423841
91.9115761589
89.588218543
76.2354834437
74.6739668874
69.6689006623
88.4098278146
80.7542251656
81.8062450331
74.9654503311
77.3724966887
86.7349735099
75.6164900662
76.7363642384
81.8884768212
82.2523708609
90.9338874172
84.4234569536
79.5780596026
79.3787417219
75.4982649007
69.4856622517
77.5289006623
76.5979337748
83.5846953642
74.7771059603
67.9768940397
63.3999801325
82.3530662252
80.3510860927
81.642218543
77.713410596
78.7540529801
86.1249602649
78.1598278146
74.5902781457
74.563589404
75.9997682119
73.9889933775
71.317781457
78.2278013245
65.2574701987
56.0793046358
60.8521324503
71.4855629139
73.536013245
81.2015099338
92.1910794702
95.2701258278
83.9805827815
85.6845165563
92.4173642384
89.2857019868
90.5477019868
87.6386490066
86.6612516556
87.8747417219
84.8469337748
76.7184370861
70.1296754967
62.6643178808
60.3907350993
79.2805629139
77.189615894
73.6235695364
82.0321324503
88.4339602649
60.6400264901
78.4931258278
83.5929337748
68.1134172185
80.8872384106
78.4591854305
83.5006622517
65.9436556291
66.3841059603
88.1350463576
91.2672781457
87.7088940397
72.9650066225
86.3188278146
85.208781457
88.6634304636
85.6605960265
68.5038476821
72.681410596
64.7850463576
77.0858940397
61.4339006623
73.9122450331
75.1733907285
78.0573112583
81.3921854305
71.2855827815
76.9511523179
71.252013245
72.7803509934
79.1717019868
78.9848410596
85.5823708609
68.6171192053
64.7209271523
58.4640264901
79.5213774834
63.8934635762
51.3581258278
50.5979205298
76.0679139073
72.8822649007
76.2735364238
77.2893046358
69.8693245033
68.4907284768
87.9782317881
67.2634039735
65.1216688742
77.8628410596
84.3337483444
84.0723178808
64.6198145695
62.3093046358
82.7692847682
77.7443708609
73.0870463576
79.5137615894
67.2552119205
67.0808609272
84.1528410596
68.133410596
60.7373112583
68.546218543
73.021
77.5675364238
80.2696953642
64.5509337748
76.7409470199
82.7319337748
75.344986755
82.4836556291
73.4198145695
84.7528344371
89.9608013245
89.5281854305
71.5112980132
67.025205298
74.0584701987
66.7135827815
68.3361390728
52.8606953642
57.445218543
68.8330198675
75.8992980132
83.5420927152
77.0859933775
71.0251986755
73.1734701987
67.1484172185
49.4894039735
67.2662516556
70.8613311258
62.2495827815
60.3884635762
60.9524370861
59.2876225166
61.4542450331
59.4333245033
59.6563311258
59.8041192053
61.9045562914
58.0156556291
81.1492649007
79.840205298
71.5220264901
72.4660794702
83.3040066225
67.2647880795
65.9953642384
61.7803907285
65.7680728477
76.1132450331
67.7163178808
64.2932119205
69.9815430464
64.0186490066
63.632602649
70.1438741722
70.9129337748
82.2277019868
73.872218543
86.1015231788
80.3026556291
80.9696754967
69.4883642384
63.7180794702
65.1620066225
61.6823576159
60.7833046358
61.6831523179
56.1171788079
67.2834039735
54.292589404
55.5638807947
54.5325298013
60.6346490066
62.1718741722
55.9452582781
69.7226556291
84.4929072848
72.6952450331
70.5584834437
73.8923311258
70.2721258278
63.8896357616
89.9098344371
91.8157748344
84.9085562914
74.0927417219
88.3826225166
87.0753576159
90.1431854305
77.5359668874
74.1977284768
79.8185165563
78.5290927152
80.4848344371
83.8692317881
78.2326821192
76.8056225166
76.8670728477
88.0670463576
75.843410596
77.2485960265
68.7962847682
70.0275629139
71.2026357616
77.0650662252
73.2803708609
73.145781457
85.9474370861
87.0917152318
75.9995033113
93.4176357616
92.6653509934
93.1322781457
83.8699602649
80.3463443709
80.1849006623
73.0764701987
70.2681324503
82.0826556291
78.6049271523
77.6221390728
76.8037748344
80.4462781457
79.3897880795
78.4103708609
80.4258940397
72.3085231788
80.4678278146
81.7098543046
79.3455033113
74.1741986755
83.8294304636
75.1930066225
80.9692847682
82.1209403974
80.5900529801
84.681384106
80.1937284768
82.1514900662
74.2862847682
77.0375165563
86.1430860927
85.3148013245
75.9693576159
87.1655165563
82.3243377483
80.1199602649
94.0102384106
83.2001655629
80.2907417219
86.1586556291
82.4293774834
77.3663907285
76.489986755
89.0330066225
90.6169735099
89.1868344371
89.5305364238
77.9337682119
81.0591390728
82.1987218543
84.2346754967
80.2196225166
87.2156225166
84.1560264901
81.3099668874
85.1991721854
79.9708543046
85.0872715232
85.5259403974
84.7073509934
79.3350993377
87.2296092715
92.9439072848
75.7075827815
83.5937284768
86.0083377483
86.512192053
88.5789801325
81.8910596026
77.847192053
86.283410596
84.4059536424
81.3094172185
95.881410596
93.9273443709
91.0748344371
86.7267218543
92.3014304636
88.1184635762
77.7650463576
79.3686953642
90.4288013245
91.4724900662
89.864410596
87.2849139073
85.4373708609
88.7418609272
86.9066092715
80.1624039735
87.0476887417
87.7524635762
72.9438807947
84.7520198675
85.9395430464
80.1940066225
87.6590927152
86.4704172185
70.7257748344
80.0867086093
78.7797748344
81.3476357616
88.7062516556
85.9714834437
91.4333046358
86.5070993377
91.3785165563
87.0594569536
88.9919735099
82.4330993377
80.3077615894
90.8646092715
87.6074503311
87.604410596
75.3232119205
81.182794702
87.753384106
81.5267549669
76.0239668874
78.4521324503
72.960602649
70.1090198675
77.3036490066
77.7626225166
83.5477880795
80.4594834437
84.1646688742
85.5015165563
89.8361324503
91.3642781457
94.2944834437
89.4392516556
87.6655562914
87.6252715232
82.3456092715
86.3094635762
67.1081125828
72.4656887417
70.9919801325
70.3331721854
70.1372516556
72.4448940397
92.2145165563
85.0318145695
87.0368940397
76.5759139073
91.8634834437
93.4392649007
90.9789337748
86.1048211921
92.2575496689
92.6702715232
94.4993642384
91.7003245033
86.477615894
84.2117019868
87.6146821192
85.3836688742
84.5264768212
86.4867483444
83.0444900662
70.4471059603
62.8356291391
64.7359933775
76.0265761589
95.3802715232
92.7286357616
93.6567549669
87.0153046358
65.1380331126
76.4207218543
74.3919337748
72.035205298
72.7108278146
74.3346423841
74.012807947
64.8918278146
65.6474701987
63.5446887417
63.7167019868
65.9991324503
75.7083443709
77.8266821192
90.4305562914
86.5569536424
88.1339337748
75.5488741722
73.6229139073
78.7201456954
92.859410596
94.6453112583
92.7383907285
68.4748741722
74.1317483444
73.2636622517
70.6404701987
81.244602649
72.7342450331
86.539602649
79.8046092715
62.001615894
78.1059403974
66.0550927152
77.7381390728
66.4181192053
67.987781457
78.3604834437
80.0917417219
77.4489205298
86.1935496689
76.4376953642
68.9624172185
77.5463311258
82.8153576159
70.9527483444
72.7919668874
73.875192053
62.0764437086
68.8312384106
68.1158874172
64.0517218543
63.3719602649
58.2671125828
58.2741125828
48.7108940397
48.1603245033
49.9900264901
61.567781457
76.3935165563
72.9467682119
81.7807152318
89.1885496689
88.7310927152
72.1524701987
69.3906953642
70.3241125828
61.6689668874
78.8043907285
59.4518807947
87.4443774834
70.6188013245
73.3320927152
78.6714039735
73.4730794702
64.9771258278
77.1707748344
68.0354635762
69.0180463576
87.347205298
87.1362582781
87.1582913907
74.5142781457
67.2408940397
60.5524304636
80.6782980132
67.5581258278
90.167192053
86.9171456954
87.0710596026
71.4206291391
88.8425033113
91.0129668874
82.3493311258
81.2596688742
82.5388344371
73.8418741722
65.7493112583
69.8420198675
69.6516092715
77.9533311258
90.9334768212
92.038013245
73.6414701987
91.6008940397
82.2431390728
82.4639735099
80.6512913907
85.1705960265
84.094602649
74.115986755
77.6470264901
78.2904966887
88.0938145695
76.3720993377
86.0271390728
69.2075761589
80.3045033113
73.8076225166
74.9557086093
74.4890662252
73.6232582781
68.0706092715
63.3659271523
61.1839271523
60.8608807947
65.4539006623
82.3458874172
64.3849139073
64.2159139073
62.7149536424
66.2022450331
69.6824569536
67.5096291391
68.6235496689
77.3220596026
74.2289006623
77.8262516556
70.6274370861
83.2620463576
80.6403642384
80.6806953642
81.0298807947
78.1200463576
78.194
73.970986755
87.2861125828
82.5501324503
87.923986755
88.4574569536
84.6395033113
73.754781457
91.7904370861
84.4836688742
74.7137748344
73.6303046358
76.0370728477
64.5279801325
65.496807947
89.6071125828
78.5387417219
75.1715165563
73.2325562914
79.6825960265
80.7560662252
69.7502649007
82.6908211921
73.9309536424
92.1406490066
82.7983509934
77.2575165563
78.2211324503
74.638794702
88.6371788079
80.714
75.732602649
76.7885562914
78.9450198675
79.5229205298
88.9839536424
82.6877880795
76.2140728477
75.1356887417
79.1208940397
79.0616887417
78.3654437086
85.5123377483
75.4005629139
83.147781457
80.3245033113
78.6569470199
79.3755695364
80.063
75.7127019868
80.8288874172
84.926794702
80.4607483444
79.2419801325
86.1943576159
87.7833112583
83.6826357616
78.5282582781
83.2425298013
82.8571059603
89.0779139073
83.3414635762
78.1828013245
81.3059668874
75.8958675497
80.029602649
87.7392516556
83.3183311258
78.8781192053
75.6950198675
79.6572317881
80.7816357616
77.1647284768
78.0505629139
70.4373377483
76.4424701987
75.6380529801
72.077410596
77.429807947
93.3994635762
86.9111390728
82.9373311258
84.8597549669
70.8015298013
89.1575761589
89.7797284768
78.7464437086
82.7873178808
87.6279139073
94.5284437086
89.2924172185
89.5033112583
88.4546423841
83.0126092715
79.7994768212
75.5903377483
84.5384172185
80.3738211921
81.8446688742
95.452192053
90.1635099338
81.1604569536
81.1557682119
94.1565562914
82.1377417219
80.1822251656
89.505218543
87.3710331126
91.6826291391
79.3764834437
80.6377549669
77.8012516556
88.786410596
78.5113576159
88.8109271523
85.1573377483
83.9842251656
87.3303311258
88.442615894
83.2638874172
92.8015298013
85.2666688742
88.9723443709
94.3298807947
90.3448145695
87.4503245033
85.3383642384
91.0939072848
93.3465430464
81.6673046358
72.3777615894
78.1986291391
89.4874834437
89.8091655629
90.6841324503
78.034986755
89.5768013245
86.6220066225
82.8424900662
90.0108609272
94.2116754967
82.1577086093
81.7163178808
90.5427748344
95.2824701987
93.9793311258
89.5720728477
84.3085496689
91.0290662252
92.8791125828
80.6718543046
92.762807947
90.0946490066
92.9759072848
92.9201390728
81.6919072848
84.8739006623
84.6311456954
85.7832317881
87.0478543046
80.7801721854
85.8170066225
82.1374966887
84.4710794702
77.6731324503
76.2202582781
83.9447284768
85.1704370861
79.8104238411
84.5409006623
83.3777880795
88.5551788079
83.8791456954
81.1583178808
85.8115099338
91.5553178808
90.5898013245
88.9837880795
89.8866423841
90.0008609272
89.0383178808
80.1506622517
85.3703907285
93.6692251656
84.499192053
81.0652251656
80.1681523179
94.8576423841
79.8752450331
83.8015298013
78.7702119205
86.2601324503
77.9239735099
76.7041523179
66.3551324503
87.6671390728
79.341205298
74.9385430464
85.8885099338
86.0631589404
78.1298609272
81.2532251656
93.1684304636
87.0893377483
76.6953311258
76.8425099338
78.5731324503
86.1456225166
86.2468211921
83.8307417219
80.3777682119
86.0596291391
72.4741655629
76.3753774834
87.7853774834
86.8441655629
91.3515364238
85.0590463576
85.8562980132
85.0133509934
81.4387086093
81.0006357616
74.2660397351
92.1510529801
75.9629668874
85.9804503311
88.3296556291
77.7992119205
74.2007483444
86.8228940397
85.4645033113
81.8814768212
91.6698741722
85.6521456954
90.9161854305
83.9648675497
74.2465629139
81.8363708609
69.2337748344
87.2990331126
91.5307086093
80.867781457
87.0970927152
85.0494768212
90.6080397351
84.5291721854
86.1378543046
74.0108211921
86.9303112583
68.2386423841
85.9528476821
87.8500728477
74.8433311258
66.1957748344
72.1461854305
78.850781457
69.7324370861
68.4450198675
87.2938543046
86.2196754967
65.2001125828
61.3586291391
65.6244569536
58.6568476821
52.0449602649
55.1322980132
54.7863046358
83.1688543046
75.0075099338
64.7607284768
84.970410596
67.0310463576
64.2130596026
53.1915231788
53.1875761589
49.1377019868
51.4813642384
43.7128543046
93.0217152318
73.6685430464
74.8882980132
71.7320066225
82.2165298013
78.8688940397
75.7444900662
69.1859735099
64.2469006623
58.518807947
56.1808940397
50.6320397351
44.6838278146
43.1650397351
46.9251390728
47.4747152318
46.0754238411
43.8793245033
53.3805165563
73.2423377483
78.888986755
79.3716887417
76.2312251656
68.9118013245
66.6698807947
59.7860066225
70.7787019868
61.5858940397
53.766192053
74.4424834437
82.073410596
67.5280927152
67.7993576159
76.1920198675
80.6374834437
78.3796556291
71.5660198675
64.9314569536
65.7419536424
88.6962980132
83.2895562914
84.4671390728
82.7216622517
75.3451986755
78.8547615894
76.6640993377
56.7955496689
54.4544370861
66.6189139073
72.0138874172
57.3193509934
56.8164966887
65.5371721854
74.1677549669
65.3828145695
84.3925165563
73.9952781457
74.1389536424
79.261
72.9984701987
80.0752980132
77.8932847682
73.4592582781
70.6614834437
85.0146092715
69.5371523179
63.6186622517
61.2092251656
65.9995695364
66.2320397351
63.1780728477
68.206410596
62.8094701987
60.9609139073
63.0297748344
66.6165629139
72.5222119205
84.4174304636
85.7991456954
91.1611721854
83.0993377483
83.602384106
79.4313443709
73.5872516556
86.7422119205
74.4964569536
66.8735496689
83.4100463576
68.3720066225
66.2368145695
63.1910860927
65.5008807947
71.3283642384
64.0930529801
66.4750397351
63.4436754967
81.9842516556
77.742807947
71.1744635762
65.6692450331
71.735192053
64.8749536424
61.3971986755
68.3794768212
70.8103576159
70.0384437086
57.1221788079
52.9282119205
58.7154966887
60.6010066225
60.5930596026
62.7026357616
57.194615894
75.1804834437
70.1528344371
75.5215298013
84.9440264901
69.8775099338
69.6803576159
75.6554304636
69.5990463576
84.3747417219
69.9543907285
68.9933509934
72.7689801325
65.5496953642
73.898602649
72.6313311258
84.4973046358
72.8283311258
87.4667218543
76.9306490066
77.2082715232
70.271410596
72.6564238411
72.2924635762
77.8527019868
64.5331854305
78.1069403974
89.8072649007
85.4705231788
86.9909006623
80.5094238411
78.5606225166
82.2564503311
78.7281258278
82.5077350993
80.4728013245
81.3886953642
77.429205298
89.789807947
76.8671721854
76.9116887417
68.1344304636
74.1502781457
73.9399933775
75.5994834437
78.6018013245
86.9522649007
88.6770529801
88.9362913907
88.5647615894
80.3373708609
67.3337682119
67.9329139073
75.3601655629
92.7020198675
94.1957880795
84.8914569536
89.026397351
90.364218543
90.3448410596
90.335192053
90.5088278146
89.0076887417
89.8806953642
82.7982913907
83.8969139073
88.4592980132
89.2662582781
91.7556887417
82.8810728477
75.1541192053
84.7385165563
75.8804768212
83.4730264901
86.3847152318
79.885615894
83.7449735099
76.5513311258
69.8924701987
74.3168476821
79.0839536424
86.063384106
86.7329735099
71.2013046358
77.6086688742
88.3941059603
88.2793576159
79.058205298
88.6162582781
89.2869403974
86.3718874172
92.0954635762
88.7453642384
83.1664569536
91.371807947
71.0203907285
82.2958675497
89.092589404
94.0616092715
89.3373178808
90.0690993377
88.5116622517
86.3302715232
81.8249271523
95.4496291391
95.8514635762
90.5177086093
92.2471192053
88.5459403974
72.9394437086
88.4665562914
83.568602649
90.3361986755
86.0309470199
93.8969139073
84.5329735099
83.5102980132
85.6544768212
82.2401192053
77.2710264901
80.3692781457
87.164794702
92.7992980132
90.3064039735
78.9532715232
91.0214172185
88.2964635762
88.9999271523
83.1029536424
94.7772582781
91.1854701987
90.6927682119
91.7475695364
86.5885033113
93.6623112583
92.3060529801
93.5955033113
91.5070794702
89.018410596
88.0833907285
86.2943509934
95.806781457
89.9622251656
92.1113377483
94.1650596026
89.0522781457
91.052
84.3319403974
76.3601324503
86.9688211921
83.1894172185
87.0561192053
85.2948278146
88.2661986755
91.5553443709
91.2070529801
86.5734238411
85.9584635762
89.1503509934
82.1695496689
82.9390397351
81.8760794702
80.4644172185
81.9124437086
92.9646225166
92.0504370861
94.7193708609
92.0342119205
88.5245960265
90.3092913907
84.3645629139
90.779192053
89.027384106
86.7221986755
97.0009933775
96.0940860927
85.3046556291
89.4387748344
84.6567483444
74.5350331126
75.2179801325
86.5321589404
78.8657152318
70.7969006623
92.8053377483
87.4897152318
79.6754437086
78.8325298013
90.0520927152
88.047410596
91.253602649
69.0273377483
79.2359536424
80.0479470199
87.0549337748
81.8525827815
81.0029006623
87.7802913907
84.0
85.9855033113
73.3273311258
72.0563112583
84.7593245033
70.225410596
70.198807947
74.4091854305
79.2712516556
73.7290463576
66.8266953642
83.0813178808
93.5355298013
85.2495761589
75.0829801325
69.0091258278
80.7920397351
65.0485695364
76.8008344371
53.5208211921
79.2254172185
58.021218543
74.488781457
65.1029006623
59.7844172185
84.8483311258
74.1711192053
74.6708609272
74.7121390728
53.9542913907
56.8870066225
74.5338807947
92.7441125828
69.8947284768
84.6455960265
81.6865033113
69.1211589404
74.2168543046
62.8270662252
72.4355562914
86.4386225166
86.9956622517
89.1175496689
86.050397351
82.2362781457
72.5717417219
89.5707284768
77.3385033113
88.7979403974
73.7221125828
78.8180860927
69.3532516556
66.3301986755
89.9901456954
80.4370860927
88.3368543046
66.7421456954
70.4845033113
65.1649139073
66.7170794702
71.0133576159
74.2198940397
66.8354635762
53.3922582781
61.3829337748
68.2668807947
57.4449602649
88.9386622517
92.0741655629
79.1144304636
70.532781457
75.227602649
68.7197086093
61.3873708609
57.9651986755
58.675781457
58.6527880795
62.1085562914
55.2277682119
43.883
41.0442450331
44.5705298013
44.6181258278
54.5315496689
61.8021655629
57.8772715232
63.3223642384
65.2969403974
58.1281258278
54.4752847682
81.1555827815
86.6306556291
84.1403377483
75.6311324503
74.7642317881
83.1995761589
78.9983509934
69.6830331126
60.8061986755
84.6263112583
65.9416490066
59.4917152318
54.0655496689
64.0908741722
51.233218543
53.7138013245
57.5463443709
55.6339337748
57.7043443709
66.1490198675
88.964384106
76.0995496689
71.2016887417
63.5732251656
71.9382781457
62.0648476821
76.0555231788
65.9577615894
69.7619801325
76.7719403974
81.915589404
79.5539403974
78.3186821192
64.4386490066
56.555384106
62.1859668874
78.1393377483
84.8535165563
76.4460596026
67.9639139073
63.4783774834
68.2506622517
61.7845695364
65.3394437086
60.4500463576
62.5415629139
61.8032582781
64.2747350993
65.3927086093
56.5222384106
53.5139403974
80.7239006623
76.9434503311
81.7494370861
76.1903642384
74.672410596
69.2302781457
65.5060066225
71.0903907285
79.0601655629
76.2939205298
75.1997483444
70.5400927152
67.9920993377
67.5328609272
67.4442516556
83.1310794702
86.0448940397
77.9234701987
71.3042317881
63.9240198675
69.4857483444
62.2546556291
63.467397351
64.4359602649
59.981781457
71.4484172185
66.3714900662
60.1655430464
64.1609933775
59.063013245
61.1940993377
66.3378543046
63.8270264901
79.9158543046
83.5918741722
82.9099536424
81.2625827815
71.8124966887
74.5084503311
74.2373642384
89.4867086093
79.5841589404
85.3016423841
75.2037284768
76.457013245
73.3758145695
68.2380662252
65.8408807947
66.9024437086
68.5008675497
72.5791258278
74.6870662252
93.076218543
81.2210463576
90.5252450331
85.428410596
81.4193907285
77.1285430464
76.6637880795
79.9426754967
83.8896423841
82.436192053
87.3114238411
96.2342251656
85.5000662252
84.0579668874
81.5254834437
81.7946622517
82.7622384106
85.3626225166
85.5136821192
72.9441788079
71.9622582781
76.4212649007
74.9804569536
90.5927086093
89.2242317881
88.834986755
94.2256887417
81.7580066225
80.6581192053
86.0017549669
79.7531192053
80.7919536424
83.9083576159
83.308589404
82.4873576159
80.3088874172
86.7315430464
90.281013245
70.2753642384
75.5938278146
74.9025496689
83.3738211921
88.1609933775
85.5771456954
86.1214503311
77.6606622517
78.8758145695
78.9464172185
89.6164966887
94.4914900662
87.7109403974
94.8658543046
79.8758874172
82.4437218543
84.4416490066
84.530615894
78.1226423841
76.0655629139
77.3361655629
78.8721390728
77.9243576159
80.8549139073
81.8366357616
82.2409006623
84.3415165563
72.4558741722
69.5401324503
78.6241589404
81.3954768212
88.6124503311
85.644794702
84.5458675497
87.4868675497
76.4461059603
77.7814635762
89.1860794702
83.1111986755
85.031986755
83.0467615894
81.4954503311
82.4851854305
82.759794702
90.2028940397
88.7637549669
92.7061258278
84.9870529801
96.3077152318
89.5933774834
89.4840331126
87.3126092715
89.076192053
89.744807947
81.9898410596
83.001205298
78.4310331126
81.2228476821
75.3932781457
75.7695231788
91.6681059603
71.5960927152
89.3928609272
78.2387483444
89.296807947
81.3664238411
89.2354768212
87.3598278146
82.8440794702
82.1339072848
87.8150331126
85.8265298013
