80.6508093023
82.090744186
82.3703813953
82.0773627907
77.8504790698
76.1737581395
75.5463860465
91.0080883721
81.3592093023
91.9443534884
89.2904790698
85.0275209302
81.0503162791
77.5776046512
82.7094511628
86.4012
78.7747069767
79.7980651163
82.7510186047
82.6442093023
80.1654790698
89.9868651163
76.1381627907
76.1366790698
77.8527534884
79.8142883721
86.5698883721
81.4755534884
87.8376790698
80.6283674419
78.2118744186
85.7577255814
68.3436790698
73.2974186047
79.1218139535
80.3267767442
85.2247674419
69.7618465116
76.7216418605
75.1057674419
61.4159023256
92.4755395349
95.5616976744
89.4730837209
83.4715860465
81.9546372093
80.6093395349
84.5577674419
88.8666186047
80.2466790698
76.1294651163
80.6011953488
87.8311069767
80.0328790698
76.8887348837
72.6884465116
68.480172093
62.7613116279
66.3760651163
79.8826511628
88.5385627907
89.1762
82.6872511628
83.4178930233
70.3663860465
79.8745627907
78.5014186047
79.0326744186
87.6540465116
68.8574418605
77.5836186047
88.3404976744
91.3323488372
92.2524139535
69.1005209302
82.4849255814
82.2102790698
84.462827907
74.8100837209
54.1427581395
77.6960418605
63.5444325581
80.1172325581
78.1431581395
71.8775581395
76.6393302326
89.4656883721
90.226572093
87.8265348837
88.4585395349
83.1872
80.8979488372
73.3508883721
85.7164976744
82.3357116279
85.205772093
79.3923860465
74.8031209302
59.9327906977
54.0695162791
76.7535255814
64.7821581395
60.5135348837
58.1801395349
86.4272511628
87.103172093
58.9169255814
64.0829302326
72.7697395349
81.2487302326
85.4477813953
77.4266744186
71.901227907
83.8475767442
77.044172093
77.6392883721
65.8507023256
73.3974139535
77.5957395349
74.5081348837
61.581455814
75.8472325581
82.2884186047
77.1355488372
79.696
63.8446976744
51.7046
51.7233627907
63.8178930233
85.2057162791
77.7126186047
72.1675023256
64.7342186047
59.2082186047
51.9475488372
67.6101627907
78.459544186
71.555544186
75.5239116279
63.8082139535
76.8795581395
61.6926511628
86.6597209302
72.7741534884
56.807027907
84.8208186047
67.6161209302
63.6450186047
55.2634697674
58.7326697674
68.827544186
61.9261255814
55.2161488372
60.1210883721
71.8065302326
88.3494372093
77.2564790698
74.7402372093
74.7789302326
73.2128046512
68.8944976744
70.8662139535
69.2790744186
74.8549813953
84.1486604651
77.2615162791
71.7321627907
85.7893069767
74.4336930233
72.3336186047
63.5467906977
85.5373953488
90.945372093
73.1854186047
67.9294418605
67.6961581395
70.6207813953
71.913972093
73.0979627907
66.5016232558
64.7405069767
66.5646837209
72.5615627907
75.4459627907
70.3677116279
73.2730046512
67.0036511628
69.1313348837
82.5190139535
71.7945023256
68.2576651163
68.4997767442
77.2581348837
73.0458465116
72.5781348837
79.4986976744
80.9654139535
73.5871488372
72.2939255814
74.3154604651
72.1849209302
66.5749627907
73.6020232558
73.7924093023
82.6846139535
76.8132418605
74.1318
74.9277348837
76.4075302326
71.1282
74.9615023256
71.3206604651
79.0474465116
80.3768
80.794455814
74.836227907
69.9359209302
70.9506186047
76.5560325581
75.0669813953
85.8186511628
74.6334651163
81.5144976744
83.1149348837
74.439172093
78.2597488372
85.6656418605
73.1563069767
81.6916976744
76.5767767442
84.6798093023
77.9143674419
81.6681674419
82.0320604651
79.0065581395
79.7014046512
82.653772093
75.9693116279
76.5726651163
73.0513348837
77.4493069767
73.4425348837
72.8252697674
77.3309209302
78.0951488372
78.7237069767
77.9506790698
72.0287534884
75.9278930233
83.4819627907
90.622427907
81.3023302326
80.7231860465
81.1742418605
79.6390139535
64.5651860465
70.804027907
73.9502651163
65.7943348837
64.1105627907
73.5356883721
85.3106325581
77.8773813953
81.7064976744
76.8781860465
74.4335627907
79.5946093023
81.3803488372
79.6645581395
85.9903023256
75.9162418605
74.1806697674
73.3261767442
69.5016325581
67.2268511628
76.5715581395
82.4903488372
81.119972093
85.2927488372
81.7024232558
78.0855906977
73.7172139535
78.635772093
75.478744186
79.0979162791
82.0054651163
82.9624418605
92.0472046512
78.2328930233
75.6447069767
76.3075348837
78.9518093023
83.6371860465
78.5577674419
71.1674790698
66.2859395349
67.1313488372
41.413544186
57.4055302326
68.5635069767
86.9162883721
85.8674465116
83.6295162791
87.1743255814
82.1587395349
89.7618
69.2917348837
83.4320372093
81.2813906977
80.571027907
79.1069069767
85.1918604651
84.4904465116
81.7277534884
80.3762697674
86.1928837209
92.0067209302
92.3660837209
87.0854976744
95.0803767442
87.9843627907
88.9353069767
84.5492325581
81.1237534884
90.4648186047
84.8316046512
86.1620930233
80.6369534884
81.6729255814
84.5748930233
85.264827907
84.8333302326
84.4419813953
84.9239813953
78.6653302326
75.5614186047
81.5995348837
70.6487488372
92.2147488372
80.3976139535
87.429344186
88.6611534884
81.9525860465
80.9645813953
79.8781860465
87.1993581395
81.5163302326
79.5631302326
79.2205116279
81.7349767442
80.0732186047
91.5883116279
83.3238697674
76.1476790698
92.7487627907
80.9519023256
84.2755069767
87.1579488372
87.8155767442
85.5660232558
76.7721302326
83.1030139535
88.4206325581
83.9019395349
84.6834418605
76.6724186047
80.8665023256
86.3546325581
90.2858930233
91.7949116279
92.3084465116
89.3065534884
84.1845302326
78.1948511628
79.0798930233
78.6279953488
78.8997627907
76.9563488372
82.8582930233
82.5797023256
80.4489674419
82.763227907
82.0082139535
83.9508465116
84.1717069767
86.5520697674
84.0767813953
92.0346
86.7439953488
82.2880604651
79.243655814
82.7983906977
83.3032837209
86.1641581395
85.0186418605
80.7329581395
89.9602837209
83.0614930233
86.3205209302
88.3652511628
86.8935534884
88.3479348837
85.9423488372
76.9571813953
82.4269162791
87.4994511628
86.1837813953
87.8991069767
82.6365348837
83.657344186
89.2303162791
78.6191069767
73.6505767442
72.3988511628
73.2992976744
68.891144186
70.8023860465
67.2165023256
75.6589488372
76.892027907
78.2425162791
86.9373348837
80.3943162791
88.8980930233
75.299944186
72.273344186
65.6368418605
88.2593395349
80.2586046512
80.9726
79.0228883721
74.7626046512
75.2377581395
78.1058790698
86.8285209302
80.570827907
82.7498093023
78.058855814
72.4167348837
76.3171209302
77.4060418605
65.1632790698
84.7993209302
74.8571627907
72.2655813953
81.236655814
74.5427860465
82.1282046512
75.6826837209
80.6971627907
90.0294465116
81.7469581395
75.5333069767
77.0808465116
70.822255814
86.9024
74.9553767442
79.7532697674
77.0608325581
68.0851488372
71.5072325581
65.7426372093
76.310144186
81.7784418605
81.9632232558
76.2627627907
68.3981906977
58.9910465116
56.6606930233
56.1539581395
53.6568232558
52.102972093
67.5777860465
74.8125627907
75.9306744186
76.4485953488
79.3518930233
60.0766372093
76.9642883721
89.4851302326
76.7430046512
78.3209023256
76.5380046512
79.0882511628
62.2196372093
62.1687627907
78.5239627907
58.9917627907
53.3187023256
55.8623581395
55.1878
76.2392046512
85.9904930233
57.7782046512
49.1864325581
46.7137813953
41.756455814
41.643255814
42.1534186047
45.5249069767
53.1610465116
56.0616883721
59.0193581395
62.8761767442
59.0259906977
53.6190232558
54.9129953488
48.3420651163
70.4491162791
71.6032465116
62.7529255814
69.6975534884
80.9665395349
76.0776
82.3981534884
70.6627813953
82.3043162791
62.5646093023
68.3519534884
66.5170372093
67.065627907
71.0104511628
74.9177581395
72.1251906977
87.0348093023
86.9852186047
80.3873162791
66.7571674419
71.5391395349
69.4113627907
75.4661116279
73.3527488372
81.1583116279
76.4189767442
80.1546837209
68.7181116279
78.2956744186
78.5538372093
80.205572093
72.6410837209
81.568972093
80.6977302326
75.1918325581
86.3459627907
77.650255814
79.8123302326
85.3662930233
86.2685953488
86.3897906977
72.212455814
86.1154511628
68.6716046512
80.969055814
79.5262139535
73.9464883721
84.2306232558
88.3165302326
84.6120511628
86.6624511628
87.590255814
88.819744186
71.8910976744
69.1613209302
75.3059255814
89.3562465116
88.3443162791
84.0501069767
68.7069023256
72.0872651163
68.3994744186
67.1353348837
64.0224046512
79.6749302326
81.2512232558
77.9785069767
82.661372093
73.9229209302
73.344055814
70.5867906977
76.0977674419
72.8836511628
73.7611627907
69.7984372093
71.1102325581
81.9409209302
77.6354186047
77.8077395349
73.1446139535
78.6326186047
77.1363581395
72.7989395349
68.0138883721
72.5021162791
75.2857627907
84.118144186
92.4899069767
68.8222837209
67.0596883721
81.3534837209
77.8327953488
78.2544372093
73.8015906977
67.7351069767
68.9280604651
78.1509534884
72.5862511628
80.6849348837
83.7785162791
80.873427907
72.9749906977
72.8066093023
73.7430651163
80.2665813953
83.7330883721
76.0106651163
75.1149534884
83.4216
82.0538
83.9297023256
81.0807953488
79.6722372093
77.9886418605
86.0145674419
79.7224186047
84.3280372093
79.0962418605
80.3574372093
78.6386511628
81.3634976744
80.1849209302
91.2284883721
83.409255814
89.396655814
80.9466883721
82.9473348837
82.0270976744
81.9310325581
77.1208232558
75.5597674419
74.9603255814
78.9316372093
79.077255814
76.8927069767
82.0385767442
88.3295534884
74.6386139535
82.3021581395
84.4089488372
78.9903860465
82.3522093023
82.2419255814
79.8524465116
86.2097860465
90.8089069767
87.4587488372
83.2643116279
74.1054744186
79.8943581395
78.9216372093
79.9301395349
84.0588883721
87.4076651163
80.3850139535
74.2771395349
84.8234418605
77.9331581395
71.312544186
70.9696651163
78.1017953488
64.0616930233
65.0144511628
76.7816697674
74.0424186047
76.3917581395
86.8407627907
93.0030465116
89.2323069767
86.6476697674
88.2945395349
84.4374325581
82.1834
84.1651860465
76.3596
88.6375488372
88.0349813953
81.4315813953
69.8020930233
78.2133627907
81.7712
77.7099767442
79.6641767442
77.4540744186
81.531455814
89.6722046512
87.2737953488
82.0499023256
89.1381813953
89.6461674419
78.5278325581
78.5615627907
83.2956232558
81.7636790698
88.516944186
88.5324
85.735772093
84.0760511628
84.3724372093
77.4861813953
59.4433488372
80.7137395349
91.6728651163
77.1243860465
85.179172093
83.5070418605
77.1911255814
81.4456186047
89.3202976744
83.0070093023
87.360544186
84.0375348837
80.2444232558
90.5864697674
82.4324883721
79.6083534884
82.980144186
88.9342697674
83.6816651163
87.3408372093
93.1729860465
77.910227907
80.0612604651
89.6638511628
83.3119488372
81.7929069767
78.1735767442
84.5767906977
83.8201534884
81.1535813953
85.1219767442
88.3876465116
81.1182790698
86.1816744186
82.3138465116
86.8314372093
80.2919395349
78.3275534884
87.1061767442
86.7318837209
87.9321674419
85.4906139535
82.4686139535
82.8462139535
76.9162697674
68.4766930233
87.2365906977
79.4311953488
88.6184837209
88.669172093
81.2066093023
72.8689116279
76.5720232558
74.881455814
74.4475813953
80.7637348837
90.4705069767
86.5840604651
92.2328976744
89.5364790698
84.383655814
83.0832604651
76.645972093
83.6465767442
87.773344186
85.2401813953
82.9641162791
79.4516465116
80.3218790698
85.1725860465
79.404744186
81.3000372093
83.4613395349
78.2644465116
81.6816046512
80.6174651163
86.8383534884
89.4135255814
79.0519767442
68.5525674419
59.346972093
87.4392976744
87.7864976744
91.617544186
77.6501255814
79.7287209302
83.1937302326
83.8430093023
85.9269953488
84.5709209302
94.5363860465
75.3032883721
77.7596697674
72.4190604651
81.8121023256
78.2557069767
86.018427907
84.274744186
72.3758232558
70.7535953488
65.7563534884
60.1556186047
65.0881581395
83.8048976744
68.0713767442
74.7682697674
85.768027907
67.4108
64.0252
74.7417813953
75.371972093
76.0785953488
75.9939209302
85.3230418605
74.5168372093
78.6801674419
85.0154976744
79.4719302326
74.7899906977
85.1723255814
66.2590604651
64.9149395349
60.0276418605
62.9798093023
78.4478697674
46.2960046512
53.6760511628
56.9104651163
63.8283255814
61.6641534884
86.2935813953
60.5559209302
64.7025069767
67.8263767442
83.367944186
53.720427907
51.8520511628
49.4550651163
83.2262325581
73.8281813953
87.7059813953
88.5252976744
69.5135255814
64.2629906977
63.5898744186
77.0854511628
74.6085209302
89.2710744186
71.0322186047
66.7184
63.7886232558
49.0674046512
62.3282790698
70.4923348837
78.1339627907
86.1836
81.2313674419
77.2361488372
79.4485860465
65.8864325581
64.0641302326
62.605544186
62.1718465116
78.0517627907
69.8825767442
71.3397906977
79.8843674419
74.693055814
90.7747162791
81.783227907
88.2056372093
77.1542837209
72.7638511628
76.3728651163
73.3474232558
89.0737860465
91.7701116279
72.7444744186
74.8601627907
72.7209627907
76.6754790698
77.098027907
66.5346465116
61.4235767442
76.4081906977
61.7149255814
64.1647674419
61.8975209302
59.7263302326
79.3322372093
86.5420046512
72.2343023256
79.6270046512
75.478772093
75.0452093023
78.1002744186
73.2371581395
70.6223627907
87.206544186
75.7951581395
76.0446139535
85.7963302326
72.3957069767
73.3385069767
73.4732744186
82.7034790698
73.9362325581
76.7045860465
72.9670418605
70.4105767442
69.3382744186
69.3771674419
66.9094837209
80.2798930233
67.8594232558
78.4513488372
75.4628
71.8581488372
73.7243488372
73.6681767442
90.4792232558
86.4436186047
87.1944325581
91.4333674419
83.4514790698
87.0806883721
77.2017209302
83.5512697674
80.3324883721
73.2350186047
80.6015534884
78.2256511628
71.9805209302
76.1479534884
82.4294046512
82.0559302326
80.8562744186
74.9358976744
71.2646046512
65.6835023256
76.3925302326
84.3235395349
78.9319302326
93.4291581395
91.6576697674
80.2949162791
76.2730418605
75.423027907
72.5629906977
74.6171302326
74.0621488372
72.8968418605
81.6320418605
90.3929162791
77.4909627907
83.8492232558
86.402944186
76.2885627907
80.1864046512
88.2659860465
79.6331116279
75.7885627907
81.727744186
76.3519302326
76.2670604651
79.7844232558
79.3349069767
78.1539581395
74.8094930233
75.2560930233
73.931227907
73.7027023256
84.4453209302
82.2564697674
80.4921069767
82.4755302326
88.4398976744
72.3841348837
81.813372093
79.2707162791
88.6210604651
86.245627907
80.630172093
89.479972093
77.6044232558
82.5938046512
83.0509953488
82.8391906977
81.8120093023
81.2735767442
84.0597534884
87.7296465116
94.2014186047
85.2208511628
79.7679209302
84.8522418605
88.9077488372
82.1237674419
70.3980604651
88.9350418605
77.8291953488
71.2420465116
80.2836511628
79.5506837209
81.1649534884
79.6256790698
88.0829767442
86.4266139535
85.225944186
92.6069813953
85.0211627907
92.2383813953
93.4615627907
82.4877302326
86.2867627907
83.8070651163
84.1074511628
87.1392744186
91.6415813953
87.6716697674
81.400455814
90.1226372093
82.9295581395
84.6081488372
88.6230511628
73.7259813953
88.928944186
81.7197627907
90.1864790698
81.9857302326
74.4493116279
73.7785488372
79.1739953488
79.8957069767
84.0640883721
82.4968744186
91.4924790698
95.0591906977
86.9561116279
77.2226511628
74.5136883721
85.6213860465
71.9838093023
88.2199209302
90.3038651163
81.4081581395
89.0703395349
80.3341069767
77.675627907
74.2612697674
87.3160883721
94.0777302326
90.4931581395
88.2646837209
88.1193255814
92.7625674419
88.3474186047
89.6220651163
91.2975953488
87.3030511628
82.7013162791
91.6652232558
90.4594976744
94.9816325581
78.589055814
86.5199302326
95.6274976744
84.0521581395
83.9963395349
85.4939023256
85.4625906977
83.9781488372
84.3215674419
85.3698232558
81.8582883721
85.3327813953
84.7891302326
84.4629116279
89.3566139535
89.6221069767
87.6579116279
86.6414883721
89.3570511628
87.1708
84.9882232558
79.4633162791
88.0650976744
91.4310697674
86.4081162791
87.8934139535
83.0434976744
82.9614465116
70.0339069767
77.8701488372
67.5229534884
84.0382093023
81.8972
82.8601953488
85.4152604651
85.3342930233
81.3585860465
77.1634139535
79.6449488372
80.1898093023
89.5752697674
88.1314930233
92.385427907
91.2023767442
92.3996790698
92.6237860465
88.7360325581
82.7945069767
90.4795069767
89.7019767442
81.6327674419
88.7035860465
87.550427907
77.0139674419
88.7266232558
80.7920232558
78.341744186
78.823627907
79.4444186047
91.3168837209
88.4418139535
86.8373813953
86.4038046512
82.4223302326
81.6781674419
83.6654651163
82.6441953488
86.5066186047
92.9101116279
83.3132139535
84.8481767442
82.515944186
71.6097209302
68.3552697674
69.0246744186
65.9013767442
74.1258651163
81.1544511628
76.3653116279
82.2260651163
74.8183953488
88.0726325581
83.6856046512
81.170544186
85.6894046512
73.1053627907
77.7515209302
64.3345860465
72.5490418605
74.4577767442
79.5381255814
82.6629348837
73.9117953488
81.5867209302
82.7117302326
77.712655814
59.287227907
66.7780976744
89.5922837209
80.2542651163
83.6164930233
83.8529069767
81.2824883721
76.5768651163
76.4980418605
66.3364837209
64.697544186
67.3176046512
61.3720186047
73.9242046512
69.7012093023
75.6472697674
76.0825069767
66.0850093023
69.0302883721
72.170055814
63.0207813953
58.2414930233
62.2772
83.6990325581
85.1909627907
70.1550697674
82.7532930233
80.653372093
76.3918232558
79.3990465116
69.0848372093
59.5108511628
58.205427907
59.1743674419
54.074455814
55.2411953488
45.9965162791
59.7629953488
55.1922837209
66.2397348837
77.8364744186
66.5170697674
67.5112232558
61.3472
76.9701860465
84.2660325581
68.9921348837
84.5042883721
69.1053255814
57.6397395349
66.747144186
83.8636046512
68.9201162791
84.2329674419
63.5887209302
68.1854372093
86.8649581395
81.6045255814
66.6462093023
56.9454418605
58.115344186
58.4824325581
59.8449348837
76.1891116279
77.4728
74.6963767442
68.9390697674
82.5414604651
79.9462883721
87.1071069767
78.8086651163
70.9349348837
65.3817116279
60.314827907
78.8825302326
63.8256837209
52.1451162791
58.612
61.4222139535
54.2802651163
58.0390930233
58.865027907
62.1195627907
68.2406837209
72.940027907
78.2286139535
65.6481069767
65.1841627907
85.0801674419
82.1885767442
79.6280511628
75.879227907
70.4981627907
88.5028046512
71.523172093
77.8473627907
79.5077674419
78.0475813953
75.9017813953
79.7163906977
71.0440186047
78.5006232558
71.268827907
74.8908744186
76.6353116279
78.5880418605
79.3795116279
69.7752046512
69.7710325581
71.4744837209
77.6888465116
66.7607767442
65.1167116279
64.9595209302
68.0087069767
64.7222186047
59.3880232558
73.202427907
64.2126372093
62.4029116279
64.4913534884
58.9740883721
62.2987162791
63.155144186
68.9857906977
59.2285813953
62.7725395349
66.8893581395
68.5388976744
69.1366465116
73.8494651163
75.1736976744
68.4081767442
78.8613395349
69.8633395349
68.779772093
55.4443116279
48.7928418605
52.5473069767
61.5520883721
47.2357255814
50.0258790698
78.5236651163
80.2156232558
75.3813953488
80.9534186047
77.5829069767
72.3858139535
75.5802372093
66.7849069767
63.6081860465
58.306055814
61.4939581395
70.4278372093
62.7050883721
75.0217581395
63.2254697674
67.4363023256
68.8623534884
70.7279767442
64.397744186
70.4836139535
71.9336465116
77.2160139535
72.382255814
70.9853860465
70.3353302326
69.2723627907
66.4789813953
68.6298
67.844627907
78.5173395349
67.3565116279
55.9050186047
60.1613302326
78.0357069767
73.2247162791
69.785544186
69.4902372093
67.772744186
70.5759395349
73.5480790698
76.1373906977
73.4745116279
71.3349953488
70.8257627907
68.0106976744
64.5073209302
69.7830325581
74.4122790698
68.0554883721
72.0783813953
76.3208511628
71.8097395349
72.5836
68.7384604651
74.9179953488
75.5138837209
73.5314976744
88.6720186047
88.9580651163
83.0879860465
85.5285023256
80.8868744186
76.4407674419
87.0097116279
91.2015348837
88.197855814
86.1143023256
87.4436
85.5524697674
84.167972093
90.5063348837
82.0580930233
75.3388093023
78.0430697674
88.3486511628
86.962544186
86.7117906977
81.8652837209
81.7176325581
81.303772093
87.7248511628
90.4700465116
88.109572093
85.4662790698
89.3808325581
88.4712186047
85.5981209302
80.9200930233
82.7037674419
85.1526511628
85.7587488372
92.1301813953
93.6994837209
78.3704
65.9970697674
54.641655814
59.6403488372
76.4928976744
76.4594186047
79.9781209302
88.7997395349
84.1482604651
87.295172093
88.725144186
86.0249302326
87.8696837209
87.9279116279
67.9509953488
73.3940790698
79.253544186
85.2164
75.6405860465
75.8141255814
74.0042046512
82.4098837209
88.8791116279
88.3799767442
90.8747209302
83.3068930233
79.7501488372
89.7236697674
93.7118139535
93.6642465116
88.2329534884
93.8775767442
94.8257395349
81.7098511628
84.348227907
83.3865209302
83.7052186047
86.8396372093
85.0646139535
83.6671162791
89.5573209302
77.123427907
83.8752093023
84.8599860465
74.6685069767
87.8401069767
70.2786325581
89.5394465116
91.9313767442
83.3593581395
94.1128604651
93.2920511628
87.4297255814
82.3900093023
79.5223488372
80.2072883721
81.2977627907
81.3544093023
90.3039813953
91.7268837209
78.8755953488
91.2763395349
73.8082883721
77.3819023256
85.210027907
84.5299069767
80.2551302326
84.2170930233
80.9569627907
82.8556744186
82.2185255814
88.3703116279
78.9359627907
78.4782837209
64.220855814
87.2900418605
81.8554232558
85.6028418605
79.5782
78.3596232558
87.9230604651
84.4191488372
91.2451255814
74.8366697674
83.6077488372
73.4882651163
81.8799767442
82.7111348837
77.1819674419
86.0254511628
87.696827907
81.8763581395
80.6085906977
86.1668232558
87.4126976744
85.1273906977
86.8588046512
87.6097116279
84.7680465116
81.1545395349
81.5840697674
80.7864790698
81.0299534884
69.939627907
73.032344186
79.6993906977
81.8240790698
87.161544186
67.0864604651
69.5819255814
63.6253069767
66.2620883721
58.515655814
93.3737348837
89.7107581395
78.6559255814
88.5695069767
86.4139069767
81.8030883721
79.3650697674
68.719372093
79.5487255814
78.4951953488
82.4887581395
78.4727162791
80.9920465116
65.8712046512
57.8282465116
56.3896883721
74.2683023256
84.0530186047
75.6898372093
75.060655814
87.7348790698
87.4547581395
78.5529209302
68.4383627907
72.2334465116
73.6110372093
78.9885813953
66.1672093023
91.9657395349
72.5134976744
91.1057488372
76.2097534884
79.7160325581
80.2035162791
77.2249674419
91.0282186047
73.5704186047
78.3493209302
81.9126418605
80.1613348837
78.107455814
91.7180232558
77.4008186047
89.6160930233
85.6510465116
86.9953860465
80.6575627907
90.1473906977
86.2234372093
70.1512604651
56.0422837209
57.9024418605
76.922655814
67.8080511628
67.9387116279
78.4801255814
69.1624372093
82.3462604651
68.1921767442
72.0327860465
72.8413348837
64.3715906977
74.6742093023
63.2180093023
79.4388325581
71.1200511628
79.9042744186
79.9712186047
71.8328744186
60.6593860465
76.0451906977
80.5386930233
80.9378790698
78.5169627907
74.5199767442
73.4273023256
85.7268418605
74.5515534884
82.475827907
77.2426976744
77.3280790698
67.0904186047
85.4088
61.8057395349
68.0112651163
73.7701767442
92.5266186047
93.0680046512
92.8354604651
84.4187767442
90.0282511628
74.2152790698
81.7036697674
76.9541674419
65.4361906977
64.589427907
72.8805860465
65.9974976744
65.2522232558
78.4301860465
60.570572093
56.6320651163
55.9946930233
74.6715395349
71.8938930233
68.3046093023
66.1528604651
74.0628325581
69.8343674419
69.2315860465
72.2979116279
65.1986790698
76.1537302326
54.9119813953
53.4991116279
61.4100372093
56.4564093023
56.989227907
60.2326790698
74.4434186047
75.7132930233
85.3594883721
64.8317162791
77.794227907
75.2812046512
85.1309395349
72.5613116279
67.225
64.3937906977
60.2150604651
69.7672744186
75.2578976744
72.5582046512
57.4378139535
54.4787488372
53.9241813953
56.9300186047
59.9498186047
72.9724139535
66.8872372093
76.2217534884
64.2630046512
70.1286883721
91.8980139535
62.0805069767
63.6403906977
61.7638604651
58.9766
81.0465116279
73.0578883721
58.611544186
65.0089302326
66.5047488372
70.7821255814
62.2696651163
50.1450604651
59.8157348837
63.2013116279
70.0950093023
82.9125953488
87.7228744186
89.7846418605
75.8682372093
69.8905023256
71.9471069767
70.7652930233
75.0647860465
63.1556651163
68.913855814
71.790027907
67.7408093023
68.0641302326
74.2058651163
71.4284837209
64.5026883721
60.0358930233
66.8775953488
77.5096232558
74.8885255814
70.2184511628
62.2652139535
70.434027907
68.8424744186
70.5509348837
65.022744186
62.4303069767
60.4597302326
70.1658139535
67.5058883721
72.7152046512
62.2296139535
55.9955767442
56.6993302326
60.4710604651
59.9549674419
77.8766
84.2694744186
65.6468232558
74.0660465116
75.184055814
86.606144186
84.7844
75.2482186047
77.1789023256
70.2374046512
79.0855069767
78.2080046512
84.5859488372
73.3668232558
77.6258651163
75.5620511628
74.8516790698
77.9633906977
73.3559534884
79.7749162791
81.8528046512
83.585055814
63.0672697674
86.9596418605
84.0211534884
77.2383069767
70.7861209302
71.1252604651
71.9384093023
71.7847116279
72.5630697674
80.4912186047
78.5110604651
74.9382325581
70.708855814
76.6634697674
73.7169906977
78.4169348837
79.7957255814
87.0840325581
85.9172883721
75.3953581395
82.046772093
83.9275767442
79.6483953488
79.9637395349
74.032144186
80.9407627907
68.9744186047
85.4376651163
79.9433813953
77.508455814
81.5543023256
75.7674511628
87.4524511628
79.6983906977
84.971627907
80.7688093023
92.3983348837
88.3791953488
84.5592697674
88.330772093
89.0205860465
91.9110790698
69.2724790698
72.8629069767
71.4970976744
84.9214093023
92.1465953488
93.5264883721
83.6377395349
89.2634837209
83.6142046512
79.181144186
78.9883302326
84.3840046512
82.7080976744
92.1917302326
85.8348465116
77.4406325581
87.2456418605
81.0168976744
80.763544186
85.8074325581
85.9648232558
78.608772093
76.6708418605
77.678144186
91.8264604651
88.0137069767
90.7247255814
86.6287488372
82.1825255814
82.4627906977
86.3193860465
85.9883302326
85.0548186047
77.7983906977
83.7470465116
85.2148837209
88.6050697674
91.3577767442
82.4058790698
88.992455814
83.7664372093
80.7832139535
91.2398093023
72.470855814
81.4058604651
82.2331162791
85.5778604651
89.3078465116
83.1608744186
76.6808511628
80.3963953488
87.9542837209
77.0590604651
82.7574418605
84.6997953488
88.6543534884
84.7036930233
80.4410604651
80.7510046512
88.0943627907
85.455055814
84.8613860465
80.3031488372
79.4107116279
73.8246883721
79.4801023256
72.249172093
81.0704325581
79.6672
85.3075906977
86.1382186047
79.5035069767
86.8270604651
84.3511023256
82.2012883721
76.8995255814
80.9529023256
82.9144046512
83.5751116279
88.6930976744
89.010055814
91.9318465116
84.8151767442
86.9614837209
78.9452790698
83.5735069767
88.1578232558
69.8627488372
84.6913534884
79.718144186
86.2766744186
84.0160604651
61.525655814
75.7764465116
67.3132604651
74.166144186
71.7663162791
71.5590372093
72.741144186
67.9597302326
75.2689906977
77.866255814
90.5944697674
87.5120046512
77.5237581395
82.4731953488
88.5185906977
86.4300418605
78.2280976744
80.0367534884
86.6891302326
89.6440883721
76.8568139535
82.8694837209
79.0820604651
78.4200232558
73.7411813953
67.1810697674
77.6464232558
71.817344186
66.4967069767
73.7262651163
78.3151953488
73.3263581395
65.4522
81.2255627907
70.4812604651
66.0612930233
55.4510093023
56.8003767442
57.23
60.1160790698
58.1099581395
63.0207209302
86.0270744186
73.5373953488
80.6536418605
76.1335534884
81.2132372093
77.1711860465
79.0623767442
91.4136837209
89.8667860465
85.6955209302
87.8020744186
76.9560418605
82.3325860465
83.298572093
72.8256093023
82.7681767442
81.4110744186
77.5286139535
91.5221627907
68.9570465116
65.355027907
57.9659116279
82.4506697674
72.2353023256
62.6340418605
56.5
56.0163627907
54.5767302326
53.8780046512
57.3662465116
52.577544186
55.0729581395
56.4330139535
49.2177953488
60.5934186047
52.5238883721
73.3735813953
82.952744186
74.225744186
79.8559116279
70.6198139535
69.7393116279
88.6440837209
69.8632465116
75.8183488372
62.8311953488
76.6053302326
78.123544186
84.5141255814
92.4964372093
86.3265488372
79.982572093
75.6615069767
78.2650697674
70.5110883721
71.2206232558
67.7246325581
92.6530976744
81.508
81.0282
90.8675488372
87.1097906977
81.7707953488
87.0777302326
93.5621255814
79.5296604651
80.6567395349
79.9012930233
70.9696418605
72.2981023256
62.4600651163
87.2525674419
71.7613395349
89.5634651163
76.067627907
80.5747116279
78.325544186
69.9949395349
70.2152697674
66.0246511628
70.4983906977
85.0038186047
76.6175488372
76.2840930233
74.5634976744
68.8682093023
67.1364232558
58.7991953488
80.5017906977
60.7066139535
57.6863813953
67.3125534884
82.7956093023
75.9866093023
67.6628511628
76.5605395349
71.4042325581
74.8220093023
64.9189627907
78.297255814
87.0849906977
80.6897906977
78.6713255814
74.9254
72.0514093023
63.1482186047
66.5605534884
62.3633255814
64.4381534884
68.470455814
77.8598325581
85.7207534884
88.3324744186
82.5203674419
81.1427395349
89.5357116279
78.6582325581
78.4012976744
76.1504232558
74.0862837209
71.2706837209
70.2615348837
70.7416372093
78.1378883721
78.3899488372
82.4240232558
76.3203348837
65.6571813953
66.2746093023
93.4481302326
73.1463302326
71.2368511628
85.3945813953
80.9254883721
82.916744186
76.2976837209
72.6050604651
83.8212976744
90.2787581395
93.1358186047
82.0930744186
82.9879302326
76.6348790698
76.0502139535
77.3337209302
75.7186093023
72.4974976744
69.4221906977
70.5647813953
72.8449906977
63.8526651163
62.2305813953
70.0523953488
84.0998046512
82.8338232558
74.5769162791
75.007144186
70.2053627907
72.8268790698
70.1305209302
67.3661953488
73.871427907
69.7863674419
79.2503674419
77.1132837209
89.541455814
83.9248837209
91.0753953488
91.2678790698
87.3102186047
84.6911488372
82.2593581395
83.5161023256
80.2019906977
87.4815348837
84.518855814
85.1894465116
78.6386465116
83.3617813953
79.0360930233
77.724027907
78.2811302326
87.7218046512
87.3881581395
85.4682790698
88.8180325581
82.7058790698
82.1436418605
86.4809767442
87.7112093023
78.1582418605
85.4152744186
84.1553627907
82.3941906977
84.1490418605
85.9268139535
75.0712930233
81.1474883721
86.599627907
91.059655814
85.3670837209
85.1128976744
86.1209209302
82.1995534884
83.3847906977
84.3259302326
77.9936790698
77.6806651163
78.2638
83.7268697674
72.6954186047
87.2753302326
89.9028
87.0008511628
84.5886511628
83.5008837209
83.2538976744
89.8750883721
82.7187302326
78.3398930233
86.2219860465
89.8913534884
88.2969116279
87.3678976744
87.3651348837
82.9835395349
81.7304930233
86.842372093
88.4294046512
87.1353953488
87.3138139535
85.9378651163
78.3755488372
74.1420976744
73.5439162791
82.0790325581
84.955
93.1483488372
88.7136465116
89.7547162791
90.744255814
88.9217767442
89.3921255814
74.225744186
81.2486883721
81.5098744186
83.0391302326
84.8983209302
75.7171255814
79.795572093
85.0808744186
87.0395767442
91.0658511628
92.0027581395
87.3968465116
89.8347116279
85.272855814
90.0790232558
88.550772093
85.346427907
77.7658325581
87.8844046512
88.7462511628
87.1078837209
92.7592046512
90.5578604651
89.1912372093
92.7070837209
91.9370325581
84.6768697674
88.2791767442
79.9614372093
86.1134232558
77.0437162791
64.381744186
85.9728232558
83.334572093
86.9609581395
79.8465395349
85.6818418605
77.8916837209
80.3042837209
92.0939209302
86.8254883721
84.3154232558
84.0182883721
81.7387069767
78.8233395349
81.9739534884
82.940027907
80.5522465116
83.649972093
87.1000465116
87.4984744186
82.8122604651
80.6006
84.1115023256
86.9766139535
87.8965767442
85.2658046512
84.9548
86.8962511628
88.6459209302
90.4813348837
83.8927906977
74.7979069767
80.3750604651
88.0435953488
72.4919860465
72.7145023256
83.3948
83.6732790698
84.3246372093
86.1788697674
69.2891023256
64.0226604651
69.9317813953
69.2640418605
85.705655814
74.0819627907
73.2431860465
82.6943348837
77.3472651163
75.561744186
68.9006465116
72.6411302326
73.9651116279
63.4799860465
71.8591581395
73.5079255814
76.0974139535
62.7207302326
56.7523302326
74.0205953488
75.9496744186
77.900172093
75.2793953488
79.191427907
78.7136232558
82.2424651163
88.8740837209
85.7817395349
88.9106046512
79.5473813953
71.7704418605
81.1298046512
80.5068837209
87.1162093023
73.8651906977
79.5880139535
75.5536139535
73.7347302326
76.2378139535
78.2710697674
91.3615627907
83.830572093
89.7548976744
88.955627907
81.9944232558
83.2290046512
82.7646930233
76.4372046512
79.5254186047
77.9276697674
81.875572093
74.670227907
84.5009860465
85.4714232558
66.6449348837
76.4749534884
64.879655814
82.2755906977
87.5576465116
63.9398046512
76.1223906977
60.1227348837
58.931255814
77.3816093023
70.2661255814
67.9358418605
74.5647674419
78.3026093023
80.9669255814
78.7783395349
75.877972093
82.5384139535
82.2075534884
88.7663116279
71.329055814
61.0286232558
63.9692418605
57.8448744186
62.7834418605
66.4234744186
77.6382465116
58.0382511628
72.7186465116
76.1715302326
84.5429302326
78.7666511628
72.8673255814
64.7352697674
72.2128418605
75.8267581395
82.1874744186
76.0693627907
70.6899906977
64.1709255814
64.9456139535
70.5138093023
78.5032604651
78.6758930233
78.5570511628
74.8167534884
76.7244325581
71.8593162791
78.6605395349
63.6110744186
57.0694744186
59.626655814
59.7057162791
73.2303302326
77.8503162791
88.7733116279
82.6769767442
73.4146325581
68.2856930233
60.545572093
63.3556465116
82.625655814
84.2975023256
61.6414744186
68.104827907
61.9607534884
55.3075813953
49.5989906977
62.6358837209
78.3993162791
78.920427907
75.0678
83.7617116279
79.8343116279
80.7884697674
78.880144186
83.4344186047
84.7647627907
77.822627907
66.9237534884
65.9753348837
79.1812744186
73.944255814
63.6102697674
92.0484511628
81.6780976744
80.7967395349
76.9719395349
80.4431953488
86.5897116279
90.6349069767
70.6232139535
82.7504325581
79.4293116279
73.9685255814
84.766372093
73.2831069767
69.1977906977
54.4989302326
59.5665209302
75.9269627907
66.5394651163
79.7953023256
87.526255814
81.480172093
77.0066976744
71.5726604651
65.2711627907
62.7615302326
66.4644
68.6435906977
67.8586511628
65.1403627907
73.9987627907
71.8117534884
80.4697906977
83.7558093023
79.2160139535
73.6824976744
67.8464046512
78.1946465116
73.7837674419
76.3831302326
80.6296
65.9543069767
80.9750697674
83.7365488372
69.8895813953
73.4310604651
66.9483023256
65.950255814
83.9817488372
80.9873767442
82.0696232558
76.2282465116
75.0523162791
68.9937627907
82.7613209302
81.2072139535
71.8350976744
74.6398651163
85.145827907
80.7974976744
81.6981348837
85.2943860465
78.9187534884
78.876344186
80.3947348837
78.270255814
74.1027906977
73.8320604651
72.848655814
70.3576325581
74.032972093
72.8489116279
71.8003581395
73.9091581395
67.3576604651
69.3211302326
86.822144186
81.4515767442
85.5222883721
74.4831813953
70.4134186047
89.9335209302
74.8863302326
74.3785906977
80.593255814
80.9292790698
78.8902325581
79.3939302326
81.5403860465
79.5952232558
87.2851023256
80.9085953488
74.567027907
80.6622790698
74.7401767442
73.738455814
81.4782186047
79.8663953488
80.9005534884
78.9477813953
74.0647023256
85.1471255814
73.7092651163
73.9139674419
75.9056976744
87.2187627907
71.607827907
71.2323302326
85.9319209302
88.5140046512
90.8710186047
81.376572093
74.6950930233
77.9230883721
81.389255814
79.9190139535
76.911627907
78.1320325581
85.2238325581
90.623744186
90.8507534884
84.6057534884
79.6955116279
82.2897023256
81.3613674419
82.9755069767
73.9341162791
75.8843162791
77.3045674419
82.3193302326
93.5197023256
83.1223023256
80.4721581395
85.7148093023
82.9307813953
88.4025069767
87.045572093
83.3015581395
80.5486325581
82.5516930233
81.8096883721
84.5676232558
85.2870604651
81.1966325581
77.5388046512
73.0789767442
77.2396372093
74.8466604651
87.9106139535
88.2460604651
86.6035953488
85.2668046512
74.6051348837
81.4932790698
89.706172093
88.8729348837
87.9516418605
84.512827907
88.2473488372
87.0460837209
85.302544186
83.6265813953
82.9114418605
85.3604418605
94.0492139535
95.3970325581
92.7363395349
84.7877813953
82.2261627907
64.3887581395
71.9987534884
88.2540418605
92.3687255814
88.4487767442
82.6690883721
78.6318418605
85.8681953488
87.6325488372
94.2194976744
90.4780046512
83.1339348837
89.7285209302
90.7831627907
84.2948046512
89.0405069767
75.2136465116
65.8270186047
84.3067255814
82.193972093
91.3758465116
81.9873209302
89.0520930233
87.0018186047
82.1847255814
85.2578418605
85.6482790698
84.5155674419
87.2361116279
87.9240837209
87.9221023256
79.7824744186
83.8915488372
82.6974465116
79.2516883721
81.2437860465
89.3771767442
88.2267581395
84.1721069767
90.174655814
77.6561209302
84.6726
85.0444511628
84.4063395349
91.4348837209
88.7384697674
76.4293860465
74.4515395349
69.4683581395
87.8073581395
80.5834325581
81.5267813953
74.5764418605
77.3427488372
86.4638790698
76.5950093023
76.7615534884
81.6901069767
81.796
91.1598976744
84.1527209302
79.6190651163
79.4625255814
75.0396046512
69.0216837209
77.6777488372
76.7590744186
83.5173581395
75.3357116279
68.4756372093
63.3977581395
83.2568511628
80.5887767442
81.9812046512
77.5361162791
79.4391209302
86.4171813953
78.4419534884
74.7660837209
74.592344186
76.3568093023
72.4758697674
71.260344186
78.200227907
65.3624744186
56.5187906977
60.763944186
71.2776372093
73.6575023256
81.4807255814
92.0707534884
95.3680139535
84.0023302326
85.6745534884
91.9932
89.1902651163
90.6747116279
87.8249906977
87.2116465116
87.7855255814
84.9055395349
76.8809627907
70.2041069767
62.4493023256
60.9698837209
78.9216883721
76.8841674419
73.8497116279
82.4240976744
88.5520232558
60.4033860465
78.3590837209
83.2092139535
68.5254
80.4133488372
79.1322232558
82.7562418605
66.0092232558
66.6043813953
87.9326232558
91.3271813953
87.2801302326
72.4919581395
86.522572093
85.5147534884
88.6728511628
85.8035023256
68.8472465116
72.8839488372
64.7132883721
76.974344186
61.5197348837
73.6137767442
74.6960697674
78.568
80.6765116279
71.1608697674
76.6906232558
71.5617395349
72.9117348837
79.1013069767
79.4615069767
85.5523348837
68.6421813953
64.6550976744
58.5719674419
79.4692604651
64.2691348837
51.2284418605
51.0277627907
76.3404139535
74.1140511628
76.754972093
77.4397348837
70.3214604651
68.9284744186
87.6986511628
67.760944186
65.4085860465
78.321627907
84.8133023256
84.2598372093
65.4597348837
62.5772093023
82.3862976744
77.9381395349
73.222744186
79.7032976744
67.535855814
67.2105209302
84.3838325581
68.6374046512
61.4420372093
68.6952976744
72.890827907
78.0321813953
80.6483581395
64.7943023256
76.5961395349
83.6347023256
75.627
81.4305302326
73.8734465116
85.0632093023
90.0384232558
89.3696744186
72.0132697674
68.1188418605
74.0633348837
67.6431255814
69.2806837209
52.947
57.6938604651
69.1910744186
76.1898930233
83.6331348837
77.3767023256
71.1577627907
73.7397395349
67.9217953488
49.9406418605
67.4080046512
71.4513348837
63.5117209302
61.1252232558
62.0757116279
60.0242325581
62.2638744186
60.0915488372
60.1174604651
60.7997581395
62.9629395349
58.1257674419
81.267972093
79.9628744186
72.3836232558
72.9461627907
83.7587302326
67.2534790698
66.7245209302
62.0835348837
65.8906697674
76.3775767442
68.658055814
64.4963860465
70.8318139535
64.6347023256
64.2375069767
70.9623906977
71.6381116279
83.0197627907
74.514344186
85.9358976744
80.5272186047
81.1828232558
69.5890325581
64.1066418605
65.9954465116
62.8275255814
61.3872744186
62.4753813953
56.9141581395
67.6248511628
55.5620790698
56.4378790698
55.3389906977
61.4582
62.341772093
56.4166186047
70.031255814
84.4571302326
73.1897860465
71.040227907
74.1811023256
70.6378093023
64.4327534884
90.277744186
92.2033906977
85.071772093
74.4460744186
88.8065255814
87.2933255814
90.2341953488
77.5365581395
74.2900139535
79.5646465116
79.0415209302
80.3443116279
83.3715116279
77.5374418605
76.8751953488
76.6913255814
87.7820976744
75.8386976744
77.6045395349
69.1452186047
70.5731906977
71.3111581395
77.5066372093
73.3552046512
73.2133581395
86.0945116279
87.2638372093
76.3490837209
93.5056883721
92.4935162791
93.0620139535
83.918027907
80.4805302326
80.2133162791
72.9099116279
70.4211162791
82.152655814
78.9505674419
78.0633767442
76.9704046512
80.6675162791
79.8516
78.7032465116
80.3630511628
72.488427907
80.3331674419
81.7667534884
79.5969953488
74.3774930233
84.6913116279
75.143055814
81.0923674419
82.3584418605
80.9009534884
84.715055814
79.8204372093
82.0880093023
74.072344186
77.2048046512
86.3682837209
85.2578697674
75.5793906977
87.1091488372
82.1823162791
80.3974046512
94.1304139535
83.069944186
80.2652930233
85.872027907
82.0700046512
76.9879860465
76.0904418605
88.8763534884
90.589972093
88.6151209302
89.3562232558
77.5872930233
80.7292418605
82.1418604651
84.0463069767
79.7119906977
87.1078651163
84.2728
81.2096744186
84.9829906977
79.284027907
84.562572093
85.9345488372
84.8858744186
79.0611488372
87.4890744186
92.5789209302
75.254944186
83.8455860465
86.0827627907
86.2399023256
87.9426976744
81.4052790698
77.6537255814
86.292944186
84.3204232558
81.3021023256
95.5643860465
93.6142139535
90.9094046512
86.4809255814
92.3130372093
87.8545348837
77.2155023256
79.1292465116
90.3761209302
91.250744186
89.4060651163
87.3836
85.7582837209
88.9712372093
86.5533953488
79.8840186047
86.7165627907
87.8427581395
72.305827907
84.9280837209
85.6548232558
79.8572325581
87.2814651163
86.6430976744
70.5809627907
79.9455488372
79.3323209302
81.4775813953
88.3257627907
85.2594744186
91.0447069767
86.263227907
91.3789255814
86.8774744186
88.4891767442
82.1420930233
80.5251953488
90.7468186047
86.9238790698
87.5422744186
76.0935162791
81.0743162791
87.5185116279
81.0773069767
75.8330465116
78.5940883721
71.7064697674
70.6742325581
77.0943302326
78.5267488372
84.001055814
80.4111488372
84.815027907
85.7679767442
89.219
91.6444697674
94.0533023256
89.2194697674
87.7790604651
87.5391953488
82.1581023256
85.7262744186
67.0430465116
72.0570186047
71.1912139535
70.6372186047
70.3629860465
71.9780232558
92.0108604651
85.0387348837
86.7433906977
75.9250372093
91.7075581395
93.3693953488
90.7475116279
85.8380697674
92.0866976744
92.6354790698
94.2781813953
91.6924837209
86.512855814
84.343944186
87.1439906977
85.4401162791
84.3973395349
86.1990465116
82.6033162791
70.3399302326
63.2147953488
64.7174046512
75.8498604651
95.3747534884
92.8291302326
93.3794744186
86.4091488372
64.994744186
75.9824744186
73.7334186047
72.1186
72.6557813953
74.5045162791
73.781572093
65.0936093023
66.1498604651
64.3411023256
63.252827907
66.4902093023
75.7560511628
77.5282139535
90.2504790698
86.5209255814
87.6901581395
75.4321581395
72.9946511628
78.5930837209
92.5195813953
94.5090046512
92.7243116279
68.5508976744
73.6631255814
73.8237767442
70.4920976744
80.9049395349
73.0726883721
86.9949581395
80.2769302326
62.4648697674
78.0634046512
66.6408697674
78.5497348837
65.9754697674
68.0369348837
78.202944186
79.1510186047
77.2331534884
85.0071302326
76.2421116279
68.9898744186
78.0372232558
82.8082093023
71.0821116279
72.4622837209
73.3340697674
61.913655814
68.6747534884
67.822144186
63.9779674419
63.4456325581
58.6389395349
58.0193953488
48.9953813953
48.4029534884
49.4167534884
61.6300093023
76.4460325581
71.5843813953
81.1866232558
88.7130372093
88.5007116279
71.7219627907
69.6490418605
70.1007302326
61.2803209302
78.1636604651
59.064227907
87.4733860465
69.8466790698
73.0219953488
78.0913023256
73.5443581395
64.936255814
77.5455906977
67.7432139535
68.8105581395
86.9999860465
87.0946790698
87.0397906977
74.5550511628
67.1190046512
61.3935023256
80.545544186
67.4784790698
90.3610976744
86.425572093
87.5582046512
71.3977906977
88.2717302326
91.0891348837
82.9616651163
81.955172093
82.7798
73.4992139535
66.099627907
70.0099488372
70.1206790698
78.3622976744
91.1740883721
92.1359302326
73.8702
91.4188651163
81.9735534884
82.5994604651
80.382055814
85.418744186
84.0581348837
74.5740186047
77.9407348837
77.9518883721
88.252255814
76.8608883721
85.9271209302
69.4958651163
80.7190651163
74.4676418605
75.3197302326
74.8252604651
74.1591906977
67.6719953488
63.4196418605
61.9795627907
61.6118604651
66.4640046512
82.0130046512
64.3204465116
64.4209348837
63.0752325581
66.176372093
69.9523023256
68.2680930233
69.2522139535
78.0441906977
74.097055814
77.8835534884
70.7835209302
82.4676046512
80.7658465116
81.2525627907
81.1396604651
77.7303767442
77.9429069767
73.5434139535
86.7534139535
81.8435860465
87.8481813953
88.247744186
84.6113302326
73.3584232558
91.683372093
84.0543255814
74.6699395349
73.4966697674
75.2554837209
64.3039209302
65.8823860465
89.5411162791
78.2624837209
75.1969581395
73.5444744186
79.7613860465
81.0225116279
69.5798883721
82.9388930233
73.9544930233
92.0114465116
83.1846837209
77.5482883721
78.4518465116
74.8697674419
88.8352883721
80.3865348837
75.6213534884
76.6163813953
78.8289767442
79.5508325581
89.4842930233
82.2612325581
75.5839023256
75.4052930233
79.4272232558
79.383655814
78.5264465116
85.7516511628
74.903772093
82.4572976744
80.1276
79.0341813953
79.6717162791
80.4045162791
75.111455814
80.7800651163
85.1106
80.5524976744
79.2050604651
86.1975209302
88.4153395349
83.9007581395
78.4743348837
83.1609953488
82.7089069767
89.2082883721
82.8867255814
78.3494465116
80.9968465116
75.1052697674
79.692027907
87.4142093023
83.3472651163
78.726372093
75.5173627907
79.8079348837
80.5644604651
76.7903348837
77.1898186047
70.3961255814
76.3477302326
75.0768976744
72.0565813953
77.0626325581
93.0902186047
86.0262465116
82.6016651163
84.7593534884
69.7983255814
88.6704651163
89.2662697674
78.3822465116
82.8290139535
87.4201348837
94.2655953488
89.0676883721
89.4301906977
88.203055814
82.2604418605
79.1736930233
73.9849767442
84.1280790698
79.9258186047
81.5370790698
95.2817069767
90.1169348837
81.0708186047
81.3897255814
93.6793395349
81.566627907
80.0391348837
89.1125023256
86.900227907
91.3174651163
78.6543162791
79.5242
77.0822744186
88.5537674419
77.9964883721
88.5503069767
84.975455814
83.5387906977
87.0263348837
87.9873488372
82.9535534884
92.2149953488
84.7857209302
88.7927627907
94.1153116279
89.9259767442
87.2316
85.0703302326
90.9439488372
93.3007953488
81.3928093023
72.3458372093
78.580855814
89.6834930233
89.9908604651
90.4878604651
78.159344186
89.4685255814
86.9768186047
82.5955116279
89.8675860465
94.2615069767
82.4713906977
81.6530465116
90.4710418605
95.0491116279
94.0979209302
89.0735581395
83.8902
90.795455814
92.5486697674
80.7247348837
92.0028093023
90.0354697674
92.5989906977
92.5786325581
81.3290093023
84.6013348837
84.3012651163
85.5271023256
87.0678883721
80.4441674419
85.3194930233
82.2184511628
84.2341767442
77.6379255814
76.2518465116
83.6360930233
84.8786139535
79.8150093023
84.2262697674
82.8628790698
88.3808511628
83.5717813953
80.4616372093
86.0186325581
91.5572744186
89.773172093
87.9478790698
89.6559906977
89.717144186
88.9600186047
80.3679348837
84.7773395349
93.5412744186
83.7652511628
80.8704883721
79.5437674419
94.6527209302
79.6341581395
83.5416139535
78.3803953488
85.9678790698
77.3235488372
76.0503023256
66.0902186047
87.2181674419
79.1238325581
74.5967581395
85.2658604651
85.5253860465
77.3993395349
80.9577906977
93.0074511628
86.9261302326
76.8874511628
76.8162651163
77.9639302326
85.7620837209
86.1202418605
83.3903162791
79.6179069767
85.6548511628
72.4117581395
76.6286372093
87.3530418605
86.1493860465
91.1381162791
84.8415395349
85.6754883721
84.2507395349
81.7492325581
82.0434139535
74.2534790698
91.5357302326
75.5977488372
85.5498418605
87.4535162791
77.0758372093
74.6071069767
86.9106837209
84.8569627907
81.5335534884
90.9332046512
84.9996093023
90.5749906977
83.127827907
73.7572790698
81.6459302326
69.5714744186
87.1416
91.7427162791
80.6622604651
86.6247581395
84.0782372093
90.8620372093
84.2952511628
85.6582744186
74.0688651163
86.4191348837
67.7732697674
86.0198651163
87.8376139535
74.9476790698
65.8378418605
72.085772093
78.7515767442
69.4125581395
68.975255814
86.8838418605
86.0507906977
64.815627907
61.1841162791
64.9178046512
58.897372093
51.7038930233
55.5936790698
54.2308976744
82.5427627907
75.0441023256
65.0359302326
84.7604232558
66.8943953488
64.2373953488
53.4461534884
53.8097767442
49.6859813953
51.3835534884
43.4706511628
92.9641162791
73.9728139535
74.8710465116
71.9210930233
81.8356186047
78.4577348837
74.6842093023
68.9504930233
64.2067255814
58.330455814
56.3850790698
50.985344186
44.671427907
43.2942976744
47.6188604651
47.5917162791
46.1151209302
44.1727767442
52.9550697674
74.5497860465
79.0814046512
79.4543953488
75.6760744186
69.3121767442
67.5184697674
60.376572093
71.3018418605
62.2229674419
54.236455814
74.9301162791
83.327427907
67.8184418605
67.6175023256
76.330972093
79.5975674419
77.8978372093
71.8159302326
65.4218232558
65.3415674419
88.7895627907
83.5011116279
84.1848511628
83.0534604651
75.9493255814
78.787655814
76.2334139535
57.4356186047
54.7609627907
67.2782465116
72.5673906977
58.1204046512
57.0723488372
65.7176790698
74.5400372093
65.7357255814
84.2127674419
74.0356790698
74.386655814
79.5286186047
73.4401116279
79.9789906977
77.3796604651
73.5864651163
71.6942697674
85.330055814
69.2069906977
63.788627907
61.0464697674
66.2975348837
66.5706883721
62.9571162791
68.6212744186
63.5410511628
61.2250930233
62.7739534884
66.9849069767
72.9013302326
84.7426186047
85.1959906977
91.1345627907
83.084855814
83.814455814
79.6878744186
73.5428511628
87.1436930233
74.6067953488
67.1985023256
83.6947627907
68.4764883721
66.2089674419
63.4625534884
66.0832790698
71.9540372093
64.6464604651
67.0479488372
63.8367953488
82.1993395349
77.9289860465
71.8636325581
66.0484976744
72.2814046512
65.7097906977
62.0453023256
68.5149348837
71.5729581395
71.0015581395
57.289055814
53.1389860465
58.7347348837
60.3413209302
60.9956418605
63.1552604651
57.716572093
74.7741627907
69.910027907
75.2970511628
85.443
70.0494697674
69.3658232558
76.6051953488
69.7397255814
84.4272697674
70.0038372093
69.676427907
72.8870046512
65.9513255814
74.0634511628
73.5505813953
84.1996790698
72.5791348837
87.132544186
76.8292186047
77.4054697674
70.2288046512
72.7095581395
72.6115255814
77.931855814
64.3116
78.1516604651
89.5140697674
85.3424883721
86.8483813953
80.5274883721
78.4535209302
82.0980372093
79.2366883721
83.2625627907
80.5910883721
81.4176697674
77.5538837209
89.6158744186
76.7634046512
77.0689069767
67.9918093023
74.119
74.3403674419
75.8357906977
78.8601023256
87.032544186
88.7102511628
88.0846837209
88.4816418605
80.0620697674
67.7568744186
68.0596790698
75.383944186
92.5456
93.9727627907
85.0779953488
89.1612232558
90.2672604651
90.292255814
90.2662883721
90.3411348837
88.977055814
89.5864837209
82.9553581395
84.0088232558
88.7251906977
88.9938186047
91.2188697674
82.4261395349
74.3313767442
84.3276604651
75.6815069767
83.5482093023
86.4110744186
79.530455814
83.6759488372
76.0043395349
70.236427907
73.9267674419
78.9878790698
86.1588465116
86.6945255814
70.5247627907
77.3680046512
88.346
88.0594976744
78.770744186
87.9875534884
89.5114
86.5569255814
91.6427860465
88.2861116279
82.5173813953
90.7665953488
71.0151627907
82.3270418605
88.7306837209
93.7929023256
88.6509581395
89.8325023256
88.3616697674
86.2161488372
81.3156511628
95.3224837209
95.7500093023
90.4092511628
92.239972093
88.8951627907
73.041144186
88.4276232558
83.7200837209
90.4655116279
85.9146372093
93.552
84.3807767442
83.5216046512
85.5365255814
82.4780790698
77.7980744186
80.4663860465
87.2905767442
92.6783906977
90.1320232558
78.3816790698
90.7223581395
87.7878697674
88.8906976744
81.8963023256
94.387227907
90.6882604651
90.5733767442
91.7288465116
86.3494604651
93.4147488372
92.5244744186
93.8098790698
91.1864139535
87.829027907
87.960172093
86.3569023256
95.5611627907
89.5974976744
91.9865069767
94.3169488372
88.5464651163
90.5150697674
83.6756697674
75.6711860465
86.5746883721
82.8472418605
86.9952930233
85.4104325581
88.2961906977
91.2771767442
90.8313023256
86.6529023256
85.9398511628
88.8225255814
82.0467534884
82.6576418605
81.8489581395
80.2885674419
81.5997348837
92.8694139535
91.8528837209
94.5856
91.8501348837
88.3304093023
90.1593860465
84.1113813953
90.4224186047
89.0609116279
86.6555906977
96.7311302326
95.8284883721
85.0005348837
89.0874790698
83.9491906977
73.6094604651
73.8299302326
86.4641534884
78.8520186047
70.2907953488
92.7533209302
87.5663302326
78.8375069767
78.6226325581
89.9314651163
87.844944186
91.2124139535
68.8413860465
78.7343674419
79.6544418605
86.9999116279
81.2915488372
79.9996418605
87.7101348837
83.9693767442
85.7421627907
73.5173953488
72.3088093023
84.6228
69.6117581395
69.7323534884
74.2719767442
78.8661116279
73.8131627907
66.7536139535
82.7602465116
93.4890186047
85.274655814
74.7805627907
68.5780604651
80.6032604651
64.1972093023
76.2698883721
53.4089162791
79.3131023256
57.0984325581
74.2880139535
65.4560651163
60.0796697674
85.2294883721
74.7897767442
74.7316465116
74.6714232558
53.7287209302
56.3044697674
74.3226930233
92.6641813953
69.3832418605
83.9965534884
82.007772093
69.664972093
74.3208604651
62.760855814
72.1911209302
86.2486883721
86.5503953488
89.5537953488
86.4488465116
82.5447767442
72.889827907
89.2216930233
77.4364232558
89.0149116279
73.2990418605
79.1349255814
69.4105627907
66.2100697674
90.2715023256
80.4928930233
87.7909348837
67.0687302326
70.6972744186
64.9837813953
66.9372046512
71.364772093
74.5824093023
67.1323581395
53.0115488372
61.2377581395
68.7995581395
57.9662697674
89.299744186
91.8987860465
78.861027907
70.7785488372
75.8514930233
69.590144186
62.3414651163
58.8551767442
59.2711906977
59.7650604651
63.3026790698
55.7469023256
43.7636418605
40.6968418605
44.4395209302
44.6645627907
55.0082604651
62.1916604651
58.5630837209
64.0127209302
64.8046837209
58.7731860465
55.6084465116
82.126627907
85.7446511628
84.2487255814
75.7380744186
74.2345813953
83.4982651163
78.201744186
70.2695906977
61.5916744186
84.9404046512
66.278827907
60.167744186
54.3547953488
64.7009813953
51.924
54.376255814
57.9481534884
56.1362372093
57.8982093023
66.3229534884
89.2645209302
76.4354651163
72.6706744186
64.0732837209
72.7028883721
62.7338139535
75.9051534884
65.9285302326
70.177027907
76.930055814
81.698655814
79.5178930233
77.9756604651
65.1081674419
57.408455814
62.5701116279
77.945744186
84.7736418605
76.298972093
68.2897906977
63.8254883721
67.7326465116
61.8205069767
65.4675488372
60.5449534884
62.9293116279
61.7563813953
64.9384
65.4880186047
57.5136418605
54.0709023256
81.1385488372
76.5408186047
81.8666418605
76.6258837209
74.9875162791
69.1943953488
66.0537488372
71.5101674419
78.2583116279
75.8480883721
75.4913023256
70.7696232558
67.5805627907
68.1875348837
67.6868837209
82.5677674419
85.7165953488
78.017172093
71.3348744186
63.5523860465
69.7034372093
62.4410883721
63.2819069767
64.6299813953
59.8778372093
71.1432186047
66.5805069767
60.7369813953
64.3789767442
59.3917906977
61.5616418605
66.7793813953
64.1282511628
79.5429255814
83.2208139535
82.7803302326
80.5911023256
72.052027907
74.7870139535
73.9274883721
89.582255814
79.4713627907
84.8165953488
74.3137209302
76.2047813953
73.2579023256
67.7210651163
65.8116930233
67.9535906977
67.8207302326
72.849855814
74.5342604651
93.2612186047
80.8751162791
90.012227907
85.3357255814
81.4679581395
77.5012093023
76.8145488372
80.0022139535
84.0268697674
82.3961395349
87.9054604651
96.290055814
85.3342372093
83.8865627907
81.5236511628
81.7484651163
82.8494604651
84.9934837209
85.2009023256
72.8482883721
71.7642372093
76.3748
74.9549395349
90.4844511628
89.2198418605
88.8006418605
94.285772093
81.7756976744
80.2456604651
86.0115023256
79.9905395349
80.6769906977
83.800055814
83.0871023256
82.5774930233
80.5025488372
86.718144186
90.0065488372
69.8632186047
75.5071348837
74.9769209302
83.3540651163
87.9511209302
85.4297162791
86.2636139535
77.5296232558
77.9342511628
78.6506232558
89.2123395349
94.5087255814
87.2098465116
94.7127674419
79.5837023256
81.7512697674
84.5444651163
84.9064790698
78.0237581395
75.9233627907
77.0789674419
78.6441395349
77.9285767442
80.5633023256
81.3234325581
81.1914232558
84.3997767442
72.161972093
70.177744186
78.6811116279
81.4871395349
89.2332418605
85.0698744186
84.4991209302
87.1287255814
76.2326651163
78.4755906977
88.9844093023
83.3554
85.6045302326
84.0188232558
81.6541348837
82.7128325581
82.4487302326
90.6816372093
88.7356186047
92.4073023256
84.8094604651
96.2575255814
89.8132186047
89.1009069767
86.8012465116
88.9363581395
89.4228139535
81.4442232558
82.6386093023
78.961227907
80.4868976744
75.3172651163
75.575827907
91.1438232558
71.9425209302
89.0791488372
78.0207069767
89.0815023256
81.5039023256
88.9607813953
87.224855814
83.1355674419
82.4679162791
87.9917813953
85.8253627907
