80.5688707483
82.4414353741
82.0720884354
82.3431088435
78.2522857143
76.1214693878
75.000170068
90.3876734694
81.2534761905
91.9569319728
89.9260408163
84.3591156463
80.4906802721
77.7083401361
83.0499863946
86.9476870748
79.6124421769
79.9203401361
83.2153945578
83.311537415
80.6120680272
89.4672380952
76.0950544218
76.373707483
77.4098435374
79.8132380952
86.3767006803
81.7017755102
87.6411836735
80.507122449
78.4678843537
85.6355714286
68.749585034
73.3321972789
80.0745034014
81.6621632653
84.4395782313
70.3890068027
76.846755102
75.4041768707
61.0014081633
92.3554217687
95.3538367347
88.9507619048
82.7006190476
82.247244898
80.0588911565
84.7608503401
89.6122380952
80.0897414966
76.8507346939
80.6517891156
88.1778095238
80.351952381
76.9101836735
72.9623061224
68.4781360544
61.7604421769
65.9790884354
79.9255918367
88.358952381
89.4119659864
83.2273469388
83.338414966
70.5743809524
79.4589387755
77.8817891156
79.0823061224
87.8762789116
68.6384217687
77.4815578231
87.4856870748
91.4524489796
92.4944217687
69.2925986395
82.3726802721
81.6576938776
84.9953469388
74.6080136054
54.3611904762
77.0850816327
63.5173469388
79.2439387755
77.8982244898
71.4548979592
76.6027687075
89.4651972789
90.780292517
87.4953265306
88.020292517
83.3619591837
80.1896190476
73.5364965986
85.7362040816
81.7487823129
84.9817959184
79.9092857143
74.7881292517
59.9195238095
53.924047619
76.3836122449
65.3998979592
60.384537415
58.3769931973
86.0909183673
87.106170068
59.1341428571
64.4182789116
72.8072040816
80.6823129252
85.2179319728
77.7072993197
72.0243469388
83.3120136054
77.0699251701
76.6687210884
65.3805646259
73.4293809524
77.0966734694
74.1035442177
61.9803537415
76.5164693878
82.9400680272
76.9449863946
80.2030068027
64.5908095238
51.8576598639
51.6036598639
63.7614081633
84.6967414966
78.3671292517
73.3463469388
65.1276258503
59.3208503401
51.8647687075
67.3743197279
79.0968571429
71.8807482993
75.5144829932
64.2340680272
76.1235238095
61.7530408163
86.2512721088
73.9515578231
56.6538639456
83.977047619
67.712829932
63.8263061224
55.2637278912
59.2377414966
68.0308503401
62.5176462585
56.1694557823
60.2948571429
72.3779387755
88.0103333333
77.7022857143
75.3832721088
75.8438911565
74.0820612245
69.2217210884
70.9128027211
69.7433605442
74.4291428571
83.7004897959
77.6393945578
71.7182857143
86.1967006803
75.3084353741
73.4103401361
64.3913945578
85.1338911565
90.8410884354
73.0001564626
67.8371156463
68.3151904762
70.6575034014
72.4324421769
72.8639387755
67.0235714286
65.2766394558
67.4039863946
72.455122449
75.2473129252
70.7042312925
73.580585034
68.2240680272
68.8075918367
81.9856394558
71.8398367347
68.571537415
69.138244898
76.1437346939
73.5546734694
72.7996394558
80.042755102
81.0848095238
73.5671020408
72.7375034014
74.6284965986
71.8726870748
66.7546802721
73.2503945578
73.9445714286
83.7530204082
77.2689931973
74.5633877551
75.5435714286
76.847877551
70.981462585
75.1483197279
71.7524081633
79.3351632653
78.7962653061
81.1157142857
74.7052993197
69.9835238095
70.7441564626
76.5423197279
74.8579183673
85.9159251701
74.3922585034
82.2550952381
83.4287619048
74.3965306122
77.325537415
85.2414353741
73.2305238095
81.615
76.1300340136
84.638462585
77.2893741497
81.1993605442
82.6290204082
79.1244285714
78.945707483
81.676877551
75.4546122449
76.2142517007
72.5846122449
77.623877551
73.6246190476
72.7177006803
77.3303129252
78.074462585
78.7114897959
77.9436462585
72.0982653061
76.3577687075
83.5802244898
91.1550612245
81.4949387755
80.5726190476
81.7065986395
78.7685578231
64.0828503401
71.3053401361
74.2590204082
64.8129047619
63.5982721088
73.2257687075
84.1042721088
78.3765510204
81.4418435374
76.5216870748
74.1852789116
80.8626530612
81.5053401361
80.2292312925
85.6262721088
77.158755102
74.9281836735
73.325
68.9269591837
66.5483673469
76.7702721088
82.2819455782
80.5380340136
85.1793945578
81.2833673469
77.986537415
73.3590204082
78.5272040816
75.0896462585
79.6301496599
81.4196598639
82.7464761905
91.6286258503
77.8679727891
75.4008027211
75.6710612245
78.9083129252
83.0668367347
78.1731020408
70.8190952381
66.2219659864
65.914877551
40.8461292517
56.7300544218
68.4438979592
87.0455578231
86.4759047619
83.6611904762
87.3664829932
82.252
90.1438095238
68.6288367347
83.2360612245
80.1675306122
80.2436802721
79.4355646259
85.2627755102
83.4985238095
81.0957142857
79.9914285714
86.1946190476
91.7028503401
92.2522993197
86.9784421769
94.5807210884
88.0203333333
88.6468979592
84.4842993197
80.7672517007
89.7751768707
83.6533877551
85.9919183673
80.6693673469
81.9165170068
84.273170068
84.859952381
84.3692244898
84.0751156463
85.1242585034
78.3578979592
74.7427278912
81.2880204082
70.8050748299
91.8125578231
80.4423945578
87.0274421769
88.1432517007
81.8108163265
80.5133197279
79.4433945578
86.8882244898
81.2013741497
80.1374761905
79.1150952381
81.3699455782
80.1147278912
92.0324285714
83.3633809524
76.1392789116
92.7621292517
80.8415034014
83.4556530612
86.9703605442
88.1491972789
85.5559387755
76.7603061224
82.7057414966
88.461462585
83.3429183673
84.3935986395
75.7826054422
80.661585034
85.8481972789
89.2354965986
91.3834013605
92.6518435374
89.4202857143
84.0608435374
78.4920748299
79.3028911565
77.9924353741
79.0347755102
76.3402653061
82.467585034
82.2435442177
80.2200340136
82.7673809524
81.2725306122
83.2281292517
83.6684829932
85.4762040816
83.4649115646
91.9418639456
86.0206326531
81.9606462585
78.7037346939
81.9914965986
82.6895782313
85.5420272109
84.5177959184
79.9832380952
89.993414966
82.3999659864
86.0168843537
88.5958367347
87.250585034
88.2680612245
85.4217346939
77.4183741497
81.5361428571
87.0537006803
85.9713129252
87.7292380952
82.6729183673
83.1304761905
89.3491088435
78.4199387755
74.0609591837
72.2610680272
73.9206666667
68.8576258503
71.3236122449
67.3908503401
75.6496462585
76.7953809524
79.4452517007
86.6580680272
80.186122449
88.4649387755
73.8611292517
72.6202585034
65.5532517007
87.6135714286
80.461462585
80.5318979592
79.0374285714
75.0512721088
75.1888163265
77.4657619048
86.7204421769
81.0918843537
82.3242108844
77.4272176871
71.9946666667
76.4174285714
76.912047619
63.8274421769
83.6085782313
73.8307619048
71.3693605442
81.8067482993
74.4028367347
82.1999047619
75.457047619
80.4671360544
89.4012653061
81.5366326531
74.4348027211
77.0784489796
70.9208435374
86.5826122449
74.6251360544
80.3922176871
76.9156598639
68.573244898
71.3957687075
65.4003129252
75.9191428571
82.6482857143
81.7151020408
75.6737210884
68.2550816327
58.5197482993
56.1829659864
55.8913197279
53.6193537415
51.8019115646
67.2271632653
74.7315782313
75.2482789116
75.9546666667
79.4348979592
59.8410544218
76.9735510204
89.6177891156
76.7128503401
78.6268911565
77.2539795918
79.4120612245
62.1142244898
61.5995782313
77.8381496599
58.8437959184
52.9865306122
56.6081496599
55.2184829932
76.6120068027
86.1101904762
58.9625918367
49.3257210884
47.6482176871
41.9318707483
41.7157959184
42.3164013605
46.1122857143
54.8209659864
57.1561904762
59.4937687075
63.8775986395
59.7449387755
54.089122449
54.8810884354
48.988047619
70.5620748299
72.0181020408
62.8359727891
70.1253945578
82.361292517
76.9346938776
83.1410340136
70.818
82.7247482993
62.0931768707
68.1175646259
67.234
67.7090068027
72.3238707483
74.7834285714
72.7368503401
87.6964829932
87.4093061224
81.0794761905
68.0523877551
72.4068707483
70.3479319728
75.8679455782
72.8240408163
80.7215238095
76.8706938776
80.203414966
68.7565442177
78.0724761905
79.2192380952
80.3369795918
72.5229183673
81.2157619048
80.0426530612
75.039462585
85.939877551
77.7670272109
80.6160612245
85.4775034014
86.2565782313
86.2850884354
72.2998979592
85.2873401361
68.6505170068
81.5408027211
79.4278707483
74.4425510204
83.4663469388
88.1005986395
83.4978435374
86.6557482993
87.9248367347
88.4487210884
71.6416938776
68.8123673469
75.2431292517
89.3806598639
88.3766802721
83.1669659864
68.962755102
72.9236054422
69.367462585
67.9669115646
64.3410204082
81.373122449
81.4638911565
78.5142789116
82.011829932
74.1883673469
73.6379659864
70.6725238095
75.332537415
72.9653877551
73.9454829932
70.4570136054
71.6253809524
81.3870136054
77.266707483
77.8889591837
73.6819183673
78.2896870748
77.4607755102
73.2266666667
68.6280816327
73.0135918367
75.7788911565
82.5974897959
92.2771564626
69.0352993197
66.3568095238
81.0131428571
77.3674489796
78.3469319728
73.7665986395
67.921707483
68.477877551
77.6238911565
72.1537687075
80.1332312925
83.449244898
81.269585034
73.3760680272
73.2425510204
73.1277755102
80.0445714286
83.4798843537
76.243877551
75.0933945578
83.1890408163
81.654952381
83.1639727891
80.876829932
78.7892585034
78.1127482993
86.9716802721
80.0515510204
84.0263197279
79.4181904762
80.6039047619
79.0854421769
81.1851020408
80.4032721088
91.3518231293
83.8214557823
89.489047619
80.979952381
83.2866870748
82.4516462585
82.4946870748
76.1506054422
74.930537415
74.3188503401
79.0489251701
78.7774761905
76.6806394558
81.6152585034
87.8733129252
74.3290952381
81.0518163265
83.9014965986
78.5566326531
82.2604353741
82.7667619048
79.410585034
85.7735986395
90.6908027211
87.2366938776
82.8286530612
73.2277346939
80.3063945578
78.6263333333
79.8620748299
83.1015306122
87.0598911565
79.623047619
74.9376666667
84.6210544218
77.6336258503
71.166707483
70.6048571429
77.6468571429
63.3719795918
64.455244898
75.8370952381
73.1481904762
75.7151836735
86.1116598639
92.6945102041
89.0326122449
86.349829932
88.5241088435
84.3650204082
81.6872040816
83.5225442177
76.1695646259
88.1252585034
87.5185782313
81.0342380952
68.9466598639
77.9534285714
81.3706394558
77.1292176871
78.9377142857
77.1625306122
80.906707483
89.5714829932
87.2583605442
81.4584693878
88.9484081633
89.7709931973
78.2162721088
77.3894013605
81.7010340136
81.3673333333
87.9617619048
88.0066530612
85.5106734694
83.8623129252
84.2845306122
76.8607278912
58.9217210884
80.6539387755
91.2776258503
76.7351020408
84.6634897959
82.8371972789
76.9546938776
81.4914013605
89.0426326531
82.3781428571
86.9379591837
83.1553605442
79.5834353741
90.1560680272
81.7663265306
78.8284829932
82.2302312925
88.9364421769
83.1792721088
86.9477210884
92.9746394558
77.1571360544
78.8951632653
89.2419727891
83.2884489796
81.8640068027
77.1594217687
84.6781496599
82.8065578231
80.9553741497
85.0486122449
88.1946530612
81.2568639456
85.866537415
81.531047619
87.0748367347
78.5156938776
77.7565102041
86.5936258503
86.5320748299
87.8238435374
85.6069183673
82.3598367347
81.7638367347
76.245462585
67.3806598639
86.3787482993
78.5093809524
87.9141632653
88.4926190476
81.0166326531
72.7014217687
76.4119795918
75.0727891156
73.6800612245
80.1271292517
90.7729455782
86.5440748299
92.0263333333
89.017462585
84.3881292517
83.099877551
75.9036258503
82.9708843537
88.1909931973
85.3568367347
82.1133061224
78.6865238095
80.6792040816
84.634047619
78.8561156463
81.6342789116
83.9068163265
77.9063061224
81.2499183673
80.3724557823
87.9122380952
89.5224013605
79.0561768707
68.304755102
59.980462585
87.6688231293
87.6772857143
91.9384829932
78.105829932
80.3892312925
83.7180068027
83.7290748299
85.828
84.7946802721
94.8696462585
74.5925578231
78.7471360544
72.7298843537
81.5803877551
77.6981496599
85.9126122449
83.6484081633
72.3702244898
71.054
65.4514421769
59.729
64.1067142857
83.2463741497
67.6054761905
75.3187278912
85.8718639456
67.1759251701
64.5445714286
74.6071428571
75.3635782313
76.2752244898
76.7762176871
85.5801904762
74.7898095238
79.2238503401
85.7617210884
80.3211768707
75.4315034014
86.3661768707
66.2113469388
65.4209455782
61.6736122449
63.0903469388
79.0134897959
47.2835442177
55.9011156463
57.5450612245
63.6908095238
62.2281836735
86.4077619048
59.3981972789
65.8973673469
69.5973265306
84.003755102
54.1628979592
51.8111020408
49.5603809524
82.2464829932
73.894707483
87.8190068027
88.2681496599
68.5842108844
64.3527210884
63.7932517007
77.3976394558
74.7977142857
89.1595714286
71.0109659864
67.3343809524
64.7218367347
49.1659319728
62.2409455782
69.1635170068
78.5665782313
87.1709319728
81.2341632653
79.0862244898
79.9689387755
66.7107619048
65.6341156463
63.9899319728
64.5179047619
78.8002993197
71.1830340136
71.5790408163
80.0783537415
75.4393945578
90.785292517
82.1149863946
87.8435714286
77.6090340136
72.9331428571
77.117585034
74.7447278912
88.9815238095
91.6675306122
73.6119795918
74.1553333333
73.203755102
76.7011156463
77.5170068027
67.3106054422
61.8526394558
76.741707483
62.5295306122
64.2919931973
62.7663469388
59.6091972789
78.9685646259
86.3146326531
73.0758367347
79.8192108844
75.9237823129
74.922537415
78.2603945578
74.7883877551
71.5928843537
87.0889931973
75.8171972789
76.7234829932
85.8250612245
72.8320952381
73.7458979592
73.8116530612
82.3475918367
74.515047619
76.7036666667
73.9383129252
71.2603061224
70.2663265306
69.6529251701
67.3070680272
80.3026938776
68.5858027211
79.2186190476
75.7165442177
72.281585034
74.0587619048
74.0450408163
91.0125578231
86.8225918367
87.8407687075
91.648537415
84.6459863946
86.7425306122
76.546122449
83.1398367347
79.8792312925
72.9189319728
80.9144013605
78.5264965986
72.0495170068
76.2417891156
82.1850884354
82.2956054422
81.3726598639
75.6707482993
72.0007891156
66.3564693878
76.0426394558
84.8813537415
79.0408435374
93.5406666667
92.1830748299
79.9296666667
76.5627823129
75.7423333333
72.339952381
74.0175034014
73.791
72.9776666667
81.9955170068
90.3857891156
78.1581088435
83.4299115646
86.1437346939
76.5582244898
80.3991836735
87.7957687075
79.9567414966
75.433585034
81.7050612245
77.0859931973
76.4820340136
80.3077619048
80.6280136054
78.6503537415
74.9761768707
75.9714013605
74.5619659864
73.7877755102
84.8890816327
83.0286462585
80.5101768707
82.8988979592
89.2144217687
72.6020952381
82.3511632653
78.7477210884
88.3571904762
86.3510204082
80.634707483
89.0545442177
77.2769319728
82.3049931973
82.9592244898
82.7116326531
82.3670204082
81.0727414966
84.0531564626
87.1666734694
94.2106190476
85.7058231293
80.1095034014
85.7246802721
89.0058095238
81.778952381
70.6956122449
88.9333469388
77.0934557823
71.7692312925
79.3192721088
79.5469115646
80.2500952381
79.4875102041
87.3367959184
86.0883333333
84.5937891156
92.1911904762
85.1034897959
92.0099931973
93.0252993197
82.4934829932
85.7586870748
83.9965102041
84.1029931973
88.1196530612
91.345047619
86.950755102
81.8609251701
90.3575918367
83.3579319728
84.406755102
87.7286802721
73.4704761905
88.8258707483
80.6943673469
89.880047619
81.7886666667
73.6679795918
74.3398707483
80.0621632653
79.2190748299
83.4093129252
81.9576802721
91.2010204082
94.9665918367
87.2339387755
76.0938503401
75.3426666667
86.345585034
71.5524421769
87.9219251701
89.8500612245
80.9985986395
89.2942176871
80.0005034014
77.3928571429
73.3570952381
87.9503469388
94.3088571429
90.3983401361
88.4816122449
87.9132721088
92.879
88.5705578231
89.4823129252
91.1229387755
86.759244898
82.3347891156
91.9026666667
90.2430952381
95.4324557823
79.0261904762
86.5956598639
95.7449931973
83.7126054422
83.7069931973
85.586292517
85.5815510204
84.8488095238
84.5653537415
85.5921156463
82.4992721088
85.7837210884
84.8814285714
84.0596054422
89.2606734694
89.6137006803
88.1965918367
85.5586122449
88.7011156463
87.4835918367
84.5615238095
79.2263061224
86.9914897959
91.6569591837
85.7825306122
87.0610680272
83.0432176871
82.8515442177
70.1392653061
78.9171020408
68.1663673469
83.8418843537
81.9326598639
83.4933945578
85.7377346939
85.664755102
81.5663061224
77.0399795918
80.0083537415
79.8775782313
89.4150884354
88.8496394558
92.4437278912
91.4648911565
92.314877551
92.7670680272
88.9694557823
82.4996598639
90.1767006803
89.597707483
81.3254421769
88.1418095238
87.1976394558
76.544170068
88.5557210884
80.5288095238
78.7438503401
79.1256190476
79.3300408163
91.4363809524
88.2406326531
86.0431360544
86.3156598639
81.1975646259
81.3658435374
83.0158911565
81.7396666667
86.2146394558
93.0420544218
82.8727006803
84.9556598639
82.5960136054
72.0085510204
68.3370068027
68.7914217687
65.4518639456
73.6613265306
80.7292585034
76.1252993197
82.6091428571
74.788755102
87.9394965986
83.1593605442
80.4877278912
85.6049863946
72.8698843537
76.8535306122
65.0058163265
71.9878707483
74.1023537415
79.9982517007
81.5085306122
73.906292517
81.6873469388
80.9195918367
76.9586666667
58.8810136054
67.2754897959
89.2660340136
80.5508571429
83.4790136054
83.4774489796
81.2888367347
76.7480612245
76.9208571429
67.1374693878
65.6827278912
67.6324013605
61.5663605442
74.2807482993
69.8275918367
75.5219795918
76.0557346939
65.9619319728
68.8684557823
72.350707483
62.7892789116
57.8302244898
61.9378163265
83.2720816327
84.3992721088
68.8181904762
82.2222517007
79.7530340136
74.7598095238
79.3441428571
69.2684081633
60.1675170068
58.5303877551
58.7412721088
53.4219931973
54.8179251701
45.1115714286
59.2358503401
55.2784557823
66.468047619
78.4900068027
67.1246802721
67.8117891156
60.8913605442
77.7245442177
83.8367687075
69.5563469388
84.0416598639
69.739414966
57.8084965986
66.5384013605
83.9713945578
69.6689387755
84.1136938776
63.716244898
68.722244898
85.8394285714
81.7447482993
66.4298571429
57.0218571429
59.2772857143
59.3038435374
60.8767210884
76.7362721088
77.5882517007
74.657047619
69.3965986395
83.2892176871
80.1401632653
87.0215918367
78.5404761905
71.5635714286
66.5233877551
61.0363537415
79.486170068
64.4685646259
52.4526258503
59.4194013605
61.5964081633
55.2189455782
57.9938095238
59.7020340136
62.7635714286
67.7616802721
72.2527891156
77.6612176871
66.0695170068
65.4042585034
85.0612108844
81.0812517007
80.4557959184
75.9633605442
70.7631156463
88.9541088435
71.7506666667
78.3292176871
80.3634353741
79.6566122449
77.0026734694
80.3692517007
71.5925442177
79.3563741497
71.9023061224
75.529585034
76.8210272109
78.8955918367
78.2530408163
70.3940884354
70.0291428571
72.5570748299
78.3516394558
67.8364081633
66.6236326531
65.2743605442
69.1734897959
65.7493673469
60.206462585
73.6278027211
66.0320544218
62.566244898
65.3383265306
59.2489047619
62.7056462585
63.8997619048
69.177244898
59.6541836735
63.0737619048
67.5288979592
68.0773061224
68.8875306122
73.8010068027
75.6874353741
68.3961088435
79.5683265306
69.8168095238
69.0798707483
55.1790136054
48.8650272109
52.0073673469
60.2681904762
47.068537415
50.1580136054
78.7963809524
81.059877551
76.3094285714
82.5279591837
77.7962040816
72.025
76.3874013605
67.049537415
63.5756326531
59.4577959184
61.8989047619
70.7289591837
63.3124081633
75.0647823129
62.3241360544
67.600829932
69.5514761905
70.6992653061
65.138047619
70.2610340136
72.641755102
77.0599183673
72.879292517
71.525292517
71.8472789116
70.0883401361
66.9906054422
68.9336530612
68.112707483
77.6976870748
67.3616938776
56.1858639456
60.1586530612
77.9502380952
74.3245034014
70.2031292517
69.6084489796
67.9456122449
70.7854897959
73.860414966
77.1538095238
73.8083401361
71.4409455782
71.1516394558
68.4859455782
64.7260680272
69.5712653061
75.0728571429
67.9339727891
72.249170068
75.6635986395
72.0167346939
71.970292517
67.4332517007
74.4977891156
75.8144965986
73.5004013605
88.2378571429
88.9519591837
83.2909727891
85.8439251701
80.4784761905
76.7638843537
86.7011020408
90.5266734694
87.3530612245
85.7977823129
87.4327823129
85.1329115646
83.5164285714
89.8486734694
81.4147891156
75.2346734694
77.3331020408
87.7050884354
86.5032108844
87.0106190476
81.4439931973
81.2164489796
81.1001904762
87.7338163265
90.6594897959
88.4738571429
85.6129659864
89.8346190476
88.2363061224
85.2445714286
80.5816258503
82.4304013605
84.9686938776
85.797
91.7144897959
93.3106394558
77.7278163265
66.511829932
55.3554353741
56.6239319728
76.6132040816
75.480414966
79.5457346939
88.5790884354
83.835537415
86.7516054422
88.7351972789
85.8459319728
87.5375306122
87.4869591837
67.2386122449
73.3778979592
79.1429319728
84.683244898
74.3541156463
74.9330952381
73.8871428571
81.8559047619
89.1917414966
88.0019931973
91.4246326531
82.9706122449
79.306244898
90.2503469388
93.2082721088
93.4666190476
87.8491020408
93.9956598639
94.7283401361
80.8665986395
83.5204285714
82.8639795918
83.9436394558
86.4142585034
84.0936258503
83.7642380952
89.0405442177
76.642
83.3124353741
83.9853877551
73.4831632653
86.9755442177
69.8365170068
89.2283945578
92.4879455782
83.6154557823
93.8083741497
92.7764557823
86.536877551
82.1458095238
78.3753605442
80.31
80.922292517
80.5738095238
89.8782789116
91.5307959184
78.1034217687
91.1825170068
73.0273061224
76.7877006803
84.6484761905
84.1089659864
79.576244898
83.5288231293
80.3951156463
82.3116394558
82.4430408163
87.4610408163
78.0543129252
78.3408639456
63.2779455782
86.6046190476
81.6134013605
85.2436394558
78.7699319728
78.0271632653
88.1078503401
84.2677346939
91.048122449
74.0711972789
82.8983061224
72.3456394558
81.4839115646
81.6121904762
76.9155918367
86.0280136054
87.7938639456
81.8530748299
79.8813537415
85.3513945578
87.0959795918
84.9340612245
86.847244898
88.0713673469
84.6557346939
80.9407346939
81.6807959184
80.9617823129
81.342047619
69.9830816327
72.9072993197
80.9691020408
81.6083741497
86.8121836735
67.1780272109
70.2799727891
64.5643673469
66.1139659864
57.6446734694
92.9660884354
89.1513605442
78.9859387755
87.323755102
86.2806054422
82.2471836735
78.8673129252
68.2449115646
79.1752517007
78.8096802721
81.9137891156
77.9230068027
80.851537415
64.3228027211
57.8954897959
54.6342857143
73.569707483
83.4066326531
75.5598435374
74.3271496599
87.2999319728
86.8016394558
78.1165238095
67.8693809524
71.2413945578
72.7566326531
78.6057687075
65.7285918367
91.8433061224
72.2495442177
91.159462585
74.9857278912
79.501707483
79.425414966
76.9740408163
90.702877551
73.093292517
78.4255306122
81.244292517
79.5771972789
77.5673945578
91.4755918367
76.6956530612
89.6169387755
85.0335510204
86.5617687075
81.1639795918
90.0202040816
85.2102108844
69.1540272109
54.0773197279
56.5852380952
76.937462585
67.902755102
67.7694421769
78.5855510204
69.546414966
81.9033673469
68.1324421769
72.2279931973
72.7998231293
64.8895646259
75.155952381
63.5153537415
78.9980544218
70.3278367347
80.9589183673
78.8425442177
72.2504557823
61.162047619
75.9570816327
80.9851564626
80.0653469388
78.3080136054
74.2912789116
72.6894217687
85.4044013605
74.0147142857
82.6830204082
77.2723265306
77.4532857143
67.2001360544
85.1146190476
61.8977414966
68.1475918367
73.947877551
93.0889795918
92.9941292517
92.6333741497
84.3604965986
89.9268163265
74.1189115646
81.5052993197
77.2831972789
66.1693197279
64.4766598639
72.5445646259
66.2327482993
65.9934829932
79.5310748299
60.0279591837
57.820829932
56.1750204082
74.8747142857
71.6886394558
69.077537415
65.6492040816
74.8671836735
70.3123401361
69.2228231293
72.604877551
64.016
76.6773605442
55.3454761905
54.6767142857
61.8758367347
57.7397006803
57.5887346939
60.6554965986
74.5473401361
76.9061292517
85.4902312925
65.2933945578
78.079170068
76.0846258503
85.0801088435
73.2043333333
67.7923945578
65.0359659864
60.5327619048
70.1986326531
74.4367414966
72.2699251701
58.0077823129
55.0764353741
54.8549319728
57.6844897959
60.405537415
73.5347823129
66.9042176871
77.729829932
64.448047619
69.9508911565
92.1439727891
61.4452244898
63.6449387755
62.0794217687
58.9434761905
81.6364489796
73.3949115646
58.0152585034
64.5722789116
66.1911836735
71.0298911565
61.9169455782
49.3853469388
59.0272721088
62.5897619048
70.0564761905
82.6839795918
87.3519115646
89.7514761905
76.1570136054
70.0950068027
72.3307482993
71.1534761905
75.462292517
63.2747891156
68.777707483
71.6504217687
67.7016394558
68.1128843537
74.6006666667
71.9380952381
65.1185034014
60.0037687075
66.7517891156
78.1568231293
75.2835510204
69.9728707483
62.1360272109
70.9132517007
68.9355986395
69.9923809524
65.3176802721
62.5921156463
60.4021496599
70.5810612245
67.5952993197
71.7082040816
62.4337687075
55.4706462585
56.4631428571
60.695244898
58.9970816327
76.6270680272
83.512585034
64.9652857143
73.8613129252
75.2823945578
86.8482517007
84.2311428571
75.0354013605
76.9694965986
69.934829932
78.9869115646
78.2710884354
84.578462585
72.9105986395
77.1781020408
75.4580068027
74.732877551
78.447755102
73.4599795918
79.9030204082
81.6085170068
83.4747755102
62.1911904762
86.2924353741
83.8962857143
77.0049251701
69.4162517007
70.4555578231
71.2852244898
71.2113741497
72.7649387755
80.1482993197
77.1869727891
74.3703741497
70.2348707483
76.3088911565
73.3889659864
79.1702176871
79.3698639456
86.8752653061
85.6722789116
74.406292517
82.1261020408
83.9536190476
78.8257278912
79.7043469388
73.7017823129
80.3805238095
68.3628503401
85.4481156463
80.1888503401
76.7451496599
81.1101904762
75.0039455782
87.3479387755
78.398122449
84.4876190476
80.5680068027
91.5922244898
88.3622312925
84.1332517007
88.1145782313
88.5471156463
91.9282721088
67.7290136054
72.8781088435
71.5792040816
84.1873673469
92.0415102041
93.536877551
82.9614421769
88.9578843537
83.628047619
78.0138435374
78.5056666667
83.5554217687
82.4269931973
91.877877551
85.304047619
75.9543741497
87.4891020408
80.0155442177
80.1085646259
85.9153945578
85.732244898
78.5639931973
76.2382789116
77.1330816327
91.1755714286
87.5457687075
89.7779455782
86.6801768707
81.8311156463
81.5801632653
86.1503945578
86.3883197279
84.7429387755
75.9434421769
83.6146394558
85.0781360544
88.1721768707
90.9283741497
81.6470340136
88.4508639456
82.5889591837
79.9252040816
90.8257482993
71.6466394558
80.4195918367
81.8185986395
85.0238367347
89.1159251701
81.8663129252
76.0957823129
79.6468639456
87.4315578231
75.9913537415
82.5233537415
84.0676258503
88.1337006803
84.0589115646
80.4516326531
80.421292517
87.3586802721
85.0480816327
84.448755102
79.3390748299
78.4687891156
72.5056666667
78.839047619
71.6453673469
80.3065306122
79.4724557823
85.4590068027
86.2349319728
78.5362857143
86.4015578231
84.0657210884
81.6661768707
76.3038843537
79.6630408163
81.9378027211
83.1607210884
88.0444557823
88.5810544218
91.7408571429
84.6961360544
86.753462585
78.3788231293
83.0064217687
87.9439727891
69.4042993197
83.9345170068
78.9618979592
85.9633401361
83.4919727891
60.7238571429
75.966585034
67.369414966
75.5427142857
71.5515986395
71.5550884354
72.3082176871
66.7451564626
74.6004013605
77.524585034
90.0719727891
87.0790544218
76.9860952381
82.0486258503
88.3252108844
86.3204965986
77.8599047619
81.0007619048
87.9655102041
89.0068027211
76.7216122449
82.5541904762
78.7821972789
78.0956462585
73.1823945578
66.9838707483
76.7514217687
71.479462585
65.9452585034
72.8509183673
77.6270136054
73.4977210884
64.6394013605
81.4267891156
69.4834285714
64.5131768707
53.7056394558
56.4502380952
56.2531768707
60.0879591837
57.3317755102
60.8465034014
86.0838843537
72.093047619
78.3676530612
75.3462789116
80.4053333333
75.8818707483
78.5150952381
90.8970680272
89.3641020408
85.166829932
86.8262040816
76.5473333333
81.8908979592
82.343414966
71.8665782313
83.0572312925
82.7637006803
78.2657006803
91.7301360544
68.7889931973
65.2017414966
57.8428707483
82.8677619048
72.4926530612
63.2440952381
56.4813129252
56.4115986395
55.1866802721
53.5158503401
57.8534829932
52.7290952381
55.437047619
56.2125510204
49.799292517
60.1329931973
52.6030612245
73.9268163265
82.8863469388
74.024585034
79.6720408163
70.9225782313
70.0663469388
89.4310612245
70.1328571429
75.9948707483
63.2523469388
76.8086326531
79.0036530612
83.8430952381
92.3088095238
85.384414966
80.532170068
76.0629115646
78.2491972789
70.9996598639
71.1149251701
68.7829591837
92.850414966
82.0364217687
80.4931088435
90.2279251701
86.401537415
81.1682244898
86.7398435374
93.6744421769
79.9831292517
81.6003129252
80.3258231293
70.3332244898
72.5014013605
62.4416462585
87.4769795918
72.7588027211
90.3195782313
76.4297006803
81.0861020408
78.4856734694
70.0528571429
70.274755102
66.9737414966
70.9064217687
85.2584421769
77.8638163265
76.8165782313
75.4305578231
69.5396462585
68.5062789116
60.180122449
79.3025170068
60.692292517
58.648
67.5004829932
82.4255646259
76.3080884354
67.6781496599
75.6090612245
70.8548095238
73.7807278912
65.2014761905
78.3711564626
87.1603945578
80.6810272109
78.7794421769
75.6654897959
72.5872108844
64.3700408163
67.1731836735
62.4783061224
64.8505714286
69.5122517007
79.2965510204
86.185244898
87.7631768707
82.6990340136
80.9308367347
89.6368435374
78.6403809524
79.0363945578
76.5611972789
74.4715918367
71.4783469388
70.5022176871
71.5291428571
78.0425306122
78.4559183673
82.1890952381
76.8039863946
66.2845782313
66.5529591837
93.5482653061
73.1827278912
71.1645306122
85.2946326531
81.1615306122
83.6003877551
76.3076802721
73.0941564626
83.7990136054
90.2604081633
93.1213605442
80.944585034
82.9740272109
76.5685306122
75.9044897959
77.4347823129
75.8436122449
72.363707483
69.303707483
70.437829932
72.6227891156
62.8806666667
62.1996462585
69.7060680272
83.7589115646
81.9308571429
74.0175102041
74.2182176871
69.0082312925
72.1568639456
68.2976598639
65.8594829932
73.4264557823
69.005755102
78.9126598639
76.6249251701
88.7891632653
83.6213741497
90.5357687075
90.5207142857
86.7667346939
83.5125918367
81.1694829932
82.8839387755
80.0188639456
86.0651496599
84.278462585
85.0779727891
78.2949931973
82.5818163265
78.8530068027
77.2474897959
78.1937755102
87.5104081633
86.705707483
85.4570816327
88.7173265306
82.9168843537
81.8283265306
86.5147414966
87.3705170068
78.2486598639
85.3032721088
84.0335510204
82.4988843537
83.8463333333
85.0526326531
73.9658639456
79.3378571429
85.6501360544
90.2162312925
84.2607755102
84.9017346939
85.4222517007
80.9977755102
83.4794013605
84.0215714286
78.1168911565
78.3381496599
78.1837687075
84.3516666667
72.7862176871
87.7330612245
89.5833537415
86.9779183673
84.5801088435
83.2768979592
83.0374489796
90.3194013605
82.6174897959
78.1482721088
85.8806122449
89.9802040816
87.4031768707
87.1866394558
86.6099931973
83.2012244898
81.848122449
86.5281564626
88.426170068
87.4469659864
87.033122449
86.0782789116
78.4675442177
74.1752244898
74.1311836735
82.4969795918
84.3828639456
92.6219931973
89.1481768707
89.4526598639
90.6529455782
88.8285986395
89.0866666667
74.3277823129
80.4465918367
81.3007346939
82.3597619048
84.139
75.9670340136
80.7725442177
84.6320884354
86.0309183673
90.5351360544
92.1380408163
87.4045918367
89.7340748299
84.9944013605
90.2367278912
88.6706870748
84.6732789116
77.4303945578
88.3097278912
88.7360136054
87.3187959184
92.7682244898
91.0021292517
89.5188095238
92.8160612245
91.625122449
84.3679251701
88.0860748299
79.1647346939
86.001170068
77.4792040816
64.2676462585
85.6616122449
83.3213877551
87.268047619
79.3069659864
86.2421428571
78.5294217687
80.421829932
92.1072517007
86.6204013605
84.7113265306
84.2010204082
81.8405918367
79.2788571429
82.0783197279
83.3736054422
80.8794829932
83.7630408163
87.5663129252
87.6962108844
82.7711564626
80.612829932
83.8890408163
86.9631496599
88.235244898
85.4236530612
85.8571632653
86.5713877551
88.5427006803
89.7500816327
83.5791632653
75.086
79.9701904762
87.8413333333
72.7713741497
73.0080952381
83.1750884354
83.7897687075
83.5504285714
85.6112789116
69.4961564626
63.9669863946
70.5967619048
69.362707483
85.777829932
74.4599727891
73.4478095238
82.1016734694
78.0553401361
74.9811428571
68.8875034014
73.046462585
73.5790544218
62.9253197279
71.3095034014
73.5747619048
76.6769047619
62.922952381
56.1369931973
74.6795170068
76.9059659864
78.4219591837
75.5866326531
79.9679387755
78.5774421769
82.7735034014
90.1436598639
85.6040408163
88.7981360544
79.0818027211
71.6556938776
80.8841836735
80.6491360544
87.7807891156
74.5262517007
79.9078231293
75.7430068027
74.0199795918
76.9538707483
79.0880816327
90.8537959184
83.7323061224
89.4109863946
88.7572176871
81.8544489796
83.4312244898
83.3778707483
76.7420544218
80.0380340136
77.3701156463
81.5639931973
75.0973945578
84.5177687075
84.384414966
66.3899183673
77.0138367347
65.4354761905
82.091829932
87.7620340136
64.4702653061
76.2184489796
59.2143877551
58.8910272109
76.8062244898
69.0657482993
67.5434217687
74.0158163265
79.6160612245
79.8716258503
78.6576394558
75.6042857143
81.9616394558
82.064047619
88.6665918367
71.1923401361
61.8545238095
63.8342789116
58.2864217687
63.2251972789
66.963462585
78.608585034
58.5612517007
73.1198095238
76.4042380952
84.5130408163
79.8708707483
73.0452244898
65.5747619048
71.6504489796
75.4698163265
82.366244898
76.7628163265
70.4636462585
64.5845238095
64.7264489796
70.5139795918
78.9594965986
78.777244898
79.2074557823
75.1362108844
76.7177006803
72.7718911565
78.0068163265
63.2194897959
57.4773197279
60.3017823129
59.8908911565
73.2077210884
76.1675646259
87.5915782313
82.3330136054
73.3905102041
68.4646598639
60.4010068027
63.0102653061
83.4378095238
84.051462585
62.2588979592
68.7050748299
62.8905782313
56.0018231293
50.2881360544
63.0339727891
79.5611292517
79.0667482993
74.4297346939
83.2481292517
79.147414966
80.5456598639
78.1318435374
83.2389319728
84.5355238095
78.5002789116
67.3080884354
65.7108231293
79.5884081633
74.2551564626
63.9357142857
91.7204693878
80.5308707483
81.2594081633
77.5039115646
80.2045034014
86.3374285714
90.730707483
69.9611904762
83.817122449
79.005707483
74.0701292517
85.407047619
73.6822789116
69.8088979592
54.794952381
59.8304557823
75.9612993197
66.7287687075
80.2515034014
87.4023061224
81.3710272109
76.9022993197
72.3011360544
65.6964353741
62.8711496599
67.4358571429
68.9647006803
68.7887142857
65.2975442177
74.3958979592
71.8885306122
80.0762312925
83.5534829932
79.3955170068
73.993707483
68.6838979592
78.6446870748
73.6306598639
76.922707483
80.6036190476
65.9190680272
80.9739931973
84.1775578231
69.2239931973
74.4177278912
67.3959455782
64.9754285714
83.5317619048
80.6457482993
82.067755102
76.5330748299
75.2711632653
68.9585986395
82.4157687075
81.5277959184
71.3849115646
74.965047619
85.4341972789
81.3403673469
82.0013265306
84.6554081633
79.0138231293
78.7142721088
80.0618571429
78.1133673469
73.3789115646
73.1588231293
72.6343265306
70.3158503401
73.8853673469
72.7323469388
71.8877006803
73.7728843537
67.0891564626
69.2336938776
86.3803401361
81.566462585
84.9781904762
74.4775714286
70.8229931973
89.0738027211
74.5045782313
74.3846258503
80.5880340136
80.5070748299
78.7021020408
79.8833877551
81.3371836735
79.6077891156
87.2757346939
80.8008435374
74.024877551
80.6267278912
74.3159251701
73.6309387755
81.7665782313
79.7448435374
81.1192244898
78.9275646259
74.4101904762
85.6205986395
73.4636122449
73.8224693878
76.0244965986
87.2960068027
71.2628843537
71.2010068027
86.0601360544
88.6196802721
90.9710748299
81.3439795918
74.1950544218
77.9201768707
81.388829932
80.1058639456
76.3944897959
78.4787687075
85.210877551
90.6404897959
90.9611836735
84.3742244898
79.6165646259
82.4014013605
81.5714353741
82.0840680272
73.3751496599
75.9094897959
76.8695238095
82.6590272109
93.4854217687
83.3583945578
80.6182789116
85.7187482993
82.8292380952
88.0596530612
85.963952381
83.0018435374
79.3380884354
82.0173265306
81.3845578231
83.9215782313
85.3087619048
80.7831632653
77.1601768707
72.6703537415
77.2558707483
75.4157959184
89.3686870748
88.9542789116
86.501585034
85.248755102
74.5660272109
81.0325034014
89.5022789116
88.5658095238
87.542122449
83.8860680272
87.7124013605
87.1719863946
84.1612721088
83.3263061224
82.0224829932
84.8223061224
93.7457278912
95.6436122449
92.3065034014
83.6000612245
81.1853605442
63.2242312925
70.9960340136
88.2694761905
92.2763537415
88.1585986395
83.1142585034
79.1437687075
86.1765782313
87.3238707483
94.0310748299
90.151122449
82.5550204082
90.3883877551
90.5821972789
83.712755102
88.9398231293
74.7033741497
65.1570680272
84.1949115646
81.8423809524
91.3834353741
81.2426394558
88.8565102041
86.7855986395
81.9377891156
84.725170068
85.9856326531
84.6336326531
86.1844353741
87.5227687075
87.1773401361
78.5200952381
83.4581496599
82.3620204082
79.2256258503
80.6775102041
88.8503945578
87.9236938776
83.8510136054
89.8433265306
76.4505986395
84.3310612245
84.8192312925
83.4918571429
90.9007346939
87.6452312925
76.7266598639
74.1464081633
69.1427346939
87.048170068
80.2304897959
81.197755102
73.7807006803
77.2308503401
86.1295102041
77.8604761905
76.7390272109
81.332
81.1396258503
91.4936734694
83.6856394558
79.5635782313
79.5487755102
74.2349319728
68.3664353741
77.8847891156
76.9647687075
83.4087142857
76.2077414966
69.2718911565
63.221244898
84.5056530612
80.8968027211
82.3737278912
77.4131156463
80.5149183673
86.9699183673
78.8659931973
74.9773537415
74.7295578231
76.8729931973
70.4560816327
70.8536122449
78.171244898
65.5505510204
57.1263197279
60.6231768707
70.8005170068
73.692
81.9108027211
91.9786666667
95.5762585034
83.9976802721
85.620462585
91.4652857143
88.9414897959
90.7524081633
87.9793877551
87.9410680272
87.5165918367
84.9823741497
77.1088911565
70.1959591837
61.9559931973
61.5525306122
78.3632653061
76.4344013605
74.1882517007
82.9622653061
88.7544965986
59.9378027211
78.3007482993
82.6873469388
68.9259727891
79.7406734694
79.9891496599
81.7957482993
66.1171564626
66.793829932
87.4286734694
91.4471904762
86.8952789116
71.7244081633
86.9587142857
86.097244898
88.8085918367
85.9896530612
69.1629183673
73.211170068
64.5900340136
76.7892857143
61.6209319728
72.9685646259
73.9078503401
79.2173333333
79.5777210884
70.9194489796
76.2764489796
71.8789659864
72.9924421769
78.8357687075
80.2011020408
85.6698639456
68.594170068
64.5423809524
58.5785714286
79.3770612245
64.6637006803
50.9045578231
51.414170068
76.8168979592
75.6888027211
77.3884013605
77.5300544218
70.8253605442
69.4684489796
87.3998911565
68.4031088435
65.6856802721
78.9736258503
85.4615034014
84.3314761905
66.5129591837
62.8506802721
81.8417482993
77.9296258503
73.1800068027
80.0300272109
67.6963877551
67.3068979592
84.6871156463
69.380462585
62.2591428571
68.914122449
72.5033265306
78.4787755102
80.8707619048
65.0057482993
76.3778435374
84.8363333333
76.0831564626
80.0113469388
74.6727414966
85.382462585
90.137952381
89.2699659864
72.6389319728
69.4811156463
74.0789319728
68.8134693878
70.412414966
52.8118571429
57.8761020408
69.6682857143
76.5647346939
83.7149659864
77.6627755102
71.2462244898
74.5126938776
68.852170068
50.2019591837
67.5381292517
72.3132312925
65.2153129252
62.0548095238
63.4091904762
61.1101972789
63.3163741497
60.9233741497
60.6024489796
62.2028503401
64.0582380952
58.1296190476
81.2276870748
79.9091496599
73.2082312925
73.1914829932
84.3766394558
66.9955442177
67.6809251701
62.3786802721
66.0065442177
76.8059795918
69.9508367347
64.864170068
71.8674013605
65.2655102041
64.8324353741
72.0258231293
72.4870136054
84.1480884354
75.3865102041
85.9739795918
80.7436530612
81.378877551
69.6916258503
64.5351768707
67.0474217687
64.3398367347
62.0084761905
63.3957755102
57.875244898
68.0453401361
57.2905782313
57.4779183673
56.4027278912
62.5251360544
62.5391972789
56.805585034
70.4719047619
84.4593129252
73.9424285714
71.545414966
74.4746258503
70.8939455782
65.3572653061
90.5062380952
92.6066802721
85.2554897959
74.8459591837
89.4585646259
87.5583061224
90.0380204082
77.2633197279
74.3957142857
79.0716326531
79.6680884354
80.1374217687
82.5786598639
76.4236802721
76.8735442177
76.3452789116
87.3332517007
75.709952381
78.0135306122
69.6087755102
71.0561836735
71.4068435374
78.1660272109
73.4559115646
73.1786666667
86.0287006803
87.3098435374
76.8102244898
93.7342585034
92.2882176871
92.9633537415
83.9181360544
80.7155578231
80.4752721088
72.6980680272
70.5012108844
82.1349455782
79.2437687075
78.5807891156
77.1941156463
81.0140136054
80.5190612245
79.1625578231
80.2498911565
72.8366190476
80.1301156463
81.7302312925
79.8966054422
74.7145646259
85.7500748299
74.8949795918
81.1824557823
82.6848979592
81.3350544218
84.7207006803
79.1435238095
81.9726802721
73.8702585034
77.551952381
86.8491360544
85.0146802721
75.0658435374
86.9652244898
81.9691564626
80.5726462585
94.3536598639
82.6916530612
80.146414966
85.4368911565
81.5302857143
76.2934693878
75.5942176871
88.5148911565
90.4575646259
87.8725238095
89.1645714286
76.9083741497
80.2977619048
82.0362857143
83.7116734694
78.8090408163
87.021170068
84.3978163265
80.9991564626
84.6510952381
78.411047619
83.7761564626
86.4209727891
85.0996598639
78.4560680272
87.9293809524
92.1365306122
74.6080272109
84.1816122449
86.1812517007
85.802462585
87.0837755102
80.7442108844
77.3435578231
86.3004353741
84.2391496599
81.1589251701
95.2844081633
93.3290068027
90.8657210884
86.2130272109
92.3356802721
87.5876190476
76.4975646259
78.8058707483
90.3938639456
90.9300340136
88.8810884354
87.4708707483
86.0837687075
89.3036258503
86.0102380952
79.4702789116
86.1381496599
87.9423605442
71.3158843537
85.1649455782
85.201292517
79.3977619048
86.7284693878
86.8450340136
70.2490816327
79.4459659864
79.9700408163
81.5928979592
87.7859183673
84.2856190476
90.501122449
85.9329319728
91.3724489796
86.5183537415
87.7211972789
81.7038027211
80.850707483
90.6457278912
85.9200884354
87.4027142857
76.9097210884
80.8344421769
87.3169455782
80.4234285714
75.5282721088
78.6794013605
69.7676054422
71.3227959184
76.6312721088
79.3967687075
84.4237823129
80.1770136054
85.5607142857
86.2576802721
88.5218911565
91.976170068
93.7346462585
88.8865918367
88.008829932
87.2803197279
81.8472585034
84.830462585
66.6769727891
71.4097482993
71.5377619048
70.9781836735
70.6044557823
71.057755102
91.6473469388
85.0487142857
86.3285986395
74.7993605442
91.4997414966
93.2705510204
90.4062312925
85.3967006803
91.8754081633
92.6258843537
93.9368231293
91.7098707483
86.5207142857
84.437047619
86.5109115646
85.5693197279
84.1906326531
85.7721496599
81.9575782313
70.1404353741
63.6548639456
64.5699047619
75.5162721088
95.3820204082
92.9215306122
93.0534557823
85.4283061224
64.5855102041
75.380462585
72.8091904762
72.0009047619
72.419414966
74.588707483
73.1895102041
65.0325986395
66.6434353741
65.1693333333
62.488877551
66.9922040816
75.7525646259
76.9726326531
90.0616326531
86.3982244898
87.0548095238
75.2380408163
71.9109183673
78.2319387755
92.0947142857
94.4144557823
92.7391768707
68.3669387755
72.9217755102
74.4530340136
70.4129115646
80.307952381
73.4844285714
87.5579047619
80.7996530612
62.9904965986
78.0421632653
67.2201020408
79.3452653061
65.2805646259
68.016292517
77.830585034
77.8421088435
76.9375510204
83.2772380952
75.9244013605
69.0072380952
78.677414966
82.5574829932
71.1898231293
72.026755102
72.5734761905
61.7246326531
68.3272517007
67.2411972789
63.7403605442
63.5243877551
59.1813061224
57.7186530612
49.2884285714
48.5862653061
48.4184421769
61.7689387755
76.4283605442
69.7856938776
80.5864489796
88.0920136054
88.0335034014
71.0746938776
69.8277959184
69.9172312925
60.7362040816
77.2598163265
58.5547755102
87.4933333333
68.7279863946
72.5963469388
77.203952381
73.5365510204
64.8136258503
77.9345986395
67.3148979592
68.6411292517
86.557
87.229047619
86.6683469388
74.6810884354
66.8647006803
62.3148503401
80.2031156463
67.1200136054
90.5585442177
85.8006530612
88.3578503401
71.2395646259
87.486414966
91.201755102
83.8041496599
82.934414966
83.2227006803
72.8054489796
66.5532517007
70.3663061224
70.7617823129
78.9635578231
91.4813945578
92.2548571429
74.0524421769
91.2164897959
81.3656666667
82.6581428571
80.0314489796
85.8764965986
83.9464489796
75.0835986395
78.2443741497
77.3926666667
88.3293197279
77.4795646259
85.7010680272
69.9347210884
81.1075646259
75.1911836735
75.8822721088
75.2336054422
74.9077823129
67.1196394558
63.4152653061
63.0353469388
62.5196122449
67.8731836735
81.4695510204
64.0902312925
64.6412312925
63.4961292517
66.0284217687
70.241829932
69.1878571429
69.992244898
78.9965986395
73.7497959184
77.7477687075
70.8788163265
81.3914081633
80.7883945578
81.9948639456
81.4115442177
77.3003469388
77.4666802721
72.9815986395
86.1318843537
80.7232244898
87.8765918367
87.8995170068
84.6120068027
72.8085442177
91.5777959184
83.3966666667
74.405170068
73.1221972789
74.1345578231
63.9981428571
66.2927210884
89.5753469388
77.8023945578
75.1789115646
73.9740952381
79.879585034
81.3193537415
69.2340680272
83.2673877551
73.9203333333
91.9035918367
83.6355578231
77.8765714286
78.7655442177
75.1717891156
89.0332380952
79.8363537415
75.4110952381
76.314537415
78.4748571429
79.3930680272
90.1170612245
81.5916190476
74.5975238095
75.5880612245
79.718707483
79.8074217687
78.8661768707
86.1041972789
74.0110340136
81.4769115646
79.761462585
79.4477278912
79.993952381
80.6829591837
74.1180952381
80.648
85.4647755102
80.5158911565
79.0810408163
86.2057619048
89.4145986395
84.1081972789
78.2168979592
83.0516666667
82.4859591837
89.4530272109
82.2139183673
78.5833129252
80.4088367347
73.8831632653
79.1311972789
86.9912244898
83.4476530612
78.4802040816
75.2941768707
79.8737891156
80.0818367347
76.257585034
76.0089251701
70.3126258503
76.0258843537
74.2000136054
71.7890884354
76.3734557823
92.6420680272
84.7365510204
82.0507006803
84.4004489796
68.4409115646
87.8811292517
88.6276598639
77.8287823129
82.8310408163
87.0773605442
93.937707483
88.7420068027
89.3278231293
87.9040408163
81.1561360544
78.1614965986
71.8579251701
83.6043265306
79.4125170068
81.1258707483
95.0736530612
90.122292517
80.9886326531
81.6990680272
93.192414966
80.6875170068
79.8483265306
88.7481632653
86.2813129252
90.7830612245
77.6803469388
77.9024217687
76.0048231293
88.2393809524
77.2619455782
88.3298163265
84.7374693878
82.8589727891
86.7123469388
87.3040680272
82.3927006803
91.4742653061
84.0134557823
88.565
93.9148911565
89.2448639456
86.8619047619
84.6285782313
90.8301632653
93.3063741497
80.9426326531
72.2184557823
78.8666666667
89.7485646259
90.3675646259
90.4569251701
78.1446666667
89.6371836735
87.6773945578
82.3078027211
89.4961496599
94.3797823129
82.7786598639
81.4462244898
90.2559863946
94.7341768707
94.3206462585
88.3223741497
83.2156870748
90.4624965986
92.124585034
80.5999115646
91.058829932
90.1083401361
92.0748163265
92.1624217687
80.8128367347
84.1741088435
83.7714285714
85.0929115646
87.0741972789
79.9181428571
84.5488911565
82.1991564626
83.9090748299
77.6625782313
76.2679931973
83.0615578231
84.4386054422
79.6733605442
83.7109319728
82.0785918367
88.0773605442
83.1047346939
79.3531836735
86.223170068
91.5577278912
88.5759795918
86.4141836735
89.3713469388
89.4288707483
88.8495714286
80.5784761905
83.8891156463
93.4490204082
82.7927891156
80.5381020408
78.6345238095
94.4376462585
79.3122380952
83.230462585
77.7038095238
85.5381972789
76.4806734694
75.0532585034
65.6627959184
86.5380136054
78.6877619048
74.0368911565
84.2514421769
84.8952993197
76.5805170068
80.5136190476
92.7762857143
86.6978435374
77.062047619
76.6724489796
77.0830136054
85.1703197279
85.9013129252
82.6156530612
78.5394285714
85.1482653061
72.0463673469
76.9478163265
86.7115714286
85.1955034014
90.8134217687
84.5216258503
85.2768435374
83.0141972789
82.043877551
83.4109931973
74.107829932
90.7913605442
75.0343673469
84.8724829932
86.2319183673
75.8458435374
75.0153197279
87.0430816327
83.9504217687
80.8515510204
89.9301904762
83.8436666667
90.1614081633
81.7979795918
72.995047619
81.543170068
69.8868571429
86.9382517007
92.1905238095
80.4470408163
85.9710544218
82.7867959184
91.3063945578
83.9645714286
84.9998979592
74.0487823129
85.7786938776
67.0094897959
85.971292517
87.688292517
75.1916258503
65.3273741497
71.837707483
78.3766530612
68.8647142857
69.4468503401
86.2176054422
85.8502517007
64.0245578231
60.8630340136
63.6995510204
58.9963877551
51.1574013605
55.9575986395
53.2028503401
81.6706190476
74.9185170068
65.3515646259
84.2673673469
66.6828843537
64.0765986395
53.6580340136
54.5229319728
50.5822176871
51.1484353741
42.8743197279
92.8626394558
74.2589659864
74.7136326531
72.1553197279
81.2912653061
77.8868163265
73.2223537415
68.4407142857
64.2041632653
57.9995782313
56.4790680272
51.0505986395
44.4062176871
43.4932108844
48.4933605442
47.690829932
45.9903877551
44.2420272109
51.8940204082
75.9863673469
78.852
79.2572993197
74.778047619
69.8239319728
68.5416598639
60.9740884354
71.667952381
62.9852040816
54.6314353741
75.3280680272
85.0798367347
68.1429455782
67.2564965986
76.459170068
78.1416666667
77.136244898
72.1738979592
65.9100816327
64.8162857143
88.8796394558
83.8416734694
83.6362789116
83.6017823129
76.7086122449
78.6818707483
75.2971428571
58.1319251701
55.2038435374
68.2661496599
73.4923333333
59.0753061224
57.5592857143
65.9193333333
74.936829932
66.0182040816
83.9676190476
74.2388571429
74.7041428571
79.9363605442
73.9524557823
79.731414966
76.3944761905
73.8666394558
73.0961496599
85.7384013605
68.8126870748
64.0122244898
60.7966734694
66.7349659864
66.8707006803
62.5147414966
69.0855102041
64.3554965986
61.5256190476
62.578537415
67.5011360544
73.4315510204
85.1361564626
84.4129251701
91.1301156463
83.0757823129
84.1221496599
80.1129047619
73.8011836735
87.8082040816
74.7063877551
67.624170068
83.8852176871
68.6632857143
66.2182653061
63.7377210884
66.8264557823
72.6743333333
65.5111836735
67.786414966
64.2177755102
82.509952381
78.116292517
72.8252857143
66.4823197279
72.9145918367
66.9076394558
62.8844557823
68.5950680272
72.5412993197
72.1623061224
57.3800544218
53.2186666667
58.5901496599
59.9068163265
61.5023265306
63.6741292517
58.3376190476
74.1165102041
69.2042517007
74.848585034
86.0437959184
70.1661360544
68.9163945578
77.8578979592
69.7933741497
84.4302108844
69.9842380952
70.6292380952
72.9466870748
66.3274081633
74.2798843537
74.7342517007
83.6449183673
72.0078027211
86.5951768707
76.5734217687
77.596585034
69.9747959184
72.5450952381
73.051292517
77.9104285714
64.0056870748
78.2602653061
89.0428231293
84.9809863946
86.6257142857
80.6327414966
78.3530884354
81.6123537415
79.8560816327
84.1983673469
80.6881768707
81.2807755102
77.7711768707
89.402707483
76.5131428571
77.1575578231
67.7732312925
73.812170068
74.9950612245
76.1457823129
79.036829932
87.148537415
88.7003741497
86.895462585
88.3845782313
79.6361836735
68.3249251701
68.2851564626
75.1786734694
92.2020748299
93.6508843537
85.2871020408
89.2776530612
90.1563809524
90.1552993197
90.137952381
90.1433741497
88.9608911565
89.146707483
83.1582312925
84.0907619048
89.0403877551
88.554829932
90.4684353741
81.7648095238
73.2570136054
83.4840816327
75.3225510204
83.6456122449
86.5236258503
78.9371972789
83.6960272109
75.1240816327
70.5289251701
73.384877551
79.0027142857
86.4176190476
86.692047619
69.5217346939
77.0078707483
88.3542244898
87.7696394558
78.4485782313
87.0931836735
89.8206870748
86.7343129252
91.0825782313
87.6129863946
81.5234761905
89.9025646259
70.9178639456
82.3549455782
88.3160612245
93.4771360544
87.5209727891
89.3388231293
88.0054897959
85.9942993197
80.3807687075
95.1023061224
95.6575442177
90.1762517007
92.2385034014
89.3214421769
73.1198979592
88.3985918367
83.8154693878
90.6528435374
85.662170068
93.1037891156
84.1460816327
83.371755102
85.2898707483
82.7782653061
78.4181836735
80.6831632653
87.5231564626
92.5789319728
89.9022244898
77.477829932
90.4109591837
86.9953061224
88.7840748299
80.0151564626
93.8336530612
90.0520408163
90.465952381
91.8643265306
86.0283265306
93.2227959184
92.8453061224
94.1439319728
90.7583129252
86.3145034014
87.8740204082
86.4396666667
95.2381836735
89.0271836735
91.8639455782
94.5404897959
87.9001428571
89.6362721088
82.8231020408
74.5357346939
86.0091428571
82.4155510204
86.9964693878
85.6267482993
88.2750884354
91.1588843537
90.4593265306
86.7780884354
85.8310204082
88.4369319728
81.9830612245
82.4790612245
82.0133333333
80.3544285714
81.4779251701
92.770952381
91.6418163265
94.516952381
91.771829932
88.2758367347
90.2320136054
83.9688979592
90.0067687075
89.1814897959
86.5341904762
96.5700204082
95.6794013605
84.7476190476
88.8362789116
82.9803469388
72.2878571429
71.9674285714
86.4845578231
78.8232721088
69.5340068027
92.7571904762
87.8066122449
77.5901564626
78.4021292517
89.6871360544
87.5066598639
91.0826122449
68.3880068027
77.9659659864
79.1149319728
86.8762721088
80.5239659864
78.5896190476
87.5856190476
83.8341768707
85.4297482993
73.7101360544
72.4653605442
84.5415986395
68.7542108844
69.0690068027
74.1899659864
78.0716666667
74.0389319728
66.6213469388
82.1994897959
93.4828367347
85.3984353741
74.3178231293
67.8989863946
80.2726190476
63.2810068027
75.6454285714
53.2948571429
79.4136190476
55.6547891156
73.954537415
65.8507006803
60.3656734694
85.7355238095
75.8129455782
74.9583945578
74.2828911565
53.1385646259
54.8978979592
73.9512312925
92.5537006803
68.7777346939
82.8705306122
82.2988095238
70.284829932
74.2638503401
62.6691156463
71.735170068
85.9465306122
85.8839319728
90.0675714286
87.0025306122
82.7032244898
73.4508979592
88.7559863946
77.6953197279
89.3193741497
72.3440952381
79.5789319728
69.4135170068
66.0035918367
90.7195510204
80.3831836735
86.7121904762
67.3631768707
70.8951496599
64.7711496599
67.2780816327
71.9540748299
75.1208231293
67.7044081633
52.4903537415
61.0461020408
69.5270884354
58.5870612245
89.8625986395
91.804585034
78.5303605442
70.8412721088
76.446122449
70.6304693878
63.625877551
60.0136734694
59.8613809524
61.1117755102
64.8896598639
56.2398163265
43.3899455782
40.0182040816
43.9558911565
44.5195510204
55.4933129252
62.6157959184
59.4003605442
64.5817142857
63.668707483
59.5901428571
56.9760204082
83.4926190476
84.412244898
84.3276938776
75.6590340136
73.3380204082
83.7972312925
77.1439455782
71.1420068027
62.5333945578
85.3956054422
66.5803809524
60.8639795918
54.6396190476
65.4213469388
52.7345918367
55.2277687075
58.4854897959
56.7533401361
58.0742585034
66.523755102
89.8304421769
76.8493673469
74.5867414966
64.7060204082
73.5853673469
63.4368095238
75.6346802721
65.9555170068
70.4230816327
77.1355986395
81.349170068
79.2349931973
77.3907142857
65.9476258503
58.3434489796
62.8159931973
77.5889047619
84.658585034
76.1959863946
68.5614489796
64.2489931973
66.9316258503
61.859462585
65.7111836735
60.6730748299
63.5884285714
61.6269659864
65.9153061224
65.8479863946
58.8992108844
54.810462585
81.7790272109
75.8601088435
81.9593605442
77.1144489796
75.237047619
69.1722789116
66.6457414966
71.8935170068
77.3912789116
75.1914761905
76.091462585
71.2051972789
66.8891632653
69.1700952381
67.7532585034
82.0414829932
85.427292517
78.105292517
71.1645986395
62.9606054422
69.9930680272
62.6389863946
63.013877551
64.6757006803
59.7914217687
70.5630680272
66.8853809524
61.3291904762
64.5407959184
59.7946462585
61.8877414966
67.2769047619
64.5765102041
78.8461360544
82.6762993197
82.5460884354
79.5460272109
72.2223469388
75.1046870748
73.642414966
89.8269931973
79.2463469388
83.8739319728
73.157829932
75.8637755102
73.1502993197
66.9982585034
65.6990680272
69.3444965986
66.8539183673
73.0473401361
74.1758843537
93.474244898
80.6067755102
89.3602176871
85.2273605442
81.4409047619
77.9051292517
76.8949319728
79.9956666667
84.2427142857
82.4128435374
88.4994557823
96.4056598639
85.251707483
83.6918979592
81.3784421769
81.7923809524
82.9852993197
84.4296870748
84.7570612245
72.6291564626
71.4366326531
76.3860748299
75.0600204082
90.1936734694
89.2179183673
88.7953197279
94.3889183673
81.8573469388
79.4543877551
86.016414966
80.3040068027
80.5878231293
83.4249931973
82.8993333333
82.8144421769
80.963122449
86.7279047619
89.7056054422
69.4533605442
75.3671496599
75.0708095238
83.3352585034
87.6196598639
85.3489659864
86.478829932
77.3026666667
76.5759727891
78.3261904762
88.6790952381
94.5165646259
86.5682244898
94.4831632653
79.1603401361
80.9085578231
84.6531020408
85.4503673469
77.8016666667
75.578952381
76.7781904762
78.3140680272
78.084829932
80.4133061224
80.8556394558
79.6677278912
84.4921292517
71.8485646259
70.8577346939
78.9239727891
81.5917823129
90.0989115646
84.1668979592
84.5100748299
86.700292517
75.9021904762
79.5558571429
88.7628911565
83.6306870748
86.6087346939
85.4179251701
82.021170068
83.2067959184
82.3125918367
91.611585034
88.6005714286
91.8506326531
84.4505170068
96.2756258503
90.0447891156
88.5489931973
86.0564693878
88.7356394558
88.9921836735
80.9546734694
81.9376462585
79.9749047619
79.5106190476
75.1940816327
75.2440068027
90.5076326531
72.534829932
88.6629659864
77.6775102041
88.8798367347
81.5378367347
88.6177142857
87.1295646259
83.5957006803
82.7682176871
88.3241088435
85.7110884354
