3.4455918367346947
0.01563265306122449
3.97065306122449
3.195877551020408
5.039326530612246
2.9136734693877546
0.3458367346938776
0.0
0.5445714285714285
0.009408163265306123
0.14524489795918366
0.9898775510204081
1.4812857142857143
0.7785714285714287
0.18481632653061222
0.0
4.3440612244897965
5.513142857142857
3.01969387755102
0.0
0.0
0.0
1.243530612244898
4.0644081632653055
0.015591836734693878
1.0495102040816326
0.0
0.5088163265306123
0.0
1.3184081632653062
1.4456530612244898
0.0
3.617551020408164
1.4298163265306123
2.7551836734693875
6.011326530612246
0.23048979591836735
4.394224489795919
0.5938775510204081
4.530408163265307
0.0
0.0
0.0
0.0031632653061224487
0.07112244897959183
0.0
0.0
0.0
0.0
0.24730612244897957
3.602510204081633
4.615877551020409
0.0
1.4936122448979592
5.861122448979593
4.847979591836735
4.52565306122449
9.55273469387755
5.505551020408162
1.2732448979591837
0.0
0.0
6.434918367346938
2.0881836734693877
3.3269795918367353
2.3277755102040816
0.16283673469387752
3.8319387755102037
0.004122448979591837
2.976551020408163
0.41167346938775506
0.0
0.8173469387755101
0.0
7.339918367346938
3.939938775510204
0.9165918367346938
1.7869591836734695
3.0474693877551027
8.688469387755102
6.391632653061224
8.380530612244899
0.0
0.8170204081632652
1.738857142857143
1.258265306122449
0.0
0.0
0.0726734693877551
0.0
2.0637346938775507
4.164081632653062
1.3181428571428575
0.13871428571428573
0.38893877551020406
0.0
0.04920408163265306
8.519367346938775
11.279204081632654
11.635020408163266
0.4295306122448979
9.563653061224489
9.268061224489795
10.634979591836734
0.07112244897959183
0.0
9.380551020408165
4.687061224489796
0.5193469387755102
0.9148979591836734
0.34502040816326535
0.9636122448979593
2.8351224489795923
3.1903673469387757
2.2952857142857144
3.0451224489795923
4.088897959183674
2.56869387755102
1.9287142857142858
1.629755102040816
7.010040816326531
4.476326530612245
2.416061224489796
3.2383673469387757
5.677551020408163
10.536591836734694
13.376877551020405
12.461897959183672
7.9406122448979595
0.04848979591836734
1.3093061224489797
7.244265306122449
12.417653061224488
13.224265306122449
13.070469387755102
2.6044897959183673
0.48193877551020403
5.7320816326530615
0.7150408163265306
7.477469387755102
3.120897959183673
10.28261224489796
1.5378367346938775
6.87330612244898
6.922999999999999
0.2296530612244898
10.643204081632652
12.464530612244896
10.753408163265304
13.292938775510205
8.481183673469388
8.72812244897959
12.00881632653061
12.581816326530612
8.209367346938775
0.0031632653061224487
2.018836734693877
3.323775510204082
5.619102040816327
9.88722448979592
6.943285714285714
7.056979591836734
8.380816326530612
3.5307551020408163
1.9072244897959183
0.49071428571428566
4.997734693877551
0.0910204081632653
4.982142857142857
11.251428571428573
10.412244897959184
0.2417755102040816
0.7388571428571429
5.921061224489796
7.411734693877553
7.330061224489796
8.26230612244898
5.65704081632653
7.267816326530612
3.6914081632653066
4.447816326530613
5.887877551020408
4.056061224489797
4.8200816326530616
9.614755102040817
3.479959183673469
2.3685714285714288
7.241693877551021
0.3937142857142857
0.8098163265306122
4.964959183673469
2.4018367346938776
1.095530612244898
6.371346938775511
1.8227346938775513
0.0083265306122449
1.5359795918367347
1.5616122448979592
1.4508367346938775
0.6517346938775511
2.1586326530612245
6.0827755102040815
0.9604897959183674
2.4938571428571428
2.515142857142857
5.171632653061225
5.574877551020408
8.131285714285715
6.6449795918367345
5.387020408163264
5.453795918367347
3.7896326530612248
1.50030612244898
5.114591836734694
6.2913469387755105
8.455591836734694
8.318938775510205
8.228755102040816
7.006795918367348
4.185061224489796
0.4843877551020408
5.2658367346938775
2.447877551020408
2.0335510204081633
8.670673469387754
3.4840612244897957
2.7157142857142857
7.369734693877551
3.237612244897959
7.092979591836736
1.0525102040816328
1.3090204081632655
2.3013469387755103
2.4423469387755103
4.6171632653061225
1.7008571428571428
2.922693877551021
4.784571428571429
0.13361224489795917
9.368530612244898
10.894673469387754
10.764979591836735
9.443510204081631
6.855081632653063
4.3428775510204085
2.686755102040816
6.905836734693878
10.940285714285713
9.494265306122449
3.5145510204081636
1.6574897959183674
6.873530612244898
6.692081632653062
5.421755102040816
2.183326530612245
7.68969387755102
5.215530612244898
9.423224489795919
5.725020408163266
4.7060204081632655
4.091448979591837
1.4454285714285715
4.839081632653061
0.028428571428571428
0.6054897959183674
4.977122448979592
3.9760000000000004
2.2253469387755103
3.486163265306122
0.0
7.59126530612245
8.548163265306123
7.614714285714285
7.423897959183672
8.554755102040817
2.6617346938775506
0.28544897959183674
1.5803673469387756
1.1723673469387754
1.8381224489795918
8.065408163265307
7.332306122448979
7.187265306122448
7.576081632653062
4.390632653061225
0.7810816326530613
0.8344285714285714
0.14200000000000002
1.5282857142857142
2.1348367346938777
7.781081632653061
8.08334693877551
1.1664897959183673
7.664999999999999
9.067857142857143
8.989877551020408
8.643
8.759061224489797
6.000040816326531
4.235081632653062
0.0
0.14516326530612245
2.274204081632653
1.7929387755102044
3.6548979591836734
2.4442448979591838
0.02908163265306122
0.6290204081632653
0.562
3.913061224489796
1.7359591836734694
2.262265306122449
1.5856326530612241
6.708510204081632
1.2055102040816326
3.272510204081632
0.021877551020408163
0.0
0.0
1.052285714285714
0.5375102040816326
0.08534693877551021
0.024224489795918368
0.12104081632653063
0.34451020408163263
0.339
0.0
0.0
0.028469387755102035
0.26981632653061227
0.04848979591836734
3.269897959183673
1.0230612244897959
0.004122448979591837
1.0724693877551021
4.558428571428572
4.69169387755102
0.7935714285714284
0.024224489795918368
0.5252653061224489
0.0
0.0
1.2199183673469387
0.04995918367346939
3.2605306122448976
0.0
0.34146938775510205
0.6571836734693879
0.02495918367346939
0.0
0.04848979591836734
0.0
0.32877551020408163
1.7703877551020408
0.03748979591836735
0.0
0.13044897959183677
0.2963877551020408
0.9134897959183672
0.10851020408163264
0.0
0.0
0.0
0.5345102040816327
0.3597551020408164
1.0480408163265307
2.2516938775510202
0.0
0.024224489795918368
0.0
0.0
0.07595918367346939
0.21904081632653064
0.11865306122448979
0.08534693877551021
0.8681224489795919
5.879448979591836
5.374122448979592
1.2003469387755101
0.7770408163265307
5.073673469387755
3.968428571428571
3.849142857142857
1.0882857142857143
2.179408163265306
0.3873469387755102
0.42434693877551016
0.05408163265306122
0.19553061224489798
1.8039795918367345
4.795591836734694
1.2784897959183674
0.23973469387755103
0.0
0.0
1.3899183673469389
0.0
0.45359183673469383
0.0
0.031061224489795914
0.02495918367346939
0.10375510204081632
0.09581632653061226
1.5401020408163266
0.21800000000000005
0.7669387755102042
0.1253469387755102
0.05687755102040815
1.5016326530612245
0.15648979591836734
0.0031632653061224487
0.20881632653061227
0.044000000000000004
8.235693877551018
8.81261224489796
8.81261224489796
8.848551020408163
8.60695918367347
8.036897959183673
7.042367346938776
7.579510204081633
1.4650204081632654
0.0
0.08171428571428571
0.8556530612244898
0.2669795918367347
7.459244897959183
0.01563265306122449
2.1314897959183674
0.0031632653061224487
1.4578775510204083
4.617795918367348
6.001061224489796
0.19434693877551024
0.0
2.9913673469387754
0.0
0.7611428571428571
0.6822653061224491
5.664897959183673
0.6884081632653061
1.701387755102041
0.01246938775510204
1.2678979591836734
1.3471428571428572
0.5273061224489796
5.430285714285715
0.0
1.2818979591836734
2.9003877551020407
0.0
1.2534285714285713
3.005938775510204
3.3026530612244893
4.14126530612245
1.014673469387755
0.25763265306122446
0.03644897959183674
0.14824489795918366
2.118918367346939
10.904102040816325
6.585816326530612
3.3736938775510206
3.7411632653061226
0.28883673469387755
0.1120408163265306
9.800142857142855
11.78504081632653
12.245897959183676
11.590836734693879
11.753040816326532
10.252979591836734
1.1648163265306122
2.4023265306122448
2.8294489795918363
7.406020408163265
3.687204081632653
0.2863673469387755
0.1603673469387755
0.0
2.620551020408163
1.1892244897959183
0.1123061224489796
1.5791836734693876
8.79577551020408
8.657918367346939
1.4063673469387754
6.253836734693879
4.651918367346939
13.186061224489798
9.682
1.7977346938775514
0.0
8.517489795918367
13.486326530612246
13.800918367346938
13.897734693877553
13.924448979591837
13.914857142857144
12.838224489795916
13.121183673469387
8.111857142857144
9.39004081632653
12.08130612244898
8.402571428571429
11.288265306122447
7.326142857142857
12.742755102040817
0.7111632653061223
0.32891836734693874
10.271510204081633
7.730122448979591
2.5522448979591834
3.8780000000000006
0.023918367346938776
6.35730612244898
0.9827142857142857
8.300959183673468
8.408265306122448
11.853918367346939
12.981673469387754
11.312775510204082
5.740285714285714
5.225448979591837
0.9633469387755103
0.48777551020408155
3.9442244897959187
13.17265306122449
4.26104081632653
6.0193877551020405
5.047224489795918
4.4933061224489785
2.445775510204082
2.9809795918367348
3.6995714285714283
7.282224489795919
1.3195102040816324
4.2892448979591835
7.863999999999999
2.8778163265306125
3.613857142857143
4.086204081632653
3.6711428571428564
0.7798367346938775
3.9634285714285715
2.679183673469388
0.7775510204081633
0.7074081632653062
1.8528367346938777
3.874265306122449
1.9783469387755104
9.92330612244898
1.9065510204081635
1.3177959183673469
0.9345714285714286
0.5033265306122449
0.350734693877551
0.5628775510204082
2.1223673469387756
0.7007346938775512
0.16346938775510203
2.5954693877551023
3.137448979591837
1.3098571428571426
0.0
0.5247551020408163
0.0
8.830959183673471
12.951510204081632
12.298632653061222
12.024204081632654
12.852551020408166
9.406163265306121
5.942591836734693
7.352306122448979
0.006183673469387755
6.377346938775512
9.060408163265306
10.101408163265306
5.294959183673469
8.844938775510204
3.395571428571428
6.545081632653061
11.698816326530611
1.9608163265306124
2.3575102040816325
3.0153469387755103
7.985081632653062
2.905551020408163
5.065530612244897
9.814775510204083
12.501183673469388
9.771142857142857
7.47391836734694
4.060102040816326
0.534469387755102
1.4582653061224489
5.072326530612245
2.8075510204081624
0.4913877551020408
3.597408163265306
7.117959183673469
11.12483673469388
8.617469387755103
2.9003877551020407
4.357122448979591
4.401408163265306
1.404183673469388
2.2491020408163265
9.428367346938776
11.249061224489797
9.334102040816326
2.317
1.8029795918367348
9.967489795918366
10.629326530612245
0.5631836734693878
1.5429591836734695
2.1551428571428572
1.1427142857142858
4.446469387755102
1.257
1.6870816326530613
7.59357142857143
2.2733061224489797
5.279530612244898
9.490244897959183
8.161836734693878
7.800326530612245
5.188795918367346
0.0
3.949857142857143
0.0
4.4405918367346935
3.1191632653061223
7.67961224489796
4.969428571428573
2.1292857142857144
7.611122448979592
4.5306530612244895
7.504714285714286
3.838122448979592
5.9258367346938785
0.10851020408163264
0.0
2.496387755102041
1.4899591836734696
3.1958367346938776
0.032591836734693874
1.553530612244898
0.0
1.300857142857143
0.7593673469387754
0.0
0.0839795918367347
0.04848979591836734
5.401367346938775
5.704877551020408
4.073102040816327
3.0433469387755094
0.0
0.0
0.024224489795918368
3.286938775510204
0.0726734693877551
7.189551020408162
4.8286326530612245
4.37430612244898
1.0668979591836736
8.292448979591837
6.103571428571429
0.18459183673469387
0.7684693877551019
0.16544897959183677
0.0
0.0
2.3122857142857143
1.8600204081632652
1.2428163265306122
0.09959183673469388
0.3249795918367347
0.7598163265306122
0.024224489795918368
0.0
0.0
0.05155102040816326
2.250448979591837
1.8597551020408163
3.5556122448979592
1.1364897959183673
0.0
0.5105102040816326
0.21800000000000005
0.0
0.8929795918367347
3.7212040816326537
0.0
0.0
0.04848979591836734
5.457551020408163
0.0
1.5330408163265303
0.0
0.42246938775510207
0.0
5.312183673469388
0.4371224489795918
1.1534489795918368
0.0
0.0
0.0
0.3318367346938776
0.0533469387755102
0.0726734693877551
1.7856938775510205
5.061489795918368
0.0
1.5212448979591837
0.024224489795918368
0.2991632653061224
3.1105102040816317
0.0083265306122449
0.0726734693877551
0.006183673469387755
0.867938775510204
0.6358775510204082
3.5850612244897953
0.0
0.0
2.3345714285714285
0.12495918367346938
0.0
0.0
0.948204081632653
1.5936734693877548
0.0726734693877551
1.9078979591836733
2.020612244897959
0.0
0.0
4.583326530612244
0.0
1.6443469387755103
0.058346938775510206
1.372204081632653
4.106081632653061
0.12697959183673468
0.0
0.08826530612244898
0.033571428571428565
1.7115102040816328
5.817244897959183
3.4105306122448984
4.8911428571428575
0.0
4.126551020408162
1.1336938775510204
0.9245102040816325
4.605836734693877
7.2154897959183675
6.661122448979591
6.834673469387755
6.666408163265306
0.0
0.0
0.657530612244898
0.0
0.0
0.24220408163265306
0.009408163265306123
1.3444897959183675
3.2142857142857144
2.0200612244897957
4.56234693877551
2.2733061224489797
3.384
4.074632653061225
0.09581632653061226
0.23348979591836733
0.004122448979591837
0.02908163265306122
2.807163265306123
3.0721224489795924
1.8622040816326535
0.0
0.0
5.794122448979591
7.106061224489796
5.039591836734694
1.2121632653061223
0.46755102040816326
0.004122448979591837
0.24208163265306124
0.9234489795918368
0.024224489795918368
0.32369387755102036
0.0
0.14212244897959184
0.0
1.136204081632653
1.8673061224489793
4.5054693877551015
0.025020408163265305
6.061551020408164
2.117489795918367
0.4715918367346939
1.714591836734694
0.3632448979591837
7.737918367346939
6.977326530612245
8.127510204081632
0.42836734693877543
2.075326530612245
2.4163877551020407
1.8842857142857143
7.81065306122449
7.934244897959183
3.5849183673469396
2.6375306122448983
0.0
1.940591836734694
3.5430612244897963
4.719020408163265
0.0
0.09920408163265305
5.243857142857143
9.532448979591836
2.6712448979591836
10.142714285714286
10.795469387755103
11.56261224489796
3.3996530612244897
2.8804081632653062
11.842265306122448
12.782734693877549
11.333938775510203
8.080673469387756
9.653632653061225
0.19610204081632648
5.911163265306123
7.923346938775509
2.8452857142857146
4.297061224489796
11.321714285714286
5.391836734693877
4.148877551020408
0.0
3.4268367346938766
0.0
0.0
4.397632653061224
6.999959183673469
4.996448979591837
1.3292857142857144
2.5549795918367346
0.42587755102040814
8.475326530612247
1.6764081632653063
11.017142857142858
12.592204081632653
10.792551020408164
8.546755102040816
5.8343061224489805
2.195734693877551
3.420326530612245
7.788061224489796
4.215306122448979
8.69761224489796
9.825142857142856
11.121938775510207
8.029448979591836
1.2811428571428571
9.306632653061225
5.547877551020409
0.37087755102040815
0.6280408163265305
0.004122448979591837
4.816142857142857
0.24246938775510204
4.6476734693877555
10.18504081632653
8.857183673469388
11.171000000000001
0.7486326530612245
0.0031632653061224487
6.208510204081631
3.548265306122449
9.024591836734695
6.539897959183673
0.8146530612244898
7.499938775510205
9.816755102040815
2.7224285714285714
13.193979591836735
7.273448979591837
7.865306122448979
3.3527551020408164
2.071673469387755
0.0
0.15110204081632653
1.094326530612245
3.876265306122449
5.032244897959184
8.621775510204083
9.275285714285715
6.4880204081632655
3.9815918367346934
7.723428571428571
1.3578979591836735
0.0
1.8362448979591837
4.627408163265306
4.76565306122449
1.157959183673469
5.867204081632653
0.6999795918367345
7.433326530612245
10.618653061224489
11.74134693877551
8.168285714285714
8.972979591836735
1.391510204081633
4.638897959183673
1.7103469387755101
3.995510204081633
0.5796938775510203
2.364897959183674
4.717591836734694
0.1816530612244898
1.1003673469387754
0.45393877551020406
0.12104081632653063
4.60861224489796
1.645469387755102
5.218857142857143
0.5241632653061225
0.7633469387755101
5.2045306122448975
1.4531020408163262
3.5357755102040818
8.733448979591836
6.880734693877551
2.4077142857142855
3.0759387755102043
7.3220816326530604
9.779285714285715
10.816448979591838
11.834918367346937
6.24726530612245
0.4216122448979592
0.04848979591836734
0.0
0.0
4.691938775510204
8.18461224489796
8.19573469387755
9.368469387755104
3.968265306122449
5.030918367346939
7.636795918367347
0.9762244897959182
0.13675510204081637
4.738693877551021
0.0
3.052979591836735
5.899979591836734
5.2231836734693875
0.8690816326530613
1.0412244897959186
7.441755102040816
1.6166734693877551
8.115979591836735
8.650367346938776
5.921877551020408
5.0036938775510205
9.022653061224489
10.689469387755103
11.315367346938777
10.299469387755103
7.768591836734694
1.4313673469387755
2.7445510204081636
5.135489795918367
6.530081632653062
1.6023265306122452
7.52934693877551
3.0212448979591837
6.31991836734694
0.47865306122448975
2.7252244897959184
6.593632653061224
4.62
0.17767346938775513
1.3446734693877551
5.663204081632652
4.087877551020409
7.7563469387755095
4.889489795918368
3.568734693877551
0.0726734693877551
0.024224489795918368
2.0127755102040816
7.401714285714286
6.002816326530613
1.5437551020408165
3.1482653061224486
3.420918367346939
0.0
5.065346938775511
5.613551020408163
2.006061224489796
4.434795918367347
3.7876530612244896
1.1636122448979593
0.0
0.0031632653061224487
3.5174897959183675
0.0
2.831469387755102
0.24220408163265306
0.0
0.16426530612244897
0.0
2.2156530612244896
1.132918367346939
0.0926530612244898
0.388204081632653
0.08581632653061225
2.090469387755102
0.4208571428571429
1.8615102040816327
0.3386530612244898
1.624183673469388
0.5233877551020408
0.0031632653061224487
0.0
0.0
0.17289795918367346
5.024816326530613
4.927448979591836
5.094244897959183
1.9888163265306122
1.2198367346938774
4.519571428571429
0.0
0.0
0.9576734693877551
3.548
0.8951020408163265
5.864795918367346
4.272265306122449
0.0
1.0324489795918366
0.02495918367346939
0.0
0.24797959183673468
3.3032448979591837
2.99169387755102
0.6157755102040816
0.0
0.0
0.9940816326530614
0.0
0.0
0.0
0.024224489795918368
0.8814897959183673
0.0
0.16318367346938778
0.0
0.9824489795918369
0.0
1.1367142857142856
2.240877551020408
0.0
0.5341836734693878
4.00304081632653
0.0
0.0
1.097469387755102
3.490081632653061
0.0
1.3523673469387754
0.540530612244898
1.0331020408163263
0.22753061224489793
0.05687755102040815
0.0
0.0
0.0
0.5137346938775511
0.0
0.028469387755102035
2.577204081632653
0.11869387755102043
0.8994897959183673
0.17222448979591837
0.0
0.10851020408163264
0.5998571428571428
2.0443673469387758
3.5678163265306124
3.2621224489795924
0.0
6.706959183673469
0.0
1.9435918367346936
4.6870408163265305
4.7338775510204085
6.003612244897958
4.215612244897959
4.960040816326531
1.0952448979591836
3.643938775510204
1.2877959183673469
0.8534081632653061
0.0083265306122449
0.0
1.0930204081632653
2.170714285714286
0.0
0.0
0.35126530612244905
0.09677551020408164
0.0
2.9247346938775505
2.660693877551021
7.311877551020409
7.901469387755101
7.127183673469386
5.745
0.0
1.6418775510204082
0.40495918367346945
0.04918367346938775
3.645020408163265
5.554653061224491
0.6329591836734694
5.7196326530612245
0.12210204081632654
0.12791836734693876
0.0
0.9814285714285715
0.7265102040816327
1.333448979591837
8.251204081632652
8.993469387755102
7.726897959183673
2.908061224489796
2.350938775510204
1.1081836734693877
5.858836734693878
4.444326530612245
0.04848979591836734
0.01246938775510204
1.436918367346939
0.0
5.279061224489795
5.033163265306123
9.24604081632653
8.632285714285715
8.048428571428573
2.953571428571429
0.3891632653061225
2.3973877551020406
0.19091836734693876
1.582734693877551
1.7329591836734695
9.958714285714285
3.068306122448979
0.0031632653061224487
3.680142857142857
2.6544489795918365
0.1826938775510204
0.7750816326530611
2.152285714285714
2.2752448979591837
10.312795918367346
8.901020408163266
10.034204081632653
9.913653061224489
3.694857142857143
1.589734693877551
0.3302040816326531
2.6290408163265306
10.234979591836735
7.515489795918367
2.1384489795918364
9.090530612244898
10.616102040816326
6.47338775510204
0.0
1.0711020408163263
4.299061224489796
2.4672244897959184
1.568469387755102
5.135387755102041
5.016795918367347
8.722367346938775
11.46565306122449
11.46126530612245
10.168122448979592
10.870632653061223
10.591510204081633
10.905653061224491
3.194081632653061
12.224387755102041
9.781632653061225
3.375244897959184
9.86561224489796
6.398387755102041
8.39404081632653
0.33236734693877557
0.6585510204081633
4.378367346938776
0.024224489795918368
6.3197142857142845
5.575265306122449
3.6802857142857137
0.0
7.867040816326531
3.803204081632653
10.131979591836735
8.093204081632653
1.7529183673469388
3.5724693877551017
8.828224489795918
13.134897959183673
13.817530612244898
13.396775510204082
11.636591836734695
2.3820408163265308
6.171551020408163
3.92665306122449
9.042673469387756
0.546469387755102
0.4890408163265306
0.6163673469387755
3.704959183673469
9.592122448979593
13.796795918367348
13.777816326530614
0.3958163265306122
12.456591836734692
14.013102040816324
14.350857142857143
13.760775510204082
13.579183673469386
11.436897959183673
11.408326530612246
9.068714285714284
7.5508571428571445
9.429775510204081
5.31273469387755
12.209775510204082
10.87761224489796
0.24579591836734696
4.766632653061225
1.86565306122449
2.3360204081632654
1.197734693877551
0.5448367346938775
7.548551020408164
4.111428571428571
3.604326530612245
4.535265306122449
1.6460408163265308
3.7262244897959187
6.929408163265306
1.3789795918367345
7.70034693877551
3.535387755102041
5.893244897959183
4.43734693877551
4.8250816326530614
7.129244897959184
7.188693877551021
7.564795918367347
2.900183673469388
5.304163265306123
9.349
2.251591836734694
9.75034693877551
14.376142857142856
14.423469387755102
8.215510204081632
12.198102040816327
13.846346938775511
11.838244897959186
12.045489795918366
9.030857142857142
12.806326530612248
4.6798979591836725
8.618163265306123
6.053244897959182
4.557938775510204
8.440734693877552
2.8375714285714277
0.12379591836734694
0.1353265306122449
4.77930612244898
0.47181632653061234
3.561224489795918
1.8921224489795916
9.46073469387755
11.855530612244898
8.02904081632653
6.155897959183673
11.472918367346939
8.894224489795919
2.4893061224489794
5.325877551020407
1.7932448979591837
1.5961836734693877
2.480244897959184
3.2700408163265307
4.636591836734693
11.23889795918367
11.939653061224488
7.929224489795918
9.56108163265306
7.308938775510205
10.083428571428572
2.9519795918367353
10.467959183673468
8.532938775510205
1.8110408163265306
2.1930408163265303
5.513265306122449
5.1500408163265305
4.877367346938775
1.4503877551020408
6.720693877551021
8.978877551020409
7.319244897959183
11.123244897959186
9.256428571428572
5.827673469387754
1.2065714285714284
2.9142040816326533
9.93065306122449
9.723367346938776
8.51722448979592
3.143979591836735
6.124918367346939
9.599428571428572
7.727142857142859
10.39095918367347
7.359285714285715
7.859489795918368
7.388979591836735
7.864591836734694
8.979897959183674
9.289816326530612
7.909061224489796
8.262571428571427
9.614367346938776
7.852346938775509
5.158530612244898
7.05869387755102
2.906387755102041
6.840061224489796
1.6786122448979595
6.170673469387755
7.634755102040817
6.834020408163266
8.068938775510205
0.427
0.21012244897959187
4.447163265306123
2.760183673469388
5.043938775510204
1.0123061224489796
0.3565102040816327
0.0
0.0726734693877551
0.0
0.08722448979591836
0.38781632653061227
0.7746938775510203
0.0
0.20518367346938776
1.457877551020408
4.691918367346939
0.0
1.7094081632653058
3.406204081632653
5.731285714285715
6.571755102040817
4.496326530612244
0.20959183673469386
0.04848979591836734
3.3871632653061226
2.962816326530612
0.0
0.12795918367346937
0.9257142857142857
0.0
2.5145510204081636
0.580795918367347
5.850346938775511
0.0
0.5403061224489796
2.1588367346938777
8.181489795918367
7.391673469387755
0.0
3.245816326530612
1.196387755102041
5.5419387755102045
2.2489795918367346
0.024224489795918368
0.8875918367346938
0.4015918367346939
0.2596734693877551
0.906387755102041
0.0
5.010673469387755
4.754265306122449
2.0280612244897958
0.0947142857142857
0.41914285714285715
0.0
5.730510204081633
0.307469387755102
0.0
0.26640816326530614
0.8391224489795918
0.8464285714285714
5.055918367346939
4.476204081632653
1.0097755102040815
0.5974081632653062
0.9957142857142857
0.0
0.0
0.0
0.013510204081632652
0.14516326530612245
0.030448979591836733
0.0
0.0
0.0
0.0
0.0
1.0471836734693878
0.025020408163265305
0.7755714285714286
0.0
0.7641632653061223
0.01246938775510204
0.14230612244897958
0.5637346938775509
0.0
0.0
0.0
0.15857142857142859
3.7175102040816324
1.1224285714285716
3.5497755102040816
4.199163265306122
0.2873061224489796
0.0
0.3198775510204082
0.0
2.0237755102040818
3.3084081632653066
0.5499183673469388
0.0083265306122449
0.827061224489796
0.0726734693877551
0.4124489795918367
0.032591836734693874
0.2713673469387755
0.0
0.4718979591836735
0.0
2.4268163265306124
0.5019795918367347
3.5392244897959184
0.0
0.0
2.5193265306122448
3.9822448979591836
0.0
0.0
0.0
0.0
0.7528571428571429
1.1370408163265306
1.39165306122449
0.09342857142857143
0.6180816326530613
0.0
3.1374489795918366
0.0
0.30959183673469387
0.20710204081632652
1.2289387755102041
0.014183673469387753
0.11379591836734693
0.37406122448979595
0.12104081632653063
4.78630612244898
3.1689795918367345
2.419020408163265
8.269204081632653
7.0219999999999985
7.208306122448979
0.7396938775510205
0.0
6.366244897959184
7.819367346938775
8.768510204081634
8.008163265306122
6.645183673469387
0.0
0.2210408163265306
2.5810204081632655
0.46012244897959187
2.7567142857142857
5.219877551020408
3.8164897959183675
6.519346938775509
0.04848979591836734
1.1589795918367347
0.7149795918367347
4.392163265306122
0.09536734693877551
2.1741836734693876
9.103938775510205
8.72177551020408
2.3390816326530612
0.06989795918367349
5.590061224489796
2.4162653061224493
0.12104081632653063
0.2968367346938776
0.3716326530612245
0.7512857142857143
5.094755102040816
5.069244897959183
1.5857551020408163
3.9329387755102037
0.006183673469387755
2.507408163265306
1.348
5.887816326530612
0.0
0.6827551020408162
0.5509591836734694
0.0
2.3943469387755103
1.4879183673469387
3.4706734693877554
3.6815102040816328
3.369163265306123
0.004122448979591837
0.6475102040816327
0.0
1.3802448979591835
0.05467346938775511
4.792673469387755
0.0031632653061224487
0.15110204081632653
10.129857142857142
8.017204081632654
5.4432448979591825
3.8461428571428566
9.493061224489797
1.0658979591836735
4.064204081632653
10.565306122448979
1.5850204081632653
7.495081632653061
7.003020408163266
4.186795918367347
10.362326530612243
5.637163265306122
10.358
0.49412244897959184
3.8372040816326534
1.7022448979591835
2.2167551020408163
9.445408163265306
10.692163265306123
0.028469387755102035
3.9917755102040817
4.444122448979592
0.5635510204081633
4.049836734693877
1.39430612244898
0.24797959183673468
4.988918367346939
1.5735714285714284
4.577632653061224
6.733285714285715
9.188020408163267
4.039693877551021
11.831326530612245
4.823183673469388
0.3691020408163266
0.004122448979591837
0.0
0.0
0.2886530612244898
0.01246938775510204
1.5176734693877552
1.3116938775510203
2.6305918367346934
11.807938775510205
2.915551020408164
6.035653061224491
8.240632653061223
10.22318367346939
4.583204081632654
8.558142857142858
14.168816326530614
13.587448979591835
3.8999591836734693
2.2854897959183673
7.948469387755103
7.809306122448978
4.253918367346939
2.344673469387755
6.727877551020408
0.5621632653061225
2.6632448979591836
2.4709795918367345
13.285551020408162
14.448102040816323
9.380183673469388
14.045571428571428
13.712346938775507
9.687857142857142
5.797999999999999
3.228102040816327
0.6904081632653061
5.362224489795918
0.28355102040816327
0.8972448979591837
0.4535102040816327
9.976673469387755
7.7291020408163265
12.902204081632652
12.702244897959183
6.189204081632654
6.798591836734694
5.33265306122449
12.624224489795917
13.843489795918368
12.93381632653061
13.878469387755102
10.850673469387756
3.555632653061224
10.227857142857145
9.318428571428571
11.759714285714283
6.311918367346939
1.530857142857143
6.492714285714285
12.475489795918367
13.81891836734694
13.104081632653061
1.7369591836734695
9.649734693877551
10.15795918367347
5.976612244897959
7.88542857142857
2.009530612244898
10.008102040816325
12.546102040816328
5.909163265306122
8.162734693877551
1.4111836734693877
0.7929591836734695
0.0
1.0481224489795917
7.525469387755101
9.972367346938777
10.992020408163267
10.050428571428572
6.125306122448979
9.631714285714287
3.0744897959183675
1.4513061224489794
12.519020408163266
7.908775510204081
6.264122448979591
9.633183673469388
11.156734693877553
10.28634693877551
8.23169387755102
3.663918367346939
6.092571428571428
3.3080816326530607
10.373632653061224
10.573938775510202
10.356877551020409
7.810693877551022
11.817122448979594
11.557795918367347
11.600061224489794
3.80965306122449
5.991591836734693
5.835224489795918
5.059142857142857
9.751469387755103
3.891428571428571
5.192591836734694
9.842204081632653
0.10351020408163265
0.06720408163265305
3.0111836734693878
0.0031632653061224487
1.6351632653061225
0.1754285714285714
4.51804081632653
3.957204081632653
5.560326530612246
2.0383673469387755
0.5932244897959184
7.457612244897961
0.3449795918367347
3.497081632653061
7.679571428571428
7.496673469387754
7.9222448979591835
7.992040816326529
9.686224489795919
7.41434693877551
6.299775510204082
1.081
9.06726530612245
0.2905918367346939
0.6212857142857142
7.216714285714285
5.464714285714286
1.227795918367347
2.194224489795918
0.4330204081632653
4.981775510204082
0.0031632653061224487
2.067061224489796
0.6067551020408163
8.798979591836734
2.5443673469387758
3.614367346938775
0.08518367346938777
0.8999183673469389
0.024224489795918368
0.14516326530612245
1.5868979591836734
4.221571428571429
3.0328775510204085
6.146734693877551
5.6108979591836725
4.801163265306123
4.529591836734694
5.357040816326532
1.9334897959183674
3.0944489795918364
5.455408163265306
0.2273469387755102
0.5896122448979592
0.014183673469387753
5.569265306122449
1.4852040816326533
5.043918367346938
2.3392448979591838
4.736877551020408
5.198204081632653
4.210632653061224
2.8309591836734698
0.2643877551020409
7.522632653061224
5.297795918367348
7.642510204081633
0.0
0.0
0.0
0.3118163265306122
0.09110204081632654
0.0
1.958857142857143
2.171040816326531
4.695285714285714
4.356816326530612
0.0
0.029122448979591833
0.1753469387755102
0.0
1.2956734693877552
0.4560408163265306
2.2194285714285713
2.5777755102040816
5.9190000000000005
6.24965306122449
5.95238775510204
0.15367346938775509
0.8501428571428571
0.0
0.004122448979591837
0.04848979591836734
1.7135102040816323
0.25608163265306116
0.14516326530612245
2.502408163265306
5.334897959183673
2.914387755102041
0.0
1.5279795918367345
0.20126530612244897
1.4183265306122448
0.0
0.10316326530612244
1.0136938775510203
0.0
2.466551020408163
0.24487755102040817
0.0
0.04848979591836734
0.22753061224489793
0.2760204081632653
0.30810204081632653
0.0
0.6928775510204082
0.3147755102040816
0.19675510204081634
0.7888571428571429
0.08197959183673469
0.0
1.4274081632653062
0.16597959183673466
0.22489795918367347
0.0
0.0
0.0
0.0
0.48718367346938773
2.248816326530612
3.2331632653061226
0.29369387755102044
3.115142857142857
3.3412244897959185
0.0626326530612245
2.0247551020408165
0.44512244897959186
0.0726734693877551
1.8234285714285714
0.20363265306122452
0.0
0.7166122448979593
0.4700612244897959
0.32385714285714284
0.0
0.0
0.570265306122449
0.0
0.4269387755102041
0.8090408163265306
0.0
2.829265306122448
0.0
0.4301020408163265
0.03253061224489796
0.0
8.509612244897959
2.120857142857143
5.086897959183673
7.663775510204083
7.235326530612244
7.866938775510203
6.926795918367347
7.3437755102040825
6.124142857142858
2.657040816326531
0.0031632653061224487
1.2995510204081633
0.2905918367346939
0.0
0.44373469387755105
0.004122448979591837
0.7050816326530612
7.105836734693877
5.672102040816326
0.0
0.4524081632653061
6.080530612244899
0.0
2.7884489795918372
0.2942244897959183
6.723755102040816
3.482816326530612
5.225775510204081
8.413571428571428
1.8349999999999997
0.07965306122448979
4.967448979591837
8.262836734693877
2.923061224489796
4.496591836734694
5.894795918367348
7.791102040816327
9.292326530612245
8.741
8.422489795918366
8.041163265306123
4.226122448979591
1.3284489795918366
2.5357755102040813
2.9261224489795916
0.6101224489795919
0.356530612244898
1.2857142857142856
1.8396326530612244
0.0
0.0
0.0
0.10110204081632654
2.6347959183673466
0.5878163265306122
0.04848979591836734
0.5293265306122449
0.5202040816326531
2.375428571428572
1.681551020408163
0.0
8.91457142857143
10.59677551020408
9.898408163265305
1.3925510204081633
3.210306122448979
10.474632653061223
12.072163265306123
7.386571428571429
12.074265306122452
8.628387755102041
11.917551020408162
12.109489795918368
12.36057142857143
11.881408163265306
12.239020408163265
4.202285714285715
12.390061224489795
3.1252040816326536
1.2816122448979592
5.638816326530612
0.5202040816326531
7.284632653061225
0.685612244897959
1.949387755102041
2.9197551020408166
5.06869387755102
4.2969591836734695
0.8301632653061225
2.9074897959183676
0.0
0.0
0.07675510204081633
4.525408163265307
5.329489795918367
4.658367346938776
8.33830612244898
7.56322448979592
5.323775510204082
0.0
1.3594285714285717
1.5148367346938776
0.024224489795918368
1.6774897959183672
4.708877551020408
0.46842857142857147
0.0
2.0053265306122445
1.2841428571428573
4.277816326530612
9.765714285714287
6.059653061224489
4.310102040816327
0.009408163265306123
4.482571428571428
0.0
4.407979591836735
2.2146530612244897
0.8876938775510206
9.295857142857143
6.452591836734693
12.479469387755103
6.9287755102040816
0.6021836734693878
0.04848979591836734
0.0
1.193469387755102
10.366448979591837
14.204816326530613
13.682816326530611
6.1622040816326535
6.901714285714286
9.158632653061224
3.0596122448979592
0.3597346938775511
0.6979591836734694
6.739142857142857
1.1138571428571429
3.36965306122449
5.663816326530612
13.299836734693878
2.939102040816327
0.9946734693877549
0.030448979591836733
0.20630612244897958
5.066857142857143
9.707265306122448
13.991408163265307
14.294551020408163
12.378755102040818
11.705591836734692
11.519122448979592
4.767938775510204
1.659
1.4520204081632653
1.6555102040816325
0.05155102040816326
0.0
2.6030408163265304
0.3625102040816326
3.9636734693877544
3.6776326530612247
10.807653061224489
10.128102040816328
12.679285714285713
0.5686734693877551
0.9648571428571429
0.28810204081632657
8.048877551020407
12.391448979591837
11.152714285714284
0.02726530612244898
6.171469387755103
10.119489795918367
1.8851428571428572
4.855979591836735
2.0045714285714284
6.37595918367347
6.617142857142857
0.4927142857142857
0.0
0.0
2.469673469387755
3.2919591836734696
6.593714285714285
7.816489795918367
6.572612244897959
7.3864489795918375
7.887734693877552
7.34234693877551
6.2699795918367345
9.09457142857143
12.087489795918366
12.127020408163267
9.885571428571428
0.3632448979591837
3.5608163265306128
6.198326530612244
7.9477959183673486
7.99634693877551
4.31930612244898
5.4903673469387755
7.576795918367346
7.78795918367347
4.542
0.5879795918367348
1.0364285714285713
0.0
0.009408163265306123
0.09677551020408164
0.0
0.9577346938775511
0.0
0.7829183673469386
2.6252857142857144
4.282326530612245
0.0
0.0
0.09677551020408164
0.9764693877551021
0.2390408163265306
2.1646326530612248
3.692489795918368
2.595795918367347
0.7792857142857144
1.0002857142857144
1.1063673469387756
0.033571428571428565
4.183755102040816
3.9933673469387756
6.286755102040816
1.169591836734694
1.9800816326530613
0.0
2.5250000000000004
3.115571428571428
3.777122448979592
0.396
5.124693877551021
2.5105714285714287
0.08826530612244898
0.009408163265306123
0.22946938775510206
3.066061224489796
0.3980204081632653
0.23016326530612247
3.1671632653061224
5.509469387755103
7.4412244897959186
2.3411632653061223
0.47977551020408166
1.9232448979591839
5.223979591836734
0.0
0.024224489795918368
1.4022857142857144
0.6363061224489795
2.2555714285714283
5.2438979591836725
3.5792040816326525
0.2622857142857143
6.489020408163264
4.68169387755102
5.012102040816326
2.288265306122449
1.8989999999999998
0.9245102040816325
1.8961428571428571
3.665734693877551
1.4673469387755103
0.32748979591836735
0.8842857142857143
0.3413673469387756
2.126612244897959
6.621979591836736
3.80734693877551
5.1849795918367345
0.152
0.11448979591836733
0.0
0.0
0.9957142857142857
0.08740816326530614
0.0
0.0
1.4043877551020407
1.3976938775510204
0.4138979591836735
0.6312040816326531
0.8323061224489796
2.348857142857143
2.530938775510204
4.702020408163265
2.9119183673469387
2.4193673469387753
1.0241020408163264
0.0
0.6258163265306123
0.8385102040816327
1.1389795918367347
0.7823265306122448
0.6466938775510205
0.0
0.19373469387755102
1.074326530612245
1.0942448979591837
0.004122448979591837
0.7111836734693879
0.3413673469387756
0.0
0.0
1.762142857142857
0.0
2.095673469387755
0.25987755102040816
0.028469387755102035
5.401387755102041
0.0
0.339
0.0
0.0
0.5036734693877551
1.5644897959183677
1.5314285714285714
0.0
0.0
1.0911224489795919
1.082265306122449
1.945081632653061
3.4436326530612247
0.21800000000000005
3.963244897959184
0.0
2.4778775510204083
2.3576938775510206
0.0726734693877551
5.0747959183673474
3.963857142857143
0.32126530612244897
0.7725714285714288
0.0
2.6505102040816326
0.0
0.0166530612244898
0.021877551020408163
0.0
1.2186326530612244
2.230938775510204
0.0
0.07848979591836736
4.331510204081633
5.1897142857142855
0.14230612244897958
2.473530612244898
0.0
0.02085714285714286
1.0181224489795917
6.760183673469388
7.250612244897958
8.388836734693877
0.6362040816326531
5.650224489795918
0.0
0.0
5.72695918367347
7.043102040816326
7.5999387755102035
7.80165306122449
5.0830816326530615
8.372591836734694
5.93869387755102
6.605795918367347
7.675836734693878
8.66104081632653
5.886836734693877
0.0533469387755102
0.9141224489795917
4.734326530612245
5.4177959183673465
4.070673469387755
0.439
4.145265306122449
3.386979591836735
3.1698163265306127
0.0083265306122449
3.9079183673469395
0.7503265306122449
0.3632448979591837
0.2713673469387755
0.0
3.1548367346938773
0.8998775510204082
0.24867346938775514
0.0
8.166938775510204
6.472306122448979
0.3306734693877551
2.819673469387755
0.04848979591836734
0.0
0.0
0.26879591836734695
0.1026530612244898
5.5368775510204085
2.8432857142857144
3.6266938775510202
1.5593673469387757
3.2561020408163266
0.6211224489795918
0.0031632653061224487
5.53173469387755
0.13042857142857142
0.6912653061224491
0.24836734693877552
0.007265306122448979
1.934408163265306
5.556775510204083
8.322163265306122
3.2522653061224496
2.91969387755102
4.564489795918368
5.807530612244898
1.6191836734693879
3.0558979591836737
3.468816326530612
0.20710204081632652
3.5589591836734695
0.24791836734693876
3.6027755102040815
0.0
9.125
11.31904081632653
11.051204081632651
9.763265306122449
9.440469387755103
1.114204081632653
3.4978979591836734
10.487693877551019
0.43006122448979595
4.236734693877551
0.04995918367346939
3.602163265306122
1.9043877551020412
9.541183673469389
1.5321632653061228
0.7588367346938777
2.7073673469387756
0.5951632653061225
3.5746530612244896
10.692775510204083
2.0840408163265307
8.157367346938775
5.88808163265306
0.38624489795918365
3.2960204081632654
6.5268163265306125
5.2987346938775515
12.161020408163267
3.8370204081632657
11.04726530612245
12.897
12.598387755102042
5.768163265306123
4.316959183673469
2.8171632653061223
0.0083265306122449
0.45891836734693875
5.703489795918367
12.88838775510204
13.805857142857144
10.474795918367347
0.988204081632653
0.0
10.97442857142857
11.887979591836736
12.7074693877551
12.003591836734694
14.897673469387756
14.197612244897961
6.796183673469389
6.566163265306123
4.929244897959183
1.7264693877551023
3.6737959183673468
2.521612244897959
2.9968163265306127
1.7443265306122449
0.2953469387755102
1.5651632653061225
6.547530612244898
5.102571428571428
0.7314081632653061
5.515714285714285
3.2987551020408166
0.0
2.812020408163265
3.0267142857142852
4.861795918367347
5.432489795918366
0.449795918367347
0.0893061224489796
5.41591836734694
0.21681632653061225
0.08534693877551021
7.456448979591836
3.003428571428571
9.594530612244897
13.047693877551021
14.326999999999998
14.306959183673468
7.046897959183673
13.153632653061225
1.748816326530612
1.4803265306122448
1.217142857142857
2.0035102040816324
6.791551020408163
12.780979591836735
12.45418367346939
8.647775510204083
8.721408163265306
12.17765306122449
11.03569387755102
7.147571428571427
6.126591836734693
8.523795918367346
0.2385918367346939
1.8909183673469387
11.14818367346939
12.528836734693881
3.2037959183673466
7.092714285714286
5.135734693877551
1.411265306122449
9.732061224489795
2.774938775510204
2.251816326530612
3.4759999999999995
4.809489795918367
6.08934693877551
5.844367346938776
0.28797959183673466
2.9892857142857148
2.6653061224489796
10.312081632653062
5.595673469387755
9.632163265306122
1.622857142857143
4.2791836734693875
10.652734693877552
7.935142857142857
3.724224489795919
3.4821836734693874
2.7095102040816332
1.4064081632653058
7.513387755102039
5.180959183673469
6.539183673469387
8.790306122448978
7.0273877551020405
0.41734693877551027
8.552489795918367
6.754795918367347
10.81987755102041
10.420387755102041
10.816163265306121
8.172244897959182
6.386428571428572
8.608204081632653
1.7861020408163266
1.8349183673469387
0.18453061224489795
5.6428775510204074
3.9822653061224496
0.0
6.608836734693878
8.271673469387753
7.577857142857143
5.781612244897959
6.446693877551021
2.372224489795918
0.5176938775510205
1.5015510204081635
0.0
7.466224489795919
9.652326530612244
4.3194693877551025
5.522632653061225
1.7151632653061226
3.1471836734693883
5.633204081632654
5.5970204081632655
6.156714285714285
6.847204081632652
6.03065306122449
8.443673469387756
7.237816326530612
8.727163265306123
1.2868979591836736
6.973367346938775
7.88557142857143
2.035816326530612
1.7547755102040818
0.08687755102040816
2.220265306122449
3.5877346938775507
0.9412244897959183
1.7200204081632655
6.297551020408163
5.536367346938775
2.620142857142857
1.719816326530612
0.7964897959183674
0.0
0.0
3.637142857142857
5.987061224489795
6.029571428571428
3.7051632653061226
8.552571428571426
8.23304081632653
7.880673469387755
6.655510204081631
2.975836734693877
1.2658775510204083
5.296265306122449
1.1094081632653061
0.0
0.024224489795918368
0.5460204081632652
3.3521224489795918
4.3591632653061225
0.0
2.209857142857143
0.2210408163265306
0.04261224489795917
0.06402040816326532
0.7340816326530613
1.4759795918367347
0.19712244897959186
2.9038775510204076
1.4970204081632652
2.2724285714285712
3.341265306122449
3.6480204081632657
0.028183673469387754
0.0
0.0
0.0
0.02908163265306122
0.0083265306122449
0.014183673469387753
0.27977551020408165
1.053
0.0
1.0398367346938775
2.808775510204081
0.0
0.0
0.0031632653061224487
2.558326530612245
0.04889795918367347
7.007244897959183
1.780428571428571
0.0083265306122449
0.0726734693877551
0.0
0.6165510204081632
0.025020408163265305
1.8654489795918363
0.1583061224489796
0.0
0.0
0.0
0.0
0.0
0.3624081632653061
0.0
0.6368367346938776
6.110061224489796
2.0474285714285716
1.4126122448979592
0.0
0.0
0.0
0.0
0.13165306122448978
2.509081632653061
5.247469387755102
0.1636938775510204
0.0
0.19218367346938775
1.3021836734693877
0.0
0.4453265306122449
1.5379591836734694
0.0032653061224489793
0.8908571428571429
0.0893265306122449
0.8305102040816327
0.12657142857142856
0.11308163265306123
0.3511632653061224
0.02530612244897959
0.1482448979591837
1.7265306122448978
0.0
0.0
0.44134693877551023
0.0
3.2983469387755107
0.0
0.8503877551020408
1.433857142857143
5.199326530612246
1.6074489795918367
0.35232653061224495
3.479265306122449
0.0
0.02530612244897959
0.28744897959183674
0.0
0.0
0.07595918367346939
1.9936938775510205
0.9362653061224488
7.226571428571429
2.0852857142857144
0.8568163265306122
0.0
6.338530612244897
7.563122448979592
4.28730612244898
1.42469387755102
5.253897959183674
0.9259183673469389
5.265224489795918
0.46879591836734696
0.0
3.524632653061225
6.838877551020409
3.417102040816327
6.596387755102041
2.1199795918367346
4.478265306122449
8.557469387755102
8.60734693877551
3.3832653061224485
1.156734693877551
1.4005510204081635
1.387469387755102
0.0
0.0
0.0
0.3958163265306122
0.3515714285714286
0.029775510204081635
0.8602857142857142
0.0
0.0
0.0
0.0
0.8006122448979591
4.275714285714286
6.017387755102039
7.0946530612244905
9.887857142857143
2.7755306122448973
3.5883877551020404
0.8584081632653062
1.59265306122449
0.0
8.173836734693877
1.6684081632653063
0.0
1.2813673469387754
3.56369387755102
1.9023265306122448
1.7952244897959182
7.5247551020408165
6.0217551020408155
0.0
0.0
0.0
1.708510204081633
2.5771632653061225
1.725265306122449
1.2836734693877552
0.0
5.001795918367347
4.3377959183673465
6.8022653061224485
0.27518367346938777
5.327755102040816
3.9940204081632658
2.2894489795918367
1.468204081632653
2.3272857142857144
2.3826938775510205
3.967918367346939
1.1612040816326532
2.1711224489795917
1.8665714285714285
4.087489795918367
0.35532653061224495
6.307244897959184
2.5335714285714284
6.647897959183673
2.079551020408163
10.820163265306123
11.618428571428572
12.18481632653061
3.5378571428571433
6.287979591836734
4.045612244897959
2.722387755102041
5.32695918367347
5.928265306122451
0.0
5.1852653061224485
9.57526530612245
7.35630612244898
1.3546122448979592
2.5106734693877555
10.445836734693877
10.844183673469388
3.59430612244898
3.3699795918367346
4.797142857142857
1.0470612244897959
7.62195918367347
10.534061224489795
3.3337755102040814
13.67985714285714
13.548938775510205
8.609408163265305
2.766040816326531
0.9443673469387756
0.2914081632653061
5.06469387755102
4.215653061224491
2.9950408163265307
6.673530612244899
3.584265306122449
4.280102040816327
0.006448979591836734
0.0
0.5025918367346939
12.07204081632653
14.501693877551022
0.6348367346938775
2.1850816326530613
4.699612244897959
11.995326530612244
14.00838775510204
11.647612244897958
10.195224489795917
1.0186938775510204
7.105020408163265
8.57812244897959
9.533816326530612
13.769897959183671
6.895285714285714
6.033591836734694
8.747632653061224
13.952632653061224
14.576693877551019
14.372489795918366
13.815265306122448
14.813591836734691
13.253530612244898
13.139387755102042
10.604938775510202
10.798183673469385
7.714469387755101
0.18030612244897962
3.612020408163265
3.8593061224489795
5.7679183673469385
1.4629999999999999
7.115816326530613
8.853224489795918
3.5068775510204078
11.089714285714285
5.744469387755101
10.69473469387755
9.76034693877551
3.5427551020408163
2.6400816326530614
9.33773469387755
2.7880204081632654
7.187897959183673
2.656551020408163
4.3043877551020415
0.27414285714285713
2.3895102040816325
3.666326530612245
9.27573469387755
9.403489795918366
12.664836734693878
9.302102040816326
8.007224489795918
13.443673469387756
13.341591836734695
5.267469387755102
12.275918367346936
13.430020408163266
10.336591836734694
7.901163265306122
7.064510204081633
7.608102040816327
6.605142857142858
0.0
5.631163265306122
6.30069387755102
5.3023061224489805
6.553285714285714
5.748142857142857
1.0051020408163265
0.050653061224489794
2.6664285714285714
6.986469387755101
0.07140816326530612
1.7096326530612247
0.27379591836734696
5.046265306122449
1.4257755102040814
3.049102040816326
4.391897959183673
2.975387755102041
0.3095714285714286
2.006
0.15118367346938774
1.1254285714285714
1.4402857142857146
1.9994489795918367
10.100836734693877
6.1349591836734705
4.75034693877551
6.4885510204081625
9.255285714285714
7.823673469387756
8.698979591836734
0.1354081632653061
0.0790204081632653
3.001142857142857
0.10042857142857142
0.0
0.0
2.9444897959183676
8.001489795918367
8.007510204081633
6.169775510204082
7.328081632653061
2.8405510204081637
4.732510204081633
9.19165306122449
5.338102040816326
0.9717551020408163
5.653632653061224
6.54430612244898
6.489061224489796
9.00161224489796
5.839530612244898
4.4373877551020415
8.101244897959186
9.152489795918369
1.2544489795918368
1.7598979591836736
0.7373061224489796
2.5544285714285713
8.306877551020408
3.4462040816326533
2.8762448979591833
7.295897959183673
5.977081632653062
8.572959183673468
4.048061224489796
0.0
5.734061224489796
0.33832653061224494
0.33936734693877546
0.3712857142857142
0.0
1.9293877551020409
4.107265306122449
0.0
1.3493469387755102
3.986959183673469
0.0
0.30359183673469387
3.1234693877551023
0.0
0.0
2.7916326530612245
0.009816326530612245
0.13844897959183672
0.0
2.9517755102040812
2.321857142857143
0.6844489795918367
5.349183673469387
0.20104081632653062
6.521387755102041
1.4169183673469388
5.904142857142858
2.4008367346938773
1.949714285714286
0.15489795918367347
0.1756734693877551
5.506836734693877
0.0
0.5571428571428572
1.07165306122449
0.0
2.3429795918367344
1.4091224489795922
0.0
0.0
4.273061224489796
1.2442448979591838
1.7365510204081631
3.4572653061224483
1.2051428571428573
0.0
1.6694897959183674
2.8263061224489796
6.587448979591837
0.0
0.02926530612244898
3.1586326530612245
1.3303673469387756
4.778387755102041
0.43144897959183676
0.0
1.2932653061224488
1.9622244897959185
0.0
2.6246734693877554
0.05659183673469388
0.0
0.0
0.2276938775510204
0.0
2.4630816326530613
0.47771428571428576
0.3989183673469388
0.0
0.0
1.0933061224489795
0.0
0.0
0.0
0.0
0.0
0.2717142857142857
4.328551020408163
0.10124489795918368
0.16161224489795917
0.10720408163265308
2.9867755102040823
2.593734693877551
0.0
0.0
4.035795918367348
0.0
1.1468775510204081
4.519673469387755
0.0
0.0
0.0
1.011734693877551
0.5504489795918367
1.2497142857142856
1.2349183673469388
0.0
0.0
0.0
0.0
0.0
5.010163265306122
0.2612857142857143
6.241224489795919
7.3262857142857145
7.237408163265307
7.6319591836734695
6.558551020408164
5.0676326530612235
0.0
0.0
0.0
1.4426326530612246
0.0
0.0
0.0
1.7405714285714284
1.0363061224489796
0.07671428571428571
0.02530612244897959
0.0
0.0
0.050653061224489794
0.0
0.6682653061224489
0.0
0.0
0.879265306122449
5.508081632653061
8.479183673469388
7.8475306122448965
0.0
0.0
0.0
0.0
0.0
5.641857142857143
6.937061224489796
7.806816326530612
7.259591836734694
8.488122448979592
8.262489795918366
4.505897959183674
9.488326530612245
8.51077551020408
9.042020408163264
7.619673469387755
9.56438775510204
4.467040816326531
0.8744897959183674
0.0
0.25299999999999995
0.02530612244897959
3.6734897959183677
4.050938775510204
2.5516122448979592
0.0
0.0
0.0
8.040387755102042
0.7755918367346938
4.224224489795919
4.577653061224489
4.435734693877551
3.03173469387755
2.643204081632653
0.20234693877551022
9.656959183673468
0.0
4.84369387755102
2.883571428571429
8.376877551020408
6.434734693877552
0.20234693877551022
1.3495510204081633
5.188938775510204
1.40469387755102
1.6727959183673466
7.182693877551019
0.7735918367346939
0.0
6.90695918367347
8.829163265306121
6.48761224489796
7.05934693877551
2.4690408163265305
10.503448979591836
11.415959183673468
12.058
8.394040816326532
10.54683673469388
12.80726530612245
13.188877551020408
12.668714285714284
1.2274285714285713
3.537224489795918
5.913979591836734
3.0880408163265303
0.0
0.32891836734693874
0.4425510204081633
7.722897959183673
11.976734693877551
11.399591836734695
6.959040816326531
5.463775510204082
0.02530612244897959
6.907122448979591
4.690530612244898
2.554959183673469
6.529795918367347
9.556326530612244
1.598285714285714
5.292244897959183
4.498938775510204
1.8828979591836734
0.4628775510204081
2.1689591836734694
6.191204081632655
10.879163265306122
12.15173469387755
4.167673469387755
7.540163265306123
0.0
0.03630612244897959
0.4008367346938776
6.121775510204082
0.24669387755102035
0.44826530612244897
3.200734693877551
3.8450816326530615
2.0335510204081633
7.264979591836735
2.879
8.146612244897959
9.749448979591836
5.951265306122449
0.486530612244898
1.744204081632653
3.195632653061225
0.0
1.6705714285714286
5.999959183673469
0.027938775510204083
1.1939795918367346
0.45685714285714285
5.284183673469388
4.395326530612245
3.362387755102041
0.862326530612245
2.113265306122449
1.5412244897959182
8.96926530612245
2.036489795918367
13.235061224489797
12.031836734693876
2.7415306122448975
2.753591836734694
5.411836734693877
9.188142857142859
14.862673469387754
14.870224489795918
10.109428571428571
0.06753061224489797
8.80395918367347
9.008489795918367
11.684530612244899
8.674510204081633
6.661795918367347
13.189510204081632
9.663714285714285
4.519346938775509
3.7593061224489794
3.4728979591836726
9.575510204081633
3.794285714285714
4.131816326530612
4.811571428571429
6.530816326530613
6.32761224489796
3.9094489795918363
5.192244897959183
0.8101632653061225
0.2395918367346939
0.47612244897959183
2.5500408163265305
0.12261224489795916
2.450326530612245
1.0629591836734693
1.5210204081632657
7.766857142857143
6.423224489795919
6.589571428571428
6.985183673469388
8.342061224489797
0.4404081632653062
2.288795918367347
7.702897959183674
2.220142857142857
3.3048367346938776
3.494183673469388
3.617775510204081
0.746204081632653
10.16908163265306
0.5100204081632653
2.212632653061225
5.706653061224491
10.130632653061225
11.31438775510204
1.4056938775510202
3.4494285714285713
0.8180816326530612
2.0045714285714284
2.8377142857142865
0.6303673469387755
0.1830612244897959
2.971795918367347
6.499020408163266
9.937408163265307
6.618020408163265
9.241938775510203
8.480571428571428
1.4449795918367345
4.97426530612245
1.36634693877551
7.208551020408163
6.9477346938775515
2.5054285714285713
3.992387755102041
5.017
0.28034693877551015
0.5394285714285715
3.1554285714285717
5.280673469387755
4.584755102040816
0.40410204081632656
4.023367346938775
2.8527755102040815
6.31787755102041
3.707346938775511
1.2182448979591836
3.720816326530612
5.821938775510204
2.4383061224489797
4.431816326530613
4.038571428571429
0.4797142857142857
7.660346938775509
8.888510204081632
8.351489795918367
8.727183673469387
2.742591836734694
2.264061224489796
5.067040816326531
5.97542857142857
0.6540612244897959
8.534816326530613
8.549061224489794
1.9252857142857145
0.0
0.5044285714285714
3.6545102040816326
0.0
0.5520204081632654
0.8723877551020409
4.214897959183674
7.7388571428571415
3.8392448979591833
0.03297959183673469
0.029775510204081635
0.3521020408163265
0.0
2.5029591836734695
6.435489795918367
3.3158571428571424
0.9890408163265306
0.36448979591836733
3.6554285714285712
2.619326530612245
0.0
0.0
0.0
1.0373877551020407
2.6839591836734695
0.8629795918367347
0.882142857142857
1.0563469387755102
0.8727346938775511
0.10124489795918368
0.5235918367346939
0.5062448979591837
1.8053469387755103
0.15512244897959185
1.2219183673469387
0.3665102040816327
0.1046530612244898
0.24881632653061225
0.0
0.11634693877551021
0.604265306122449
0.0
0.0032653061224489793
0.22318367346938775
0.0
1.1307142857142858
0.0
0.044632653061224485
0.0
0.23806122448979594
2.5851836734693876
0.21422448979591832
4.60634693877551
1.028612244897959
1.076
0.014938775510204082
2.088163265306122
3.0544693877551023
5.126081632653062
0.0
0.7814489795918368
0.0
2.6784285714285714
0.43144897959183676
0.14879591836734696
0.0
0.0
0.0
0.05659183673469388
0.0
0.0
1.131795918367347
1.0088775510204084
0.7198775510204081
0.0
0.0
1.8679999999999999
0.0
0.0
2.673469387755102
0.05659183673469388
0.3663673469387755
0.0
0.10451020408163267
0.0663469387755102
0.0
0.2991632653061225
0.36938775510204086
3.2669591836734697
5.24261224489796
0.0
1.9898571428571428
1.4658163265306126
5.414979591836735
1.0699183673469386
0.0
0.022816326530612243
0.0
1.2009591836734694
1.205734693877551
0.9982857142857142
0.006448979591836734
0.9360816326530611
1.1995306122448979
0.0
0.6280204081632653
0.21751020408163269
2.446061224489796
0.0
1.8060612244897962
0.34746938775510205
0.1450204081632653
0.0
1.3480612244897958
1.097020408163265
0.9204897959183673
0.45544897959183683
0.586469387755102
3.1429183673469385
0.7965102040816325
0.0
0.3146122448979592
1.4342244897959184
0.0
5.352571428571429
8.191755102040817
8.773775510204082
7.172918367346939
0.08651020408163267
0.0
0.9379591836734695
1.9348163265306122
0.050653061224489794
3.537734693877551
3.174775510204082
0.17618367346938776
0.3877959183673469
0.0
0.0
1.755489795918367
1.4714081632653064
0.37210204081632653
4.0532040816326536
0.0
0.006448979591836734
4.958326530612245
0.5372448979591836
0.24881632653061225
4.17530612244898
7.447551020408165
0.0
1.5687551020408164
2.066448979591837
0.0
1.0478367346938775
0.0
0.9918367346938776
3.7790816326530607
7.116183673469387
2.9270204081632656
0.30051020408163265
0.21775510204081636
1.0191632653061224
0.1636938775510204
1.5396530612244899
0.016285714285714285
2.848897959183673
0.3671836734693878
3.0453877551020407
0.0
2.1700408163265306
0.11308163265306123
0.0
5.701530612244898
8.600367346938775
3.189367346938776
0.0
5.680938775510205
3.119285714285714
0.0
0.0990612244897959
10.617612244897959
9.630632653061225
6.88573469387755
5.940408163265306
10.986408163265304
7.411795918367347
11.439448979591837
0.1636734693877551
6.502387755102041
10.47938775510204
4.999673469387755
7.774632653061224
8.027857142857144
10.373857142857144
13.156734693877553
12.351408163265305
11.582244897959184
5.623816326530612
0.0
5.56469387755102
3.443673469387755
7.583612244897958
3.2691632653061227
3.495877551020408
7.802387755102041
7.934918367346938
12.754918367346939
9.927285714285716
0.0
6.164591836734694
11.468265306122447
13.692122448979594
12.868857142857141
12.932673469387755
7.034428571428571
9.219387755102042
1.259530612244898
3.7802448979591836
1.4928571428571429
0.13561224489795917
2.512122448979592
7.08561224489796
6.959346938775511
13.234938775510205
5.149102040816326
9.132142857142858
12.801244897959183
8.42912244897959
5.490285714285714
5.702734693877551
7.391897959183673
4.325857142857143
4.01434693877551
1.9667346938775512
2.8218571428571426
3.33669387755102
2.3335714285714286
0.10124489795918368
2.804612244897959
0.7160816326530612
2.862877551020409
7.316387755102039
1.1756530612244898
2.790632653061224
14.515775510204081
14.84734693877551
11.687387755102044
7.18365306122449
9.792918367346939
10.752061224489795
3.4855918367346943
0.0
3.307244897959184
0.48455102040816334
0.13451020408163267
0.014938775510204082
0.0
1.6727142857142856
2.5737959183673467
3.826367346938776
7.843591836734694
6.403224489795918
3.427897959183673
6.924081632653062
2.6164693877551017
11.570938775510204
5.964367346938775
6.9808775510204075
9.295510204081632
6.44530612244898
7.474591836734695
13.542632653061226
8.613408163265305
6.660571428571428
4.387489795918368
3.89330612244898
1.1063265306122447
0.07595918367346939
0.10981632653061225
0.719204081632653
0.8104489795918368
6.738959183673468
0.761061224489796
4.130877551020409
10.287530612244897
2.45965306122449
12.773510204081633
11.76234693877551
9.418591836734693
9.989612244897959
3.7958571428571433
10.062755102040816
9.536734693877552
12.57369387755102
1.4462244897959184
5.062061224489796
6.635428571428572
8.973530612244897
6.185612244897959
12.88261224489796
8.662857142857142
8.58526530612245
5.733816326530613
6.018367346938775
7.5872448979591836
11.278408163265304
13.267755102040814
11.920693877551019
10.307938775510204
11.463408163265306
12.677244897959184
3.5866734693877556
1.3683673469387754
5.213306122448979
1.6654285714285713
5.855489795918367
5.624244897959183
3.370020408163265
3.293224489795919
0.0973265306122449
7.662224489795919
8.390775510204081
5.316061224489796
9.331020408163266
4.261632653061224
2.225591836734694
1.974081632653061
5.91369387755102
0.028571428571428574
7.209204081632654
9.482142857142858
6.9835918367346945
11.006938775510205
10.030816326530614
1.5266326530612246
4.7054285714285715
2.205224489795919
2.885061224489796
0.9434489795918366
0.3093061224489796
1.7101632653061225
2.5040408163265306
0.0
0.12657142857142856
0.0
8.560510204081632
1.9104285714285711
0.3291224489795918
0.0
3.4455714285714287
4.228285714285714
2.9007959183673466
2.4979795918367342
5.174571428571428
9.17230612244898
8.602612244897959
0.9327142857142856
0.0
1.059816326530612
0.12657142857142856
1.680183673469388
3.1846326530612243
3.8648571428571428
6.558285714285716
0.0
0.0
6.451877551020409
0.9246734693877551
1.1605102040816326
0.0
0.1040612244897959
0.6844489795918367
0.7738163265306122
0.0
0.7753469387755102
5.145551020408163
1.022530612244898
0.0
0.0
1.6780408163265308
4.2589999999999995
3.7355918367346943
5.77269387755102
2.7916530612244905
1.1475714285714287
0.5804489795918367
0.9634897959183674
1.278081632653061
8.380755102040816
8.086102040816327
3.5764285714285715
3.6287755102040813
4.210714285714285
6.769428571428572
0.0
0.0
2.8175306122448975
1.7562448979591836
0.0
0.0
1.0021020408163268
3.7268571428571433
0.1636938775510204
1.4623061224489795
0.0
2.9739591836734696
2.010673469387755
0.0
0.02530612244897959
0.0032653061224489793
0.0
0.7739183673469388
0.0
1.2936734693877552
0.0
0.0
0.0
0.0
0.0
0.44648979591836735
1.0816734693877552
3.6634489795918372
0.0
2.650530612244898
0.0
0.0
0.5735918367346938
0.10720408163265308
0.0
5.159367346938775
3.5255102040816326
0.0
0.0
0.0
2.8232040816326536
0.0
0.0
0.0
0.0
0.0
0.0
0.0
0.3661428571428571
3.27561224489796
1.1455918367346938
0.0
0.0
0.07440816326530612
3.387918367346939
2.823836734693877
0.5374897959183673
0.0
0.0
0.0
0.6249387755102042
0.05985714285714285
4.047326530612246
0.2153265306122449
6.83134693877551
0.9941836734693879
0.5336734693877552
0.0
0.16965306122448978
0.9257959183673469
2.6752653061224487
1.1753673469387755
0.4983877551020408
2.3629183673469387
1.0356938775510205
1.7870816326530612
4.387367346938776
7.173224489795919
7.520816326530612
5.541857142857142
0.0
0.7245714285714285
1.2646326530612244
1.4290204081632651
1.353857142857143
1.4274897959183677
2.568673469387755
0.07595918367346939
0.15777551020408162
1.7547755102040816
2.562673469387755
1.6545102040816326
3.127244897959184
1.4231632653061221
0.11308163265306123
4.7421836734693885
1.9538979591836738
0.0
4.836571428571428
7.1971020408163255
0.0
0.0
1.9825510204081631
2.588265306122449
0.39744897959183667
0.0
0.0
3.32838775510204
1.7812857142857146
0.6051224489795919
0.7957142857142856
0.0
0.7267959183673468
1.9784897959183676
0.6066938775510203
0.21730612244897962
8.467224489795917
8.440326530612245
0.0032653061224489793
6.2835714285714275
6.857775510204082
6.46565306122449
2.32
1.5459795918367347
5.631918367346938
0.07595918367346939
0.0
0.503
7.261367346938776
3.241
6.281
4.44869387755102
0.27848979591836737
8.28265306122449
0.0
6.356122448979591
9.802142857142858
9.844469387755103
7.168020408163264
1.1543469387755103
9.032061224489796
5.00573469387755
2.502979591836735
3.617551020408163
0.22171428571428572
0.3678979591836735
0.0
1.1868163265306122
2.2174897959183673
2.4752857142857145
8.627816326530612
0.0
9.064755102040817
2.7601632653061223
2.0849387755102042
0.979326530612245
0.0
0.02530612244897959
0.10124489795918368
4.642714285714286
1.0411428571428571
4.003836734693877
2.587061224489796
0.8409387755102041
0.5741428571428572
9.416163265306123
4.088428571428572
0.05951020408163265
0.31279591836734694
0.006448979591836734
7.465346938775511
3.5988775510204083
11.781918367346938
4.310673469387755
8.624469387755102
11.838918367346938
9.940938775510205
8.170306122448979
8.546244897959182
12.484061224489794
13.320959183673471
0.2262448979591837
1.6296734693877555
2.2040408163265304
8.917367346938775
3.5424081632653057
11.597530612244897
13.844897959183676
13.151591836734696
12.722714285714286
12.285102040816327
11.518734693877551
12.031734693877553
14.130612244897959
14.543061224489795
14.504122448979592
14.373408163265307
13.200469387755101
10.553489795918367
13.342857142857143
9.029795918367348
6.943918367346939
11.67630612244898
11.040836734693878
3.9150612244897958
1.6603877551020407
2.375265306122449
6.128122448979591
7.246632653061224
3.588530612244898
5.016591836734694
7.6471020408163275
11.143489795918367
1.9847142857142859
10.651938775510203
14.701081632653061
10.227653061224489
9.384979591836734
13.98569387755102
14.75261224489796
12.143448979591836
14.203122448979592
14.070979591836734
7.337816326530612
0.7851836734693877
4.503612244897959
4.753959183673469
11.418102040816326
9.495020408163265
5.639122448979592
3.0437142857142856
0.5154081632653061
7.488367346938776
1.9210612244897958
0.7772448979591837
0.44202040816326527
2.2564489795918363
12.546102040816328
12.926795918367347
10.548204081632653
4.024857142857143
3.0404897959183677
4.4702244897959185
5.926857142857143
9.515551020408163
7.125
6.846877551020407
2.2257142857142855
6.238040816326531
7.636428571428572
6.594265306122449
9.135142857142858
13.357734693877552
13.142448979591837
9.393489795918368
3.186734693877551
6.392816326530612
2.7017346938775515
4.6983265306122455
3.799612244897959
9.51757142857143
10.39395918367347
3.1327142857142856
4.000816326530612
3.798612244897959
0.9145714285714287
1.7335714285714285
6.370795918367347
11.597816326530612
7.795551020408164
4.329714285714285
1.3126122448979591
3.399469387755102
9.19208163265306
6.40073469387755
2.081408163265306
9.581755102040816
9.198448979591836
11.449102040816326
8.347428571428571
5.292836734693878
10.922938775510206
11.923326530612245
10.618204081632653
10.568979591836735
5.761897959183673
8.014714285714286
11.468591836734694
0.20097959183673467
0.7482244897959185
2.4143061224489792
0.0
2.209857142857143
9.967265306122448
8.68761224489796
0.44744897959183677
1.0396938775510205
0.7087755102040816
4.690530612244898
4.9110000000000005
9.61369387755102
6.852183673469387
10.64434693877551
10.009775510204081
2.684102040816326
4.395204081632653
8.234612244897958
1.1821632653061223
3.372816326530612
0.05710204081632654
0.802265306122449
6.461448979591835
9.667102040816326
5.3816938775510215
8.01991836734694
7.14338775510204
7.486918367346938
0.35702040816326525
0.0
2.415836734693878
2.0468979591836733
4.479387755102041
4.092469387755102
2.721591836734694
0.3021020408163265
0.10377551020408163
1.713673469387755
8.775795918367345
8.556816326530612
8.296959183673469
0.532795918367347
0.02530612244897959
0.6563673469387755
0.0
2.8586938775510204
2.234204081632653
0.4108775510204081
0.2202857142857143
3.294122448979592
4.645428571428572
4.8558775510204075
8.388163265306122
6.421734693877552
2.8866938775510205
1.4185714285714286
3.558755102040817
9.130081632653061
6.796224489795918
4.108510204081632
2.972571428571429
3.7872040816326527
5.876571428571428
4.472040816326531
1.5734081632653063
0.8208163265306123
0.0
0.0
3.9902448979591836
0.0
2.1904285714285714
2.5854081632653063
0.13844897959183672
0.35232653061224495
1.108918367346939
4.931367346938775
3.7646530612244895
6.631938775510204
6.581020408163265
6.690387755102041
6.803081632653062
2.2585510204081634
5.98095918367347
7.312877551020408
7.571122448979592
7.292142857142857
6.108285714285715
3.511040816326531
3.0000612244897957
2.40534693877551
0.0
4.738693877551021
0.0
0.0
5.854653061224489
6.4252448979591845
6.454326530612245
5.468775510204081
5.290673469387755
5.031448979591836
3.717551020408163
0.0
0.0
0.9439591836734693
0.7884897959183672
0.0
3.314183673469388
0.0
0.0
0.0
0.10720408163265308
0.0
1.5182244897959183
0.7663673469387755
0.25897959183673475
3.029612244897959
0.0
0.0
0.0
2.610142857142857
0.2207959183673469
4.580448979591837
2.8664081632653065
1.011734693877551
0.0
0.0
0.9670816326530611
0.0
