3.533632558139535
0.0114
3.944930232558139
3.118325581395349
4.907116279069768
2.714283720930232
0.22338139534883722
0.0
0.5970046511627907
0.00684186046511628
0.11848837209302326
1.0978511627906977
1.5599488372093024
0.7647674418604652
0.11853488372093023
0.0
4.354493023255814
5.398581395348837
2.8873441860465117
0.0
0.0
0.0
1.2953906976744187
3.9982558139534885
0.011265116279069766
1.1014418604651164
0.0
0.5252651162790698
0.0
1.466851162790698
1.4204325581395352
0.0
3.7586976744186043
1.43013488372093
2.869888372093023
5.835246511627907
0.22348372093023253
4.379958139534883
0.5757255813953489
4.475372093023256
0.0
0.0
0.0
0.002269767441860465
0.04553953488372093
0.0
0.0
0.0
0.0
0.20346976744186043
3.468990697674419
4.463041860465116
0.0
1.519093023255814
5.789153488372094
4.638041860465116
4.302962790697675
9.524627906976745
5.5729906976744195
1.2150604651162793
0.0
0.0
6.425432558139535
2.2090093023255815
3.300381395348837
2.39286511627907
0.18530697674418606
4.012683720930233
0.0029906976744186052
3.092981395348837
0.40511627906976744
0.0
0.5334744186046512
0.0
7.384790697674418
4.002939534883721
0.9667116279069768
1.671446511627907
3.068493023255814
8.676683720930233
6.571679069767442
8.347511627906977
0.0
0.8570744186046513
1.8660093023255817
1.3389674418604653
0.0
0.0
0.07149767441860465
0.0
2.2012232558139537
4.251674418604652
1.2852558139534886
0.10372093023255813
0.36981395348837204
0.0
0.0418046511627907
8.68806046511628
11.231795348837208
11.615539534883718
0.46467441860465114
9.568502325581395
9.419679069767442
10.618469767441862
0.04553953488372093
0.0
9.370358139534885
4.646711627906977
0.33713023255813956
1.0050046511627906
0.3343116279069767
1.0204093023255814
2.9640744186046515
3.152027906976744
2.3450837209302327
3.222372093023256
4.050609302325582
2.489
1.9620418604651162
1.5922279069767442
7.392720930232558
4.5403581395348835
2.4987534883720928
3.219576744186047
5.911460465116279
10.459609302325582
13.356172093023257
12.41660930232558
7.9811116279069765
0.04766976744186046
1.116032558139535
7.16746511627907
12.259637209302326
13.1585488372093
13.026730232558137
2.6488279069767438
0.4630837209302325
5.74906976744186
0.6539116279069768
7.597209302325582
3.011720930232558
10.387506976744188
1.516586046511628
6.976469767441859
6.89926046511628
0.24268372093023255
10.613874418604652
12.405562790697674
10.539372093023257
13.437404651162788
8.55153023255814
8.817725581395349
11.889065116279072
12.75019069767442
8.222646511627907
0.002269767441860465
1.9420372093023257
3.1531209302325585
5.474586046511628
9.77634418604651
6.915632558139535
6.9422
8.415679069767442
3.3556372093023255
1.904046511627907
0.4340279069767442
5.083176744186047
0.0836186046511628
5.127520930232558
11.302846511627907
10.60346511627907
0.1549767441860465
0.4898232558139534
5.6704186046511635
7.456553488372093
7.145576744186046
8.252493023255813
5.5108837209302335
7.262023255813953
3.6932511627906974
4.477051162790698
5.780972093023255
3.8418000000000005
4.680376744186046
9.562283720930234
3.1638418604651166
2.3006372093023253
7.403688372093024
0.3968186046511628
0.7886000000000001
5.000083720930233
2.4824604651162794
1.0864
6.317279069767443
1.6911627906976745
0.006018604651162791
1.6118837209302326
1.6016883720930233
1.500213953488372
0.6602651162790697
2.216920930232558
6.316353488372093
0.9179906976744188
2.5700651162790695
2.334646511627907
4.902330232558141
5.4065627906976745
7.9681069767441866
6.426009302325582
5.3250604651162785
5.550390697674418
3.7371953488372096
1.5243488372093024
4.851632558139535
6.422511627906977
8.379451162790698
8.355711627906977
8.184855813953488
7.075809302325581
4.1570418604651165
0.48767441860465116
5.257525581395349
2.4021953488372096
2.008586046511628
8.65247441860465
3.400581395348837
2.7299813953488368
7.468567441860464
3.14333488372093
7.29486511627907
1.01026511627907
1.0417674418604652
2.2904
2.5491906976744185
4.695679069767443
1.7385116279069768
2.8492976744186045
4.917390697674419
0.11953953488372093
9.316390697674418
10.758730232558142
10.617600000000001
9.268451162790699
6.692237209302326
4.436181395348838
2.809986046511628
7.065162790697674
10.858772093023255
9.521618604651163
3.427079069767442
1.4375767441860468
6.787981395348838
6.503804651162791
5.244106976744187
2.147409302325581
8.05872558139535
5.216348837209302
9.429037209302326
5.651720930232558
4.730358139534883
3.99373488372093
1.5331488372093027
4.8753534883720935
0.026813953488372094
0.5957302325581395
5.070976744186048
4.093353488372093
2.1167906976744186
3.286711627906976
0.0
7.614
8.413920930232559
7.329613953488372
7.451934883720929
8.593004651162792
2.4620139534883725
0.2807953488372093
1.375748837209302
1.237213953488372
1.65806511627907
7.912851162790697
7.1122093023255815
7.023693023255814
7.549972093023256
4.398037209302325
0.7564883720930233
0.8611162790697674
0.11698604651162792
1.54126976744186
2.2369627906976746
7.790334883720931
7.985418604651162
0.9049209302325582
7.617762790697675
9.05100465116279
8.989190697674418
8.616804651162791
8.752144186046511
5.976883720930233
4.158809302325581
0.0
0.142953488372093
2.3726976744186046
1.9038976744186047
3.6549767441860466
2.3635348837209307
0.021046511627906977
0.6316744186046513
0.5947953488372093
4.172023255813954
1.6942093023255813
2.3944093023255815
1.7047162790697674
6.853534883720931
1.1193162790697675
3.3402046511627907
0.015981395348837208
0.0
0.0
0.693906976744186
0.5619302325581396
0.054693023255813954
0.023827906976744192
0.11912093023255813
0.22105116279069761
0.33358604651162793
0.0
0.0
0.018237209302325582
0.2891255813953489
0.04766976744186046
3.151316279069767
0.8943720930232559
0.0029906976744186052
1.136953488372093
4.573358139534883
4.92413488372093
0.7814465116279068
0.023827906976744192
0.4487860465116279
0.0
0.0
1.3174837209302324
0.03606976744186047
3.4725534883720925
0.0
0.27188837209302325
0.6789906976744187
0.01825581395348837
0.0
0.04766976744186046
0.0
0.3728883720930232
1.8779767441860464
0.02706046511627907
0.0
0.13947906976744187
0.32713488372093025
0.6664372093023255
0.12353023255813952
0.0
0.0
0.0
0.5957581395348837
0.37535348837209304
1.0995023255813954
2.3523348837209306
0.0
0.023827906976744192
0.0
0.0
0.051423255813953496
0.22645581395348838
0.07875348837209303
0.054693023255813954
0.7486511627906978
5.717265116279069
5.192902325581395
0.7749813953488371
0.5014604651162791
4.827283720930232
3.727306976744186
3.4208093023255812
0.7020511627906977
1.976493023255814
0.42170697674418606
0.4475627906976744
0.039037209302325585
0.19932558139534887
1.9592697674418604
5.043483720930233
1.128925581395349
0.15733488372093027
0.0
0.0
1.4359581395348837
0.0
0.4551395348837209
0.0
0.02285116279069768
0.01825581395348837
0.09430697674418606
0.06913953488372092
1.5109674418604648
0.21448372093023257
0.836646511627907
0.11353953488372094
0.036455813953488375
1.3917674418604649
0.10023720930232559
0.002269767441860465
0.15212558139534887
0.038269767441860475
8.275590697674419
8.785725581395349
8.73751627906977
8.78953488372093
8.546976744186047
7.857493023255814
6.770860465116279
7.393925581395349
0.939
0.0
0.07165116279069768
0.8965534883720931
0.19877209302325582
7.4772372093023245
0.0114
2.098739534883721
0.002269767441860465
1.4832930232558141
4.586827906976744
6.15513023255814
0.21443255813953488
0.0
3.215213953488373
0.0
0.49187906976744183
0.46823720930232554
5.53086046511628
0.670567441860465
1.3645627906976743
0.009013953488372094
0.8692604651162791
1.283581395348837
0.4000558139534884
5.345330232558141
0.0
1.2113023255813953
2.883274418604651
0.0
1.290711627906977
3.0902279069767435
3.4631813953488373
4.185441860465116
1.1454651162790699
0.2764697674418605
0.02632093023255814
0.13594418604651162
2.085023255813953
10.941269767441863
6.808525581395349
3.429176744186046
3.721920930232558
0.28826046511627906
0.07296744186046512
9.581962790697673
11.739474418604651
12.21471627906977
11.553697674418604
11.691609302325581
10.130102325581394
1.188246511627907
2.5045627906976744
2.967376744186047
7.3649767441860465
3.638627906976744
0.30973023255813953
0.1412093023255814
0.0
2.6096651162790696
1.1921209302325582
0.08303255813953489
1.6862418604651164
8.910465116279068
8.393516279069768
1.030660465116279
6.351413953488373
4.642348837209301
13.180218604651165
9.523060465116279
1.7168093023255815
0.0
8.654018604651164
13.451883720930232
13.804627906976744
13.910953488372096
13.929265116279069
13.904967441860466
12.76605581395349
13.119041860465117
8.01479534883721
9.425065116279068
12.033451162790698
8.5988
11.316144186046511
7.199958139534884
12.703930232558136
0.5757162790697674
0.31124186046511626
10.24680465116279
7.730390697674419
2.5524790697674415
3.977023255813953
0.017390697674418604
6.316693023255815
0.8860186046511629
8.19233488372093
8.439990697674418
11.905925581395346
12.99853023255814
11.307981395348838
5.755493023255815
5.297306976744185
0.8694976744186048
0.3165209302325582
3.8548558139534883
13.199516279069766
4.145506976744186
5.843316279069766
5.0689581395348835
4.54386976744186
2.510893023255814
3.0042883720930234
3.661627906976744
7.459055813953489
1.2500093023255816
4.326920930232558
7.7604139534883725
2.7740325581395346
3.6762
4.095860465116279
3.656688372093024
0.8115906976744187
4.067088372093023
2.71526976744186
0.7739860465116278
0.7325488372093023
1.9019023255813954
3.7006976744186044
1.9724744186046512
9.852711627906977
1.8703023255813953
1.298186046511628
0.9905302325581395
0.5343953488372093
0.36181395348837203
0.5595209302325581
2.222879069767442
0.7535348837209301
0.1433860465116279
2.7578604651162792
3.098306976744186
1.2632186046511626
0.0
0.5134744186046512
0.0
8.841055813953488
12.801525581395346
12.179451162790695
11.913646511627908
12.796358139534885
9.48253023255814
5.533911627906977
7.161218604651164
0.004558139534883722
6.196055813953489
8.938632558139536
10.051386046511627
5.137846511627908
8.617027906976745
3.3714000000000004
6.5229255813953495
11.698553488372095
1.9085627906976745
2.3287627906976747
2.972558139534884
7.803520930232558
2.9992837209302325
5.12213488372093
9.53782325581395
12.477293023255813
9.71064651162791
7.483544186046512
3.7124883720930235
0.37305116279069767
1.4896139534883723
5.180786046511629
2.798548837209302
0.4716976744186046
3.7173534883720936
7.068967441860465
11.075851162790698
8.751730232558138
2.9754883720930234
4.429646511627907
4.446120930232558
1.5415488372093022
2.241906976744186
9.199855813953489
11.194888372093022
9.247102325581395
2.3238651162790696
1.701093023255814
9.754902325581396
10.584232558139533
0.5819627906976745
1.613027906976744
2.2728046511627906
1.2142279069767443
4.656623255813954
1.3408976744186045
1.8453302325581395
7.3847720930232565
2.2807488372093023
5.1525162790697685
9.400097674418605
7.94533023255814
7.651530232558138
5.055744186046512
0.0
3.9648604651162787
0.0
4.2774465116279075
3.1052697674418606
7.708432558139536
4.77126976744186
2.2228511627906977
7.531018604651163
4.627
7.538790697674418
3.7109255813953483
5.8892139534883725
0.12353023255813952
0.0
2.5091767441860466
1.4724
3.0651023255813956
0.02124651162790698
1.4337720930232556
0.0
1.3519581395348836
0.7151999999999998
0.0
0.05607906976744187
0.04766976744186046
5.4266837209302325
5.8271999999999995
3.9126651162790695
2.973660465116279
0.0
0.0
0.023827906976744192
3.339172093023256
0.07149767441860465
7.212134883720931
5.038720930232557
4.580158139534883
1.1056418604651161
8.27012558139535
6.136172093023255
0.16153023255813953
0.7206000000000001
0.10946511627906977
0.0
0.0
2.2073720930232557
1.6750558139534886
0.8350976744186046
0.06383255813953488
0.31109767441860464
0.8131906976744185
0.023827906976744192
0.0
0.0
0.04996744186046512
2.3594000000000004
2.0122465116279074
3.4748790697674425
1.1851488372093024
0.0
0.3942511627906977
0.21448372093023257
0.0
1.0025255813953489
3.5316744186046507
0.0
0.0
0.04766976744186046
5.468046511627907
0.0
1.6047999999999996
0.0
0.4659162790697674
0.0
5.342902325581395
0.37886046511627913
1.2640744186046509
0.0
0.0
0.0
0.3751581395348837
0.04487441860465116
0.07149767441860465
1.8861348837209302
5.151679069767442
0.0
1.7048186046511626
0.023827906976744192
0.3254186046511628
3.3361953488372094
0.006018604651162791
0.07149767441860465
0.004558139534883722
0.9102558139534883
0.6060883720930231
3.545111627906977
0.0
0.0
2.341004651162791
0.11586046511627907
0.0
0.0
0.9795162790697675
1.5793209302325586
0.07149767441860465
2.0419720930232557
1.8987023255813953
0.0
0.0
4.784032558139535
0.0
1.7762744186046515
0.04207441860465118
1.459446511627907
4.462339534883721
0.13325116279069768
0.0
0.08290232558139533
0.030706976744186047
1.6203255813953488
5.739376744186046
3.2365209302325577
4.834427906976744
0.0
4.43593488372093
0.7340232558139534
0.592539534883721
4.356413953488373
7.076683720930233
6.578958139534883
6.739813953488372
6.58860930232558
0.0
0.0
0.6694418604651163
0.0
0.0
0.23829767441860464
0.00684186046511628
1.4674
3.3903674418604655
2.0426697674418604
4.483153488372094
1.910255813953488
3.2305581395348835
4.06506046511628
0.06913953488372092
0.2010279069767442
0.0029906976744186052
0.021046511627906977
2.8141069767441866
3.1078232558139534
1.5528976744186047
0.0
0.0
5.499032558139534
6.8297209302325586
4.975558139534884
1.2724418604651164
0.4713953488372093
0.0029906976744186052
0.26507441860465114
0.9813209302325582
0.023827906976744192
0.3396883720930233
0.0
0.1542325581395349
0.0
1.194586046511628
1.9211953488372093
4.6226604651162795
0.018023255813953486
6.107102325581396
1.9981627906976744
0.4708976744186047
1.7269906976744185
0.3574372093023256
7.7869627906976735
6.881409302325583
8.143776744186045
0.41712558139534883
2.0239395348837212
2.459051162790698
1.9034697674418604
7.845037209302326
7.9879255813953485
3.524711627906977
2.6417209302325584
0.0
1.7164465116279066
3.187627906976745
4.47139534883721
0.0
0.06613953488372094
5.080158139534883
9.444348837209304
2.4860325581395353
10.163083720930233
10.694097674418604
11.527004651162793
3.3515302325581393
2.755302325581396
11.825776744186046
12.818274418604652
11.236911627906975
7.735102325581395
9.774930232558138
0.20956279069767442
5.970879069767441
7.8620558139534875
2.8133999999999997
4.500702325581396
11.372027906976744
5.46366976744186
3.951176744186047
0.0
3.5348465116279075
0.0
0.0
4.462758139534884
7.097646511627907
5.028111627906977
1.3412139534883722
2.551562790697673
0.40019534883720925
8.457306976744187
1.635925581395349
10.900776744186047
12.488604651162792
10.755316279069767
8.549567441860466
5.806804651162792
2.3926790697674427
3.2180465116279064
7.7831488372093025
4.198958139534884
8.68853023255814
9.778976744186044
11.093865116279067
7.91905581395349
1.2700465116279067
9.366367441860465
5.543958139534884
0.3366837209302326
0.5819116279069768
0.0029906976744186052
4.807753488372093
0.24213023255813954
4.529795348837209
10.075544186046512
8.878651162790698
10.893437209302325
0.595953488372093
0.002269767441860465
6.150748837209303
3.5765627906976745
8.828832558139535
6.573395348837209
0.8563069767441859
7.671051162790697
9.614306976744187
2.6733116279069766
13.20219069767442
7.270800000000001
7.769195348837209
3.1759209302325577
2.0673302325581395
0.0
0.15709767441860467
1.0759209302325583
3.875093023255814
4.949046511627907
8.466544186046512
9.054302325581395
6.221618604651163
3.9387302325581395
7.437832558139535
1.3372000000000002
0.0
1.851348837209302
4.60193488372093
4.553944186046512
1.1623302325581397
6.000046511627906
0.6468
7.373865116279069
10.703427906976744
11.563353488372094
7.904986046511628
8.996158139534884
1.0479906976744187
4.670386046511628
1.7593534883720934
3.921902325581396
0.47031162790697684
2.366572093023256
4.706302325581395
0.16929302325581394
1.1238279069767445
0.45917209302325585
0.11912093023255813
4.610488372093024
1.6469674418604654
5.1782
0.5770046511627906
0.774232558139535
5.234506976744186
1.44726511627907
3.441279069767442
8.74066976744186
6.714060465116279
2.4278325581395346
3.0340744186046513
7.394772093023255
9.72613023255814
10.731358139534885
11.772372093023254
6.260353488372093
0.3540139534883721
0.04766976744186046
0.0
0.0
4.55726511627907
8.05287441860465
7.998441860465116
9.0985488372093
3.9028465116279074
4.997279069767441
7.569683720930232
0.9629395348837209
0.1305441860465116
4.874758139534883
0.0
3.159088372093023
5.937037209302326
4.994093023255814
0.8835720930232557
1.0768418604651162
7.665869767441861
1.655455813953488
8.10920465116279
8.437051162790697
5.932660465116279
5.074427906976744
9.008846511627906
10.60565581395349
11.28886046511628
10.116576744186046
7.6172651162790705
1.3533581395348842
2.6634232558139534
4.882404651162791
6.32293023255814
1.4434046511627907
7.530190697674419
3.065716279069767
6.214232558139535
0.5093441860465115
2.552641860465116
6.370102325581396
4.777962790697674
0.15792558139534885
1.3575674418604649
5.641944186046512
4.263572093023257
7.566637209302327
4.701818604651163
3.586902325581395
0.07149767441860465
0.023827906976744192
1.9967023255813954
7.17453488372093
6.067158139534884
1.5553209302325581
3.3372511627906984
3.3307302325581394
0.0
5.093083720930232
5.735265116279069
2.0776976744186046
4.458688372093024
3.940018604651163
1.2652558139534882
0.0
0.002269767441860465
3.595893023255814
0.0
2.8531395348837205
0.23829767441860464
0.0
0.17648372093023254
0.0
2.278246511627907
1.1800465116279069
0.06389302325581396
0.253093023255814
0.08232093023255815
2.0624558139534885
0.4053116279069767
1.957906976744186
0.35680465116279064
1.7709906976744185
0.5309116279069768
0.002269767441860465
0.0
0.0
0.14226046511627907
5.100651162790697
4.993534883720931
5.209920930232557
2.0751674418604646
1.3469069767441861
4.516739534883721
0.0
0.0
0.9943953488372094
3.815623255813953
0.9953627906976743
5.786962790697675
4.174897674418604
0.0
1.0551162790697675
0.01825581395348837
0.0
0.2523767441860465
3.3765162790697674
2.9821720930232565
0.6796093023255815
0.0
0.0
1.0356837209302323
0.0
0.0
0.0
0.023827906976744192
0.5675627906976743
0.0
0.1757488372093023
0.0
1.0432883720930233
0.0
1.2090697674418607
2.478734883720931
0.0
0.5917255813953487
4.057990697674419
0.0
0.0
0.7435906976744187
3.2998418604651163
0.0
1.3051999999999997
0.34642325581395345
1.089753488372093
0.14586511627906976
0.036455813953488375
0.0
0.0
0.0
0.4655906976744186
0.0
0.018237209302325582
2.507293023255814
0.08582325581395352
0.9885488372093024
0.19214883720930231
0.0
0.12353023255813952
0.6369209302325581
2.026446511627907
3.594818604651164
3.223125581395349
0.0
6.726548837209302
0.0
1.7230790697674419
4.501558139534884
4.424209302325581
5.908925581395348
4.072986046511628
4.7409302325581395
0.7019906976744186
3.494241860465116
0.8375116279069768
0.5469488372093023
0.006018604651162791
0.0
1.0101488372093024
2.253906976744186
0.0
0.0
0.2532232558139535
0.09533023255813954
0.0
2.7971674418604655
2.183167441860465
7.230767441860465
7.875469767441861
6.982851162790698
5.438706976744186
0.0
1.6888744186046512
0.4235581395348837
0.04212093023255815
3.222497674418605
5.488288372093024
0.5472837209302326
5.400511627906977
0.07891627906976745
0.08203255813953489
0.0
0.6440372093023257
0.7148790697674419
1.0752046511627908
8.179734883720931
8.97360465116279
7.675269767441861
2.8962046511627904
2.1261627906976743
1.0877999999999999
5.636325581395349
4.261860465116279
0.04766976744186046
0.009130232558139535
1.5397488372093024
0.0
5.670767441860466
5.129651162790697
9.174409302325582
8.551906976744185
7.993427906976744
2.821786046511628
0.41921395348837204
2.4966186046511623
0.20585116279069773
1.6599348837209305
1.747218604651163
9.936706976744185
3.3179860465116278
0.002269767441860465
3.709558139534884
2.753325581395349
0.170046511627907
0.7783209302325581
2.09233488372093
2.187790697674419
10.244051162790697
8.853590697674418
9.939548837209303
9.788702325581395
3.745386046511628
1.4403627906976744
0.26148372093023253
2.240367441860465
10.135223255813953
7.409762790697674
2.1852139534883723
8.8716
10.536302325581397
6.363348837209303
0.0
1.130172093023256
4.474223255813954
2.6023395348837206
1.6664697674418605
5.3526093023255825
5.05406976744186
8.611902325581395
11.371167441860466
11.400134883720932
10.278939534883724
10.864893023255815
10.688758139534887
10.994483720930234
3.307139534883721
12.246162790697674
9.703418604651164
3.557255813953488
9.74226511627907
6.555939534883721
8.59858604651163
0.3483162790697675
0.6969627906976743
4.4577441860465115
0.023827906976744192
6.305060465116279
5.508409302325582
3.9168697674418604
0.0
7.681237209302326
3.86373488372093
10.332404651162793
8.346204651162791
1.658293023255814
3.5550976744186045
8.684520930232559
13.118311627906976
13.819181395348838
13.348455813953487
11.546479069767441
2.385288372093023
5.963651162790699
3.720683720930232
8.940544186046512
0.5277488372093023
0.4143023255813953
0.6044558139534884
3.793958139534883
9.591660465116279
13.742269767441861
13.774158139534885
0.38725581395348846
12.403041860465114
13.99627441860465
14.345911627906977
13.796600000000002
13.524427906976742
11.20480465116279
11.402999999999997
9.106186046511628
7.211511627906976
9.129009302325581
4.968051162790697
12.250102325581395
10.845195348837208
0.17533953488372092
4.779767441860465
1.920079069767442
2.3121162790697674
1.1688046511627908
0.5700930232558139
7.428423255813953
4.051441860465116
3.6983348837209307
4.596251162790698
1.4370744186046511
3.5783488372093024
7.016376744186046
1.3972697674418606
7.598767441860463
3.509897674418604
5.898139534883722
4.572553488372093
4.875488372093024
7.328627906976745
7.320255813953488
7.394227906976744
2.793613953488372
5.438013953488373
9.349465116279069
2.17606511627907
9.70606511627907
14.35339069767442
14.41987906976744
7.994358139534882
12.07233023255814
13.825511627906975
11.947520930232557
12.008613953488371
9.031883720930233
12.89853023255814
4.4487860465116285
8.554837209302326
6.0682418604651165
4.369948837209302
8.572548837209302
2.74726046511628
0.08763255813953488
0.12826511627906975
4.836381395348836
0.4857581395348837
3.6074000000000006
1.8859488372093023
9.48233023255814
11.856911627906976
8.27206511627907
5.994232558139536
11.363167441860464
8.970902325581395
2.4722558139534883
5.345660465116279
1.7940511627906977
1.6947162790697676
2.4133395348837205
3.2173255813953485
4.797432558139535
11.097367441860467
11.899544186046512
7.8683720930232575
9.66919069767442
7.233041860465115
10.163883720930233
3.0021627906976747
10.490581395348839
8.576144186046513
1.9153162790697675
2.2843162790697678
5.515944186046511
5.0501069767441855
5.049762790697675
1.4301348837209302
6.691916279069768
9.057697674418604
7.423902325581396
11.149032558139533
9.186753488372092
5.989293023255814
1.2626558139534885
2.985920930232558
9.748981395348837
9.640358139534884
8.483799999999999
3.1287488372093026
6.267111627906977
9.99913953488372
7.982451162790698
10.333958139534884
7.3082511627906985
7.904930232558139
7.3825627906976745
7.702883720930232
8.830637209302326
9.203725581395348
7.681218604651162
8.063790697674419
9.626655813953487
7.839348837209302
5.305860465116279
7.208632558139536
2.986893023255814
6.785274418604651
1.6707906976744185
6.147916279069766
7.605883720930234
6.837548837209303
7.888534883720931
0.4270232558139535
0.1706
4.499627906976745
2.697041860465116
4.8088883720930236
1.045953488372093
0.3918325581395349
0.0
0.07149767441860465
0.0
0.08208372093023256
0.39878139534883716
0.8189116279069768
0.0
0.20383720930232552
1.5487116279069768
4.6908651162790695
0.0
1.7723813953488368
3.5706558139534885
5.740888372093024
6.47046976744186
4.3278
0.16994883720930234
0.04766976744186046
3.2146930232558137
2.915572093023256
0.0
0.09065116279069768
0.7929953488372091
0.0
2.241279069767442
0.6069441860465116
5.804288372093024
0.0
0.35192558139534885
2.051558139534884
8.185837209302326
7.429186046511628
0.0
3.3780511627906975
1.1521813953488371
5.7525674418604655
2.1581069767441856
0.023827906976744192
0.9404697674418603
0.41491627906976747
0.2806279069767442
0.9790930232558139
0.0
5.326181395348836
5.092241860465116
2.0942232558139535
0.06151627906976745
0.4088511627906976
0.0
5.816413953488372
0.3204093023255815
0.0
0.26213953488372094
0.9445488372093025
0.5584418604651162
4.984069767441859
4.392479069767442
0.647293023255814
0.3828930232558139
0.6381534883720931
0.0
0.0
0.0
0.009846511627906977
0.142953488372093
0.028348837209302327
0.0
0.0
0.0
0.0
0.0
1.111306976744186
0.018023255813953486
0.8625813953488374
0.0
0.8517023255813954
0.009013953488372094
0.09116744186046512
0.415246511627907
0.0
0.0
0.0
0.14656279069767442
3.8611674418604656
1.0726883720930234
3.453320930232558
4.094032558139535
0.2771302325581395
0.0
0.35650232558139533
0.0
2.087832558139535
3.503516279069767
0.5896511627906976
0.006018604651162791
0.9125674418604651
0.07149767441860465
0.2643674418604651
0.02124651162790698
0.3088093023255814
0.0
0.46492558139534884
0.0
2.574097674418605
0.5162511627906977
3.737162790697675
0.0
0.0
2.4833162790697676
3.756855813953488
0.0
0.0
0.0
0.0
0.7377162790697673
1.2201720930232558
1.4315906976744188
0.08650697674418606
0.6113953488372093
0.0
3.1753860465116284
0.0
0.3194511627906977
0.13986976744186044
1.3447116279069768
0.009093023255813956
0.07291627906976744
0.4182511627906977
0.11912093023255813
4.827781395348837
3.2511720930232557
2.151772093023256
8.247237209302325
7.063423255813953
7.088981395348837
0.4740744186046511
0.0
6.39146976744186
7.833274418604651
8.759153488372093
7.90873953488372
6.723669767441862
0.0
0.21673953488372094
2.752269767441861
0.4527302325581395
2.4319488372093025
5.002720930232559
3.566609302325581
6.6416697674418606
0.04766976744186046
1.2742093023255816
0.6742558139534884
4.378265116279069
0.0694
2.235674418604651
9.071953488372092
8.703841860465117
2.3577488372093027
0.07307906976744187
5.725144186046512
2.191632558139535
0.11912093023255813
0.29049302325581394
0.3660697674418605
0.7758976744186047
5.229651162790698
5.292381395348838
1.6321581395348836
3.9422418604651166
0.004558139534883722
2.534046511627907
1.4101674418604648
5.873734883720931
0.0
0.7209023255813954
0.5246837209302325
0.0
2.4812232558139535
1.4765302325581395
3.5455395348837206
3.7912139534883726
3.5387860465116274
0.0029906976744186052
0.6152186046511627
0.0
1.2329488372093023
0.05224186046511627
4.911809302325581
0.002269767441860465
0.15709767441860467
10.073311627906975
8.000079069767441
5.471586046511629
3.857967441860465
9.627553488372094
1.0864837209302325
4.023706976744186
10.479404651162788
1.6174093023255816
7.274567441860466
7.0367953488372095
4.158395348837209
10.412660465116279
5.766790697674419
10.397916279069769
0.45977209302325583
3.8970837209302327
1.815720930232558
2.2680976744186045
9.285683720930233
10.570879069767441
0.018237209302325582
3.9671860465116278
4.446544186046512
0.5746790697674419
4.104162790697674
1.3985999999999998
0.2523767441860465
4.937855813953489
1.5254604651162793
4.6134
6.573590697674419
9.3316
3.9065674418604655
11.738809302325581
4.819427906976744
0.3715767441860466
0.0029906976744186052
0.0
0.0
0.3202139534883721
0.009013953488372094
1.5067860465116278
1.417739534883721
2.5316325581395356
11.614065116279072
2.83753023255814
5.991334883720931
8.036683720930233
10.233967441860464
4.4307302325581395
8.31633488372093
14.149167441860467
13.54401395348837
3.6949488372093025
1.999004651162791
7.762172093023256
7.913330232558142
3.9288232558139535
2.3818744186046517
6.651623255813952
0.47851627906976746
2.4687534883720925
2.386218604651163
13.346451162790693
14.434051162790697
9.429641860465116
14.037097674418607
13.894958139534884
9.682609302325583
5.6263767441860475
3.1364511627906975
0.6167441860465116
5.39773488372093
0.21990232558139536
0.7905162790697673
0.4686372093023256
9.854134883720931
7.843325581395348
13.009162790697676
12.700516279069769
6.136781395348836
6.721939534883721
5.547609302325582
12.530758139534884
13.835674418604652
12.924948837209303
13.873330232558137
10.7414511627907
3.1168604651162792
10.067623255813952
9.110623255813953
11.611390697674416
6.303776744186046
1.3937999999999997
6.398223255813953
12.499720930232556
13.86707441860465
13.087213953488373
1.6385813953488375
9.429688372093025
10.075506976744183
5.855502325581394
7.737223255813954
1.8498186046511627
10.043958139534883
12.529944186046512
5.897404651162791
8.17559069767442
1.4293023255813957
0.7615767441860464
0.0
1.1293116279069768
7.546748837209302
10.070706976744187
10.913344186046512
9.816576744186046
6.020334883720932
9.494553488372091
3.124111627906977
1.2371023255813953
12.454558139534882
7.918344186046509
6.268427906976744
9.620893023255812
11.055916279069766
10.193702325581395
8.248809302325581
3.4250093023255817
6.203632558139535
3.155348837209303
10.290227906976744
10.524055813953487
10.413125581395349
7.840130232558139
11.823562790697673
11.562930232558141
11.567879069767443
3.6773627906976745
5.9648744186046505
5.8790046511627905
5.097493023255814
9.845693023255814
3.8120651162790695
5.172641860465116
9.937186046511627
0.10387906976744188
0.06139069767441861
3.091320930232558
0.002269767441860465
1.709516279069767
0.17471162790697675
4.552046511627907
4.234013953488372
5.717846511627907
1.9551255813953488
0.5246232558139535
7.581990697674419
0.3353023255813954
3.483018604651163
7.4908604651162785
7.318655813953488
7.949772093023255
7.813576744186047
9.659493023255814
7.317525581395348
6.162711627906978
0.7114093023255813
9.074097674418605
0.2859488372093023
0.6405441860465119
7.157781395348836
5.49233023255814
1.3154976744186047
2.1283767441860464
0.45765116279069773
5.123618604651163
0.002269767441860465
2.143320930232558
0.6407441860465118
8.779925581395348
2.5511627906976746
3.6911860465116275
0.08050232558139535
0.9658372093023257
0.023827906976744192
0.142953488372093
1.507939534883721
4.262037209302325
2.9390325581395347
5.934944186046511
5.364069767441861
4.6256
4.584102325581394
5.106144186046512
1.6768000000000003
3.2472418604651163
5.278404651162791
0.22128837209302324
0.5911627906976745
0.009093023255813956
5.452660465116278
1.3824372093023256
5.070483720930232
1.9070418604651163
4.5283162790697675
4.977088372093023
3.9030093023255814
2.368181395348837
0.17010697674418604
7.490874418604651
5.217888372093023
7.636358139534884
0.0
0.0
0.0
0.2579581395348837
0.0750232558139535
0.0
2.042260465116279
2.2919813953488375
4.829279069767441
4.296451162790698
0.0
0.021306976744186044
0.1944139534883721
0.0
1.4047720930232561
0.4965860465116279
2.2694372093023256
2.5626883720930236
5.849748837209302
6.167246511627908
5.86400930232558
0.14896744186046512
0.8728883720930232
0.0
0.0029906976744186052
0.04766976744186046
1.7634744186046514
0.16411162790697673
0.142953488372093
2.416572093023256
5.288232558139536
2.8109116279069766
0.0
1.584506976744186
0.21827441860465116
1.577986046511628
0.0
0.09986976744186048
1.1312093023255814
0.0
2.423167441860465
0.263646511627907
0.0
0.04766976744186046
0.14586511627906976
0.19350697674418604
0.32824651162790697
0.0
0.6977116279069768
0.30980930232558135
0.2064232558139535
0.8391627906976744
0.07833953488372093
0.0
1.5021627906976747
0.18755348837209304
0.22697209302325586
0.0
0.0
0.0
0.0
0.4831906976744186
2.4059023255813954
3.304386046511628
0.30173488372093027
3.2753255813953484
3.432804651162791
0.05678604651162791
2.234479069767442
0.4763255813953488
0.07149767441860465
1.929395348837209
0.17555813953488372
0.0
0.7717581395348837
0.5102976744186046
0.3099860465116279
0.0
0.0
0.6008093023255813
0.0
0.42603255813953483
0.8437953488372093
0.0
2.930883720930233
0.0
0.42834883720930234
0.029841860465116277
0.0
8.511348837209303
1.7693069767441858
5.124632558139534
7.629506976744186
7.1677348837209305
7.831823255813952
6.844116279069768
7.3062790697674425
6.1648000000000005
2.9693069767441864
0.002269767441860465
0.8411720930232557
0.2859488372093023
0.0
0.2872279069767442
0.0029906976744186052
0.728353488372093
7.301972093023256
5.501172093023255
0.0
0.4802046511627907
6.261651162790698
0.0
2.797125581395349
0.25042790697674416
6.861348837209302
3.43373023255814
5.239874418604651
8.311065116279071
1.8338883720930232
0.07049302325581397
4.826934883720931
8.163255813953487
2.386437209302325
4.132893023255813
5.639469767441862
7.624544186046512
9.177627906976744
8.64766976744186
8.3537488372093
7.890502325581395
4.18486511627907
1.3527302325581394
2.399093023255814
3.066162790697674
0.5781395348837209
0.3759348837209302
1.2490744186046512
1.850139534883721
0.0
0.0
0.0
0.09588837209302324
2.516506976744186
0.5279023255813954
0.04766976744186046
0.5287953488372092
0.517953488372093
2.228846511627907
1.6708511627906977
0.0
8.938879069767442
10.506148837209302
9.88153488372093
1.4687953488372092
3.0922930232558143
10.643427906976742
12.029111627906977
7.30940465116279
12.030655813953487
8.610893023255814
11.870320930232557
12.078516279069769
12.340446511627906
11.868967441860468
12.179279069767441
4.032023255813954
12.4114
3.1024558139534886
1.1585023255813953
5.514497674418603
0.362646511627907
7.171827906976744
0.6707441860465115
1.7513162790697676
2.9799488372093026
4.991893023255813
4.457506976744186
0.7463720930232559
2.7467209302325584
0.0
0.0
0.07451162790697674
4.424716279069767
5.1390651162790695
4.680679069767441
8.090827906976743
7.453688372093024
5.236958139534884
0.0
1.1863767441860464
1.259432558139535
0.023827906976744192
1.4706
4.594706976744186
0.48794883720930227
0.0
2.1896325581395346
1.311088372093023
4.322716279069767
9.944130232558141
6.102451162790698
4.297255813953488
0.00684186046511628
4.436316279069767
0.0
4.311944186046512
2.2209488372093023
0.8998139534883722
9.189520930232558
6.291260465116279
12.542153488372094
7.0362465116279065
0.5709720930232559
0.04766976744186046
0.0
1.089367441860465
10.493381395348838
14.172302325581395
13.732948837209301
6.140441860465116
6.857139534883721
9.223841860465118
3.064293023255814
0.3757813953488372
0.6060930232558139
6.602595348837211
1.038925581395349
3.3555116279069765
5.731018604651162
13.278781395348839
2.8262093023255814
1.0618744186046514
0.028348837209302327
0.19965116279069767
4.916158139534884
9.75632093023256
13.96546976744186
14.30872558139535
12.37479534883721
11.631423255813951
11.727223255813954
4.757060465116279
1.671725581395349
1.5284093023255814
1.7270139534883722
0.04996744186046512
0.0
2.724460465116279
0.28993488372093024
3.9303534883720928
3.643144186046512
10.698120930232559
10.099190697674421
12.649493023255815
0.6029534883720931
0.9498837209302327
0.25550232558139535
8.10313953488372
12.366493023255812
11.173813953488372
0.02609302325581395
5.924218604651164
9.994813953488373
1.9781674418604653
4.809083720930232
2.0032372093023256
6.317637209302325
6.614241860465117
0.48259069767441864
0.0
0.0
2.576148837209302
3.249874418604651
6.237706976744186
7.754581395348837
6.437706976744186
7.128241860465117
7.706404651162791
7.419897674418605
6.394948837209302
8.967748837209301
12.035320930232558
12.064130232558137
9.928423255813954
0.3574372093023256
3.7422465116279064
6.22186046511628
7.843293023255814
7.835353488372093
4.528600000000001
5.429353488372094
7.642362790697673
7.757041860465117
4.518446511627907
0.6319581395348839
1.0140744186046513
0.0
0.00684186046511628
0.09533023255813954
0.0
1.0560976744186048
0.0
0.7806325581395349
2.7355069767441855
4.24646046511628
0.0
0.0
0.09533023255813954
0.8259813953488373
0.18646976744186047
2.136618604651163
3.8399162790697674
2.6788232558139535
0.7280093023255814
1.031627906976744
1.1473302325581394
0.030706976744186047
4.367651162790698
3.8481627906976743
6.16186046511628
1.1896232558139535
1.9785209302325582
0.0
2.6269348837209305
3.089804651162791
3.781246511627906
0.42071162790697675
5.280734883720931
2.700023255813954
0.08290232558139533
0.00684186046511628
0.21995813953488372
3.0794697674418607
0.338046511627907
0.18285116279069766
3.299906976744186
5.294232558139535
7.297553488372094
2.174758139534884
0.46193023255813953
1.974386046511628
5.213455813953488
0.0
0.023827906976744192
1.4769488372093023
0.6300976744186046
2.3703395348837213
5.384432558139536
3.300125581395349
0.16862790697674415
6.27586511627907
4.37713488372093
4.7522651162790694
1.7490790697674417
1.6584837209302323
0.592539534883721
2.0568372093023255
3.6282139534883724
1.3293023255813956
0.2929906976744186
0.8045720930232558
0.21882325581395345
2.035386046511628
6.583116279069767
3.769916279069768
5.087883720930233
0.14030232558139535
0.07986511627906977
0.0
0.0
0.6381534883720931
0.06312093023255815
0.0
0.0
1.457032558139535
1.4411348837209306
0.4399813953488372
0.6574697674418605
0.7337395348837209
2.1744279069767445
2.3977255813953486
4.38426511627907
2.5931767441860467
2.2315627906976743
0.6563767441860465
0.0
0.4011255813953488
0.593060465116279
0.7403953488372094
0.5014232558139535
0.6984837209302326
0.0
0.1906325581395349
0.8510604651162791
0.924953488372093
0.0029906976744186052
0.45580930232558137
0.21882325581395345
0.0
0.0
1.6800790697674415
0.0
2.231432558139535
0.22390697674418605
0.018237209302325582
5.372232558139536
0.0
0.33358604651162793
0.0
0.0
0.3259906976744186
1.6447767441860466
1.4546372093023254
0.0
0.0
1.153306976744186
1.117186046511628
2.101502325581395
3.4076883720930233
0.21448372093023257
3.9286465116279063
0.0
2.426041860465116
2.1424279069767445
0.07149767441860465
5.001479069767443
3.992046511627907
0.20659069767441865
0.5700046511627906
0.0
2.3545627906976745
0.0
0.012013953488372094
0.015981395348837208
0.0
1.215106976744186
2.3202418604651163
0.0
0.08559069767441861
4.594748837209302
5.246474418604652
0.09116744186046512
2.6462093023255817
0.0
0.015041860465116278
1.0200093023255812
6.78026511627907
7.250553488372094
8.422339534883722
0.7041953488372094
5.835851162790698
0.0
0.0
5.646744186046511
6.957646511627906
7.5275209302325585
7.738581395348837
5.195279069767442
8.504353488372093
5.896004651162791
6.600841860465117
7.84013488372093
8.669776744186047
5.7894790697674425
0.04487441860465116
1.0179023255813953
4.649716279069767
5.435213953488372
3.809195348837209
0.3085627906976744
3.985051162790698
3.4029209302325585
2.875753488372093
0.006018604651162791
4.001441860465117
0.7747767441860465
0.3574372093023256
0.3088093023255814
0.0
3.0647627906976744
0.9098790697674419
0.17832558139534885
0.0
8.075158139534885
6.203106976744187
0.3025767441860465
2.856576744186046
0.04766976744186046
0.0
0.0
0.2808418604651163
0.06608837209302325
5.584348837209302
2.7509627906976744
3.75453488372093
1.583074418604651
3.298009302325581
0.6538790697674417
0.002269767441860465
5.780716279069767
0.12600000000000003
0.706046511627907
0.269906976744186
0.005279069767441862
2.01566976744186
5.599655813953488
8.357246511627906
3.2703116279069766
3.01333488372093
4.603953488372093
5.782995348837209
1.6688372093023256
3.0486139534883723
3.5831116279069763
0.19026511627906978
3.6879813953488374
0.26591162790697676
3.7844046511627902
0.0
8.834227906976745
11.216037209302327
10.945790697674418
9.804237209302325
9.343027906976745
1.0284325581395348
3.416148837209302
10.537320930232555
0.33545116279069775
4.145162790697674
0.03606976744186047
3.7596883720930236
1.8613953488372093
9.79953953488372
1.5692744186046512
0.7987116279069768
2.7925441860465114
0.5112139534883721
3.6334418604651164
10.587483720930233
2.0594372093023257
8.441958139534885
5.691167441860466
0.4369255813953488
3.136148837209302
6.330804651162791
5.042097674418605
12.076920930232559
3.8302697674418607
10.820488372093022
12.810167441860465
12.578869767441862
5.945497674418604
4.283413953488372
2.9685906976744185
0.006018604651162791
0.40106046511627913
5.693646511627907
12.754679069767443
13.785158139534882
10.462181395348836
0.9477953488372094
0.0
10.880139534883723
11.756748837209303
12.604320930232559
12.189665116279071
14.918423255813954
14.16534418604651
6.569534883720929
6.540018604651164
5.141139534883721
1.684032558139535
3.7648744186046517
2.6280744186046507
2.9505953488372096
1.8537767441860467
0.2767581395348837
1.653144186046512
6.515906976744186
5.010832558139534
0.6525906976744186
5.268813953488372
3.3811302325581396
0.0
2.8031255813953493
3.12266511627907
4.947311627906977
5.590762790697675
0.4152697674418604
0.08349302325581395
5.56419534883721
0.22713023255813952
0.054693023255813954
7.613372093023256
2.863906976744186
9.831395348837209
12.932032558139536
14.312497674418605
14.283106976744186
7.042120930232558
13.132027906976743
1.636572093023256
1.619213953488372
1.1653162790697675
2.014502325581395
6.717851162790696
12.721027906976744
12.478986046511627
8.678604651162791
8.719986046511629
12.173493023255812
11.047227906976746
7.450516279069768
6.2347581395348834
8.530958139534883
0.1651906976744186
1.7417534883720929
11.046897674418602
12.65081395348837
3.0988232558139535
7.420102325581396
5.118725581395349
1.4372790697674418
10.10645581395349
2.9200139534883722
2.2225162790697675
3.298958139534883
4.8898604651162785
6.3428046511627905
5.82999069767442
0.27135813953488375
3.0618046511627908
2.836181395348837
10.123120930232556
5.557711627906978
9.652376744186048
1.5326837209302324
4.232804651162791
10.63600465116279
7.999758139534883
3.682851162790698
3.5148511627906975
2.6527627906976745
1.1824790697674419
7.855372093023255
5.197209302325581
6.371897674418604
8.779655813953488
6.8961069767441865
0.4175813953488372
8.522502325581396
6.909474418604652
10.868325581395347
10.259567441860463
10.707348837209302
8.106306976744186
6.489172093023256
8.484204651162791
1.7937488372093024
1.964372093023256
0.17847906976744188
5.846446511627907
4.186860465116279
0.0
6.67479534883721
8.108297674418605
7.43827441860465
5.549
6.247567441860465
2.338339534883721
0.5476883720930232
1.288655813953488
0.0
7.537413953488373
9.560967441860466
4.058637209302326
5.5483534883720935
1.5431255813953488
3.13826511627907
5.459683720930234
5.453186046511629
6.192693023255814
6.684893023255814
5.939088372093023
8.270413953488372
7.005734883720929
8.561120930232558
1.3358604651162789
7.004586046511628
7.898720930232558
2.004167441860465
1.7398418604651165
0.08053953488372094
2.288106976744186
3.560772093023256
1.0302976744186045
1.5134976744186046
6.429986046511629
5.441441860465115
2.6795441860465115
1.7451302325581395
0.5104744186046513
0.0
0.0
3.713976744186047
5.75193488372093
5.813520930232559
3.4702651162790703
8.529018604651164
8.181325581395349
7.792525581395349
6.462506976744185
2.5829813953488365
0.8113627906976744
5.316632558139535
0.7110511627906976
0.0
0.023827906976744192
0.590460465116279
3.471851162790697
4.298223255813953
0.0
2.3747488372093026
0.21673953488372094
0.027339534883720932
0.059097674418604654
0.7510930232558141
1.5808372093023255
0.21043720930232562
2.9872697674418602
1.4515162790697673
2.3355906976744185
3.13433023255814
3.866381395348837
0.020544186046511627
0.0
0.0
0.0
0.021046511627906977
0.006018604651162791
0.009093023255813956
0.26050232558139536
0.8953395348837212
0.0
1.1073813953488372
3.0090139534883726
0.0
0.0
0.002269767441860465
2.5311581395348837
0.03193488372093023
7.036711627906977
1.821674418604651
0.006018604651162791
0.07149767441860465
0.0
0.6740558139534882
0.018023255813953486
1.9596279069767442
0.11416279069767443
0.0
0.0
0.0
0.0
0.0
0.390046511627907
0.0
0.6578139534883721
6.138525581395349
1.9977720930232556
1.5677255813953486
0.0
0.0
0.0
0.0
0.10777209302325581
2.4736697674418604
5.265227906976744
0.17632558139534882
0.0
0.17886976744186042
1.4424
0.0
0.45132558139534884
1.6923720930232562
0.002325581395348837
0.5689302325581396
0.05686511627906976
0.9090046511627908
0.12393023255813954
0.12673953488372092
0.34786511627906974
0.024762790697674418
0.15861395348837212
1.834516279069767
0.0
0.0
0.4734697674418604
0.0
3.5585999999999998
0.0
0.9109813953488372
1.4849441860465118
5.282893023255815
1.6528790697674418
0.389660465116279
3.39073023255814
0.0
0.024762790697674418
0.18492093023255812
0.0
0.0
0.07431627906976745
1.8339534883720932
0.917153488372093
7.25839534883721
2.061832558139535
0.7045860465116278
0.0
6.268074418604651
7.464446511627908
4.186734883720931
1.195446511627907
5.092460465116279
0.7978279069767442
4.925944186046512
0.30346046511627905
0.0
3.4504325581395348
6.938362790697675
3.5774883720930237
6.608404651162791
1.6133767441860465
4.423762790697674
8.504502325581395
8.567255813953489
3.3258697674418607
0.9242186046511628
1.4515813953488375
1.234213953488372
0.0
0.0
0.0
0.42626046511627913
0.3282837209302325
0.018944186046511626
0.842772093023256
0.0
0.0
0.0
0.0
0.7534465116279069
4.312511627906977
5.795046511627908
6.982367441860465
9.797227906976742
2.6036651162790703
3.7592976744186046
0.8795581395348838
1.6705209302325583
0.0
8.44519069767442
1.7347348837209302
0.0
1.2938558139534881
3.621153488372093
2.000437209302326
1.8900837209302326
7.607255813953488
6.174623255813953
0.0
0.0
0.0
1.6433395348837208
2.076474418604651
1.1141999999999999
0.8345116279069766
0.0
5.000009302325581
4.367874418604652
6.537209302325581
0.28899069767441854
5.2698465116279065
3.9788651162790694
2.335432558139535
1.4777720930232559
2.3754232558139536
2.3580046511627906
4.019460465116279
1.1641023255813954
2.260418604651163
1.8262976744186046
4.178855813953488
0.36423255813953487
6.162316279069767
2.5108325581395348
6.548972093023256
1.934386046511628
10.765125581395347
11.534953488372091
12.211186046511626
3.348223255813953
6.121116279069767
4.06339534883721
2.6454883720930233
5.4434837209302325
6.073809302325582
0.0
5.141241860465115
9.781711627906978
7.522148837209302
1.3436000000000001
2.587967441860465
10.370274418604653
10.814623255813954
3.5460790697674422
3.539153488372093
4.689479069767442
1.0668558139534883
7.603720930232559
10.351902325581394
3.4124232558139536
13.597432558139536
13.543981395348839
8.643274418604651
2.742674418604651
0.925232558139535
0.2821395348837209
4.834920930232558
4.095627906976745
3.049325581395349
6.463306976744185
3.703320930232558
4.253167441860465
0.004758139534883721
0.0
0.4295441860465116
12.239037209302326
14.46659534883721
0.6286837209302326
2.183167441860465
4.901469767441861
11.902697674418604
13.981906976744185
11.49832558139535
10.058609302325582
0.820260465116279
6.92193488372093
8.5712
9.55919534883721
13.745432558139536
6.900874418604651
6.0853441860465125
8.939548837209301
13.912032558139536
14.56959534883721
14.33123255813954
13.802274418604648
14.80153023255814
13.320037209302326
13.147432558139531
10.683576744186047
10.85328837209302
7.652320930232559
0.16854883720930233
3.769260465116279
3.8894372093023257
5.857241860465116
1.5442046511627907
7.483734883720931
8.763632558139536
3.381893023255814
11.111809302325582
5.725911627906976
10.60693488372093
9.722497674418605
3.5259209302325587
2.7702139534883727
9.427781395348838
2.707786046511628
7.175753488372092
2.6560279069767443
4.3342418604651165
0.28426511627906975
2.4321209302325584
3.6943488372093025
9.232567441860464
9.45152558139535
12.659265116279071
9.28772558139535
7.940102325581396
13.448274418604651
13.320441860465117
5.300855813953488
12.284246511627906
13.430613953488374
10.299260465116278
7.697097674418606
6.8511953488372095
7.544237209302326
6.444376744186047
0.0
5.501944186046512
6.321851162790696
5.148479069767441
6.676362790697675
5.475372093023257
0.8951441860465117
0.0495813953488372
2.7310883720930232
6.856265116279069
0.05563720930232558
1.7930883720930233
0.2711348837209302
4.9639069767441875
1.4385674418604653
3.202679069767441
4.401037209302326
3.048013953488372
0.31122790697674413
2.0718697674418602
0.14047441860465115
1.1556976744186047
1.4989069767441863
1.9763116279069763
9.959311627906974
6.035320930232557
4.949232558139535
6.369334883720931
9.070283720930233
7.586679069767442
8.695223255813954
0.11227441860465115
0.05213953488372093
3.1464837209302328
0.06634883720930233
0.0
0.0
2.908679069767442
7.870032558139536
7.780586046511628
6.041962790697674
7.408176744186047
2.864595348837209
4.752432558139534
9.135725581395349
5.04380465116279
0.8327767441860464
5.63300930232558
6.3254325581395365
6.551027906976744
8.877358139534882
5.65926511627907
4.160976744186047
7.964246511627906
9.087488372093022
1.3001953488372096
1.6323209302325579
0.6663488372093023
2.4929395348837207
8.180441860465116
3.520046511627907
2.804786046511628
7.191372093023256
5.683753488372093
8.504990697674419
3.7820465116279065
0.0
5.5045488372093025
0.34161860465116284
0.38012093023255816
0.35306976744186047
0.0
2.026060465116279
4.155962790697674
0.0
1.4051813953488375
4.008558139534883
0.0
0.29746046511627905
2.94553488372093
0.0
0.0
2.9179534883720932
0.007125581395348838
0.15149302325581396
0.0
3.1640279069767447
2.0417720930232557
0.4361581395348836
5.361879069767441
0.13277209302325582
6.46426046511628
1.3881302325581395
5.704400000000001
2.457381395348837
1.8834325581395348
0.10193488372093025
0.1465674418604651
5.544953488372093
0.0
0.6116232558139535
1.0694604651162791
0.0
2.4447720930232557
1.544739534883721
0.0
0.0
4.4676325581395355
0.7965069767441861
1.2886186046511627
3.2491720930232555
0.7680930232558139
0.0
1.3098232558139533
2.757548837209302
6.557972093023255
0.0
0.021353488372093023
3.216567441860465
1.3271627906976746
4.740981395348837
0.275
0.0
1.4294465116279067
2.031967441860465
0.0
2.799167441860465
0.0633627906976744
0.0
0.0
0.22307906976744188
0.0
2.5834651162790694
0.5316186046511628
0.37546976744186045
0.0
0.0
1.1228837209302325
0.0
0.0
0.0
0.0
0.0
0.28341395348837206
4.200418604651163
0.09913953488372092
0.1558511627906977
0.11296279069767443
3.1393953488372093
2.7638000000000003
0.0
0.0
4.217846511627907
0.0
0.8075348837209303
4.3084
0.0
0.0
0.0
0.644772093023256
0.3508325581395349
0.7964651162790698
0.7870232558139535
0.0
0.0
0.0
0.0
0.0
4.954781395348836
0.2853209302325581
6.309562790697675
7.251260465116278
7.102004651162791
7.560330232558139
6.4046
5.101116279069768
0.0
0.0
0.0
1.4946697674418608
0.0
0.0
0.0
1.7333534883720927
0.6613860465116279
0.06855348837209303
0.024762790697674418
0.0
0.0
0.0495813953488372
0.0
0.727753488372093
0.0
0.0
0.8767162790697676
5.4318
8.439181395348838
7.7383953488372095
0.0
0.0
0.0
0.0
0.0
5.592423255813954
6.895441860465116
7.699511627906976
7.10153488372093
8.545474418604652
8.115148837209302
4.236153488372093
9.419418604651163
8.35093488372093
9.001553488372092
7.494051162790698
9.489627906976743
4.379037209302325
0.8610511627906978
0.0
0.24789767441860466
0.024762790697674418
3.7308093023255817
4.086213953488372
2.6796046511627907
0.0
0.0
0.0
8.034958139534885
0.8038697674418604
4.371897674418604
4.6060186046511635
4.409651162790697
2.997609302325582
2.6235534883720932
0.19827906976744183
9.795069767441861
0.0
4.824386046511628
2.891488372093024
8.202423255813954
6.440162790697674
0.19827906976744183
1.3192000000000002
5.151916279069769
1.4668465116279068
1.5933488372093025
7.02433488372093
0.6875302325581396
0.0
6.959660465116278
8.60286046511628
6.340688372093023
7.201525581395348
2.499916279069767
10.66586511627907
11.279325581395348
11.961027906976744
8.14640465116279
10.580790697674418
12.790097674418606
13.167660465116281
12.613986046511625
1.1453302325581394
3.3264325581395346
5.712967441860466
3.1051581395348835
0.0
0.32223720930232563
0.4325906976744186
7.923697674418606
11.931037209302326
11.210986046511628
6.986195348837209
5.4270186046511615
0.024762790697674418
6.870316279069767
4.617465116279069
2.6147674418604647
6.5409860465116285
9.634641860465118
1.6392976744186047
5.3435069767441865
4.472925581395348
1.876739534883721
0.4575209302325581
2.242502325581395
5.986739534883721
10.927479069767442
12.23953023255814
4.349893023255814
7.525874418604651
0.0
0.023674418604651165
0.4114418604651163
6.060837209302325
0.24638604651162793
0.4659767441860465
3.354693023255814
3.8907209302325585
1.9378
7.537344186046512
2.949553488372093
8.16773488372093
9.82087906976744
5.8555581395348835
0.43811162790697666
1.4821674418604653
3.287725581395349
0.0
1.7015255813953485
6.104706976744184
0.018925581395348837
1.1068790697674418
0.4911302325581395
5.459906976744184
4.34933023255814
3.136237209302325
0.9385906976744186
2.088097674418605
1.5489302325581396
8.922976744186048
2.0342558139534885
13.06255348837209
11.91667441860465
2.586786046511628
2.6356325581395352
5.207227906976745
9.184572093023256
14.831446511627906
14.86486046511628
10.113097674418606
0.04503720930232559
8.731920930232558
8.845990697674418
11.630120930232556
8.400893023255813
6.639576744186047
13.072632558139535
9.661627906976744
4.448906976744187
3.671572093023256
3.5857720930232566
9.734734883720929
3.799325581395349
4.129497674418604
4.7711116279069765
6.526311627906979
6.055376744186048
3.9399534883720926
5.248302325581395
0.859506976744186
0.2506604651162791
0.47759999999999997
2.562627906976744
0.10603720930232559
2.529786046511628
1.1041302325581397
1.531293023255814
7.818702325581395
6.518944186046511
6.659246511627906
6.844683720930233
8.27867441860465
0.4375023255813953
2.3173488372093023
7.532093023255815
2.265018604651163
3.2672
3.632739534883721
3.628934883720931
0.6448604651162793
10.059958139534887
0.510339534883721
2.271720930232558
5.842832558139534
9.970916279069765
11.238353488372093
1.345967441860465
3.460344186046512
0.7446744186046512
1.9654558139534883
2.861311627906977
0.6745720930232559
0.1873116279069767
2.87940465116279
6.434623255813953
9.906674418604654
6.695297674418605
9.112288372093023
8.237767441860465
1.5209302325581395
5.160106976744185
1.4751953488372092
7.253906976744186
7.050520930232558
2.4754232558139537
4.257990697674419
5.139446511627906
0.19649767441860466
0.5562046511627907
3.346776744186046
5.166255813953488
4.483390697674419
0.3417953488372093
4.001255813953488
2.9428186046511624
6.240706976744185
3.538688372093023
1.2004186046511627
3.8426651162790697
5.914711627906977
2.3876325581395346
4.465572093023256
3.94013488372093
0.46769302325581397
7.39
8.805413953488372
8.263641860465116
8.749316279069768
2.803079069767442
2.1134
5.246530232558139
6.11012558139535
0.6453069767441861
8.664613953488372
8.513786046511628
1.8700046511627908
0.0
0.48681395348837214
3.7075674418604647
0.0
0.5446325581395349
0.8588883720930233
3.899423255813954
7.587102325581395
3.815511627906977
0.021339534883720934
0.018944186046511626
0.31190697674418605
0.0
2.521995348837209
6.454106976744185
3.305404651162791
0.953632558139535
0.31571162790697666
3.517604651162791
2.371153488372093
0.0
0.0
0.0
0.9424558139534883
2.2971441860465114
0.5499813953488372
0.5665860465116279
0.6732604651162791
0.5570837209302325
0.09913953488372092
0.5493813953488371
0.5588372093023255
1.8349767441860465
0.15108837209302325
1.2485488372093023
0.3810697674418605
0.10477674418604652
0.2668093023255814
0.0
0.12908837209302323
0.6556046511627907
0.0
0.002325581395348837
0.14225581395348838
0.0
0.7206418604651162
0.0
0.028460465116279074
0.0
0.15172093023255817
2.5930883720930233
0.1538604651162791
4.879939534883722
0.8791116279069768
1.0295162790697674
0.009469767441860467
2.250181395348837
2.779418604651163
4.979013953488374
0.0
0.8290976744186046
0.0
2.5917302325581395
0.275
0.0948232558139535
0.0
0.0
0.0
0.0633627906976744
0.0
0.0
1.2081906976744186
0.7642279069767443
0.5678837209302326
0.0
0.0
1.9245581395348839
0.0
0.0
2.891325581395349
0.0633627906976744
0.37781860465116285
0.0
0.10149302325581394
0.07050697674418605
0.0
0.28855813953488374
0.37693953488372095
3.5012883720930232
5.195041860465118
0.0
2.0959674418604655
1.378813953488372
5.3318697674418605
0.9837860465116279
0.0
0.016586046511627907
0.0
1.0255209302325583
0.7751906976744186
0.6376976744186047
0.004758139534883721
0.9777720930232559
1.2982697674418602
0.0
0.6262930232558139
0.22822325581395347
2.3775767441860465
0.0
1.9004558139534886
0.3545720930232558
0.1562372093023256
0.0
1.487223255813953
1.1728558139534884
0.8381720930232558
0.4461767441860465
0.6142511627906977
3.232348837209302
0.8590325581395349
0.0
0.3463581395348837
1.4580279069767441
0.0
5.243018604651163
8.174967441860465
8.747586046511628
7.080404651162791
0.07569302325581395
0.0
0.949846511627907
2.0260558139534885
0.0495813953488372
3.5735255813953493
3.264441860465116
0.1948232558139535
0.40927441860465114
0.0
0.0
1.8681255813953486
1.5251069767441858
0.3883441860465116
4.148479069767442
0.0
0.004758139534883721
5.138288372093023
0.5343255813953488
0.2668093023255814
4.247762790697674
7.2785581395348835
0.0
1.6562418604651161
2.2056186046511628
0.0
1.074167441860465
0.0
1.0771441860465116
3.852879069767442
6.932632558139535
2.9388232558139533
0.31379069767441864
0.23146976744186043
1.1223627906976743
0.17632558139534882
1.5881767441860466
0.011851162790697674
3.0009116279069765
0.37201395348837213
3.068553488372093
0.0
2.163102325581395
0.12673953488372092
0.0
5.732
8.429734883720931
2.96366511627907
0.0
5.4064186046511615
2.874506976744186
0.0
0.0639813953488372
10.518702325581394
9.6174
6.904562790697675
6.005451162790698
10.952120930232555
7.393116279069767
11.44993953488372
0.10431162790697675
6.273120930232558
10.382604651162792
5.01080465116279
7.717888372093023
8.051683720930233
10.205818604651164
13.157790697674418
12.35951627906977
11.528479069767442
5.5904930232558145
0.0
5.277623255813952
3.517730232558139
7.516153488372093
3.27626976744186
3.4958651162790693
7.855618604651164
7.848544186046511
12.757753488372094
9.773344186046513
0.0
5.9830837209302326
11.605604651162794
13.670037209302325
12.831251162790698
12.924762790697677
6.834865116279071
8.95899534883721
1.142032558139535
3.748762790697674
1.4624930232558142
0.09826511627906977
2.5513209302325577
7.027511627906977
7.014027906976745
13.181241860465114
5.122604651162791
8.83
12.704316279069767
8.21352558139535
5.445897674418604
5.621381395348837
7.271734883720931
4.3558
4.145297674418604
2.0400604651162793
2.8779581395348837
3.6037581395348837
2.107693023255814
0.09913953488372092
2.945483720930233
0.660153488372093
2.798413953488372
7.460632558139534
1.1259860465116278
2.9657116279069764
14.529283720930234
14.848237209302326
11.648060465116279
7.313446511627907
9.823790697674417
10.524511627906978
3.3496465116279075
0.0
3.1769488372093018
0.5069581395348838
0.14093953488372093
0.009469767441860467
0.0
1.62606511627907
2.527060465116279
3.7420325581395346
7.921046511627908
6.32532558139535
3.4116558139534887
6.943669767441861
2.4857813953488375
11.612302325581398
5.981162790697674
6.984879069767441
9.341079069767442
6.180213953488373
7.670720930232558
13.537646511627907
8.594972093023255
6.5004
4.3168186046511625
4.058855813953488
1.1088558139534883
0.07431627906976745
0.10712558139534883
0.7265116279069767
0.7021767441860466
6.550297674418604
0.7821209302325581
4.042539534883721
10.25207906976744
2.5918000000000005
12.681232558139536
11.683074418604651
9.471595348837209
9.884023255813956
3.706953488372093
10.088730232558136
9.420637209302326
12.577804651162788
1.3121069767441862
5.075497674418605
6.6074558139534885
8.993288372093023
6.110962790697673
12.86612093023256
8.664823255813953
8.481716279069767
5.600172093023255
6.160930232558141
7.461120930232558
11.329976744186045
13.273869767441859
11.944627906976745
10.248330232558143
11.386413953488374
12.660544186046513
3.5421627906976743
1.4097348837209303
5.328362790697674
1.7039488372093026
5.843879069767443
5.570106976744185
3.4799767441860463
3.26893488372093
0.08862325581395349
7.826037209302325
8.3912
5.0933627906976735
9.2806
4.251032558139535
2.314683720930233
2.059558139534884
6.098762790697674
0.02713953488372093
7.303176744186047
9.396562790697676
6.745744186046512
10.979539534883719
9.96012558139535
1.5051534883720927
4.759520930232558
2.2332651162790693
2.9192325581395346
0.8334232558139535
0.23750232558139536
1.6801627906976742
2.5538418604651163
0.0
0.12393023255813954
0.0
8.461879069767441
1.9700883720930231
0.3409999999999999
0.0
3.687079069767442
4.168911627906977
2.861497674418605
2.4174325581395353
5.2612
9.319386046511628
8.58533488372093
0.8960558139534883
0.0
0.9551441860465116
0.12393023255813954
1.844539534883721
3.2058651162790697
3.847497674418605
6.586195348837209
0.0
0.0
6.393962790697674
0.9411720930232559
0.7396325581395348
0.0
0.0664046511627907
0.4361581395348836
0.5812325581395349
0.0
0.5049813953488372
5.271651162790698
1.0494093023255813
0.0
0.0
1.6962790697674421
4.246911627906977
3.9414697674418604
5.7818837209302325
2.8353395348837207
1.2150744186046512
0.6004651162790697
0.9778837209302326
1.3168372093023255
8.358823255813952
8.055558139534885
3.567879069767442
3.4029906976744186
4.054241860465116
6.7148837209302314
0.0
0.0
2.634576744186046
1.7804511627906978
0.0
0.0
1.0604883720930234
3.3645627906976747
0.17632558139534882
1.5312093023255815
0.0
3.2051209302325585
1.9589767441860466
0.0
0.024762790697674418
0.002325581395348837
0.0
0.8456651162790698
0.0
1.341860465116279
0.0
0.0
0.0
0.0
0.0
0.493046511627907
1.1995488372093022
3.8736372093023257
0.0
2.728232558139535
0.0
0.0
0.6080186046511628
0.11296279069767443
0.0
5.160302325581396
3.314837209302326
0.0
0.0
0.0
2.867502325581396
0.0
0.0
0.0
0.0
0.0
0.0
0.0
0.3745813953488372
3.400506976744186
0.7301162790697674
0.0
0.0
0.04740000000000001
2.982051162790697
2.788232558139535
0.5375348837209303
0.0
0.0
0.0
0.3982558139534884
0.06575813953488371
3.7731255813953495
0.22326976744186047
7.038353488372093
0.8928558139534883
0.5270232558139535
0.0
0.19009767441860462
0.9944093023255814
2.32086511627907
0.749106976744186
0.5032372093023255
2.3835627906976744
0.8086558139534883
1.3660697674418607
4.213186046511628
7.101874418604651
7.469544186046511
5.479079069767442
0.0
0.4704232558139535
0.8059720930232558
0.9174325581395348
0.862893023255814
0.9150418604651162
2.2171813953488377
0.07431627906976745
0.16250232558139535
1.8328465116279067
2.1798511627906976
1.1637441860465119
2.8113720930232553
0.9079348837209303
0.12673953488372092
4.864213953488371
2.0067023255813954
0.0
5.006153488372093
7.1706651162790696
0.0
0.0
1.9625534883720934
2.556962790697675
0.41318604651162794
0.0
0.0
3.393386046511628
1.8405953488372095
0.6497999999999999
0.8237674418604651
0.0
0.7418883720930234
2.0864744186046518
0.6292883720930231
0.2004372093023256
8.279832558139535
8.404083720930233
0.002325581395348837
6.217651162790698
6.9172651162790695
6.5048790697674415
2.39446511627907
1.6241441860465118
5.875646511627908
0.07431627906976745
0.0
0.49662790697674414
7.244511627906976
2.9378511627906985
6.4045069767441865
4.432362790697674
0.27589767441860463
8.457567441860466
0.0
6.314279069767441
9.677167441860465
9.720511627906978
7.049353488372094
0.980893023255814
8.928032558139535
5.020460465116279
2.454
3.659502325581396
0.20198604651162788
0.23943255813953485
0.0
1.1575116279069766
2.3788790697674416
2.5488139534883727
8.447083720930232
0.0
9.18426046511628
2.6160372093023248
2.075148837209302
0.9186325581395349
0.0
0.024762790697674418
0.09913953488372092
4.551623255813953
1.0849209302325582
3.990018604651163
2.6077674418604655
0.8317953488372094
0.5842651162790697
9.241841860465117
4.2280139534883725
0.03791162790697674
0.2964093023255814
0.004758139534883721
7.637344186046513
3.587660465116279
11.733399999999998
4.272613953488372
8.525883720930233
11.723046511627906
9.756572093023255
8.100916279069766
8.463795348837209
12.453855813953487
13.317660465116282
0.2534046511627907
1.641804651162791
2.203879069767442
9.005372093023256
3.488195348837209
11.49553488372093
13.840041860465115
13.098097674418604
12.70040930232558
12.426441860465118
11.457962790697673
12.053423255813957
14.121553488372093
14.557334883720928
14.522176744186046
14.36726976744186
13.27692558139535
10.307390697674418
13.374367441860468
9.040986046511627
6.851581395348838
11.644097674418603
11.094962790697677
4.014888372093023
1.4315116279069768
2.3611069767441863
6.187618604651162
7.25699069767442
3.5616697674418605
5.0921720930232555
7.478665116279069
11.266995348837211
2.035493023255814
10.733953488372093
14.682981395348838
10.12906976744186
9.364441860465117
14.037279069767443
14.761153488372095
12.039260465116278
14.168981395348839
13.994376744186047
7.365344186046512
0.6497209302325582
4.72846976744186
4.757051162790697
11.44458604651163
9.384767441860467
5.624451162790698
2.9024465116279066
0.4431395348837208
7.778376744186047
1.8839023255813954
0.8094418604651165
0.4490046511627907
1.8931813953488372
12.493297674418606
12.799600000000003
10.567023255813952
3.947837209302326
2.9890093023255813
4.258413953488372
5.816851162790698
9.259744186046511
6.983883720930232
7.1280325581395365
2.2484372093023257
6.224488372093023
7.665530232558139
6.524781395348837
9.114953488372093
13.336455813953489
13.074590697674418
9.396297674418603
3.181409302325581
6.252967441860465
2.5100837209302322
4.741827906976745
3.7157023255813955
9.348232558139536
10.411567441860466
3.1908651162790695
3.9056744186046517
3.9243441860465116
0.8717534883720931
1.712358139534884
6.458
11.560065116279068
7.883683720930233
4.329641860465117
1.3603395348837208
3.1412604651162783
8.989758139534883
6.224888372093023
1.9587162790697672
9.516148837209302
9.130413953488372
11.365302325581395
8.128618604651162
5.149599999999999
10.831679069767443
11.891395348837207
10.517018604651163
10.575586046511626
5.7542325581395355
7.799818604651163
11.468116279069767
0.17135348837209302
0.7111674418604652
2.5853302325581398
0.0
2.2129627906976745
10.05241395348837
8.528586046511629
0.2892186046511628
1.0825488372093026
0.6425023255813954
4.682897674418604
4.678841860465116
9.62753488372093
6.595841860465116
10.560595348837209
9.983599999999997
2.447390697674419
4.373232558139535
8.168148837209301
1.2559860465116277
3.388153488372093
0.05432093023255815
0.8097627906976743
6.350455813953488
9.591186046511625
5.330162790697675
7.954590697674418
6.9026139534883715
7.267869767441861
0.22754883720930233
0.0
2.3896790697674417
1.932702325581395
4.516688372093023
4.151567441860466
2.930437209302326
0.3277953488372093
0.09332093023255814
1.8282651162790697
8.915097674418606
8.364516279069768
8.124162790697675
0.4608139534883721
0.024762790697674418
0.6748232558139535
0.0
2.9058232558139534
2.378497674418605
0.4291069767441861
0.2396186046511628
3.422813953488372
4.869823255813953
4.650586046511628
8.32506976744186
6.262762790697675
2.766855813953488
1.4641953488372088
3.5999581395348836
9.116553488372094
6.737897674418603
4.265944186046512
3.187293023255814
3.6431395348837214
5.725637209302326
4.205939534883721
1.6536837209302326
0.8608186046511627
0.0
0.0
3.8349069767441866
0.0
2.321372093023256
2.690302325581395
0.15149302325581396
0.389660465116279
1.1431116279069766
5.039934883720929
3.692911627906977
6.5920046511627906
6.36732558139535
6.519432558139535
6.696976744186046
2.1406325581395356
5.926781395348837
7.2687255813953495
7.546093023255813
7.2637441860465115
6.08854418604651
3.442683720930232
3.189925581395348
2.461376744186046
0.0
4.949483720930232
0.0
0.0
5.911786046511628
6.412232558139535
6.405744186046511
5.352930232558139
5.149293023255813
4.971902325581396
3.6124186046511624
0.0
0.0
0.9636372093023257
0.5025023255813953
0.0
3.0782418604651163
0.0
0.0
0.0
0.11296279069767443
0.0
1.596246511627907
0.7778186046511628
0.25430697674418606
3.102413953488372
0.0
0.0
0.0
2.7601627906976742
0.23061395348837213
4.483586046511627
2.8314651162790696
0.644772093023256
0.0
0.0
0.6162976744186046
0.0
