-2.47485981308
-3.36485981308
-7.01827102804
-3.17514018692
0.504018691589
0.799719626168
0.149252336449
-1.20481308411
-2.22443925234
-4.69163551402
-7.79257009346
-9.8408411215
-7.75327102804
-8.86289719626
-7.70934579439
-5.28182242991
-6.10752336449
-6.03504672897
-6.10336448598
-3.94546728972
-3.2438317757
1.15747663551
0.771448598131
0.46476635514
0.355420560748
-2.34855140187
-4.37995327103
-6.37672897196
-1.97509345794
3.04869158879
5.14401869159
-2.10490654206
1.74331775701
1.33154205607
0.586401869159
4.83392523364
3.85939252336
3.88107476636
3.34481308411
4.84635514019
5.08046728972
1.86892523364
1.6085046729
1.6335046729
0.934485981308
0.867056074766
3.55238317757
1.54252336449
0.450327102804
-0.813971962617
0.642476635514
1.60691588785
1.30869158879
2.45574766355
1.7141588785
2.24074766355
2.72088785047
-1.9641588785
-1.80757009346
1.91345794393
3.18261682243
1.41317757009
-1.34294392523
-1.49439252336
-0.867429906542
2.51962616822
4.02051401869
3.1991588785
3.47523364486
2.5596728972
2.53939252336
2.91196261682
2.68308411215
2.26070093458
3.39462616822
4.14373831776
5.32855140187
3.1073364486
-2.73728971963
-4.01621495327
-1.96009345794
1.77873831776
2.39434579439
1.65817757009
4.75677570093
3.71560747664
7.75252336449
10.4665420561
4.84453271028
2.93065420561
5.37004672897
9.16630841121
3.18046728972
1.63242990654
0.619252336449
1.76140186916
2.21037383178
6.03294392523
1.8626635514
1.40177570093
1.92196261682
3.78397196262
5.73696261682
7.89878504673
10.0155607477
12.156682243
12.76
13.1151869159
5.78962616822
2.90425233645
-0.0561214953271
1.52859813084
2.08971962617
4.21537383178
3.21121495327
1.80710280374
3.75658878505
5.49574766355
4.95934579439
6.28574766355
10.1024299065
11.2623831776
6.22046728972
6.37644859813
4.11925233645
5.25271028037
9.84154205607
8.4896728972
6.57551401869
6.42542056075
8.26457943925
11.1622429907
12.48
11.0110280374
9.46925233645
7.57126168224
7.91252336449
11.0230841121
12.5082242991
12.9248598131
13.3820093458
13.9281775701
7.19869158879
9.0511682243
8.14929906542
8.7564953271
11.726728972
13.8503738318
12.6680373832
12.8290654206
8.46420560748
9.40257009346
9.31948598131
10.6509813084
12.8860280374
15.5185046729
17.298317757
17.8606542056
14.4904205607
15.2757943925
15.0121495327
15.1673364486
13.7960747664
16.0542990654
19.6343457944
21.6438317757
14.0967757009
13.8834579439
12.8226168224
11.2960747664
12.8165420561
9.94869158879
10.1497196262
9.7673364486
10.7981775701
10.5362149533
9.28509345794
10.4329439252
9.73476635514
8.93761682243
9.7388317757
10.8679439252
10.3465420561
10.6802336449
11.4392523364
12.9409345794
11.9640654206
13.4504205607
13.1156542056
13.2560747664
12.66
12.0101869159
11.6962149533
10.0435981308
9.66257009346
12.3673831776
12.6031308411
10.2479906542
10.6120560748
12.1632242991
13.4871495327
14.0497196262
10.3088317757
11.1213551402
14.7203271028
17.9557009346
18.9492990654
20.3827570093
19.3863551402
19.1590654206
19.0264953271
14.7458878505
15.5561214953
17.3021962617
21.1472897196
20.6269158879
18.4095327103
17.2006542056
14.2300934579
17.136588785
16.6892990654
13.4678971963
14.9570093458
17.3700934579
12.466635514
12.5389719626
14.8658411215
18.2526635514
19.4290186916
18.4871962617
17.9744859813
14.3644392523
16.1836448598
13.4668691589
9.5876635514
9.2158411215
8.87280373832
9.40205607477
12.6821962617
16.3488317757
16.6485981308
17.5813084112
14.1140654206
12.0440186916
10.2851401869
10.4338785047
13.3852803738
16.6537383178
15.9018224299
11.6785981308
13.5206542056
15.3152336449
11.0051869159
10.9478037383
11.2625700935
13.4951869159
10.3335046729
11.3797196262
11.9127570093
13.3086915888
12.3542990654
12.7261682243
15.8741588785
17.4151869159
17.0253271028
17.2872429907
14.0318691589
14.6879439252
11.3280373832
9.83635514019
11.1578971963
11.2121495327
12.1012149533
10.826728972
8.79495327103
8.98677570093
7.09948598131
9.22640186916
6.62878504673
8.56957943925
9.0864953271
6.30911214953
4.46630841121
3.10934579439
5.27448598131
4.92018691589
4.6588317757
4.32242990654
4.73579439252
9.15214953271
9.22210280374
6.38247663551
3.43331775701
2.96257009346
5.68242990654
7.05102803738
7.43364485981
8.17093457944
5.17462616822
3.73686915888
8.82976635514
12.0453738318
8.38476635514
3.83238317757
1.85429906542
-1.72700934579
-4.96182242991
-5.17920560748
-5.48523364486
-4.26976635514
-2.64654205607
-2.22654205607
-0.342336448598
-1.45668224299
-2.40794392523
-1.33471962617
0.0306542056075
1.16855140187
1.58635514019
4.67186915888
8.89696261682
9.3446728972
6.05289719626
3.75556074766
7.08827102804
8.47289719626
8.77046728972
9.42257009346
8.36775700935
5.28612149533
1.18742990654
-1.83897196262
-1.23158878505
-1.63378504673
-3.4976635514
-7.70906542056
-7.57789719626
-4.96714953271
-4.7026635514
-2.56598130841
-4.40046728972
-9.73971962617
-7.30280373832
-4.59345794393
-2.75588785047
0.863971962617
1.79518691589
2.97285046729
6.27878504673
4.18378504673
0.366682242991
-1.20112149533
-1.73542056075
-2.96299065421
-1.18574766355
1.10257009346
0.93523364486
5.7711682243
7.58411214953
5.03948598131
0.341542056075
-1.60056074766
-3.38341121495
-0.486074766355
1.31864485981
0.884953271028
-0.558271028037
1.22710280374
3.70785046729
-0.298364485981
-2.07560747664
-3.54738317757
-8.00392523364
-8.33934579439
-3.36752336449
-1.40668224299
-5.04308411215
-4.48630841121
-3.98901869159
-3.63542056075
-1.83971962617
-3.37705607477
0.520934579439
-1.40481308411
-0.442663551402
-2.96929906542
-5.71640186916
-7.1146728972
-4.73565420561
-3.15757009346
-1.11747663551
-2.5961682243
-3.07144859813
-1.33289719626
-4.26691588785
-3.53841121495
-2.31065420561
-1.93771028037
-0.458831775701
0.889813084112
0.177990654206
-1.43565420561
1.20485981308
4.78686915888
4.3085046729
3.86640186916
0.251401869159
-3.48345794393
-5.16602803738
-5.97742990654
-6.8246728972
-5.72051401869
-3.50504672897
-2.18322429907
-3.72957943925
-5.03037383178
-5.89878504673
-5.6703271028
-5.94434579439
-5.51957943925
-3.07836448598
-1.62004672897
-1.96322429907
-1.92799065421
-0.885093457944
1.2138317757
2.16934579439
1.90528037383
-1.83154205607
-1.88392523364
1.76285046729
7.5085046729
8.61626168224
9.81845794393
10.0106074766
11.6453271028
8.11140186916
6.54710280374
4.09322429907
2.57953271028
2.17845794393
0.183551401869
-0.0983644859813
3.05070093458
5.13971962617
9.30771028037
8.37747663551
6.25313084112
8.86079439252
12.6951401869
8.02420560748
6.51504672897
8.89046728972
9.17682242991
11.0005607477
12.0238785047
12.9974766355
11.9428971963
11.9071962617
5.46738317757
3.65523364486
5.88668224299
11.2417757009
9.75757009346
9.58607476636
11.4225700935
12.5369626168
14.1295327103
12.7294392523
10.3937383178
10.7356542056
5.10752336449
0.68285046729
0.412803738318
1.56004672897
2.53565420561
3.42355140187
2.05242990654
-0.547242990654
2.59004672897
7.38747663551
11.3702336449
3.7564953271
3.00981308411
4.50102803738
7.62121495327
3.80448598131
2.88065420561
3.06420560748
3.66518691589
4.77378504673
6.48191588785
12.2345327103
13.2850934579
15.7635046729
18.2627102804
15.4919158879
14.1427102804
14.5660747664
12.1037850467
12.7861682243
13.5061682243
9.45163551402
11.6071962617
16.2244392523
18.9164953271
19.6640186916
13.3340186916
12.6846728972
10.2103738318
9.80724299065
11.0406074766
8.79869158879
9.95957943925
12.0973364486
14.9679906542
18.5769626168
19.2015420561
21.6478037383
15.023364486
11.1488785047
14.1078037383
15.9822429907
16.2704205607
17.8196728972
16.1191121495
13.416588785
16.4354672897
13.0124299065
12.1335046729
18.2503738318
20.1096261682
11.5103271028
8.80401869159
7.52948598131
7.1358411215
8.97644859813
9.23196261682
10.9288785047
13.3663084112
13.6487850467
14.7280841121
13.9881308411
15.7081775701
19.586588785
9.25943925234
10.4362149533
13.5631308411
15.9107476636
13.2529906542
12.6481775701
15.0926168224
16.8880373832
18.1357943925
20.371588785
21.1678037383
21.5828037383
19.2663084112
16.8668224299
15.1605140187
15.3095794393
13.2850934579
15.7085981308
13.8497196262
10.2398598131
9.93943925234
12.1211214953
13.0887850467
14.521588785
13.6642990654
12.3153738318
10.6469158879
11.3575700935
13.276728972
14.0518691589
16.7995794393
14.3586448598
15.7369626168
17.9478037383
18.4014953271
19.0368224299
20.8037383178
21.409953271
22.0130373832
19.7202803738
17.5613551402
17.3756542056
14.3325233645
14.1654205607
15.5639719626
17.1146261682
18.6375700935
19.2820093458
14.9111682243
10.6785514019
12.5151401869
12.6892990654
11.4256074766
11.1361682243
10.1871495327
10.718271028
12.5851869159
12.1053271028
12.7625233645
12.7177570093
12.0096728972
11.7667757009
11.8262616822
12.7179906542
12.5839252336
12.6397663551
11.198317757
11.9495327103
12.453364486
13.5547196262
15.2443925234
16.391728972
15.1857943925
15.2413551402
15.9045327103
15.3280373832
11.2344392523
9.89761682243
11.3568224299
13.5740654206
12.4754672897
14.831728972
11.4671962617
16.5626168224
16.3681775701
16.8005140187
10.8063551402
10.1219626168
10.9237383178
13.9186448598
9.64285046729
9.22434579439
9.73691588785
9.63985981308
11.1658878505
11.2248598131
8.78929906542
8.78626168224
10.0237850467
14.7411214953
10.6085046729
9.48864485981
11.8610280374
6.57434579439
5.0685046729
3.69009345794
3.46901869159
4.06107476636
3.89705607477
2.63051401869
5.86789719626
10.1138785047
7.14214953271
7.36387850467
3.67752336449
2.31046728972
2.63911214953
0.832336448598
2.85210280374
4.82593457944
3.75275700935
4.68210280374
6.40897196262
5.76855140187
9.12476635514
9.65462616822
10.5142990654
8.91953271028
9.1611682243
3.91920560748
3.71065420561
-0.773364485981
-1.18327102804
-1.83971962617
-1.55700934579
-1.79757009346
1.52028037383
3.28285046729
1.96355140187
-1.88271028037
-2.48813084112
0.0792056074766
5.87163551402
6.70696261682
10.4320093458
8.87
10.0486448598
8.83429906542
0.648224299065
-0.71476635514
1.08313084112
2.48869158879
0.395514018692
1.10897196262
0.202242990654
-0.950560747664
-1.73247663551
-2.57247663551
0.512429906542
-0.845093457944
-0.380654205607
0.279672897196
1.22453271028
-2.00028037383
-3.2061682243
-1.73476635514
-5.64537383178
-10.1014485981
-1.17425233645
-4.37443925234
-9.43023364486
-10.5276168224
-6.87621495327
-10.2174299065
-7.51401869159
-6.62060747664
-1.62439252336
-2.20574766355
-2.31107476636
-1.75130841121
-2.85789719626
-6.99714953271
-3.26612149533
0.96714953271
2.50546728972
4.66308411215
3.5064953271
2.72663551402
5.92574766355
6.4453271028
6.16401869159
-6.65457943925
-10.6107476636
-10.1695794393
-10.616635514
-13.908411215
-7.79373831776
-9.38271028037
-10.8381308411
-11.468317757
-4.55607476636
-2.43929906542
-4.17747663551
-2.57990654206
-1.70827102804
-1.94551401869
-2.48392523364
-1.44271028037
-0.755607476636
-2.03878504673
-2.39556074766
0.0334112149533
0.0295327102804
-2.15294392523
1.24439252336
4.49294392523
0.175607476636
-2.81542056075
-4.00107476636
-3.99929906542
-2.5258411215
-1.04855140187
1.36070093458
2.12154205607
2.04009345794
1.89028037383
3.12714953271
3.8153271028
3.06869158879
2.43023364486
1.00892523364
0.819299065421
-1.44990654206
-0.180934579439
-1.54257009346
-4.91887850467
-3.15345794393
-2.73570093458
-1.82621495327
-4.26644859813
-5.14841121495
-4.50224299065
-3.83892523364
-1.97317757009
1.21186915888
5.03112149533
1.80929906542
5.42602803738
3.18579439252
-0.37046728972
-0.62714953271
0.152897196262
1.56710280374
0.643551401869
3.4346728972
0.531261682243
1.77294392523
-0.0218224299065
2.33705607477
4.64369158879
3.19387850467
1.51275700935
1.76546728972
0.221214953271
0.994485981308
1.94285046729
3.01803738318
2.39074766355
3.26257009346
5.22775700935
7.02939252336
8.55429906542
7.35285046729
5.72205607477
3.06705607477
1.61845794393
7.34514018692
9.27579439252
5.69528037383
6.81677570093
9.47490654206
10.9322897196
8.35556074766
2.58247663551
0.24191588785
0.641869158879
-0.0188785046729
-0.462710280374
-0.00873831775701
1.84439252336
5.25612149533
8.12640186916
5.90135514019
5.1273364486
6.55981308411
6.70490654206
7.60663551402
6.87252336449
6.22696261682
4.57434579439
6.32490654206
6.33341121495
7.2014953271
6.00079439252
3.22373831776
2.85074766355
3.38401869159
2.8741588785
8.4173364486
8.89658878505
6.11261682243
7.68901869159
4.11920560748
7.8488317757
8.9438317757
7.5091588785
6.58471962617
9.79434579439
12.1443925234
13.9169626168
15.84
17.6012616822
14.796728972
14.8393925234
13.5661682243
15.2608878505
14.1698598131
13.0447663551
10.6508878505
9.36051401869
11.9217757009
15.8400934579
18.9259345794
10.945046729
12.1874299065
15.0121028037
18.2657009346
20.7665420561
22.2424766355
22.3828037383
22.8622897196
22.403317757
20.2576168224
19.2256542056
17.7877570093
15.4674766355
16.1986448598
14.5344859813
11.5798598131
9.2061682243
8.69602803738
8.64957943925
9.66864485981
11.2596261682
12.5373831776
11.5369626168
12.5899065421
14.5548598131
17.0835514019
14.4209345794
13.6371028037
17.4560747664
15.1873364486
13.1405140187
12.3023831776
11.4607943925
12.3811682243
14.0868691589
18.4062149533
18.7037383178
12.9964953271
14.0241121495
15.2005140187
15.1723364486
17.6552336449
20.3189719626
20.4986448598
21.1702803738
21.2457943925
21.4724766355
21.7112616822
21.4610747664
20.2760747664
17.7624766355
17.2712616822
16.4925233645
20.3805607477
20.3035046729
17.0555607477
16.5552336449
17.4724299065
16.9445794393
13.4369626168
13.3173831776
14.9630373832
19.0597663551
21.1419158879
20.4678037383
20.346728972
21.559953271
21.4181775701
17.8475233645
17.9275233645
17.4445327103
17.6050934579
17.4461214953
17.2820093458
15.7675233645
16.4521962617
20.3579439252
17.2620560748
14.7369626168
17.6758878505
17.598271028
15.0828971963
17.1569626168
14.0244859813
11.0623364486
11.6431775701
12.9232242991
14.1278971963
13.4471495327
13.7175700935
17.2325233645
13.5080373832
13.921728972
13.6521028037
14.7612616822
13.5795794393
12.3744859813
11.0987383178
12.0620093458
15.8270560748
19.7456542056
17.2311682243
14.256635514
14.3307009346
15.0917757009
16.6206542056
17.7573364486
17.3344392523
16.5359813084
16.6935046729
18.2008878505
18.8789252336
18.6503271028
17.618364486
17.0071962617
17.6990186916
17.5455607477
10.2371028037
8.62130841121
11.2985514019
13.9478504673
14.3920560748
11.4562149533
12.5824766355
13.2171028037
12.8007476636
11.6403271028
13.275046729
11.9637850467
9.36621495327
9.27158878505
10.0625233645
6.89135514019
8.22238317757
8.00238317757
8.06588785047
8.45434579439
8.00056074766
8.78200934579
8.30247663551
7.17046728972
5.45901869159
7.17827102804
9.11200934579
8.57345794393
8.46490654206
8.97420560748
8.65504672897
10.496588785
6.4561682243
4.13252336449
6.46219626168
9.52457943925
9.37429906542
6.37098130841
7.14691588785
5.78060747664
8.69079439252
8.93598130841
8.91364485981
7.27887850467
4.48906542056
0.630607476636
2.83621495327
8.95728971963
10.4660280374
8.48462616822
7.63901869159
6.52313084112
4.79056074766
1.74570093458
0.563411214953
0.198691588785
1.84817757009
6.82705607477
5.57892523364
4.66836448598
4.13
6.4661682243
9.03214953271
6.44612149533
5.16775700935
4.2626635514
3.51696261682
1.42224299065
0.611495327103
-0.844065420561
-0.70691588785
0.537102803738
0.357757009346
-0.326261682243
0.494579439252
1.9014953271
3.37439252336
6.94635514019
5.02378504673
5.1023364486
1.39864485981
-0.217943925234
-0.234579439252
-2.36172897196
3.66528037383
3.81359813084
0.0173831775701
-0.982897196262
-1.52878504673
2.66355140187
1.8046728972
0.97
-1.20014018692
-2.8961682243
-0.469018691589
1.1558411215
3.89747663551
0.929252336449
0.183037383178
-0.434158878505
-1.83275700935
-2.85546728972
-1.01448598131
3.90355140187
5.69135514019
7.5303271028
7.87172897196
2.80387850467
1.31799065421
1.7085046729
4.27065420561
5.26219626168
0.697102803738
1.17317757009
-0.928691588785
1.85630841121
3.99378504673
4.52140186916
1.07602803738
-1.19887850467
-1.16981308411
0.95714953271
1.66761682243
-0.328971962617
-0.94953271028
0.348457943925
4.88359813084
7.46462616822
6.13242990654
5.13728971963
1.00182242991
-0.299205607477
3.33523364486
-0.731261682243
-1.86901869159
-2.8564953271
-2.05560747664
-0.598504672897
-1.52247663551
-4.90570093458
-3.8661682243
-5.38654205607
-4.94051401869
-4.18621495327
-6.1388317757
-6.93373831776
-6.485
-7.74397196262
-5.11570093458
-4.41771028037
-3.29112149533
-1.52939252336
-6.43892523364
-8.06985981308
-5.37247663551
-2.9961682243
0.361214953271
4.14574766355
3.70953271028
1.72677570093
-0.0388785046729
0.606355140187
-0.148644859813
1.21023364486
2.79551401869
4.30186915888
5.48579439252
3.72163551402
4.73808411215
3.3264953271
1.89855140187
-0.27785046729
2.2623364486
6.7635046729
6.49051401869
3.96504672897
5.71186915888
8.23261682243
7.79686915888
7.08803738318
6.56943925234
0.775186915888
3.72803738318
4.51261682243
1.25028037383
-0.629392523364
0.631028037383
-1.25663551402
0.581682242991
2.44462616822
4.48808411215
6.24
2.96448598131
2.00182242991
1.80817757009
2.28593457944
2.7396728972
2.45640186916
5.20696261682
4.6758411215
8.00780373832
7.89855140187
2.71387850467
1.55845794393
2.64593457944
4.89490654206
8.35182242991
12.4638317757
13.7052803738
10.4347663551
10.0482242991
13.5841121495
8.26789719626
11.4102803738
7.91102803738
11.6074766355
12.8909345794
9.12060747664
9.95612149533
8.82224299065
11.135046729
9.75985981308
7.18789719626
6.53177570093
6.46121495327
8.25551401869
10.8225700935
10.2956542056
8.95542056075
8.52579439252
6.62154205607
7.9426635514
9.30565420561
7.97668224299
11.6218224299
13.2164485981
13.5671028037
12.5095327103
10.3162616822
8.44242990654
13.8153738318
12.790046729
8.98873831776
8.09112149533
7.98257009346
8.23640186916
8.24845794393
6.47878504673
7.31140186916
8.00542056075
9.2911682243
14.723411215
17.4731775701
13.995046729
15.4863084112
19.0647196262
14.7879439252
11.1099065421
14.0558878505
18.1585981308
17.1024299065
14.6263551402
14.8787383178
17.553364486
15.9680373832
13.4814485981
9.77710280374
8.58841121495
8.1088317757
11.5978971963
15.6627570093
17.5249065421
18.2754205607
19.9281775701
19.7718224299
20.2510747664
18.4755607477
17.8828971963
13.7371495327
11.2798130841
12.4615420561
14.5508411215
12.1753271028
14.5359813084
17.7184579439
18.7123364486
20.2424299065
20.5839252336
20.1045794393
21.0567757009
21.8205607477
22.623411215
23.458411215
22.3909345794
17.818317757
14.5170560748
19.213317757
20.3714018692
23.0027102804
19.2070560748
16.5768224299
12.5864953271
12.5462149533
18.7689252336
21.6563551402
18.1003271028
20.5107009346
24.8329906542
24.0521962617
19.799953271
17.7825233645
19.6061682243
24.1761214953
20.0603738318
14.5600934579
12.415
11.4745327103
11.5214953271
12.5285046729
15.1125233645
18.5086448598
19.2472897196
18.351588785
17.7726168224
17.8411214953
12.260046729
11.7791588785
16.4113084112
17.5708411215
17.6909813084
19.4013084112
21.2394392523
21.7536915888
20.2915420561
18.6107943925
19.1250934579
19.9381308411
20.196588785
19.5027102804
19.0804205607
16.0254672897
15.8808411215
16.7210747664
18.4480841121
17.6648130841
16.8223831776
12.5957476636
13.2786915888
14.593271028
11.7801869159
8.86658878505
11.7163551402
14.1913084112
12.9411682243
10.9792523364
9.40911214953
9.14985981308
12.2720560748
14.601588785
10.8307476636
10.2442523364
12.1971962617
13.7851869159
10.223411215
11.6604672897
10.6544392523
10.9526168224
16.3385046729
9.54985981308
10.6576635514
15.3477102804
15.8187850467
14.5647196262
10.6426635514
8.67710280374
11.713364486
15.4625700935
17.0765420561
14.4005607477
10.7178971963
10.2108411215
9.00485981308
8.61023364486
10.7378037383
7.18677570093
7.26154205607
10.6941588785
10.1176635514
9.77313084112
7.57280373832
6.02434579439
7.38995327103
8.46191588785
5.30934579439
3.66957943925
2.22247663551
3.22387850467
4.49004672897
3.99822429907
6.33228971963
7.92210280374
5.12490654206
2.00088785047
1.58289719626
4.27485981308
5.77023364486
7.56009345794
5.23247663551
7.86831775701
8.2173364486
6.91570093458
6.09771028037
7.06682242991
7.11934579439
5.70485981308
1.97644859813
-1.00130841121
-3.11051401869
-5.68570093458
-4.73953271028
-0.980420560748
0.610327102804
-0.947710280374
0.825373831776
-0.729719626168
-0.826962616822
-2.4641588785
-2.56439252336
-2.4741588785
5.54686915888
10.0771495327
8.06205607477
4.38359813084
2.88565420561
-2.0546728972
-4.9914953271
-6.16093457944
-4.26098130841
-2.30901869159
-1.45710280374
-1.31696261682
-3.37471962617
-2.05210280374
-0.0980841121495
-1.97168224299
-5.87196261682
-7.87205607477
-6.05990654206
-5.58186915888
-6.56252336449
-6.94757009346
-1.39878504673
0.922523364486
2.40481308411
3.21130841121
3.04481308411
3.30822429907
5.84621495327
7.62098130841
8.28420560748
3.91294392523
2.44154205607
5.57920560748
4.81981308411
2.55897196262
1.42327102804
1.36144859813
2.72102803738
2.08621495327
-0.123738317757
-1.26443925234
0.335934579439
0.40023364486
-0.503598130841
-1.82836448598
-2.20873831776
0.0795327102804
1.05028037383
1.69
3.34939252336
-0.640747663551
0.861682242991
1.80331775701
-1.30065420561
-1.76574766355
-2.80892523364
-5.34691588785
-5.30345794393
-0.62023364486
-0.730373831776
-3.88102803738
-4.34574766355
-0.411355140187
0.761074766355
1.33420560748
1.58714953271
0.399252336449
0.410327102804
2.53672897196
1.48995327103
2.38808411215
2.64598130841
1.85948598131
0.670560747664
-0.299439252336
-1.02817757009
-1.45588785047
0.79476635514
-3.04439252336
-3.45911214953
-2.41462616822
-3.80070093458
-6.1785046729
-5.99004672897
-6.80191588785
-4.90593457944
-3.37177570093
0.0285046728972
-0.96476635514
-1.01443925234
-1.33710280374
-2.15107476636
0.85808411215
-0.061261682243
-1.02682242991
-0.310887850467
-0.881775700935
-1.20004672897
-1.11401869159
-1.99785046729
-0.429719626168
3.25780373832
1.60981308411
-1.22
-3.40228971963
-3.59037383178
-1.93406542056
-1.3285046729
0.119158878505
1.08
2.30789719626
0.440934579439
0.774299065421
-0.371074766355
-1.39514018692
-1.23490654206
1.25102803738
1.61014018692
2.33990654206
4.02710280374
2.94948598131
3.65724299065
4.4864953271
6.92107476636
3.74126168224
1.37785046729
1.38663551402
0.436869158879
-1.5514953271
-1.09780373832
-0.216542056075
0.934018691589
1.20514018692
2.59200934579
3.4746728972
2.68065420561
3.63429906542
5.51789719626
2.81042056075
4.92261682243
8.49051401869
11.7981775701
3.3861682243
2.72102803738
4.16219626168
5.81074766355
9.21626168224
11.7614953271
14.1778504673
10.9998130841
10.1373831776
9.98565420561
10.7610280374
5.5691588785
2.99574766355
5.58341121495
6.29537383178
5.72565420561
10.2913084112
9.83724299065
12.6632242991
13.900046729
12.363317757
4.08004672897
3.86373831776
5.01509345794
5.3753271028
5.84018691589
4.20299065421
6.16976635514
7.91537383178
9.48369158879
12.108271028
10.6403738318
12.7252803738
13.7552803738
12.6954205607
9.41397196262
8.80299065421
10.1553738318
7.75948598131
9.83771028037
10.9897196262
9.7111682243
7.19056074766
8.22878504673
7.27859813084
9.87065420561
13.0446728972
13.6988785047
18.5776635514
10.0378971963
12.0191588785
8.70051401869
9.94710280374
11.1822897196
9.24560747664
12.7522897196
10.4942056075
12.4396728972
15.1612616822
12.6404672897
9.77093457944
10.0509813084
11.7757009346
14.8544392523
16.7658878505
20.2800934579
17.3170560748
14.993317757
10.5142523364
8.85626168224
9.60911214953
9.84546728972
15.1619158879
10.6655607477
8.45369158879
9.05453271028
12.0189252336
11.4264953271
8.60224299065
9.4688317757
9.90696261682
10.8888317757
14.4447663551
16.7669626168
21.4142056075
23.768364486
24.4062149533
16.63
14.4051869159
13.6319626168
12.366728972
11.1771028037
10.5511214953
11.5652803738
12.2919158879
12.0014018692
12.3922897196
13.0539719626
12.8921962617
14.8686448598
15.7042056075
12.6843925234
12.8847196262
13.3428971963
17.7261214953
20.9443925234
22.3709345794
14.3832242991
16.8689252336
20.2974299065
16.920046729
15.205
12.8801869159
14.3710280374
15.5387850467
14.7230841121
14.3480841121
13.4684579439
14.5644859813
14.8343925234
15.7418691589
14.7175700935
14.6625233645
15.0273831776
15.2029439252
16.7546728972
17.1654205607
17.718271028
17.8718224299
18.4762616822
18.2280373832
16.1407009346
15.4703738318
15.6925700935
15.7880841121
15.8967757009
15.818317757
16.3559345794
16.9882242991
16.0196261682
17.318411215
14.9778971963
8.79336448598
7.85018691589
7.26439252336
8.28985981308
9.74710280374
9.28018691589
9.46397196262
10.9280841121
12.1557476636
13.9187383178
13.213317757
11.5196728972
10.7645327103
11.4907476636
11.0427570093
11.4248130841
10.5071028037
7.93429906542
7.49392523364
6.74710280374
7.46023364486
7.69560747664
8.50710280374
9.30317757009
12.1529439252
12.8501869159
13.7673364486
8.78275700935
8.90182242991
8.73757009346
9.79060747664
8.66971962617
7.70873831776
9.16490654206
12.5205607477
12.5269158879
11.3288785047
9.43485981308
8.68336448598
9.29163551402
9.67196261682
7.58929906542
8.82738317757
12.0145327103
12.1369158879
8.14457943925
5.7291588785
7.26313084112
10.2181308411
8.06341121495
11.7539252336
7.2896728972
4.74831775701
4.67981308411
8.48738317757
8.9091588785
6.19378504673
7.42677570093
4.61920560748
4.72780373832
4.29009345794
4.97892523364
5.38322429907
5.89004672897
8.02757009346
6.2026635514
7.19929906542
7.54453271028
4.7764953271
3.93738317757
1.13700934579
-0.0189252336449
0.104813084112
1.25943925234
2.98897196262
1.16257009346
2.33186915888
4.0896728972
8.44995327103
9.11495327103
7.00976635514
7.12911214953
4.2408411215
2.04892523364
3.19775700935
4.35228971963
1.88112149533
0.473317757009
-1.04098130841
0.973551401869
0.805607476636
0.81308411215
2.08238317757
1.40990654206
2.9338317757
2.52953271028
2.57
3.34901869159
2.40462616822
0.23738317757
0.569158878505
1.04892523364
1.2326635514
1.74654205607
1.39299065421
0.102570093458
3.70635514019
2.36714953271
-0.162102803738
0.846308411215
-0.372056074766
-0.760747663551
-0.753738317757
-0.828504672897
-3.01897196262
-3.37855140187
-3.63042056075
-5.4961682243
-1.77845794393
-6.88028037383
-7.43313084112
-11.6324299065
-11.1021495327
-13.0831775701
-13.6978037383
-13.5432242991
-11.4324766355
-10.5054205607
-11.4592523364
-9.35028037383
-12.7718224299
-13.3545327103
-9.61299065421
-7.66014018692
-8.57565420561
-8.81985981308
-6.27224299065
-4.31
1.13214953271
4.61869158879
-0.568457943925
-2.12443925234
-0.768785046729
2.18873831776
-4.635
-4.57925233645
0.375280373832
2.45210280374
3.14331775701
6.11238317757
4.91565420561
-1.46957943925
-1.68943925234
-0.47261682243
-0.0595794392523
-4.14257009346
-5.77163551402
-8.13425233645
-11.3695794393
-13.3471495327
-13.1260280374
-11.0538785047
-9.33845794393
-10.5968224299
-6.48962616822
-7.09327102804
-10.7155607477
-11.0231775701
-7.78004672897
-2.75719626168
-3.71177570093
-2.47920560748
2.11495327103
3.45191588785
2.74476635514
2.97957943925
1.97163551402
2.53602803738
2.79518691589
3.10943925234
3.99560747664
4.29504672897
3.0911682243
2.3964953271
3.07929906542
1.05752336449
-0.86785046729
-0.44546728972
0.314439252336
0.931495327103
-1.12878504673
-1.26985981308
-0.340093457944
-1.44654205607
-3.36299065421
-1.53771028037
-0.549112149533
1.18322429907
3.65074766355
2.76056074766
2.44971962617
5.14392523364
5.3773364486
2.52453271028
-0.00677570093458
1.77238317757
7.02757009346
6.89294392523
8.46911214953
9.38023364486
10.4485514019
13.9751401869
13.6655607477
8.94355140187
8.15598130841
8.0896728972
6.58672897196
5.96640186916
5.37528037383
3.34677570093
3.95705607477
3.84742990654
3.82355140187
4.16757009346
6.02088785047
7.9914953271
9.87859813084
9.77345794393
12.3559813084
11.216682243
3.14168224299
2.63920560748
0.957056074766
0.348925233645
0.727663551402
1.01196261682
1.90341121495
4.57392523364
5.74331775701
3.03588785047
2.74943925234
5.14789719626
8.19079439252
12.1751869159
15.4614485981
10.2876635514
10.1859813084
10.1228037383
12.119953271
14.1428037383
17.336728972
13.2221028037
10.9278037383
15.1051401869
13.7112149533
15.1679906542
15.2461214953
14.8647663551
12.5524299065
9.40481308411
9.42593457944
11.7355607477
16.3126168224
19.3276168224
19.4660280374
14.9201401869
10.9888317757
13.1547196262
15.3695327103
15.3802803738
15.8973364486
17.2953271028
18.3411682243
17.5268224299
16.5002803738
14.0978504673
7.07635514019
8.2196728972
7.66836448598
8.71051401869
8.98317757009
8.24387850467
10.0310280374
8.34065420561
8.74018691589
8.16672897196
10.8509813084
14.151588785
10.3062616822
12.1377102804
12.8113084112
11.3798130841
12.5035046729
10.2958411215
10.0242523364
10.2627102804
10.5071495327
12.0318691589
14.3658878505
13.6921962617
13.3372897196
16.2014953271
18.4287383178
19.3900934579
16.6396261682
13.0291588785
11.6019158879
11.8896728972
12.6549065421
13.8526168224
15.7117757009
18.6337850467
22.3071962617
16.9474299065
16.926728972
16.0392990654
19.0361682243
15.7910747664
14.4790654206
11.1343457944
13.9879906542
14.0629439252
16.5434579439
19.363271028
18.5589719626
15.5769158879
17.8377102804
15.603317757
15.0486448598
13.113364486
13.7012149533
14.1635514019
14.1897663551
12.7307943925
14.7736915888
11.2086448598
10.5850934579
12.7314018692
16.5572897196
13.6297196262
15.266728972
15.4277570093
18.9852336449
22.6394392523
18.8465420561
16.2207943925
12.0479439252
11.3855607477
14.921728972
13.5656542056
15.2196728972
16.799953271
13.7299065421
16.2789252336
11.9924766355
11.9663551402
11.2785046729
12.8213084112
14.7594392523
15.7862616822
17.7995327103
14.4526168224
12.1912149533
12.0844392523
11.4359345794
11.9917757009
7.54630841121
8.2408411215
8.5811682243
8.02939252336
10.0822897196
12.8652336449
12.9485514019
14.6971962617
12.2688317757
9.59728971963
9.60887850467
13.5203738318
14.644953271
17.341588785
15.6668224299
17.8405140187
16.8602803738
15.1924299065
12.6706074766
12.0203738318
11.1563551402
12.3692523364
11.9824766355
11.0736915888
12.071635514
14.1240654206
14.9042990654
17.9405140187
17.6506074766
14.066728972
11.7573364486
12.2037850467
8.3873364486
8.54546728972
10.1044859813
12.486635514
7.42864485981
6.06191588785
9.40060747664
8.90322429907
7.71742990654
8.66897196262
7.69214953271
5.62897196262
4.95785046729
5.10219626168
4.07257009346
4.98976635514
3.99509345794
4.63827102804
4.00401869159
2.71112149533
1.10102803738
2.51817757009
-0.753130841121
0.600794392523
2.80971962617
1.71869158879
-0.136168224299
2.58785046729
8.07714953271
1.44299065421
4.42107476636
6.46943925234
11.1244859813
4.18635514019
-0.681028037383
-1.80495327103
-1.4964953271
-1.10976635514
-2.41205607477
-3.1614953271
-3.94224299065
-5.6103271028
-6.04373831776
-5.24196261682
-4.57280373832
-4.66228971963
-5.01995327103
-2.5753271028
-3.99560747664
-5.79598130841
-3.66331775701
-2.67943925234
-4.35172897196
-0.379345794393
2.95401869159
5.25761682243
7.80827102804
8.86285046729
9.03214953271
4.47373831776
6.20308411215
5.39855140187
5.62551401869
2.0111682243
0.331775700935
-1.54728971963
-1.59570093458
1.29219626168
6.03677570093
6.82275700935
5.39710280374
4.06565420561
2.24429906542
3.65728971963
2.24822429907
3.29906542056
2.08336448598
2.37289719626
5.17663551402
5.07443925234
0.435747663551
-3.15514018692
-5.11546728972
-6.73640186916
-9.5503271028
-7.50663551402
0.242336448598
2.15514018692
-3.27598130841
-1.94658878505
-0.208644859813
-3.93182242991
-4.83317757009
-6.18313084112
-3.33341121495
1.56560747664
0.751074766355
3.40892523364
1.92901869159
0.251635514019
-0.950794392523
-4.65943925234
0.0582242990654
6.26873831776
1.92658878505
2.38070093458
2.49948598131
3.46985981308
-0.380140186916
-1.35836448598
-4.6726635514
-5.21696261682
-3.36485981308
-3.05042056075
-1.02813084112
-0.265981308411
1.66855140187
-0.945140186916
-2.95392523364
-5.44677570093
-6.35369158879
-7.59794392523
-10.3618691589
-12.1272897196
-14.6996261682
-5.44911214953
-6.04462616822
-7.56135514019
-7.89761682243
-6.36789719626
-5.49070093458
-4.84107476636
-6.88448598131
-7.37369158879
-8.62261682243
-9.68313084112
-12.0546728972
-11.4243457944
-10.9171962617
-11.0492523364
-10.1984579439
-11.0054672897
-9.4603271028
-6.75579439252
-4.07822429907
-5.01738317757
-2.98742990654
-2.68112149533
2.42504672897
3.36696261682
0.530280373832
0.611682242991
-0.682196261682
0.277289719626
1.37303738318
0.811028037383
1.16014018692
1.90906542056
4.05196261682
4.14429906542
4.94579439252
4.78686915888
3.98471962617
4.13757009346
1.42327102804
3.26121495327
2.2864953271
2.62397196262
1.76957943925
1.92285046729
6.38691588785
6.28313084112
3.58686915888
1.70537383178
4.89107476636
3.8914953271
3.75392523364
2.56794392523
0.299158878505
0.161775700935
2.14359813084
7.25985981308
6.86677570093
3.39621495327
-1.74313084112
-4.99014018692
-4.41448598131
-1.77485981308
1.86322429907
7.82672897196
6.72719626168
5.2891588785
4.28327102804
2.7903271028
3.80775700935
7.32827102804
5.05630841121
7.0658411215
8.19939252336
9.59018691589
9.59037383178
9.86490654206
11.5137383178
13.7255140187
9.05186915888
12.5193457944
15.8278504673
17.8503738318
13.9663084112
15.9428037383
15.0280373832
11.1392056075
8.7208411215
9.89308411215
11.2296728972
12.0687850467
12.8593925234
14.3973831776
11.1707476636
8.53364485981
10.3592990654
14.486635514
16.6300934579
15.3003738318
16.8814018692
16.4947196262
13.4263084112
16.8778037383
10.3259813084
12.8163084112
16.9787850467
17.0021028037
9.49696261682
7.84742990654
7.08345794393
8.44836448598
9.65154205607
8.47079439252
11.6003738318
6.87448598131
6.98990654206
6.49355140187
6.73271028037
9.24457943925
13.8223831776
16.5687383178
9.57560747664
11.288411215
12.8821495327
16.7728504673
19.886728972
22.0148130841
20.7151869159
17.4141588785
19.1463551402
20.6926168224
17.4421495327
17.8189252336
18.5813551402
15.1085981308
17.266728972
18.9208878505
20.5595794393
20.4744859813
17.9096728972
17.9722429907
19.7371962617
21.5021028037
22.0314018692
19.7907009346
19.998364486
15.3541121495
12.2952336449
11.5512616822
11.6079439252
11.2963551402
11.3848598131
11.2315420561
11.038411215
12.9535046729
16.1496728972
19.0739252336
20.166588785
13.2400934579
12.8202803738
13.8241121495
15.6927102804
17.6078971963
14.8112149533
10.5299065421
11.961728972
15.2942990654
16.8593925234
19.4080841121
20.0946261682
17.1311214953
20.0942523364
16.2458411215
20.8614485981
24.6398598131
20.9958411215
15.4929906542
17.4177102804
18.7350934579
14.8379439252
17.0191588785
19.1297196262
19.5321495327
16.5614485981
16.9363084112
17.533271028
18.2698598131
17.1007009346
16.2225233645
13.4843457944
12.2037850467
9.88565420561
11.6448598131
13.8197663551
11.4087850467
10.146635514
10.941728972
13.8096728972
10.7697196262
10.3308411215
9.18658878505
9.16425233645
9.51242990654
9.08602803738
11.5894859813
10.3582242991
8.44878504673
9.87172897196
11.8238785047
10.1408411215
9.5711682243
7.94
7.77560747664
9.50813084112
9.73308411215
10.6405607477
15.7061214953
14.5362616822
7.69102803738
7.62490654206
6.28602803738
7.25135514019
9.5908411215
10.5951869159
11.2653271028
11.7412149533
10.5253271028
7.2161682243
8.68640186916
9.53570093458
10.3155140187
12.326682243
12.1805140187
12.7593925234
12.4870560748
10.2456542056
8.99752336449
11.3288317757
12.6117757009
11.4878971963
11.09
9.99056074766
9.34976635514
10.4697663551
10.3506074766
10.4637850467
14.0959345794
12.1617757009
12.9537383178
10.4792056075
8.34028037383
6.85070093458
6.96158878505
5.83210280374
10.438317757
3.60663551402
3.42607476636
6.07359813084
5.52677570093
3.44369158879
5.95425233645
4.75056074766
2.55219626168
5.15668224299
8.97607476636
2.93602803738
2.52990654206
3.22696261682
3.89392523364
4.66700934579
2.40920560748
3.38929906542
1.6508411215
6.01747663551
7.63373831776
7.28448598131
6.21252336449
6.24355140187
8.00752336449
9.72925233645
9.03457943925
6.0776635514
7.14691588785
4.40570093458
2.49448598131
5.32406542056
3.08775700935
4.74163551402
7.86420560748
6.51121495327
2.42397196262
0.0665420560748
-0.810186915888
-1.29981308411
-1.18742990654
2.58728971963
3.69672897196
3.73471962617
4.42817757009
3.91803738318
3.65537383178
5.65275700935
3.82789719626
2.31827102804
0.442196261682
-1.12911214953
-0.530560747664
1.61640186916
0.338878504673
1.3535046729
1.58607476636
3.9823364486
0.184906542056
-0.415700934579
-0.646308411215
-5.21663551402
-4.88747663551
-6.03
-6.44369158879
-1.80542056075
-0.450560747664
1.23205607477
5.47598130841
5.35200934579
4.74392523364
4.69677570093
0.435327102804
-5.14065420561
-3.36420560748
0.37476635514
-1.36691588785
-7.58887850467
-7.41990654206
-4.49836448598
-10.6824299065
-16.3497663551
-14.8978971963
-15.9812149533
-15.0520093458
-14.6258411215
-11.638364486
-8.44252336449
-8.92612149533
-5.52331775701
-7.10714953271
-6.26275700935
-3.31271028037
-0.602476635514
-0.0978971962617
-0.949392523364
-2.1223364486
-6.85897196262
-3.53808411215
-9.61429906542
-14.8520093458
-10.8691121495
-8.6585046729
-8.03710280374
-4.83443925234
-0.165560747664
0.972757009346
1.42205607477
0.526775700935
1.50158878505
4.46621495327
2.52817757009
1.39476635514
1.98635514019
0.276495327103
-0.0525700934579
-0.697102803738
-2.57546728972
-3.15957943925
-3.85303738318
-4.08878504673
-3.04663551402
-2.89
-0.923878504673
-4.53579439252
-6.88485981308
-5.60411214953
-1.93299065421
3.08705607477
4.87542056075
2.7114953271
-2.19303738318
-11.6570560748
-10.0659813084
-7.83799065421
-7.57724299065
-9.23799065421
-6.89911214953
-5.89799065421
-4.44677570093
-4.63107476636
-5.53205607477
-4.51509345794
-4.18719626168
-2.41803738318
-2.2853271028
-1.22845794393
0.412336448598
-1.04556074766
-1.74971962617
-0.990046728972
-0.689392523364
2.43598130841
5.76728971963
6.71981308411
4.81803738318
6.93593457944
3.95551401869
1.24023364486
0.236168224299
1.69299065421
1.26028037383
1.96280373832
6.81275700935
6.78443925234
6.57794392523
6.47205607477
11.2211682243
9.18813084112
8.57658878505
5.63121495327
4.26700934579
1.59476635514
3.03700934579
6.02065420561
7.37855140187
7.1908411215
9.65892523364
11.1318224299
12.7319158879
8.71845794393
6.23308411215
7.40929906542
9.39070093458
12.2035046729
14.6261214953
11.9725700935
8.74313084112
11.4208411215
14.889953271
14.8911214953
12.2045794393
12.1073831776
6.03700934579
4.31593457944
6.35761682243
5.52546728972
6.66719626168
8.10420560748
11.9174766355
8.41864485981
7.58457943925
6.86345794393
3.7614953271
5.40747663551
6.81742990654
5.13841121495
6.53168224299
9.1703271028
11.2481775701
5.59925233645
4.2453271028
5.9303271028
8.14373831776
11.2887850467
12.9824766355
14.1560747664
11.701728972
9.36079439252
7.57224299065
9.27934579439
10.8825700935
12.1875233645
11.0543457944
11.916588785
10.825
11.21
13.2387850467
13.8736915888
10.019953271
10.1471495327
11.5419626168
12.8592056075
12.040046729
12.2141588785
12.323271028
9.95775700935
7.92976635514
7.57948598131
8.13892523364
10.731682243
12.0739719626
11.0948130841
12.6623831776
12.7922429907
11.1007476636
11.3651401869
13.2241588785
16.1135046729
17.8617757009
21.4207009346
22.8162616822
19.1291588785
16.4075700935
18.3271495327
17.1727102804
16.7345794393
18.6042523364
20.7885514019
15.8342990654
13.5138785047
13.9943925234
19.3562149533
16.4225233645
13.85
17.4556074766
20.066728972
20.5904672897
17.1089252336
14.0285514019
15.2524766355
13.9371962617
13.9119158879
15.3801869159
14.8621495327
14.7129439252
11.6244392523
9.35490654206
10.7807009346
10.8924299065
13.2723831776
13.8554672897
13.1646728972
12.9873364486
11.3977102804
12.3603738318
10.4025233645
9.19102803738
8.95724299065
11.856682243
13.4695327103
12.505046729
11.7402336449
12.7462149533
14.7485514019
15.7531308411
16.6443457944
13.7954672897
14.4826168224
20.0064953271
16.9195327103
16.4080841121
17.1838317757
18.7419626168
19.7146261682
17.7484579439
19.1207476636
14.1112616822
12.4384579439
13.1005607477
12.8698130841
14.0546728972
14.3289719626
12.3723831776
17.3355607477
16.5724299065
17.0157009346
18.3094392523
15.2315420561
12.4397196262
13.0378504673
11.0869158879
12.3415420561
13.7010280374
12.3957943925
17.0745327103
17.2145794393
14.516728972
11.1164485981
14.0241121495
17.995046729
17.1053738318
14.6718691589
16.6545327103
18.8240186916
17.951588785
15.3259813084
10.5004205607
8.9311682243
8.52528037383
6.5841588785
5.14574766355
4.75308411215
6.02948598131
6.96971962617
6.67719626168
6.33186915888
8.29331775701
13.1729439252
13.013411215
9.61630841121
8.00808411215
7.25789719626
12.5027102804
10.7504672897
5.34037383178
7.54056074766
8.32448598131
12.4053738318
12.0206542056
8.11901869159
7.66168224299
7.35079439252
6.82514018692
8.06163551402
7.59172897196
6.38065420561
6.52285046729
4.26976635514
5.20953271028
8.06443925234
7.44331775701
6.8735046729
6.30588785047
6.85392523364
8.11761682243
7.52607476636
5.50144859813
2.90668224299
3.37691588785
4.01242990654
2.79808411215
1.13808411215
3.64252336449
3.99836448598
5.91490654206
5.08420560748
5.29429906542
2.76621495327
3.16607476636
7.21443925234
5.91345794393
6.69098130841
5.92392523364
3.5091588785
3.34172897196
2.81341121495
2.37046728972
0.127009345794
0.155186915888
0.53761682243
0.368130841121
0.586495327103
0.242336448598
-1.01088785047
-0.496682242991
-1.24037383178
-1.68504672897
-2.7603271028
1.3988317757
-1.90757009346
-4.32542056075
-8.22873831776
-9.37373831776
-4.18612149533
-0.472429906542
-0.761869158879
-4.18023364486
-5.06056074766
-1.47355140187
2.85060747664
7.50574766355
10.5545794393
4.92836448598
6.14962616822
5.98135514019
3.72359813084
0.536682242991
-0.494065420561
0.12976635514
2.91275700935
5.03808411215
6.59546728972
5.98042056075
6.21682242991
5.97126168224
4.69462616822
6.92453271028
4.49341121495
4.98028037383
8.10542056075
5.80294392523
2.18299065421
1.69411214953
0.405186915888
2.04934579439
1.00995327103
-0.884859813084
-0.932990654206
0.237803738318
1.63200934579
2.24387850467
2.13714953271
0.936822429907
1.36948598131
0.156168224299
1.06663551402
0.467336448598
-0.55523364486
2.8453271028
5.51359813084
4.70448598131
1.7308411215
4.60158878505
5.12644859813
2.44074766355
1.4946728972
2.44037383178
3.66612149533
3.67757009346
4.79855140187
3.70794392523
3.16705607477
0.720560747664
-0.207570093458
1.27537383178
0.482757009346
0.310186915888
-0.00219626168224
-1.20228971963
-1.02761682243
-0.020046728972
1.01579439252
0.677757009346
1.28948598131
1.13378504673
-0.570887850467
-0.0521495327103
2.35682242991
0.853457943925
-1.84070093458
-2.11130841121
-1.95658878505
-1.55696261682
-1.98135514019
-1.26004672897
-2.97219626168
-2.25485981308
-0.677009345794
-0.741074766355
-1.61827102804
-1.06247663551
-0.593831775701
-3.02537383178
-3.17317757009
-0.133317757009
1.15953271028
0.0371495327103
-0.259345794393
-1.63943925234
3.36509345794
3.60841121495
0.0952336448598
-1.31565420561
1.57859813084
5.80144859813
6.35004672897
5.0661682243
4.50289719626
3.98140186916
3.12341121495
2.52102803738
2.49644859813
3.34859813084
4.48285046729
7.155
4.01607476636
2.45682242991
3.37042056075
5.42929906542
4.87364485981
4.92719626168
7.91341121495
10.1237850467
6.61878504673
-0.105794392523
1.70018691589
5.4158411215
8.89490654206
3.07658878505
4.15093457944
6.74476635514
11.3098598131
10.1347196262
12.6765420561
14.6978504673
9.69378504673
10.0157009346
7.2561682243
0.74691588785
1.96672897196
4.74560747664
5.18878504673
8.91429906542
4.47588785047
9.09785046729
11.7285981308
12.9375233645
9.99130841121
9.91630841121
9.79471962617
11.8201401869
12.5644859813
14.8364953271
13.7086448598
15.0389252336
14.2214018692
12.416682243
15.9989252336
16.6657943925
17.3579439252
16.7041121495
16.2503738318
14.9306542056
9.30869158879
11.0688785047
6.33523364486
6.65485981308
8.25957943925
11.3727570093
14.488317757
17.9421962617
19.1013551402
17.4318691589
14.5154672897
12.1542056075
12.3664018692
9.96757009346
10.2941121495
11.2729906542
14.4057009346
12.521728972
10.5411214953
8.88971962617
10.8302803738
11.8474299065
13.8475233645
15.1772429907
13.6860747664
11.8585514019
15.3878037383
17.0981775701
16.3917757009
15.3057943925
15.8321495327
17.2740654206
12.2164485981
11.471682243
13.5963084112
12.2826168224
10.9582242991
12.5452803738
13.4928504673
15.7506542056
15.6561214953
16.8128504673
17.2969626168
18.7076635514
15.9785514019
12.9306542056
14.2543925234
16.9567757009
17.5580841121
16.5407009346
16.146682243
15.4965420561
13.8727102804
16.3564018692
19.0809813084
15.7679906542
15.0710280374
12.4279439252
12.2108878505
10.7721962617
12.7080373832
11.9219158879
13.9728971963
17.2908411215
17.2288317757
20.2671962617
23.239953271
15.8938317757
16.3874299065
18.5026168224
14.3227102804
15.8540186916
13.8071028037
13.2578971963
14.8728504673
18.5824766355
14.829953271
11.3219158879
13.6930841121
14.9725233645
17.1293925234
19.9707943925
20.9384579439
19.4346261682
20.7127570093
19.0463084112
19.271682243
17.1770093458
19.9792056075
19.4753738318
15.8235046729
15.5831308411
18.3764953271
17.77
14.3794392523
12.3602803738
12.6310747664
12.2262149533
13.255
11.6635981308
11.6738317757
14.8668691589
19.9573831776
15.5524299065
12.4877102804
15.0537383178
15.8911682243
12.3814018692
10.674953271
12.6
14.0093925234
12.6458411215
12.2063551402
13.2291121495
13.6743457944
15.3760280374
14.5258411215
12.2479439252
8.2226635514
8.64102803738
9.76200934579
9.68182242991
11.0178504673
12.1343925234
10.9703738318
11.0421962617
9.24252336449
11.7822429907
10.971682243
10.4838317757
12.2238785047
13.8992523364
14.3705607477
14.7207476636
9.77172897196
8.13612149533
8.16976635514
9.7423364486
9.42962616822
9.43495327103
9.65598130841
8.57252336449
6.11803738318
7.21219626168
13.9959345794
7.82088785047
6.93140186916
10.4769158879
11.1523831776
12.1201869159
12.4274299065
10.7446728972
11.231682243
13.7705140187
11.4953271028
9.68495327103
7.86154205607
7.39471962617
7.21747663551
8.16668224299
6.57042056075
6.47738317757
11.3919626168
10.8246728972
3.05406542056
0.254953271028
2.50686915888
4.97789719626
2.20780373832
-2.31668224299
-2.30644859813
-2.87490654206
-1.24957943925
1.22023364486
2.06518691589
2.56971962617
5.59509345794
7.70327102804
7.41093457944
5.84827102804
5.54560747664
7.12112149533
5.17887850467
3.75859813084
6.18836448598
1.29906542056
-1.01691588785
-5.63079439252
-8.27186915888
-2.97285046729
0.172056074766
2.34014018692
2.39
2.47060747664
0.180841121495
2.50271028037
1.9761682243
3.02700934579
-2.20556074766
-0.261869158879
4.44126168224
2.79308411215
1.23373831776
-0.082476635514
1.60369158879
1.52177570093
6.2941588785
4.93481308411
3.04551401869
3.20696261682
2.1541588785
-3.11294392523
-5.19200934579
-2.61864485981
1.01397196262
3.34196261682
-1.90448598131
1.56163551402
4.46612149533
4.93158878505
4.42144859813
4.20345794393
5.1011682243
5.205
5.55757009346
4.51331775701
2.36042056075
2.25509345794
4.03757009346
2.97658878505
-0.413457943925
0.902990654206
1.5996728972
1.88822429907
2.35593457944
6.26303738318
6.24621495327
4.2676635514
0.832476635514
5.02775700935
2.06785046729
2.64570093458
2.26420560748
3.65387850467
0.883831775701
0.443785046729
0.20808411215
-1.50042056075
1.75981308411
2.95663551402
0.434906542056
-0.755700934579
-1.74056074766
-0.398130841121
-0.333971962617
-2.42308411215
-0.578738317757
0.065
1.44780373832
0.0921495327103
-1.35168224299
-1.83168224299
-2.46429906542
-0.307990654206
4.17691588785
3.48887850467
2.6435046729
1.38378504673
1.28098130841
0.768644859813
1.50144859813
1.43289719626
1.82869158879
1.95813084112
0.835560747664
0.269252336449
5.95261682243
9.2123364486
5.50252336449
0.306308411215
1.58775700935
2.13420560748
2.77934579439
4.13588785047
1.1314953271
1.06
0.987943925234
2.55537383178
3.09509345794
4.6976635514
4.41542056075
6.51827102804
8.68448598131
9.05607476636
3.52878504673
3.86126168224
6.42327102804
7.96252336449
6.02593457944
5.22224299065
3.84528037383
3.91686915888
5.87939252336
3.39934579439
0.710514018692
3.21210280374
3.50859813084
3.62878504673
7.48014018692
2.88280373832
4.68098130841
4.52154205607
5.72046728972
10.3400934579
13.1844859813
8.85495327103
11.3593925234
11.625046729
5.57228971963
1.29761682243
0.829158878505
0.988691588785
0.838644859813
4.92771028037
4.47070093458
5.96504672897
6.52261682243
8.83275700935
12.7597663551
12.5057943925
9.75855140187
8.20934579439
5.93523364486
7.74948598131
3.78971962617
4.1638317757
2.86443925234
5.2588317757
7.6641588785
5.50387850467
5.46598130841
9.31107476636
12.2540186916
4.72817757009
2.00593457944
2.25411214953
4.35280373832
5.14892523364
8.53761682243
11.2289719626
12.7340186916
12.5197663551
15.2460747664
7.10411214953
6.29098130841
9.42546728972
14.5474766355
10.6828504673
10.7220560748
8.9726635514
8.46990654206
8.71257009346
10.9971495327
13.1621962617
15.0380373832
16.6635514019
18.1722897196
17.7586448598
16.7889719626
14.6778971963
16.1594392523
17.0557476636
17.418411215
18.0363551402
15.4876168224
16.3643925234
15.590046729
12.7713551402
8.68154205607
12.6332242991
9.16453271028
8.8226635514
7.35331775701
7.55602803738
8.79906542056
7.06598130841
8.98925233645
11.7274766355
16.0658411215
12.9786915888
14.7837383178
15.9840186916
16.1998598131
15.5190654206
14.2661682243
16.4704205607
17.7296261682
18.0301869159
19.9562149533
19.1035046729
15.6869158879
16.3968224299
16.055
18.2410747664
19.6376168224
17.0046728972
11.9631308411
13.8113084112
12.7324766355
15.8237383178
13.8826168224
12.3817757009
17.2880373832
21.2137383178
22.1884579439
22.2674299065
17.9558411215
17.0688317757
16.2140654206
15.2877102804
17.4469626168
16.2123831776
11.4971962617
13.6321495327
12.7502336449
13.3202803738
13.026728972
12.0980373832
16.0019626168
18.101728972
21.5053271028
19.8358411215
19.4762149533
18.7823364486
18.7939252336
16.1127570093
15.3642990654
17.4512149533
15.9919626168
12.1753738318
10.0063084112
10.6618691589
13.1735514019
13.5852803738
15.181728972
17.5107943925
18.2448598131
16.2295327103
16.0653271028
17.794953271
17.4656074766
16.5953271028
17.8525233645
18.0190186916
21.0653271028
22.7503738318
17.0362149533
16.4462616822
19.0234579439
20.4402336449
22.5624766355
20.821682243
15.1095794393
16.021728972
13.5028037383
13.0338317757
12.2378504673
9.04014018692
10.3768224299
11.6643925234
14.5270093458
13.0111682243
11.5605140187
9.18079439252
10.8785514019
10.0844859813
12.0295794393
14.8307009346
15.2856074766
15.5758878505
15.469953271
15.3080841121
14.7754205607
12.8868691589
12.4289719626
13.0444859813
15.7184579439
16.5892523364
18.5784579439
16.8336448598
16.801635514
18.0151401869
17.5461682243
13.6557943925
12.7141121495
12.0493457944
11.9654205607
7.77785046729
8.98308411215
9.05327102804
10.6271028037
10.4188785047
9.29397196262
6.95869158879
6.5753271028
8.71439252336
7.97331775701
6.83985981308
6.52813084112
6.6211682243
6.34172897196
7.20210280374
9.33079439252
10.2588785047
7.08878504673
5.93364485981
6.8791588785
8.17341121495
9.11158878505
9.67794392523
9.55299065421
14.8921028037
14.3746728972
13.6712616822
12.5558411215
11.7508878505
12.2782242991
12.9918224299
10.6054672897
9.14014018692
10.908271028
9.28542056075
9.72644859813
9.05088785047
9.03817757009
6.72434579439
5.81056074766
4.40093457944
1.93780373832
3.53126168224
3.07495327103
3.7741588785
4.50560747664
4.56205607477
3.36799065421
2.35014018692
2.86028037383
0.161028037383
-0.358785046729
-1.16845794393
-0.29976635514
2.91654205607
4.79817757009
-0.00280373831776
-1.80457943925
-0.244813084112
-6.46672897196
-1.7273364486
1.87672897196
-0.234065420561
-3.35775700935
-3.48813084112
-2.51098130841
-0.962336448598
0.121261682243
0.224112149533
0.24453271028
0.933738317757
0.254018691589
-1.45252336449
0.0474299065421
-4.30060747664
-3.12663551402
-0.478598130841
4.01579439252
8.20813084112
6.77775700935
11.8328504673
8.58182242991
9.36140186916
5.78864485981
6.68
10.4724299065
7.4326635514
3.06457943925
3.93387850467
3.14799065421
0.0157009345794
-3.04897196262
-3.27126168224
-3.80163551402
-3.87242990654
-2.88859813084
-2.1696728972
-2.34074766355
-3.13490654206
-3.28359813084
-1.69088785047
-2.56864485981
-2.77551401869
-1.7373364486
0.666028037383
0.248411214953
0.961682242991
0.0386448598131
-1.09752336449
0.560093457944
2.00093457944
5.74574766355
4.77827102804
0.901074766355
0.763738317757
2.23261682243
5.0053271028
3.26785046729
4.99308411215
2.4446728972
5.9473364486
1.94948598131
2.6864953271
3.91182242991
1.96682242991
4.3035046729
6.3646728972
5.11140186916
5.28574766355
4.8114953271
3.34191588785
3.47953271028
3.79070093458
8.62612149533
6.46107476636
1.95509345794
1.5958411215
1.64677570093
0.622056074766
0.0535046728972
2.78014018692
-0.0615887850467
-0.56738317757
1.45210280374
7.01196261682
8.43070093458
9.26280373832
8.87051401869
5.59518691589
7.12280373832
9.84098130841
10.0820560748
4.68551401869
0.477476635514
3.90724299065
0.510280373832
-1.28009345794
1.19794392523
2.34219626168
3.45892523364
4.82663551402
6.46537383178
6.97607476636
4.23602803738
6.7746728972
10.7822429907
6.69771028037
4.58471962617
5.88911214953
6.04845794393
7.64205607477
8.89724299065
9.60742990654
11.0923831776
8.8776635514
10.0444859813
8.88093457944
5.87677570093
6.28345794393
2.02331775701
1.70397196262
3.00023364486
2.75845794393
6.0535046729
6.43102803738
8.89789719626
10.2293925234
11.038271028
5.10158878505
1.65014018692
1.1503271028
4.30294392523
4.18317757009
2.68761682243
2.27738317757
4.76911214953
5.1296728972
5.7558411215
7.31873831776
4.61845794393
3.18682242991
3.15434579439
3.25023364486
4.28714953271
5.83523364486
9.07696261682
10.131635514
9.33257009346
7.89813084112
7.51551401869
7.46425233645
9.82565420561
5.86640186916
4.88841121495
9.52771028037
12.3636448598
14.465
16.2720560748
14.8090654206
15.6400934579
16.8602803738
16.821728972
15.8342523364
13.2364018692
14.3390654206
13.615
10.5141121495
9.4296728972
9.80457943925
9.41397196262
12.9394859813
14.2848130841
13.518364486
9.45906542056
11.9307943925
13.7553271028
14.6499065421
14.6850934579
16.4535981308
13.0798130841
8.06672897196
8.69088785047
9.71700934579
7.33794392523
9.93317757009
12.3742056075
15.0278504673
17.1962616822
11.9512616822
11.2592056075
10.1813084112
11.6513551402
12.5253738318
12.2802803738
8.84579439252
8.81640186916
9.89677570093
10.8715420561
11.7527570093
11.3018691589
11.2772429907
11.5487850467
12.8945327103
15.5271028037
15.8691121495
18.1567757009
14.7588317757
14.556682243
12.9798598131
12.0782242991
14.0577570093
16.7657943925
20.5108411215
19.7292990654
18.6355607477
18.3735981308
19.4827570093
13.5084579439
12.0565420561
11.6232242991
14.0803738318
13.218411215
10.3235981308
10.9286915888
16.4171495327
14.6355607477
11.0913084112
12.668317757
18.0322897196
17.0561682243
13.6946261682
15.8859813084
19.1191121495
14.1026635514
12.5010747664
13.681588785
17.9139719626
19.6019626168
15.7671495327
12.9562616822
12.5170560748
13.5964953271
17.0969158879
19.5239252336
22.0637850467
19.2503271028
18.806728972
21.1356074766
22.8289252336
21.7840186916
22.6344859813
23.5880841121
22.5319626168
14.6178971963
12.6337850467
14.7871962617
16.8431308411
16.5241588785
18.7181308411
22.5652336449
20.5828504673
16.4459345794
18.213411215
14.7499065421
12.2813551402
12.7760747664
14.8524299065
14.9678971963
11.6446261682
12.4669158879
15.4170093458
18.5228037383
19.2805607477
18.4625700935
19.1402803738
19.8445794393
20.3784579439
18.9801869159
14.0238317757
10.6956542056
13.5255140187
13.5364953271
11.955046729
9.98621495327
11.6056542056
9.20827102804
11.418411215
11.0650934579
9.03023364486
10.9597196262
11.8785514019
10.7567757009
11.4427570093
9.72093457944
9.0908411215
9.58214953271
10.1953271028
12.1984579439
8.29644859813
7.09995327103
8.43869158879
10.2864485981
8.66971962617
7.64168224299
7.91691588785
6.83121495327
8.84397196262
11.6014485981
14.9911682243
11.3822897196
10.6504672897
12.231588785
8.29869158879
9.14962616822
12.8295794393
9.70364485981
6.11144859813
5.70514018692
6.99813084112
8.18841121495
12.7959345794
13.0721962617
14.5438785047
15.0944392523
14.6080841121
13.4555607477
11.7095794393
11.1062616822
10.0355140187
4.7435046729
4.25476635514
4.85387850467
4.5714953271
7.60130841121
7.55490654206
7.22831775701
7.59990654206
3.82046728972
5.80144859813
7.8126635514
6.55752336449
4.93995327103
4.04724299065
1.56934579439
0.657990654206
1.82528037383
2.97135514019
2.00205607477
2.27752336449
3.20130841121
6.36252336449
6.04299065421
5.61705607477
7.93359813084
5.92892523364
6.75355140187
9.41827102804
5.35939252336
3.04369158879
4.49714953271
1.38859813084
1.11948598131
-0.396682242991
0.201214953271
1.42453271028
2.57785046729
1.46943925234
1.05663551402
0.649953271028
-2.7258411215
-3.81182242991
0.380887850467
1.38626168224
2.2611682243
-1.81429906542
-3.96420560748
-4.53630841121
-3.99154205607
-1.85887850467
-1.18228971963
-1.50373831776
-0.308317757009
-0.0296261682243
-1.73892523364
-3.79168224299
-2.65434579439
-3.72322429907
-3.21163551402
-3.63771028037
-1.42289719626
0.222943925234
1.47696261682
2.40056074766
0.367570093458
0.200841121495
0.89191588785
1.77317757009
0.864626168224
6.50485981308
4.25859813084
2.72112149533
