0.656734693878
-0.85693877551
-1.91102040816
-0.815510204082
2.02612244898
2.43755102041
2.37142857143
1.03857142857
0.582244897959
-1.28448979592
-3.87163265306
-7.25448979592
-5.05428571429
-3.98163265306
-5.52
-2.56653061224
-2.01632653061
-2.64265306122
-1.4093877551
-2.19816326531
-0.934693877551
4.07632653061
3.22183673469
2.53387755102
2.99346938776
1.44244897959
0.770612244898
-2.83918367347
0.136530612245
5.21959183673
7.53755102041
6.8787755102
4.2006122449
4.67142857143
5.78530612245
7.29367346939
6.97775510204
6.58897959184
7.08224489796
10.3620408163
8.50448979592
6.2793877551
4.95734693878
4.65653061224
6.25346938776
4.66428571429
6.30816326531
5.12857142857
3.82183673469
4.24734693878
7.35530612245
10.1953061224
10.122244898
10.836122449
9.5387755102
10.2887755102
9.84244897959
1.97367346939
0.991836734694
4.53551020408
6.72306122449
5.08224489796
3.86795918367
1.29795918367
4.11775510204
5.56387755102
7.84755102041
9.43489795918
8.78755102041
6.09306122449
4.77653061224
7.11612244898
5.01020408163
5.84183673469
7.18102040816
9.89306122449
9.43102040816
7.4193877551
3.3793877551
-0.727551020408
1.22857142857
6.41285714286
8.06612244898
3.84653061224
11.332244898
10.1440816327
10.9083673469
15.4208163265
11.2018367347
8.06693877551
11.0540816327
13.4091836735
11.016122449
4.5206122449
4.03448979592
6.56163265306
8.90102040816
12.0597959184
8.02632653061
7.32244897959
5.7787755102
8.70918367347
13.6030612245
16.5032653061
19.343877551
20.5595918367
21.4236734694
20.9826530612
12.7704081633
8.66224489796
4.7312244898
7.76183673469
7.54714285714
8.29142857143
8.18816326531
4.87510204082
8.99081632653
10.5191836735
9.74163265306
11.153877551
16.3285714286
16.9608163265
12.9004081633
11.8295918367
10.6265306122
11.3436734694
16.3765306122
14.1934693878
10.1975510204
12.9802040816
15.9473469388
18.4234693878
20.21
18.1075510204
15.7381632653
13.6620408163
15.1242857143
17.6251020408
19.7091836735
20.5275510204
21.57
21.4718367347
14.0151020408
15.7734693878
12.9273469388
12.6169387755
19.1765306122
22.5873469388
18.6532653061
19.9379591837
13.4832653061
15.9504081633
13.5230612245
16.3520408163
18.3542857143
21.9269387755
24.1891836735
25.4340816327
21.127755102
20.9904081633
20.0102040816
18.5063265306
19.8353061224
22.802244898
25.8316326531
28.2010204082
21.5453061224
19.5957142857
18.0404081633
16.9106122449
17.7079591837
15.4836734694
14.7675510204
15.7163265306
16.6504081633
15.9651020408
14.5987755102
15.772244898
16.0830612245
12.8714285714
14.1610204082
16.4926530612
15.037755102
14.9532653061
16.8451020408
18.9604081633
17.6606122449
19.8697959184
18.1436734694
17.0844897959
17.0267346939
16.4165306122
15.0385714286
14.4414285714
13.9814285714
16.2465306122
16.1448979592
14.7095918367
15.6226530612
17.6867346939
15.6881632653
16.9879591837
15.1840816327
17.6697959184
22.8573469388
25.6646938776
26.2410204082
27.1742857143
26.1883673469
25.3820408163
24.8024489796
19.9512244898
22.0173469388
24.5546938776
28.7651020408
27.4475510204
25.1485714286
22.1483673469
19.9418367347
24.5908163265
23.3018367347
18.5230612245
20.2297959184
23.6155102041
19.6442857143
19.2318367347
22.2436734694
26.2693877551
26.9959183673
25.7555102041
24.4202040816
20.2059183673
20.6479591837
19.9673469388
15.5208163265
12.8632653061
13.7708163265
16.4167346939
21.0318367347
23.9573469388
22.6659183673
23.0106122449
19.4144897959
16.5451020408
15.4091836735
18.8879591837
21.6906122449
24.0928571429
21.5383673469
17.2973469388
21.5957142857
23.2451020408
16.533877551
14.2155102041
15.4934693878
17.7993877551
15.5142857143
14.4691836735
16.3942857143
20.4124489796
19.0457142857
19.562244898
23.5732653061
25.8118367347
24.1883673469
23.6228571429
17.1195918367
20.8232653061
14.8140816327
16.2410204082
17.6591836735
18.7324489796
19.0416326531
16.4446938776
14.8859183673
13.9079591837
14.3887755102
14.7120408163
13.1934693878
11.5516326531
13.2118367347
10.8451020408
9.18469387755
8.03918367347
8.28816326531
9.10714285714
7.12102040816
9.48918367347
10.2826530612
11.4989795918
13.7057142857
9.84489795918
8.62326530612
9.03224489796
10.9414285714
12.8426530612
10.5034693878
10.1451020408
9.61224489796
9.0987755102
11.2926530612
17.3132653061
13.6295918367
8.86612244898
6.31285714286
4.22673469388
-0.695714285714
-2.8806122449
-2.83367346939
-2.0493877551
-0.901836734694
0.578367346939
1.20714285714
1.83183673469
0.174897959184
0.792448979592
2.40795918367
4.14918367347
3.9112244898
8.59510204082
11.1116326531
11.6151020408
10.9612244898
6.86326530612
11.0114285714
11.4069387755
10.7979591837
12.1175510204
11.5497959184
8.66448979592
5.79673469388
2.06857142857
1.21244897959
0.723469387755
-0.501632653061
-2.2693877551
-5.33183673469
-0.796326530612
-0.298775510204
0.918775510204
1.53510204082
-4.70183673469
-4.84897959184
-2.08959183673
0.0642857142857
2.97326530612
3.1712244898
5.31591836735
8.62367346939
10.0451020408
4.6206122449
2.58346938776
0.595102040816
0.608367346939
1.36897959184
3.2993877551
3.74510204082
8.82285714286
9.48224489796
8.99040816327
5.22489795918
1.33081632653
0.688367346939
1.01367346939
2.8006122449
3.47755102041
3.44367346939
3.31040816327
7.31387755102
4.33918367347
1.51591836735
-0.691020408163
-2.50795918367
-4.80428571429
-1.83836734694
0.308571428571
0.154693877551
-2.10081632653
-0.267551020408
-1.14612244898
0.767959183673
-0.690408163265
2.52306122449
1.41714285714
2.3712244898
0.917142857143
-1.59163265306
-1.39489795918
-0.808571428571
0.660816326531
1.78714285714
2.15
-0.4
0.76306122449
0.655102040816
1.86306122449
2.14836734694
2.59551020408
4.00408163265
3.11734693878
2.32326530612
1.33244897959
3.79469387755
6.70204081633
7.08510204082
7.13244897959
4.72102040816
1.79142857143
0.01
-1.43489795918
-1.26918367347
-0.336530612245
1.46469387755
1.21673469388
-0.139387755102
-1.86204081633
-1.95102040816
-1.8093877551
-0.47306122449
-0.844285714286
0.529795918367
1.21693877551
3.24469387755
4.62693877551
3.64367346939
4.82836734694
5.72142857143
4.30591836735
2.37775510204
1.57163265306
4.97816326531
10.4606122449
10.7426530612
12.6644897959
12.0548979592
15.8959183673
13.0328571429
11.8826530612
7.51244897959
9.77693877551
8.3812244898
4.86510204082
4.36510204082
6.77693877551
11.4659183673
15.5920408163
16.8744897959
9.75673469388
13.7810204082
17.8942857143
14.1124489796
14.2989795918
16.4016326531
15.2493877551
17.1085714286
16.4326530612
19.6075510204
16.6444897959
18.0087755102
11.3928571429
7.26897959184
12.0632653061
19.826122449
15.2720408163
17.0455102041
19.6906122449
21.172244898
21.6432653061
18.7171428571
17.9144897959
19.6408163265
12.9746938776
6.89183673469
7.25632653061
5.23551020408
9.03612244898
8.78183673469
7.11632653061
4.8
9.10265306122
14.5634693878
18.3679591837
11.9632653061
8.32857142857
7.2412244898
10.5557142857
9.11448979592
8.71979591837
8.30632653061
8.13897959184
9.8887755102
9.45591836735
18.7887755102
19.4308163265
23.6551020408
25.6646938776
25.0967346939
22.3146938776
21.48
17.0206122449
17.8212244898
21.3828571429
14.9920408163
19.1946938776
23.9053061224
26.4995918367
26.9385714286
19.7004081633
19.0685714286
15.6104081633
13.7536734694
15.7155102041
12.3081632653
15.0330612245
16.0397959184
20.7020408163
25.8128571429
25.9369387755
29.1546938776
21.1751020408
15.1246938776
18.8665306122
21.1571428571
22.0830612245
23.7536734694
20.8751020408
19.1934693878
22.3359183673
20.1730612245
19.3808163265
23.7685714286
26.513877551
20.4510204082
13.4881632653
10.7297959184
11.3118367347
13.7265306122
13.9555102041
16.2263265306
19.6073469388
20.0995918367
21.5675510204
18.9914285714
22.2030612245
24.2834693878
20.5657142857
14.8495918367
19.3946938776
21.5655102041
19.4151020408
18.8224489796
21.0489795918
23.5046938776
24.5328571429
26.9075510204
27.8473469388
28.8046938776
24.4440816327
21.6146938776
20.7087755102
20.403877551
17.8714285714
20.6920408163
19.6504081633
14.3634693878
13.9214285714
16.1465306122
16.5442857143
20.3875510204
16.9789795918
18.3726530612
13.5495918367
15.8671428571
17.5940816327
18.4320408163
22.4673469388
20.0528571429
22.3687755102
22.7991836735
25.0751020408
25.5836734694
27.6512244898
28.7746938776
29.1551020408
28.1608163265
21.952244898
21.6520408163
18.0155102041
16.092244898
21.1602040816
24.2951020408
25.8828571429
26.736122449
21.7736734694
16.6232653061
19.8393877551
16.9726530612
14.2993877551
16.9614285714
13.9442857143
15.5224489796
18.2220408163
18.2318367347
17.7485714286
16.6406122449
17.1912244898
16.6242857143
18.8057142857
19.7371428571
18.8265306122
19.09
18.442244898
19.4628571429
20.6306122449
22.546122449
23.2234693878
21.5859183673
21.6185714286
22.002244898
22.9197959184
20.3402040816
18.0428571429
15.492244898
17.6387755102
17.3495918367
18.0512244898
20.6618367347
16.9036734694
20.1730612245
20.4320408163
23.302244898
17.4889795918
17.5853061224
17.2744897959
19.3128571429
14.9726530612
11.7214285714
15.1646938776
17.2469387755
17.7051020408
15.4244897959
12.6653061224
12.8381632653
12.5316326531
20.3128571429
15.9726530612
14.4651020408
18.0916326531
13.1624489796
10.8942857143
6.23775510204
6.77387755102
8.28408163265
6.37693877551
8.50673469388
7.71224489796
12.7785714286
10.8806122449
10.2995918367
8.44469387755
6.60163265306
5.90346938776
4.37632653061
5.21612244898
8.96918367347
6.61897959184
8.3987755102
10.1102040816
9.25142857143
14.0765306122
12.8528571429
12.9124489796
12.9924489796
11.967755102
10.2032653061
8.28816326531
4.70489795918
2.21979591837
1.23285714286
3.54326530612
0.020612244898
3.39775510204
6.73918367347
5.46653061224
2.70183673469
3.17755102041
3.78530612245
8.90918367347
10.8271428571
12.7214285714
12.6179591837
12.6157142857
11.5712244898
9.94081632653
2.10693877551
3.19918367347
4.88469387755
4.27653061224
3.62612244898
3.41081632653
1.29775510204
1.16183673469
0.11693877551
3.35510204082
1.67367346939
1.16775510204
2.14714285714
3.79204081633
2.80163265306
0.352040816327
-0.0783673469388
-0.598571428571
-5.79673469388
2.36306122449
1.93428571429
-6.20632653061
-8.26673469388
-4.35285714286
-6.71367346939
-5.21
-4.87632653061
0.378163265306
-0.216734693878
-0.557551020408
0.22306122449
-0.0132653061224
-2.18020408163
-0.604489795918
2.99408163265
5.67959183673
6.87795918367
6.80326530612
4.8587755102
8.20040816327
8.91346938776
8.78979591837
7.87102040816
-6.3593877551
-7.32795918367
-7.2206122449
-9.23795918367
-5.78102040816
-4.51020408163
-8.61142857143
-9.62959183673
-3.38183673469
-0.331428571429
-1.11897959184
-1.77040816327
-0.260408163265
-0.408775510204
-1.73632653061
0.403469387755
0.851428571429
1.10775510204
0.620204081633
1.94306122449
2.24204081633
0.918775510204
3.46163265306
7.1906122449
5.6706122449
1.52530612245
0.840408163265
1.8912244898
2.62040816327
3.86755102041
3.00714285714
6.31285714286
6.20693877551
5.22755102041
7.86897959184
9.99244897959
7.88653061224
9.35836734694
3.58448979592
4.07714285714
0.954897959184
2.43
2.35040816327
-1.48408163265
2.63285714286
3.82530612245
4.85408163265
0.211224489796
0.646734693878
0.210204081633
2.27510204082
3.7006122449
3.58959183673
8.95673469388
6.25020408163
8.87408163265
8.97224489796
5.20326530612
5.85795918367
4.5893877551
8.41102040816
5.14693877551
7.33040816327
5.72551020408
6.06857142857
4.14836734694
6.54367346939
10.7542857143
7.16795918367
4.33836734694
7.75897959184
5.50653061224
4.45367346939
6.49857142857
8.39367346939
7.49591836735
11.4873469388
13.4493877551
15.5142857143
18.6932653061
13.806122449
12.0620408163
7.4212244898
6.44326530612
16.2902040816
16.6053061224
11.7506122449
15.2
18.5483673469
20.2818367347
10.8071428571
11.0424489796
5.18081632653
5.65326530612
4.62040816327
5.09183673469
5.2587755102
8.97102040816
12.3391836735
14.6818367347
11.8083673469
11.6991836735
12.9018367347
13.5642857143
13.3536734694
14.1210204082
14.5504081633
9.85510204082
13.2091836735
11.7593877551
12.1648979592
9.96020408163
7.94428571429
7.85020408163
8.99265306122
8.68020408163
14.1228571429
12.8553061224
11.2451020408
13.5526530612
9.87387755102
14.1806122449
16.2902040816
13.0446938776
12.9348979592
17.0608163265
19.8597959184
21.7467346939
23.7895918367
25.7975510204
21.4720408163
22.8542857143
19.4018367347
22.8173469388
18.5371428571
17.3375510204
16.6175510204
15.117755102
18.7385714286
24.282244898
26.6816326531
19.3430612245
18.4381632653
21.4804081633
25.9518367347
28.497755102
29.5616326531
30.3987755102
30.9740816327
30.3644897959
26.1175510204
25.8487755102
25.1771428571
21.8653061224
22.6648979592
17.9589795918
17.4208163265
13.8708163265
13.7857142857
13.8767346939
14.4614285714
17.6363265306
19.6771428571
17.0710204082
18.4330612245
19.9071428571
22.6726530612
20.8116326531
17.9287755102
24.0604081633
21.3104081633
19.2806122449
18.1604081633
17.3440816327
18.732244898
19.7608163265
24.9263265306
26.2842857143
18.8397959184
19.326122449
21.0916326531
21.2683673469
25.2293877551
28.3620408163
25.9455102041
28.2848979592
27.9569387755
28.1183673469
29.3165306122
30.3604081633
27.363877551
23.1383673469
23.5251020408
21.9981632653
26.8181632653
28.5455102041
21.747755102
20.0226530612
22.02
23.2
17.5591836735
18.7020408163
19.7746938776
26.2308163265
27.7808163265
28.6816326531
27.9714285714
29.4816326531
28.8024489796
23.7781632653
23.8208163265
23.576122449
23.6614285714
23.1114285714
22.8646938776
21.5663265306
24.1526530612
28.8836734694
23.5197959184
21.6567346939
25.4042857143
24.0640816327
20.9759183673
24.2873469388
20.406122449
16.866122449
16.6063265306
19.3530612245
20.636122449
19.7644897959
18.9018367347
23.7975510204
19.857755102
20.6008163265
22.066122449
22.8832653061
20.406122449
16.5363265306
16.0546938776
21.0218367347
25.3202040816
27.3708163265
23.0046938776
20.2383673469
21.5493877551
22.3312244898
25.0128571429
25.132244898
25.0808163265
24.3469387755
24.8312244898
27.577755102
27.746122449
27.996122449
26.8146938776
25.5787755102
25.8051020408
22.9265306122
18.3565306122
15.0595918367
18.7210204082
20.1126530612
24.0532653061
17.9646938776
20.3316326531
21.3585714286
17.0232653061
14.9457142857
18.9659183673
18.3020408163
16.8928571429
14.2644897959
13.1569387755
11.1630612245
10.6726530612
10.1716326531
11.0232653061
11.7020408163
11.3883673469
11.6265306122
11.5626530612
10.9087755102
9.97591836735
9.60714285714
13.3118367347
13.8697959184
13.8334693878
13.7965306122
16.0887755102
14.1542857143
10.8475510204
9.94816326531
11.7134693878
11.8948979592
13.1126530612
10.013877551
9.35775510204
8.93040816327
12.6259183673
14.9304081633
11.6863265306
9.81632653061
9.28244897959
6.97163265306
8.50163265306
12.4895918367
14.3869387755
11.8579591837
13.1704081633
9.50224489796
9.1212244898
6.04306122449
4.91285714286
2.67959183673
3.99367346939
10.2965306122
10.1802040816
8.31918367347
7.6693877551
8.28020408163
12.3932653061
11.9434693878
9.17693877551
7.88346938776
5.82897959184
5.21040816327
3.50204081633
1.63673469388
1.51448979592
3.01816326531
1.18979591837
1.68285714286
1.76591836735
3.57897959184
5.44204081633
10.4744897959
7.44040816327
10.0418367347
3.95734693878
2.86142857143
1.98632653061
0.474081632653
8.2306122449
10.112244898
4.43918367347
1.39632653061
0.594489795918
5.82204081633
4.19857142857
3.48448979592
1.43775510204
-0.671428571429
0.771632653061
2.41408163265
6.40591836735
5.11020408163
3.26142857143
3.05816326531
1.34408163265
-0.138163265306
1.18510204082
7.30897959184
8.90795918367
11.0167346939
11.7285714286
8.3812244898
4.35224489796
4.04428571429
6.63244897959
8.09510204082
6.05040816327
4.88183673469
2.8187755102
4.2112244898
6.46
6.76224489796
5.86306122449
1.50897959184
1.48285714286
3.07632653061
3.88714285714
3.09591836735
1.83387755102
2.30081632653
7.40836734694
10.6573469388
8.82265306122
8.37510204082
7.08673469388
2.46265306122
8.61346938776
2.83693877551
2.09530612245
1.59673469388
0.316734693878
1.94204081633
1.2593877551
-0.575102040816
-0.632040816327
-2.34551020408
-2.82448979592
-1.83571428571
-0.981020408163
-2.78897959184
-1.82612244898
-2.7906122449
0.197346938776
1.49897959184
-0.641224489796
0.735306122449
0.253673469388
-0.784693877551
2.41857142857
4.59530612245
6.48204081633
6.31816326531
7.30897959184
6.30551020408
2.98489795918
4.63408163265
5.17367346939
7.13183673469
8.27489795918
6.76959183673
8.8887755102
7.57612244898
11.7291836735
6.82346938776
7.40183673469
6.73693877551
10.4169387755
12.683877551
10.0493877551
10.1091836735
10.9318367347
11.6624489796
10.5875510204
11.0246938776
9.74367346939
7.83040816327
7.46142857143
9.73530612245
6.13204081633
2.73836734694
4.10857142857
2.92714285714
5.80224489796
4.72673469388
8.19285714286
10.8444897959
8.12020408163
6.60755102041
6.43734693878
6.70734693878
8.19020408163
7.60448979592
9.88408163265
9.0693877551
11.4353061224
14.4106122449
6.76653061224
6.67081632653
5.9893877551
8.02775510204
16.0897959184
19.8381632653
21.067755102
18.5479591837
15.9116326531
20.2373469388
15.1183673469
19.7420408163
13.3346938776
19.2951020408
19.7134693878
14.4991836735
16.5363265306
14.7769387755
18.4128571429
14.8736734694
12.8114285714
10.5055102041
11.877755102
14.9830612245
17.6593877551
13.2587755102
14.8428571429
14.5932653061
11.483877551
13.366122449
15.4757142857
11.6855102041
17.6914285714
18.1226530612
21.8308163265
21.5795918367
16.9973469388
13.5418367347
20.226122449
23.232244898
13.1546938776
10.1318367347
9.99142857143
10.8118367347
11.9736734694
9.47979591837
11.8602040816
11.7595918367
14.8591836735
22.4471428571
23.9893877551
20.5355102041
21.4544897959
26.4426530612
20.5104081633
16.826122449
21.9604081633
26.7251020408
23.5710204082
19.9563265306
21.3044897959
23.9842857143
22.0040816327
19.5844897959
15.5483673469
13.0679591837
12.4220408163
16.9079591837
21.9667346939
24.0979591837
25.9159183673
26.8451020408
27.4004081633
28.0306122449
24.2142857143
24.2102040816
19.5385714286
15.597755102
16.0444897959
19.2081632653
16.0506122449
21.0406122449
23.9481632653
25.3248979592
26.7430612245
27.7124489796
27.5379591837
27.0942857143
29.693877551
30.3824489796
30.5967346939
29.7902040816
24.9616326531
19.81
27.0036734694
29.663877551
31.2391836735
28.0563265306
20.817755102
18.237755102
18.8173469388
27.1640816327
29.7365306122
24.1767346939
27.5857142857
33.0706122449
30.94
26.6240816327
22.9640816327
26.5573469388
32.1236734694
27.6163265306
21.2712244898
17.4308163265
15.3259183673
14.1575510204
16.3373469388
21.2279591837
25.3942857143
26.273877551
26.4820408163
25.1428571429
25.5420408163
17.8683673469
16.6651020408
25.0726530612
24.6875510204
24.8375510204
26.9418367347
29.357755102
29.6971428571
28.9993877551
25.9771428571
27.1251020408
25.5589795918
27.1797959184
26.9230612245
26.6334693878
22.0708163265
23.6487755102
25.3232653061
27.5273469388
24.13
23.0420408163
19.2132653061
18.2567346939
22.2753061224
17.993877551
15.7055102041
18.247755102
18.5271428571
17.8334693878
14.99
12.1371428571
13.4753061224
16.1336734694
21.2365306122
16.4981632653
15.3728571429
15.7830612245
17.377755102
17.1328571429
15.1493877551
16.3636734694
18.7567346939
23.3114285714
18.283877551
18.5365306122
24.0924489796
23.0057142857
21.3642857143
15.87
15.4559183673
14.3130612245
19.4918367347
23.7944897959
20.5220408163
14.8630612245
14.9365306122
12.6271428571
12.3471428571
13.5730612245
12.5834693878
10.9069387755
18.1212244898
15.5893877551
13.4628571429
13.1271428571
9.61244897959
10.012244898
13.6883673469
9.59204081633
8.98510204082
8.88632653061
10.7312244898
10.8183673469
9.23387755102
12.0706122449
14.9102040816
9.60979591837
7.37346938776
7.46775510204
7.42591836735
9.47265306122
11.1093877551
11.8520408163
10.8575510204
14.1902040816
10.3265306122
11.613877551
11.6685714286
11.8426530612
9.28142857143
6.00836734694
5.21285714286
2.55530612245
0.63693877551
-2.17285714286
1.37693877551
2.47408163265
2.08285714286
3.20836734694
2.24897959184
3.56183673469
2.11979591837
1.45836734694
0.638571428571
9.50551020408
12.5055102041
13.436122449
8.3993877551
7.05734693878
3.04020408163
-1.02551020408
-2.34469387755
-0.545918367347
1.45163265306
2.43428571429
1.0806122449
1.37346938776
0.17693877551
1.6612244898
2.9006122449
-0.0861224489796
-5.77224489796
-3.55632653061
-2.80591836735
-2.27897959184
-4.49244897959
-0.0765306122449
3.12959183673
3.92204081633
5.74448979592
5.48510204082
5.63530612245
7.96612244898
10.2726530612
11.9663265306
8.61163265306
5.09632653061
7.85734693878
7.30081632653
5.62285714286
3.9506122449
3.64510204082
5.01142857143
5.26673469388
3.24530612245
0.928775510204
2.16306122449
2.35224489796
2.07693877551
1.22204081633
0.670612244898
2.35571428571
3.17612244898
5.03244897959
9.19612244898
3.34979591837
3.39857142857
6.17571428571
1.53040816327
1.95367346939
1.86857142857
-1.99857142857
-2.93591836735
1.3906122449
1.64755102041
0.580816326531
-1.1093877551
1.83734693878
3.87918367347
3.7787755102
3.89836734694
2.55285714286
1.99020408163
5.2387755102
4.29
4.76224489796
7.60448979592
4.67346938776
6.29653061224
1.97306122449
1.74448979592
1.47714285714
3.80979591837
1.52306122449
0.304285714286
2.30489795918
1.48489795918
-0.695918367347
0.628571428571
-1.5993877551
-0.370816326531
2.61857142857
4.45510204082
1.71306122449
2.01306122449
1.08
0.276530612245
3.70816326531
2.30510204082
3.32673469388
5.19591836735
5.27775510204
2.02673469388
2.17612244898
2.75265306122
2.17979591837
7.7587755102
5.30918367347
4.39530612245
1.1206122449
2.20632653061
5.64857142857
4.50816326531
4.1287755102
6.91142857143
9.33204081633
4.42979591837
5.92734693878
4.89244897959
5.08836734694
6.25714285714
9.42387755102
9.93979591837
11.0167346939
10.5385714286
8.10612244898
10.15
9.06632653061
10.9385714286
9.51530612245
6.9806122449
7.23959183673
3.14918367347
1.00489795918
1.38387755102
2.92183673469
5.7693877551
5.98530612245
6.06387755102
7.8887755102
6.98551020408
9.52816326531
10.8379591837
6.26673469388
12.4102040816
16.4906122449
19.8820408163
12.0610204082
8.4012244898
11.7287755102
13.95
16.1506122449
19.9746938776
22.5557142857
18.0655102041
17.5144897959
18.3473469388
17.8440816327
12.78
8.14734693878
12.4348979592
11.9169387755
10.6385714286
17.3632653061
13.503877551
18.4593877551
19.1032653061
17.0540816327
12.5502040816
9.33428571429
10.4536734694
9.91408163265
11.1079591837
7.13530612245
8.42163265306
11.3283673469
15.3885714286
20.6434693878
16.6732653061
20.152244898
22.9365306122
18.0285714286
14.4646938776
14.5744897959
16.6142857143
10.8120408163
15.03
16.9979591837
13.5120408163
10.7120408163
12.3753061224
11.3746938776
15.6132653061
19.3418367347
19.212244898
25.6204081633
19.0232653061
17.7179591837
13.1583673469
15.5473469388
18.2708163265
13.1365306122
19.8267346939
16.2304081633
19.3430612245
22.0263265306
17.3848979592
13.5371428571
13.3897959184
17.1034693878
21.1330612245
24.3602040816
27.2316326531
25.1116326531
20.5202040816
16.5530612245
14.1089795918
13.94
14.2432653061
21.5734693878
16.7004081633
14.0287755102
15.4079591837
18.9748979592
18.282244898
12.8583673469
12.8432653061
13.8602040816
17.0867346939
22.3818367347
24.9483673469
29.1879591837
31.4316326531
33.0573469388
24.3987755102
19.9710204082
16.5124489796
16.7185714286
15.6948979592
13.5816326531
13.8875510204
16.796122449
15.5014285714
17.742244898
18.6163265306
19.2936734694
21.8734693878
22.7783673469
16.6069387755
17.0051020408
16.3342857143
25.6651020408
28.9663265306
29.3740816327
21.5951020408
22.1773469388
27.5553061224
21.8610204082
21.1573469388
18.7985714286
20.7057142857
21.7663265306
17.2675510204
16.5436734694
15.3669387755
19.9391836735
21.7397959184
23.0512244898
20.9906122449
21.7342857143
22.1755102041
21.903877551
24.0793877551
24.6279591837
25.5744897959
26.382244898
27.26
26.8095918367
20.1079591837
20.8665306122
21.9442857143
22.8602040816
23.2826530612
21.7410204082
21.3304081633
23.532244898
23.1491836735
21.9736734694
19.1073469388
15.2379591837
10.0240816327
10.3769387755
10.5546938776
12.0232653061
11.8373469388
12.0173469388
13.9428571429
18.1416326531
21.0044897959
15.833877551
14.3573469388
13.902244898
16.6502040816
15.2018367347
14.9069387755
16.9708163265
12.9981632653
11.4363265306
10.3171428571
11.8157142857
10.5191836735
14.1504081633
15.5779591837
19.0669387755
16.8144897959
19.5828571429
14.5359183673
13.5508163265
13.8593877551
15.4246938776
12.1153061224
12.57
12.6416326531
15.4136734694
14.7871428571
15.4620408163
13.6365306122
13.3230612245
12.5128571429
15.2448979592
14.1936734694
16.0479591837
15.7755102041
15.3653061224
14.0375510204
10.6536734694
9.82918367347
13.0430612245
12.1451020408
15.1279591837
13.3285714286
11.2793877551
9.87795918367
11.2883673469
16.2644897959
9.94673469388
12.916122449
7.5487755102
7.08040816327
6.12836734694
9.31163265306
11.1516326531
9.84755102041
10.4189795918
10.2167346939
9.99020408163
12.233877551
10.8106122449
10.04
7.71653061224
2.08714285714
3.03673469388
2.7012244898
5.14163265306
4.06265306122
3.90795918367
5.90530612245
11.9634693878
13.0216326531
13.2936734694
9.63897959184
8.52897959184
5.59653061224
5.84653061224
9.44204081633
5.95775510204
3.25918367347
1.20265306122
2.65306122449
2.47387755102
2.77897959184
4.03897959184
3.67
4.73591836735
5.60489795918
5.07244897959
5.95510204082
5.88448979592
3.49224489796
2.02408163265
3.6212244898
3.17
3.56632653061
4.7
2.54306122449
5.78816326531
6.4493877551
3.39163265306
2.82836734694
4.77551020408
0.572448979592
2.17836734694
1.50551020408
0.244081632653
-1.2212244898
-1.3687755102
-2.16183673469
0.501632653061
-0.0975510204082
-4.51020408163
-6.71163265306
-7.95040816327
-10.3863265306
-10.4308163265
-9.16530612245
-9.21387755102
-7.8187755102
-8.24795918367
-5.72346938776
-8.12469387755
-9.70897959184
-7.10530612245
-4.81244897959
-5.81714285714
-6.66591836735
-5.44448979592
-3.02224489796
3.39285714286
6.31367346939
5.90897959184
1.07653061224
1.25632653061
4.82836734694
2.61489795918
-0.62612244898
2.7906122449
7.56571428571
6.55510204082
8.79918367347
8.57428571429
5.73367346939
4.42489795918
6.81591836735
3.37306122449
1.46755102041
-2.11591836735
-5.37428571429
-7.14755102041
-8.75836734694
-6.72428571429
-3.28714285714
-2.79204081633
-5.1587755102
0.180408163265
-0.0848979591837
-3.89367346939
-2.97306122449
-2.04489795918
-0.127755102041
-0.107346938776
2.53285714286
8.17469387755
9.77183673469
7.82571428571
9.32448979592
6.56081632653
6.89857142857
6.12326530612
8.56346938776
8.42102040816
7.73102040816
6.31142857143
5.04428571429
7.80714285714
5.48816326531
2.70285714286
2.93326530612
6.11979591837
8.30285714286
2.89469387755
2.69795918367
2.76408163265
1.37387755102
-0.755510204082
1.56734693878
3.22734693878
7.88734693878
10.5695918367
9.64591836735
7.67204081633
9.76755102041
9.00510204082
7.56979591837
4.96306122449
4.46326530612
10.9116326531
10.5551020408
12.652244898
12.9208163265
17.4426530612
22.1010204082
20.1642857143
15.0524489796
13.5681632653
13.3295918367
11.562244898
12.1475510204
10.47
7.26653061224
11.7804081633
6.70040816327
8.94244897959
7.69142857143
13.7969387755
15.9979591837
17.6895918367
18.0559183673
18.996122449
17.1314285714
10.8569387755
8.69428571429
5.39469387755
6.7006122449
5.07020408163
6.29551020408
6.65020408163
10.4932653061
10.1248979592
7.0993877551
7.63102040816
9.67918367347
13.0981632653
17.2406122449
20.2169387755
17.7916326531
17.7010204082
14.466122449
18.7263265306
21.176122449
23.7451020408
19.1379591837
17.2951020408
21.8659183673
20.2336734694
21.3969387755
21.276122449
21.5079591837
19.813877551
12.7136734694
14.2212244898
18.2879591837
24.042244898
27.14
28.1244897959
21.2683673469
14.0479591837
19.3887755102
21.8508163265
21.2916326531
23.0420408163
24.6683673469
26.0002040816
23.6008163265
22.4548979592
19.2842857143
14.0730612245
11.7583673469
12.6402040816
13.5948979592
14.7648979592
11.4406122449
15.2412244898
13.2869387755
13.6391836735
12.2093877551
16.6153061224
19.2328571429
15.0285714286
17.5487755102
18.8930612245
16.526122449
18.4624489796
14.5487755102
13.3153061224
16.5114285714
14.1253061224
15.5471428571
20.5326530612
19.2824489796
19.1944897959
23.5591836735
25.5332653061
25.9671428571
24.7230612245
19.2424489796
15.6034693878
16.2865306122
16.5555102041
19.3487755102
22.3591836735
25.946122449
29.756122449
23.4985714286
23.6102040816
22.7195918367
26.0183673469
20.7563265306
19.7353061224
17.0163265306
18.117755102
19.0967346939
24.0089795918
26.8297959184
26.1569387755
20.7710204082
25.4567346939
19.0755102041
19.9771428571
19.0236734694
19.7230612245
18.9634693878
19.3675510204
17.5967346939
22.0951020408
16.3451020408
15.8489795918
18.1185714286
23.8512244898
21.4728571429
22.1402040816
18.9820408163
24.6634693878
30.6002040816
26.6248979592
22.0534693878
17.7926530612
16.9063265306
20.187755102
19.1304081633
21.4740816327
24.8546938776
20.316122449
22.7589795918
16.9691836735
18.6257142857
17.6093877551
21.19
22.6712244898
24.1846938776
24.8148979592
20.71
18.2691836735
16.133877551
16.2557142857
15.4142857143
13.5971428571
13.2995918367
10.8130612245
13.992244898
17.4879591837
20.1406122449
20.1787755102
22.3604081633
16.2844897959
13.5569387755
13.2934693878
16.4971428571
21.5179591837
24.9187755102
22.0230612245
23.3732653061
22.0920408163
20.6151020408
19.5048979592
18.3742857143
17.7789795918
21.0983673469
19.0234693878
18.7532653061
20.6593877551
23.0759183673
20.0124489796
24.3730612245
24.8212244898
19.7787755102
16.7351020408
15.2669387755
13.5846938776
13.5344897959
13.1371428571
16.5553061224
14.332244898
11.5442857143
13.3228571429
13.4953061224
10.077755102
11.2102040816
10.316122449
10.4465306122
11.8534693878
12.3028571429
8.80428571429
11.7424489796
9.95306122449
11.3459183673
10.2997959184
6.21816326531
4.21897959184
8.43857142857
2.52102040816
2.50653061224
5.40755102041
5.94775510204
5.70102040816
7.82306122449
13.806122449
8.65591836735
7.50326530612
8.96448979592
14.653877551
11.526122449
3.13
1.08326530612
2.0606122449
2.15244897959
1.79959183673
0.838979591837
-0.159387755102
-2.35551020408
-4.25734693878
-3.77040816327
-2.82673469388
-2.21326530612
-1.72693877551
-0.768163265306
0.422040816327
-2.96346938776
-1.76
0.395918367347
0.172857142857
0.728979591837
3.84979591837
6.66979591837
11.0557142857
11.2689795918
13.2842857143
10.9316326531
8.02306122449
7.64
8.09836734694
6.78489795918
3.41551020408
2.55428571429
0.908163265306
2.94551020408
8.2912244898
9.98673469388
7.57714285714
6.85836734694
6.5806122449
5.80571428571
5.67653061224
8.14551020408
5.73428571429
5.1906122449
7.41326530612
7.3812244898
6.2112244898
-0.985510204082
-2.70897959184
-1.53571428571
-4.88408163265
-5.19040816327
3.12693877551
4.81591836735
2.73102040816
0.0491836734694
2.20979591837
0.911836734694
-1.68795918367
-2.73632653061
-0.0936734693878
4.03183673469
2.73959183673
6.11571428571
7.29020408163
3.84755102041
1.63428571429
-0.00816326530612
3.2806122449
8.8306122449
8.03040816327
4.44285714286
5.23102040816
5.83571428571
4.19224489796
1.33571428571
-0.127142857143
-2.06183673469
0.532448979592
2.29755102041
2.18
1.79795918367
4.0593877551
3.06918367347
-0.424285714286
-1.81530612245
-3.14959183673
-4.05959183673
-5.58387755102
-6.88816326531
-11.6028571429
-3.20306122449
-1.34897959184
-1.76265306122
-3.39020408163
-2.97387755102
-0.815102040816
-1.26020408163
-2.17693877551
-4.34591836735
-4.22387755102
-5.38346938776
-5.00204081633
-5.85224489796
-5.58244897959
-4.95367346939
-4.2906122449
-5.00346938776
-2.06020408163
-1.50897959184
-0.664489795918
-1.03755102041
0.768979591837
0.44306122449
4.27265306122
5.90142857143
5.26612244898
4.36775510204
2.40265306122
3.23673469388
3.11734693878
3.25816326531
3.57612244898
4.28775510204
8.73897959184
10.3420408163
12.9257142857
13.2473469388
13.4775510204
9.50734693878
7.18673469388
6.99918367347
6.69285714286
9.0406122449
7.47040816327
6.39387755102
10.3189795918
11.8465306122
8.56244897959
6.15020408163
9.46142857143
9.69428571429
9.03714285714
5.72510204082
3.4906122449
2.48489795918
5.92775510204
11.3726530612
9.82326530612
6.71653061224
2.93897959184
-0.624693877551
1.04755102041
4.27244897959
5.7493877551
14.2375510204
13.6302040816
11.297755102
8.88326530612
8.29265306122
8.73530612245
11.396122449
11.3371428571
11.3028571429
14.1079591837
15.2830612245
13.2404081633
16.2528571429
17.272244898
20.0204081633
14.083877551
19.022244898
23.52
25.2785714286
20.0944897959
22.462244898
21.9926530612
17.0240816327
15.0214285714
15.3620408163
13.6493877551
17.5724489796
19.712244898
21.8789795918
15.9185714286
15.8946938776
17.1997959184
21.2012244898
24.5230612245
20.063877551
22.9128571429
21.49
19.2534693878
23.5571428571
17.2391836735
19.9855102041
25.062244898
24.3204081633
16.417755102
12.9083673469
11.607755102
14.2253061224
15.0879591837
13.9653061224
18.2144897959
12.4651020408
12.3124489796
9.62163265306
10.0730612245
13.3487755102
20.782244898
23.7079591837
16.5285714286
16.5034693878
18.8414285714
22.337755102
25.8785714286
29.6330612245
28.5583673469
22.1128571429
24.4224489796
26.3420408163
24.3087755102
24.3257142857
25.1212244898
21.1765306122
23.6744897959
25.9857142857
27.9042857143
27.4506122449
24.2171428571
24.8179591837
27.3267346939
29.0042857143
29.6259183673
25.9908163265
25.8520408163
20.563877551
18.0869387755
16.8942857143
17.3704081633
15.9185714286
17.6659183673
17.3665306122
15.7428571429
19.5406122449
22.9046938776
26.7767346939
27.0010204082
20.3214285714
17.7236734694
20.8424489796
22.0593877551
24.2381632653
21.4969387755
15.5314285714
16.3871428571
20.5669387755
23.0514285714
26.3375510204
28.136122449
23.7408163265
27.777755102
23.6159183673
28.7769387755
32.6720408163
27.5669387755
22.1169387755
26.0404081633
27.2244897959
21.4983673469
23.8587755102
26.4191836735
26.5948979592
20.8514285714
22.9863265306
24.3091836735
26.7106122449
22.9659183673
23.3028571429
17.8334693878
16.0142857143
15.1171428571
18.1730612245
16.96
16.9414285714
14.3765306122
16.666122449
19.9124489796
15.1742857143
16.0030612245
14.3218367347
12.4604081633
14.5069387755
12.9287755102
16.3114285714
15.6230612245
13.8281632653
17.6408163265
18.6885714286
15.6667346939
16.3824489796
15.1187755102
15.8036734694
17.4471428571
14.1957142857
13.653877551
20.2210204082
18.0814285714
14.8618367347
8.97367346939
12.1475510204
14.6714285714
17.8585714286
19.0951020408
19.0108163265
17.8216326531
16.162244898
14.2881632653
15.2342857143
15.2512244898
18.4173469388
19.2432653061
18.5775510204
22.3459183673
20.3163265306
16.5604081633
16.2479591837
19.6318367347
16.9887755102
16.196122449
14.9820408163
16.6367346939
17.5112244898
16.3363265306
16.2897959184
17.1142857143
21.5595918367
21.2255102041
18.5465306122
13.9212244898
14.766122449
12.3753061224
11.9406122449
9.30306122449
14.0216326531
9.9812244898
8.74918367347
8.72346938776
8.84387755102
9.70489795918
8.6787755102
9.98979591837
8.25591836735
7.32979591837
11.1848979592
10.5083673469
5.9787755102
6.47408163265
6.29857142857
10.1889795918
7.23714285714
6.82857142857
7.00346938776
9.92204081633
13.0806122449
11.5155102041
12.9632653061
9.74387755102
11.0573469388
13.0704081633
11.9787755102
9.6093877551
8.78959183673
8.90244897959
6.05081632653
7.58795918367
7.41163265306
6.99081632653
9.67591836735
9.78346938776
7.48408163265
3.19469387755
1.5312244898
0.681836734694
0.355510204082
4.52040816327
6.94836734694
7.37469387755
8.21
6.65836734694
6.10020408163
10.4212244898
6.4606122449
6.26285714286
3.13102040816
1.75102040816
1.47367346939
5.19653061224
2.70653061224
4.21591836735
3.66448979592
7.02897959184
8.70816326531
2.03040816327
1.67285714286
-0.358979591837
-2.42653061224
-3.26775510204
-3.93795918367
0.532448979592
1.53489795918
3.02326530612
7.43755102041
7.68265306122
6.9787755102
6.87448979592
7.63204081633
-1.01387755102
-0.0773469387755
2.29326530612
2.15020408163
-1.77632653061
-4.04244897959
-1.78959183673
-4.27
-11.4116326531
-11.5583673469
-11.3475510204
-12.7683673469
-11.917755102
-10.6151020408
-7.25
-7.49142857143
-4.32571428571
-5.9806122449
-5.73612244898
-2.20714285714
1.04632653061
2.1893877551
1.18510204082
0.981632653061
-0.898979591837
0.0826530612245
-2.3806122449
-8.95326530612
-5.35489795918
-3.41244897959
-2.15163265306
-1.84857142857
0.689387755102
2.48530612245
3.14551020408
4.52571428571
5.03551020408
6.81673469388
6.46102040816
5.59265306122
4.08836734694
3.70816326531
1.99979591837
1.45714285714
-0.353265306122
-0.769387755102
-1.14346938776
-1.19816326531
-0.547755102041
-1.10265306122
1.89306122449
1.06081632653
0.823673469388
1.71020408163
2.33755102041
5.05040816327
7.37367346939
6.96816326531
0.480816326531
-4.35959183673
-3.80244897959
-1.11755102041
-1.28081632653
-2.91265306122
-1.21346938776
-1.31755102041
1.46285714286
1.24673469388
0.568979591837
1.64428571429
1.96755102041
3.14
1.55142857143
1.04204081633
3.76387755102
1.81755102041
2.54673469388
3.74224489796
4.56979591837
5.14224489796
8.30530612245
9.41285714286
10.6357142857
10.3279591837
10.5308163265
6.85795918367
5.62408163265
6.28081632653
7.68387755102
5.73204081633
14.4971428571
11.3028571429
13.5346938776
12.7395918367
18.3628571429
15.7289795918
13.6865306122
11.6430612245
11.7218367347
6.15020408163
8.99
12.5418367347
13.0444897959
10.8971428571
16.1116326531
18.5273469388
20.1340816327
14.7906122449
10.8055102041
14.3593877551
17.7926530612
21.1234693878
22.067755102
18.2087755102
15.5432653061
19.9479591837
24.2367346939
22.1304081633
18.0691836735
20.9124489796
13.596122449
6.4993877551
9.56489795918
8.77714285714
13.272244898
14.7740816327
20.927755102
19.1814285714
12.2116326531
10.2524489796
10.3636734694
10.9102040816
11.9218367347
11.0597959184
13.3032653061
15.3471428571
17.1789795918
12.0159183673
9.38102040816
10.5765306122
13.1812244898
18.7106122449
20.2730612245
21.4804081633
18.3793877551
14.4930612245
10.7940816327
11.9226530612
16.4304081633
18.396122449
14.5565306122
15.9451020408
15.6875510204
16.4579591837
17.8130612245
18.3071428571
15.5336734694
16.2728571429
17.9379591837
20.4042857143
15.5993877551
14.8944897959
17.3887755102
13.4785714286
12.7920408163
13.1702040816
11.7012244898
15.396122449
17.2936734694
16.6765306122
18.062244898
16.956122449
15.8648979592
16.5902040816
18.4289795918
21.6593877551
23.3044897959
28.7406122449
30.4718367347
24.2753061224
21.602244898
24.0202040816
23.3448979592
23.4908163265
26.1314285714
28.2218367347
20.6312244898
19.5928571429
20.0371428571
26.0848979592
22.7636734694
19.4993877551
24.506122449
26.9253061224
26.8659183673
23.5536734694
19.7759183673
21.3097959184
19.1197959184
19.8312244898
21.4085714286
21.2928571429
20.5336734694
17.7040816327
14.4175510204
15.4765306122
14.6648979592
16.2995918367
18.7618367347
16.0810204082
17.6626530612
14.8142857143
16.8440816327
17.1993877551
15.2995918367
15.4355102041
17.9867346939
19.8475510204
15.4083673469
16.6459183673
19.3087755102
20.3271428571
20.4595918367
23.0657142857
18.5514285714
18.3640816327
27.3102040816
21.057755102
21.9753061224
23.8934693878
26.7075510204
27.7073469388
21.5281632653
23.972244898
19.7924489796
17.0883673469
18.0440816327
16.7275510204
17.7851020408
20.1216326531
18.4636734694
24.7255102041
23.0693877551
24.7587755102
26.2989795918
20.4748979592
18.0595918367
19.0942857143
17.0408163265
19.2118367347
18.7655102041
17.1555102041
21.9879591837
19.9353061224
20.5648979592
16.2948979592
21.0426530612
23.9806122449
22.5693877551
18.8073469388
21.3214285714
25.7146938776
24.65
20.0020408163
16.2757142857
14.8873469388
14.153877551
12.1544897959
11.5379591837
10.056122449
12.6304081633
14.0795918367
13.7489795918
13.6553061224
13.5348979592
19.59
18.9032653061
13.7210204082
13.3316326531
13.2428571429
20.0218367347
15.2497959184
10.9346938776
10.0867346939
12.3157142857
15.8887755102
18.616122449
12.8520408163
13.5885714286
15.6473469388
12.0197959184
11.4195918367
10.2514285714
9.39244897959
8.94224489796
8.76918367347
10.5318367347
12.837755102
12.313877551
10.5359183673
11.1665306122
12.1863265306
9.76836734694
10.557755102
7.95346938776
7.44204081633
5.84510204082
6.59489795918
5.70673469388
2.67551020408
5.35918367347
5.51734693878
9.19285714286
8.21040816327
8.95653061224
7.06387755102
5.67693877551
10.7902040816
8.91020408163
9.69795918367
8.31204081633
6.95204081633
5.97795918367
4.7012244898
5.57510204082
3.00755102041
1.9887755102
2.52571428571
2.1193877551
3.01530612245
3.12510204082
1.32816326531
2.33244897959
1.06163265306
2.10306122449
0.64
2.3987755102
0.720204081633
-0.215918367347
-3.06387755102
-4.74020408163
-2.36408163265
2.91795918367
1.11489795918
0.287755102041
-3.06244897959
0.132448979592
4.46571428571
9.44224489796
13.2987755102
10.7624489796
8.03673469388
7.98755102041
8.82204081633
3.29346938776
1.3893877551
1.49795918367
4.99918367347
7.13673469388
9.02530612245
8.86836734694
10.3034693878
9.59408163265
7.37204081633
11.0357142857
7.91653061224
7.71306122449
10.5093877551
10.6459183673
6.36265306122
5.70551020408
4.94612244898
3.80714285714
5.45816326531
3.56224489796
3.32244897959
2.78591836735
4.48775510204
4.69551020408
4.9487755102
3.94244897959
3.10653061224
1.46979591837
3.89816326531
3.67551020408
2.47714285714
5.72265306122
9.06775510204
7.31142857143
7.26591836735
6.98428571429
8.82204081633
5.86285714286
4.02591836735
5.38163265306
6.57469387755
6.37306122449
8.19040816327
6.49183673469
8.5793877551
5.66204081633
2.19816326531
4.14163265306
3.61306122449
3.8906122449
1.74612244898
3.68408163265
5.32428571429
7.3887755102
7.0493877551
3.51612244898
4.05448979592
4.39959183673
4.16
2.79081632653
6.90387755102
4.80387755102
1.30448979592
0.0761224489796
-0.153673469388
0.22693877551
2.91367346939
2.1993877551
0.5
1.82510204082
2.06530612245
1.54
2.63653061224
1.56551020408
2.59714285714
1.42489795918
3.60714285714
2.46469387755
4.91224489796
4.26204081633
2.25775510204
3.06163265306
6.59571428571
7.26775510204
5.63632653061
5.45795918367
6.27428571429
10.4202040816
10.7304081633
9.44775510204
8.00265306122
7.99204081633
6.2093877551
7.23081632653
5.94346938776
7.88224489796
7.79489795918
13.4140816327
8.92469387755
4.99979591837
10.2632653061
12.71
9.73326530612
7.62489795918
13.1769387755
15.5120408163
11.7159183673
6.08040816327
8.05469387755
12.816122449
16.4018367347
10.2604081633
11.0869387755
15.223877551
19.6604081633
14.3955102041
19.7218367347
23.2489795918
17.3430612245
15.872244898
13.48
6.49142857143
8.90551020408
11.1006122449
11.4757142857
14.2646938776
10.8536734694
15.6036734694
18.2657142857
20.2808163265
15.9702040816
15.5787755102
16.1179591837
18.1648979592
19.0569387755
21.5475510204
16.8779591837
22.0332653061
21.8744897959
19.2785714286
23.1426530612
23.4553061224
22.9951020408
23.8897959184
23.15
20.9967346939
14.7891836735
15.3569387755
12.3275510204
11.9385714286
14.3165306122
18.8095918367
21.3026530612
25.3957142857
26.8497959184
25.7906122449
21.0816326531
19.2159183673
19.3367346939
15.7714285714
16.5618367347
15.9355102041
19.8012244898
18.4044897959
15.2432653061
12.2153061224
15.7714285714
16.5991836735
18.5793877551
21.9146938776
18.6306122449
16.8067346939
22.5102040816
24.9540816327
22.9687755102
21.0153061224
22.7704081633
23.6648979592
17.3275510204
14.6353061224
19.643877551
18.3212244898
14.9685714286
15.8185714286
16.6691836735
20.7016326531
20.8297959184
23.8946938776
24.4442857143
25.4753061224
23.3479591837
18.3185714286
18.6583673469
22.8932653061
25.2228571429
23.3469387755
22.1644897959
21.7087755102
20.3653061224
23.6120408163
26.8042857143
22.0528571429
21.8948979592
17.0397959184
16.2885714286
13.9034693878
16.8379591837
16.0993877551
19.5710204082
23.8151020408
21.5693877551
26.0193877551
29.4640816327
23.0948979592
22.9795918367
27.8651020408
20.7679591837
22.2004081633
19.896122449
19.3495918367
21.477755102
26.2767346939
19.1155102041
17.2659183673
20.2875510204
22.0240816327
24.2210204082
27.9755102041
28.7920408163
27.2218367347
27.3844897959
25.2071428571
26.4387755102
23.8995918367
28.4616326531
27.0851020408
22.9797959184
23.4385714286
27.4563265306
26.0587755102
19.7283673469
18.2704081633
18.2034693878
18.4142857143
19.1089795918
16.5373469388
16.9579591837
17.9959183673
25.6924489796
22.1255102041
19.3393877551
22.4824489796
25.2248979592
17.7404081633
14.3069387755
18.0102040816
17.862244898
19.6155102041
19.83
20.412244898
21.9993877551
23.8712244898
19.6014285714
17.1171428571
14.1544897959
12.7771428571
13.8075510204
12.5593877551
15.3475510204
17.0702040816
13.9524489796
14.5283673469
13.2442857143
18.8220408163
15.7351020408
13.5297959184
14.2589795918
18.5228571429
19.9479591837
19.3179591837
15.3581632653
14.1193877551
14.8273469388
16.7789795918
14.9063265306
12.3404081633
13.8824489796
11.8206122449
10.6820408163
11.0204081633
17.4757142857
17.307755102
9.07469387755
12.3463265306
17.05
15.5287755102
15.5783673469
13.3485714286
13.9671428571
15.18
14.6944897959
11.9304081633
12.6379591837
13.646122449
10.6718367347
10.6163265306
10.1493877551
10.5193877551
16.2259183673
15.4928571429
10.6432653061
5.48653061224
6.90224489796
7.73020408163
7.33020408163
2.30714285714
4.0512244898
4.18632653061
4.62591836735
6.26836734694
7.95632653061
8.30897959184
8.01163265306
10.2773469388
11.1816326531
9.28979591837
8.02857142857
9.28857142857
9.59244897959
8.62183673469
8.55897959184
7.00244897959
2.26530612245
-0.639183673469
-4.67285714286
-1.37959183673
1.98571428571
4.9512244898
4.74530612245
5.64571428571
3.26734693878
7.22714285714
3.21326530612
4.50408163265
1.7687755102
1.30244897959
7.61346938776
6.51163265306
3.9012244898
3.69265306122
3.91102040816
5.79816326531
8.98163265306
8.76959183673
5.93020408163
5.94775510204
6.05510204082
2.96959183673
-1.31510204082
-1.04102040816
3.26428571429
7.52081632653
3.6793877551
3.74183673469
6.60816326531
6.93204081633
8.39244897959
6.33755102041
7.32673469388
7.21571428571
7.72367346939
8.9493877551
4.50979591837
3.89265306122
5.8987755102
6.8187755102
3.80857142857
3.51959183673
4.15387755102
3.90040816327
4.59795918367
8.65163265306
8.32775510204
6.86489795918
5.29857142857
7.65530612245
8.17387755102
7.56693877551
5.62775510204
5.85918367347
4.96428571429
4.27387755102
2.71918367347
0.241836734694
4.03163265306
6.21306122449
4.61
2.03306122449
1.47612244898
3.70040816327
3.5612244898
0.204081632653
0.35306122449
1.92102040816
2.20204081633
2.71469387755
0.190816326531
0.168775510204
-0.698367346939
1.69979591837
6.74306122449
8.98857142857
5.34551020408
4.28551020408
4.09632653061
2.27734693878
4.26918367347
5.74142857143
5.6206122449
4.17408163265
5.49775510204
4.75224489796
8.23387755102
11.7618367347
11.5693877551
6.48204081633
4.32040816327
5.44673469388
5.18632653061
7.89
5.57897959184
3.73163265306
4.24734693878
5.40163265306
6.84897959184
9.2612244898
8.29469387755
10.3324489796
16.9040816327
16.8993877551
9.24306122449
9.7487755102
13.6581632653
15.2812244898
10.0069387755
11.0328571429
8.85285714286
7.5306122449
9.69265306122
9.3287755102
7.00142857143
10.4032653061
9.32959183673
7.24326530612
11.8346938776
9.34448979592
7.94265306122
10.3991836735
14.3002040816
19.3091836735
21.7302040816
14.1281632653
20.4563265306
18.7306122449
12.4673469388
5.76979591837
4.52795918367
4.5593877551
2.45224489796
9.44510204082
9.3206122449
11.6365306122
13.657755102
13.6136734694
18.2114285714
18.2959183673
12.9697959184
13.0006122449
8.22551020408
11.0542857143
8.89387755102
10.086122449
7.54306122449
10.876122449
12.7079591837
10.3897959184
9.61244897959
16.3124489796
18.4104081633
12.5802040816
6.26142857143
5.23244897959
10.9165306122
11.5059183673
16.1279591837
18.3712244898
20.2565306122
19.8710204082
22.6075510204
15.2408163265
12.0359183673
17.3485714286
22.4434693878
15.6069387755
15.2967346939
13.7793877551
14.3608163265
15.1928571429
18.9830612245
21.5440816327
22.6163265306
23.7751020408
25.813877551
25.3648979592
23.3930612245
20.9826530612
23.7497959184
24.9885714286
25.2740816327
26.297755102
21.8469387755
23.67
22.0597959184
22.0995918367
15.1885714286
18.653877551
14.2848979592
14.2842857143
13.002244898
13.8404081633
15.153877551
13.4373469388
15.0589795918
17.9873469388
23.0516326531
17.8334693878
21.7606122449
22.4932653061
22.6836734694
22.8024489796
21.463877551
23.9465306122
24.4844897959
25.126122449
26.4820408163
27.9318367347
19.943877551
22.3534693878
21.86
25.7532653061
26.9642857143
25.5518367347
17.6473469388
18.6536734694
19.1489795918
21.8187755102
17.6214285714
15.7065306122
22.1832653061
28.2195918367
29.712244898
29.8148979592
25.7532653061
22.09
21.3924489796
21.29
24.0565306122
23.0171428571
16.9516326531
16.7842857143
18.2797959184
19.0763265306
18.5406122449
18.2726530612
23.9667346939
26.107755102
28.8993877551
26.4030612245
27.0946938776
24.7126530612
25.3314285714
22.1012244898
21.9383673469
24.4532653061
23.6044897959
17.6146938776
16.0540816327
14.8542857143
18.4595918367
19.8467346939
23.5210204082
25.2906122449
24.1885714286
22.4753061224
22.6106122449
25.126122449
24.3744897959
21.8040816327
24.3234693878
25.0328571429
28.556122449
32.6475510204
23.5885714286
23.6040816327
27.0967346939
28.6724489796
31.0551020408
28.0848979592
22.0395918367
23.9567346939
17.993877551
16.5736734694
18.2618367347
12.877755102
14.9767346939
19.0104081633
22.2510204082
18.1985714286
15.9991836735
13.0553061224
16.9328571429
16.8824489796
20.0659183673
22.436122449
23.5220408163
23.2753061224
21.7204081633
21.0957142857
21.4540816327
16.7130612245
17.8832653061
16.6989795918
18.952244898
23.3395918367
26.406122449
24.7179591837
23.0924489796
24.9665306122
24.9571428571
17.5969387755
14.4502040816
17.3412244898
17.0412244898
13.333877551
14.6265306122
13.367755102
13.4487755102
13.6544897959
12.5481632653
13.466122449
14.7936734694
17.6373469388
12.3069387755
9.98081632653
9.33612244898
8.74326530612
10.3510204082
11.6040816327
13.1304081633
13.1993877551
12.4616326531
11.8675510204
13.0271428571
15.8834693878
17.2891836735
15.5526530612
13.5232653061
19.3989795918
20.8912244898
21.1159183673
18.217755102
16.9204081633
18.2006122449
18.2991836735
18.0316326531
12.8053061224
15.3573469388
12.1293877551
12.3030612245
14.1024489796
11.3589795918
10.4926530612
9.00428571429
7.06081632653
6.20326530612
7.16591836735
8.52102040816
8.12836734694
10.3855102041
11.5179591837
9.51183673469
7.55326530612
7.66387755102
5.49551020408
4.88734693878
4.56183673469
4.87469387755
7.94918367347
7.07612244898
5.28306122449
1.40510204082
2.96183673469
-0.0257142857143
1.71142857143
4.65673469388
5.74346938776
2.22612244898
0.745510204082
1.14714285714
2.42551020408
3.61918367347
2.32673469388
3.36408163265
2.77673469388
5.19142857143
0.1
2.33755102041
1.02693877551
-1.2093877551
1.50244897959
7.4593877551
10.9485714286
10.1224489796
14.8244897959
14.2308163265
11.8591836735
11.5418367347
9.63959183673
12.5251020408
11.7371428571
7.11265306122
7.54489795918
8.48204081633
3.5106122449
-0.0161224489796
-1.35204081633
-1.55306122449
-1.84448979592
-1.25102040816
-0.873469387755
-0.639183673469
-0.855714285714
-0.73612244898
-0.267142857143
-0.199795918367
-0.42693877551
-0.618979591837
1.86571428571
2.33367346939
2.63285714286
5.57
0.504693877551
2.92836734694
4.19591836735
7.88346938776
8.70734693878
4.42265306122
3.59897959184
4.39040816327
8.07836734694
6.9006122449
8.43306122449
7.07428571429
10.9006122449
8.54959183673
6.45755102041
8.79510204082
5.88285714286
7.10653061224
10.0381632653
9.70959183673
8.79183673469
11.4397959184
8.07693877551
10.7785714286
10.9010204082
12.0571428571
13.6514285714
6.9193877551
6.04142857143
6.4606122449
5.1587755102
3.25489795918
6.07183673469
3.90918367347
3.9593877551
6.1987755102
10.1465306122
12.5859183673
15.4795918367
15.0204081633
13.9628571429
14.8985714286
16.6348979592
14.2781632653
11.1465306122
3.55755102041
7.07979591837
8.17081632653
2.92714285714
4.4787755102
5.02530612245
5.82897959184
7.65693877551
10.1653061224
12.943877551
10.0051020408
10.3167346939
17.3310204082
13.5636734694
11.4581632653
12.7102040816
14.4195918367
16.4765306122
18.8126530612
19.1230612245
19.0487755102
12.473877551
13.8079591837
14.6518367347
11.8083673469
11.1332653061
7.85632653061
7.1787755102
8.25693877551
5.48897959184
9.89571428571
13.3951020408
17.0510204082
19.396122449
18.7091836735
13.3430612245
7.83489795918
7.61591836735
9.90959183673
9.80612244898
8.05448979592
9.02775510204
11.5146938776
10.4302040816
11.5934693878
11.9589795918
10.9812244898
8.38959183673
8.45285714286
9.10265306122
9.98428571429
10.6855102041
14.6708163265
16.162244898
15.8104081633
12.5651020408
12.6473469388
12.7806122449
17.006122449
10.9730612245
10.3583673469
16.4226530612
19.96
23.1355102041
23.4516326531
21.8881632653
23.5936734694
25.0306122449
25.3804081633
24.3848979592
22.12
22.0163265306
22.3397959184
16.8310204082
16.3440816327
15.6685714286
15.5106122449
20.1118367347
21.0571428571
20.0267346939
15.3036734694
19.1844897959
20.7791836735
21.0904081633
21.0383673469
23.1626530612
19.3165306122
13.0716326531
15.3126530612
16.8785714286
12.7804081633
17.6224489796
20.0065306122
22.1228571429
25.047755102
18.1297959184
16.8657142857
15.3132653061
17.103877551
18.0146938776
15.153877551
13.5893877551
14.2953061224
12.6453061224
14.6240816327
15.5430612245
14.4614285714
13.6667346939
14.8781632653
18.5906122449
22.2151020408
22.01
24.667755102
19.2681632653
20.0810204082
18.4014285714
17.3128571429
20.7257142857
22.8108163265
28.2018367347
26.376122449
25.483877551
27.2136734694
25.7142857143
19.4232653061
17.9497959184
16.3263265306
19.6732653061
17.9644897959
15.6814285714
16.5240816327
21.066122449
20.4704081633
16.8565306122
19.4334693878
25.5316326531
24.2336734694
20.8806122449
24.3471428571
27.9114285714
19.7583673469
15.8144897959
20.4302040816
25.8393877551
27.38
22.8634693878
19.4818367347
18.8830612245
19.097755102
24.7491836735
27.057755102
30.6483673469
24.713877551
26.7551020408
29.3226530612
30.4920408163
29.7910204082
31.4389795918
33.0471428571
31.6763265306
22.3765306122
19.4240816327
21.9726530612
24.6663265306
21.5467346939
26.3010204082
31.6763265306
29.0410204082
24.9124489796
24.2442857143
19.902244898
18.6534693878
17.2975510204
20.1540816327
20.3885714286
14.3665306122
18.7548979592
21.5928571429
26.1344897959
27.9373469388
24.2004081633
25.2253061224
27.8853061224
28.6879591837
26.1993877551
20.0928571429
13.17
17.9359183673
15.7965306122
17.0830612245
15.6710204082
16.1820408163
13.457755102
17.1597959184
15.6634693878
12.2834693878
16.3267346939
17.0106122449
16.4375510204
18.3353061224
14.0844897959
16.2367346939
17.0087755102
15.0034693878
18.2593877551
12.753877551
12.0136734694
11.7865306122
15.4971428571
12.7765306122
12.2995918367
12.4995918367
12.3469387755
14.2940816327
17.9206122449
18.52
16.9014285714
16.1779591837
17.8712244898
13.5065306122
12.9457142857
16.1624489796
15.8375510204
10.0632653061
12.3251020408
12.6824489796
15.9344897959
21.4673469388
20.062244898
22.2132653061
23.1132653061
19.2251020408
17.6240816327
16.3812244898
18.706122449
14.5418367347
10.7206122449
10.352244898
13.2246938776
12.6906122449
15.7153061224
12.7706122449
11.1581632653
11.1348979592
9.7093877551
9.73551020408
10.8310204082
10.423877551
8.29387755102
7.42408163265
4.73265306122
3.57510204082
5.04530612245
5.88
5.48551020408
7.62795918367
6.03959183673
7.8693877551
9.46285714286
8.50204081633
9.67979591837
9.6287755102
8.63020408163
11.8997959184
10.0593877551
5.95408163265
7.91408163265
5.5006122449
3.29714285714
2.25551020408
3.66387755102
4.4187755102
5.3212244898
5.96367346939
3.53816326531
4.36367346939
2.04489795918
-0.267551020408
1.77081632653
3.1587755102
5.22816326531
3.42163265306
0.793673469388
0.545306122449
-1.42040816327
1.59346938776
1.11857142857
0.464897959184
1.77693877551
1.91489795918
1.54897959184
-1.30387755102
-1.06510204082
-0.248163265306
-0.640612244898
-1.37693877551
0.622448979592
1.89163265306
2.76959183673
4.36510204082
3.03081632653
1.81081632653
3.6393877551
5.32040816327
3.17653061224
10.3871428571
9.62346938776
4.75591836735
