-3.36231788079
-4.39139072848
-9.36324503311
-11.0293377483
-1.66443708609
0.244304635762
-0.299271523179
-1.50887417219
-2.74225165563
-5.17986754967
-9.25940397351
-11.151192053
-11.5004635762
-13.0329801325
-11.082781457
-10.2501986755
-7.54582781457
-9.32880794702
-10.2816556291
-7.95331125828
-6.35397350993
-2.78463576159
0.012119205298
-0.241986754967
-0.475165562914
-2.90695364238
-7.68092715232
-12.6468874172
-4.97993377483
-1.23125827815
3.14735099338
-4.2657615894
-4.16238410596
0.679536423841
-0.0464900662252
0.0176158940397
3.12973509934
2.4898013245
1.12119205298
1.45324503311
2.18741721854
0.47
0.33417218543
0.590728476821
-0.800397350993
-3.18562913907
1.5980794702
0.715761589404
-0.523112582781
-3.87397350993
-3.55841059603
-2.72225165563
-3.36986754967
-3.2980794702
-1.88125827815
-3.18543046358
-2.17622516556
-3.79655629139
-4.17390728477
-0.702185430464
2.41960264901
-0.31178807947
-4.27503311258
-5.17370860927
-4.32642384106
-2.44046357616
3.15132450331
-0.486754966887
1.08245033113
0.504503311258
2.06026490066
1.63437086093
1.33549668874
0.279602649007
-0.0622516556291
-0.156953642384
1.87781456954
1.59430463576
-3.15470198675
-4.83556291391
-5.88039735099
-1.28324503311
-1.01536423841
-0.0764238410596
-0.146622516556
1.99271523179
1.15304635762
9.34562913907
4.03145695364
1.57046357616
-0.27642384106
5.11430463576
2.10953642384
1.28132450331
-0.549602649007
-1.38854304636
-2.62735099338
-0.849933774834
0.181390728477
0.0748344370861
-0.54178807947
1.59682119205
-0.409271523179
0.721390728477
1.89562913907
3.68754966887
4.77754966887
5.10715231788
3.99543046358
0.674039735099
-1.45006622517
-1.51132450331
-1.15357615894
0.0594701986755
0.851324503311
0.773178807947
1.2617218543
3.11105960265
3.40900662252
1.97509933775
3.68728476821
6.67529801325
4.58086092715
2.58529801325
1.62397350993
-0.838344370861
1.05867549669
6.50682119205
3.54218543046
2.9380794702
0.607880794702
2.20655629139
5.23284768212
5.1619205298
3.67158940397
1.91582781457
0.295099337748
1.95271523179
6.63688741722
5.24854304636
8.24649006623
6.89437086093
4.90298013245
1.00350993377
6.43543046358
6.34450331126
4.29503311258
6.33635761589
9.62814569536
8.24960264901
7.29741721854
3.55039735099
7.60271523179
5.19066225166
5.2361589404
11.0797350993
10.5810596026
12.6642384106
9.96039735099
11.9074172185
11.9091390728
12.9232450331
12.027615894
8.30582781457
12.5623178808
15.7498013245
12.3733774834
9.56026490066
11.2004635762
9.39026490066
9.00410596026
7.27079470199
8.04066225166
7.9178807947
7.36132450331
7.89735099338
8.28841059603
6.40589403974
7.53900662252
6.26205298013
8.71900662252
8.55635761589
8.56821192053
8.58470198675
9.90410596026
8.7519205298
10.6597350993
8.96145695364
11.1315231788
11.179205298
10.9455629139
11.0962251656
11.0266225166
9.18794701987
8.39682119205
8.92715231788
11.1399337748
9.35119205298
6.72874172185
9.92966887417
11.0036423841
13.3037748344
8.72397350993
7.3457615894
6.27430463576
9.7701986755
11.3701324503
13.4254966887
13.2422516556
15.8361589404
14.1742384106
13.9856291391
11.5678807947
9.89437086093
13.4705960265
16.3437086093
15.4138410596
13.667615894
11.537615894
9.91887417219
13.8625165563
12.0087417219
9.80350993377
10.1331125828
9.7298013245
8.28874172185
8.4457615894
10.6190728477
13.4228476821
13.9234437086
13.1631788079
12.6691390728
11.6770198675
11.3137748344
8.16940397351
8.24735099338
7.08516556291
5.27072847682
4.63503311258
8.41735099338
11.2456953642
13.521192053
11.9311258278
11.2158940397
9.07397350993
5.63966887417
4.59218543046
10.1270198675
13.6044370861
10.1620529801
7.38721854305
8.41549668874
9.92397350993
8.5859602649
10.3820529801
10.4739072848
9.4101986755
9.49847682119
10.7021854305
8.5340397351
9.49278145695
9.33741721854
8.81794701987
12.4022516556
11.8149006623
14.0890066225
12.6520529801
12.4559602649
10.4736423841
7.62198675497
5.6142384106
7.5017218543
7.20198675497
9.14450331126
5.25278145695
7.06205298013
4.24503311258
2.40695364238
4.71291390728
3.28556291391
8.25006622517
5.19198675497
3.25092715232
1.51033112583
-0.0598013245033
3.45894039735
3.89198675497
2.82973509934
1.21437086093
3.2482781457
7.11913907285
5.82900662252
1.66298013245
0.860331125828
1.43748344371
3.21675496689
5.46033112583
6.54105960265
4.0961589404
1.41218543046
3.14125827815
9.10940397351
6.48026490066
2.14231788079
-1.1782781457
-3.35470198675
-6.39523178808
-6.1717218543
-6.04821192053
-6.03569536424
-3.8759602649
-3.45887417219
-5.07417218543
-4.05450331126
-4.01549668874
-3.51119205298
-1.55357615894
-0.180662251656
0.572516556291
0.415364238411
7.63543046358
8.63602649007
4.5157615894
2.08867549669
4.02298013245
5.10761589404
7.45152317881
8.09317880795
7.62119205298
4.24337748344
-0.111854304636
-4.87503311258
-2.00986754967
-2.33715231788
-3.91225165563
-9.46264900662
-10.8425827815
-7.74112582781
-7.74357615894
-10.047218543
-7.44483443709
-12.1237086093
-12.221986755
-6.41066225166
-5.98536423841
-1.47649006623
0.737152317881
0.782715231788
3.54728476821
3.22821192053
-1.14278145695
-2.84894039735
-2.96072847682
-4.48152317881
-5.92364238411
0.425099337748
0.0228476821192
1.05185430464
6.67516556291
3.81052980132
-0.255960264901
-2.53953642384
-5.42377483444
-3.95410596026
0.129867549669
0.477218543046
-1.47264900662
-1.29536423841
1.8778807947
-1.75284768212
-2.78370860927
-4.06357615894
-10.6211258278
-14.2610596026
-6.32026490066
-2.79655629139
-7.9021192053
-9.34317880795
-5.66205298013
-7.16708609272
-2.5642384106
-4.55086092715
-3.55284768212
-2.00973509934
-3.09490066225
-3.36291390728
-7.63430463576
-10.3241721854
-10.9732450331
-7.74291390728
-3.82655629139
-4.46543046358
-7.67066225166
-2.59059602649
-6.85940397351
-9.24271523179
-6.3959602649
-6.99781456954
-5.61516556291
-1.71370860927
-0.201059602649
-1.93880794702
-2.10847682119
2.61483443709
3.84033112583
3.19735099338
-0.826225165563
-4.41026490066
-8.4219205298
-9.52132450331
-9.76006622517
-9.43317880795
-8.91635761589
-3.43490066225
-4.99185430464
-5.61046357616
-7.0217218543
-9.11112582781
-8.72
-9.26483443709
-6.55503311258
-4.53490066225
-4.59675496689
-6.91768211921
-5.90695364238
-1.5042384106
0.394304635762
0.740066225166
-2.54218543046
-3.36139072848
-3.60503311258
3.74854304636
7.61801324503
8.74642384106
8.36119205298
10.2456291391
6.88556291391
4.98728476821
3.71086092715
0.564569536424
-0.771258278146
-1.04026490066
-1.19708609272
-0.714768211921
1.98496688742
1.93602649007
4.97549668874
0.573509933775
7.77675496689
8.40986754967
5.47649006623
2.46509933775
2.56589403974
4.65245033113
5.29960264901
8.45476821192
8.79033112583
9.75509933775
7.18218543046
3.99761589404
2.59026490066
1.84986754967
2.61940397351
7.21337748344
5.00496688742
3.41225165563
5.28231788079
8.16443708609
9.3
5.63927152318
2.48695364238
1.23470198675
-2.42834437086
-3.66860927152
-1.48072847682
0.104105960265
-2.90549668874
0.733907284768
-1.65337748344
-4.20198675497
-0.37761589404
5.20701986755
2.69582781457
0.275695364238
2.26278145695
5.67397350993
2.02132450331
-1.24602649007
-1.24715231788
0.564370860927
2.78238410596
-0.216953642384
7.26165562914
7.38622516556
7.18066225166
9.84582781457
11.2590066225
7.3280794702
9.87490066225
11.0743708609
10.3656953642
8.32264900662
7.8540397351
4.71774834437
7.27589403974
10.3851655629
13.8441059603
11.8384768212
6.44536423841
8.64543046358
5.94205298013
8.07801324503
8.3459602649
6.67026490066
9.17589403974
11.351589404
11.6452980132
14.7839072848
13.8992715232
14.0247019868
9.92629139073
9.5657615894
12.6478807947
11.4660264901
13.918807947
14.9241059603
11.1870860927
7.33105960265
10.0180794702
4.26145695364
8.63894039735
16.5974172185
10.0085430464
6.88913907285
7.06947019868
5.92642384106
5.36052980132
7.28860927152
8.19059602649
7.71
9.5917218543
9.08112582781
9.76913907285
10.9605960265
13.2943708609
8.21483443709
7.05874172185
10.3860264901
11.0270860927
11.2817880795
8.66629139073
9.6701986755
12.8676821192
12.639205298
13.2431125828
15.5011258278
15.4636423841
16.2572847682
15.6262913907
13.4236423841
11.6884768212
10.9949668874
12.1417880795
12.2903311258
9.20695364238
7.9640397351
6.50900662252
10.9343046358
12.7709933775
11.3987417219
9.89728476821
9.82205298013
9.52801324503
11.0345033113
10.5682781457
12.9778145695
12.4033774834
7.51
14.6788741722
14.89
14.5473509934
15.0652317881
15.8758940397
14.9797350993
15.2441059603
15.6244370861
14.810794702
14.0811258278
13.7586092715
12.8332450331
11.5835099338
12.3581456954
14.151589404
11.7925165563
7.00774834437
6.47304635762
8.50748344371
11.0333774834
9.44397350993
8.03887417219
8.30410596026
10.2760927152
7.49033112583
9.57119205298
10.8421192053
10.2360264901
9.47642384106
9.04894039735
6.43231788079
8.45794701987
8.71609271523
7.12410596026
6.40324503311
6.19834437086
6.66781456954
7.28768211921
11.5892715232
13.13
10.6905960265
10.8037086093
12.409205298
8.88741721854
5.76039735099
5.99463576159
11.540794702
10.9706622517
9.45602649007
10.1429139073
10.3831125828
14.9421854305
13.7587417219
8.58205298013
6.02125827815
6.01543046358
7.95066225166
7.83894039735
6.29682119205
8.18589403974
4.6598013245
6.29589403974
7.58046357616
7.79913907285
5.01245033113
8.34463576159
9.68370860927
8.93701986755
6.83609271523
6.3842384106
4.27642384106
3.95470198675
2.29304635762
2.58139072848
1.02344370861
3.47735099338
1.04483443709
0.700860927152
6.6119205298
6.12695364238
6.70145695364
2.40205298013
0.645496688742
0.995761589404
-0.877483443709
-0.227350993377
2.49251655629
2.47370860927
2.09933774834
4.78350993377
4.45894039735
5.26516556291
4.22841059603
9.85589403974
7.1921192053
6.28536423841
2.09754966887
2.35947019868
-1.94682119205
-2.40741721854
-2.88655629139
-3.23483443709
-2.95311258278
-1.42947019868
2.08231788079
0.796225165563
-2.44079470199
-5.70536423841
-4.46682119205
0.981456953642
4.41417218543
3.97
7.62748344371
9.28364238411
7.76748344371
-0.0211920529801
-1.31649006623
-1.04052980132
1.47476821192
-1.20152317881
-1.36960264901
-0.677417218543
-1.70470198675
-2.97264900662
-5.29258278146
-1.43304635762
-1.27536423841
-1.1680794702
-0.302516556291
-0.118079470199
-2.51794701987
-4.74642384106
-5.38225165563
-7.55317880795
-14.9856291391
-9.69701986755
-7.86086092715
-11.8475496689
-14.0003311258
-10.0203311258
-12.5917218543
-10.9206622517
-10.1525165563
-5.16476821192
-3.32649006623
-3.85841059603
-2.7980794702
-3.62675496689
-8.39927152318
-7.67490066225
-4.54344370861
-0.237417218543
2.05357615894
2.34821192053
1.74682119205
3.15860927152
4.19728476821
5.59291390728
-8.67258278146
-12.2945033113
-13.0525165563
-11.427615894
-17.3275496689
-16.4344370861
-12.4183443709
-14.4557615894
-16.1978145695
-13.999205298
-7.11682119205
-8.07125827815
-8.69390728477
-5.04052980132
-5.46748344371
-4.91231788079
-3.39529801325
-1.27377483444
-3.57271523179
-3.78476821192
-2.77761589404
-0.602251655629
-5.28920529801
-1.09344370861
1.3559602649
-1.94364238411
-4.76271523179
-6.34066225166
-8.00562913907
-7.71529801325
-5.98629139073
-1.87569536424
0.839470198675
-0.107549668874
-1.22642384106
-0.759006622517
-0.196887417219
0.762251655629
-0.444635761589
-1.59629139073
-0.022582781457
-1.5217218543
-2.01635761589
-2.70556291391
-5.75655629139
-7.1921192053
-7.01443708609
-6.9201986755
-5.8317218543
-9.61629139073
-9.69072847682
-7.19701986755
-7.33079470199
-2.9342384106
2.7961589404
0.850728476821
0.638278145695
2.1519205298
-1.70894039735
-3.00496688742
-4.04953642384
-1.77708609272
-2.42364238411
0.135099337748
-0.37298013245
-0.948675496689
-1.01715231788
-1.64198675497
0.44701986755
2.10682119205
0.60298013245
-0.138278145695
-1.92238410596
-1.80715231788
0.5
-0.187086092715
0.78059602649
-2.18662251656
-1.63443708609
-0.024238410596
1.2742384106
1.88682119205
2.24529801325
1.80993377483
0.266490066225
-1.11410596026
1.82350993377
4.03377483444
0.298410596026
1.63324503311
5.1617218543
6.75390728477
-0.262251655629
-1.28668874172
-1.06264900662
-0.991523178808
-2.72894039735
-2.10324503311
-3.07701986755
-1.90841059603
0.663973509934
3.35483443709
0.49821192053
-0.907549668874
4.00006622517
3.44708609272
2.15920529801
-0.316887417219
1.14774834437
1.9638410596
2.94523178808
2.47642384106
4.07668874172
1.08847682119
-1.11523178808
1.3421192053
-0.980066225166
1.09880794702
5.01556291391
4.78543046358
1.23046357616
2.27860927152
0.940662251656
3.09033112583
5.56768211921
4.71039735099
2.32370860927
4.0217218543
5.13390728477
7.57198675497
9.71198675497
11.5404635762
9.98198675497
11.7251655629
8.14105960265
11.879205298
11.7550331126
9.44682119205
7.64238410596
6.52682119205
7.25304635762
9.72337748344
9.62655629139
6.51741721854
6.71430463576
8.31986754967
11.9911258278
15.0764238411
14.2757615894
15.2199337748
15.9128476821
15.5934437086
14.7712582781
12.63
12.712384106
9.05668874172
11.919602649
9.80370860927
8.03887417219
7.29337748344
5.13966887417
6.03496688742
6.85966887417
6.22238410596
9.53536423841
10.2417218543
9.07933774834
10.1173509934
12.788013245
11.5675496689
9.00854304636
13.6464238411
11.4086754967
10.2119205298
9.37953642384
9.38
7.7259602649
11.5674834437
15.1010596026
10.8029801325
7.98072847682
11.0291390728
11.5393377483
9.4142384106
11.9696688742
14.1907284768
16.180397351
14.9887417219
16.1774172185
15.581192053
15.6548344371
14.1674172185
14.5560927152
12.8309271523
11.0111258278
13.3257615894
15.7894039735
14.6654966887
13.3827152318
15.321986755
14.4205298013
12.5727152318
11.4578807947
9.00682119205
14.1778807947
12.921192053
15.5019205298
13.8448344371
14.9317218543
16.0194701987
16.2357615894
14.0025165563
13.5338410596
14.8154966887
14.8980794702
14.2875496689
13.4138410596
9.2582781457
11.5309933775
13.7238410596
12.6195364238
10.5138410596
12.8921854305
12.4320529801
11.3138410596
11.9962913907
8.77913907285
8.04768211921
8.23960264901
8.33913907285
10.46
11.4515231788
9.83741721854
11.8368874172
9.90132450331
7.65370860927
8.02503311258
10.9225827815
9.55165562914
9.12543046358
4.65602649007
7.72231788079
9.27476821192
14.5254966887
12.0806622517
11.1754966887
9.83940397351
10.2389403974
11.3131788079
12.6447682119
12.028410596
10.6661589404
11.0617880795
12.0458278146
12.3379470199
11.4315231788
12.4774834437
11.6913907285
15.0628476821
8.02238410596
5.46086092715
6.64205298013
7.9117218543
10.9245033113
8.8542384106
7.50562913907
7.75668874172
9.45655629139
10.5413907285
9.54390728477
9.35874172185
7.15913907285
5.21231788079
8.39589403974
4.15437086093
7.31701986755
7.50543046358
7.20761589404
7.27953642384
7.67238410596
6.81509933775
7.37
6.78556291391
3.21768211921
4.72397350993
6.07900662252
6.55430463576
4.97165562914
6.44781456954
6.21986754967
6.11099337748
4.84649006623
1.74198675497
1.63039735099
6.57079470199
8.22966887417
4.92894039735
5.72410596026
3.71847682119
3.96900662252
6.32933774834
6.19509933775
6.29390728477
2.22721854305
-2.83927152318
-2.15728476821
2.21629139073
8.20516556291
7.65536423841
5.55324503311
3.31900662252
4.21635761589
0.324105960265
-0.949536423841
-1.31264900662
-0.274238410596
2.65536423841
5.04470198675
3.41556291391
2.6278807947
2.85377483444
6.29913907285
3.86370860927
2.34139072848
3.15218543046
2.61947019868
0.115960264901
-0.571920529801
-1.4857615894
-2.3042384106
-2.14523178808
-1.3119205298
-2.1159602649
-0.791589403974
-0.125364238411
0.438874172185
4.68344370861
4.07145695364
2.46324503311
0.705894039735
-0.764437086093
-0.988741721854
-2.93079470199
-2.39556291391
3.04350993377
-0.894503311258
-1.38841059603
-2.42927152318
-1.83907284768
1.49264900662
0.341589403974
-1.74304635762
-4.25509933775
-2.33986754967
-0.170397350993
1.61258278146
0.431390728477
-1.20774834437
-1.77556291391
-4.17132450331
-4.68490066225
-4.51900662252
-1.45854304636
4.29331125828
2.11291390728
6.43119205298
1.53841059603
-0.201523178808
-0.72119205298
2.08218543046
4.71225165563
0.0603973509934
-0.984105960265
-1.68059602649
-0.644900662252
2.67549668874
4.21390728477
-0.0441721854305
-1.84357615894
-2.20430463576
-1.10079470199
1.47298013245
-2.97728476821
-4.08099337748
-3.37536423841
1.26271523179
6.01556291391
5.71006622517
4.1082781457
-1.99245033113
-2.19966887417
-0.303841059603
-1.57370860927
-3.61940397351
-5.01569536424
-4.87039735099
-1.1519205298
-2.08430463576
-6.73112582781
-7.68463576159
-5.98894039735
-7.1857615894
-4.49536423841
-10.1605298013
-10.251192053
-9.04496688742
-11.9440397351
-8.10728476821
-10.3643046358
-7.53688741722
-2.92456953642
-8.49907284768
-13.1304635762
-12.181986755
-9.54271523179
-6.46569536424
0.619801324503
2.82357615894
0.791920529801
-0.776225165563
-1.47688741722
-2.22430463576
-3.25079470199
-1.59682119205
3.20298013245
4.67251655629
2.09860927152
0.377152317881
1.36927152318
-0.593046357616
-4.78907284768
-4.11523178808
0.740860927152
4.89205298013
1.9982781457
-0.722582781457
6.37132450331
7.44291390728
6.00092715232
5.71920529801
-0.618476821192
-1.11940397351
3.11324503311
-0.22642384106
-1.33887417219
-1.60655629139
-2.47556291391
-2.87132450331
-0.882847682119
2.9278807947
1.54185430464
2.52059602649
0.700132450331
-2.21960264901
0.327549668874
1.55
0.882582781457
1.26940397351
2.77562913907
2.74516556291
4.84311258278
2.12668874172
0.381456953642
-0.531456953642
2.84205298013
2.61894039735
4.8357615894
9.49304635762
7.38112582781
4.08311258278
8.55033112583
6.60006622517
3.80516556291
6.64609271523
3.97986754967
7.98874172185
6.90754966887
6.01417218543
6.54006622517
3.20589403974
6.81198675497
5.5961589404
4.40854304636
4.51470198675
2.3821192053
2.47874172185
8.16185430464
7.53086092715
5.35337748344
4.98589403974
4.70013245033
5.45562913907
6.27867549669
6.14887417219
9.81450331126
10.8672847682
7.53463576159
7.92801324503
5.0680794702
5.10218543046
7.73152317881
7.47761589404
7.4278807947
7.19317880795
7.56794701987
7.19516556291
6.15589403974
5.37701986755
6.41238410596
6.9878807947
5.32284768212
10.7331788079
12.2729139073
7.83298013245
10.4350993377
11.977218543
9.02139072848
4.99470198675
7.68417218543
12.827218543
12.2132450331
8.84271523179
10.139602649
13.0782119205
11.9292715232
7.27947019868
4.95841059603
5.52973509934
5.06324503311
9.01629139073
9.81311258278
11.5939735099
14.282781457
12.4720529801
13.1752980132
14.4509933775
14.1925827815
12.1994039735
8.5580794702
8.65860927152
12.3461589404
11.4808609272
7.01986754967
12.6602649007
12.8347682119
13.2684768212
15.4200662252
14.981589404
16.7609271523
15.7249006623
14.4658940397
16.0817218543
16.2112582781
14.331986755
10.6086092715
10.0707284768
15.1166887417
15.0984768212
15.8668211921
13.5149006623
10.8565562914
5.79271523179
8.47701986755
12.3758278146
15.2909933775
13.1320529801
16.3372847682
19.2510596026
16.9905298013
13.7352980132
14.258013245
13.1909933775
15.7762913907
11.9622516556
10.5160264901
9.16582781457
10.4354304636
10.3563576159
10.8868211921
13.3829139073
12.9346357616
13.8984768212
13.0231788079
12.4947682119
10.4747682119
8.95443708609
6.12867549669
11.3354304636
12.6163576159
12.7722516556
14.5728476821
15.1351655629
14.9235099338
14.5851655629
15.0749668874
15.3460927152
15.8256953642
14.8929139073
13.4158278146
12.1878807947
9.94225165563
10.0272847682
10.2410596026
13.1380794702
14.4913245033
10.2306622517
10.1390728477
12.0798675497
5.84059602649
4.87913907285
2.05463576159
11.7568874172
11.1291390728
10.0247019868
9.0261589404
7.96112582781
8.7119205298
9.68092715232
8.9440397351
7.73721854305
8.30516556291
11.9964900662
8.26847682119
6.28655629139
8.36377483444
5.42417218543
7.73913907285
6.79947019868
4.19947019868
7.09973509934
10.0125827815
10.4703311258
8.15350993377
4.34470198675
6.29397350993
12.5594039735
12.5526490066
12.1161589404
9.57437086093
6.83410596026
8.00635761589
6.85046357616
8.50569536424
5.45536423841
5.08092715232
3.48066225166
7.63774834437
7.1017218543
6.28662251656
5.10450331126
3.67721854305
6.05993377483
2.73794701987
1.9759602649
-0.487152317881
-1.76920529801
-0.99298013245
-1.06761589404
3.77
2.17728476821
1.7059602649
0.249072847682
-1.6957615894
-1.61695364238
4.61066225166
4.91701986755
2.5957615894
2.75940397351
4.92086092715
3.81927152318
3.5742384106
1.71456953642
3.21966887417
2.31569536424
-0.895231788079
-2.97841059603
-5.85748344371
-7.95496688742
-9.17039735099
-3.66847682119
-2.17569536424
-2.7321192053
-1.44503311258
-1.07112582781
-2.11311258278
-3.73768211921
-5.10390728477
-5.01569536424
-2.23907284768
8.7542384106
6.49350993377
3.82026490066
1.9617218543
-3.63284768212
-6.2542384106
-7.93139072848
-8.97907284768
-6.40284768212
-5.47920529801
-5.26509933775
-6.08907284768
-7.75152317881
-1.59456953642
-4.48960264901
-9.17450331126
-11.7826490066
-10.3498675497
-7.77973509934
-9.44993377483
-11.6031788079
-6.43344370861
-1.25291390728
0.315629139073
1.60344370861
1.64662251656
1.28072847682
3.03781456954
4.36960264901
7.09549668874
2.40417218543
-0.0974834437086
3.67456953642
4.01364238411
0.852119205298
-0.11298013245
0.805430463576
1.69039735099
1.54463576159
-0.938476821192
-2.63635761589
-1.17251655629
-0.195562913907
-0.915960264901
-2.12834437086
-4.0578807947
-3.02178807947
0.934834437086
-0.641258278146
1.43907284768
-1.4782781457
-1.63509933775
-0.487284768212
-1.75927152318
-3.62105960265
-4.21721854305
-7.51847682119
-8.37523178808
-4.05907284768
-1.07125827815
-6.53092715232
-9.67304635762
-2.93913907285
-1.44298013245
0.610132450331
0.799271523179
-0.309337748344
-0.736953642384
0.718543046358
0.424503311258
1.21013245033
0.571986754967
-1.0398013245
-0.698609271523
-1.11496688742
-1.36066225166
-4.7701986755
-0.983642384106
-5.26682119205
-4.37589403974
-6.1119205298
-5.59622516556
-8.49609271523
-11.0164238411
-10.0712582781
-9.0380794702
-7.97569536424
-4.11165562914
-1.70112582781
-2.55801324503
-2.26960264901
-2.8101986755
-1.9582781457
-0.757284768212
-2.12417218543
-4.42066225166
-3.97900662252
-4.39437086093
-2.17721854305
-5.17450331126
-3.75496688742
0.194304635762
0.543708609272
-2.38721854305
-4.87145695364
-7.80278145695
-6.52092715232
-5.79304635762
-1.53377483444
-1.8961589404
-2.12350993377
-2.23105960265
-1.61821192053
-2.70456953642
-4.98503311258
-6.97364238411
-4.80033112583
-3.31814569536
-3.63258278146
-2.36258278146
1.76562913907
0.154039735099
2.27317880795
3.8559602649
2.6461589404
-0.794900662252
-2.14582781457
-0.201324503311
-1.79907284768
-2.57715231788
-1.22953642384
-1.7221192053
-1.04907284768
0.21357615894
1.52966887417
1.51503311258
1.17947019868
2.52721854305
1.09589403974
0.292516556291
0.203046357616
4.34609271523
2.29225165563
0.26
-1.96589403974
-1.01251655629
0.528013245033
3.02761589404
5.81271523179
6.74152317881
4.43529801325
2.97072847682
3.51867549669
-0.622847682119
-1.36317880795
-2.16357615894
1.1098013245
2.85456953642
2.03774834437
6.31152317881
6.31960264901
10.3097350993
10.728410596
2.24430463576
0.666821192053
0.955430463576
2.84205298013
3.53298013245
3.79443708609
4.11298013245
6.14099337748
7.09920529801
6.47119205298
8.47450331126
6.55622516556
6.97503311258
7.90145695364
7.45370860927
6.18337748344
5.63417218543
6.69927152318
7.5059602649
7.41748344371
8.04953642384
6.65516556291
5.48132450331
6.52973509934
3.85344370861
7.63152317881
9.77298013245
11.9686092715
8.93953642384
6.62092715232
8.08536423841
7.31324503311
7.7521192053
7.49264900662
6.83364238411
8.40125827815
5.02748344371
8.07086092715
11.4635099338
8.43370860927
8.60708609272
8.59258278146
10.1109933775
8.37966887417
10.8403311258
14.7498675497
10.2606622517
9.35350993377
7.35039735099
6.56867549669
8.4619205298
7.90655629139
9.35450331126
6.8601986755
5.83536423841
3.93880794702
8.01105960265
7.11158940397
7.54476821192
7.37218543046
8.44410596026
6.57549668874
9.2701986755
11.1113907285
16.1528476821
17.9740397351
14.4729801325
11.6248344371
11.3466887417
11.6939735099
9.61682119205
9.38344370861
9.5540397351
11.1663576159
9.64132450331
10.7613907285
8.93470198675
7.54298013245
8.50847682119
8.63
11.1749006623
10.3234437086
11.7629801325
13.3028476821
10.9839735099
17.1682781457
13.382384106
10.6981456954
14.6987417219
14.8205298013
13.041192053
10.1685430464
8.98304635762
11.1278145695
12.9633774834
13.7559602649
12.988410596
12.9085430464
10.5725827815
10.7202649007
12.0452317881
10.2978807947
9.51165562914
9.59317880795
12.6243046358
11.0045695364
11.6662251656
11.8020529801
11.6324503311
11.3440397351
15.2186754967
14.149205298
11.6401324503
10.5423178808
10.2322516556
11.5864900662
12.7696688742
14.1082119205
11.9126490066
13.6317218543
14.1815231788
7.56649006623
6.12072847682
7.01509933775
7.13602649007
8.08417218543
8.04059602649
8.65026490066
9.0980794702
10.1626490066
9.77066225166
11.4035099338
10.8831125828
9.50231788079
9.65701986755
6.43503311258
9.25920529801
8.54854304636
5.82622516556
5.84066225166
5.9817218543
5.76039735099
6.8
6.69754966887
4.59887417219
6.3682781457
10.6450331126
10.5907284768
7.32953642384
5.37549668874
6.41
7.83112582781
7.57463576159
5.10450331126
7.12748344371
9.23324503311
11.4237086093
9.9001986755
5.74145695364
6.72264900662
6.01072847682
7.53490066225
4.57145695364
3.68940397351
8.45874172185
10.7137086093
7.02973509934
4.24748344371
2.29410596026
8.25112582781
6.14377483444
6.85516556291
4.13887417219
2.25721854305
0.455231788079
3.16801324503
5.38344370861
2.08086092715
3.93483443709
2.14523178808
2.54337748344
3.68370860927
3.61834437086
2.53443708609
1.72430463576
3.64860927152
2.97350993377
4.13602649007
4.5057615894
1.59874172185
1.12874172185
-1.86834437086
-2.22158940397
-1.74271523179
-0.286092715232
1.58218543046
-0.0238410596026
0.422317880795
1.67496688742
4.18350993377
7.61125827815
6.1759602649
6.40920529801
2.59675496689
0.303178807947
-0.356754966887
1.5859602649
-1.10708609272
-2.54072847682
-3.39701986755
-1.0482781457
0.225165562914
0.0272185430464
-0.0515231788079
-0.0732450331126
1.31529801325
1.73556291391
1.14059602649
1.78298013245
1.23688741722
-1.04867549669
-2.50913907285
-0.0647682119205
0.683178807947
0.408940397351
0.69357615894
-2.42033112583
1.25205298013
0.818675496689
-1.7298013245
-1.8201986755
-2.39516556291
-3.83543046358
-2.15225165563
-1.25152317881
-3.25993377483
-5.14556291391
-4.31139072848
-8.3098013245
-5.04754966887
-7.78509933775
-8.51033112583
-14.1701324503
-12.2319205298
-15.3465562914
-14.8675496689
-17.0617218543
-15.8609933775
-11.7563576159
-14.857218543
-12.9141721854
-15.3307284768
-14.8107284768
-13.8730463576
-10.4774172185
-11.5513245033
-12.9412582781
-11.6132450331
-6.30264900662
-3.80629139073
2.15761589404
-1.81317880795
-3.07536423841
-2.02880794702
-1.21589403974
-6.51675496689
-8.64298013245
-4.32688741722
0.38238410596
0.0498675496689
1.82867549669
4.37556291391
-3.62701986755
-5.42609271523
-4.84119205298
-3.29105960265
-5.52026490066
-6.62768211921
-9.04582781457
-13.7642384106
-14.5701986755
-18.1986754967
-17.2270860927
-14.7488741722
-15.1974834437
-10.7314569536
-11.7035761589
-13.58
-16.6365562914
-16.769205298
-5.88271523179
-4.23735099338
-9.00741721854
-1.58125827815
-2.05331125828
-0.43701986755
-0.848741721854
-0.448940397351
-0.614768211921
1.38688741722
1.41112582781
0.979602649007
1.97271523179
2.27264900662
1.85066225166
-0.660860927152
-0.334635761589
-2.09119205298
-1.75860927152
-3.47443708609
-3.49066225166
-3.10397350993
-2.81821192053
-1.7561589404
-1.94933774834
-3.6001986755
-3.93801324503
-1.53377483444
-3.81582781457
-0.591589403974
-0.193774834437
-0.218741721854
0.342649006623
4.44860927152
0.647748344371
-2.25152317881
-0.816622516556
2.5001986755
5.99761589404
4.83774834437
7.10701986755
6.22695364238
7.1542384106
9.98198675497
7.61562913907
5.0098013245
6.64887417219
4.52635761589
1.58582781457
3.35490066225
2.78668874172
1.42205298013
2.19761589404
2.43622516556
2.50814569536
0.0955629139073
0.565761589404
2.42761589404
3.77834437086
3.98701986755
7.14086092715
1.12854304636
-1.92178807947
-0.570132450331
-4.51185430464
-1.73397350993
-2.11052980132
-0.46582781457
-0.127549668874
4.15947019868
2.03476821192
0.863907284768
1.23509933775
3.24344370861
6.38105960265
10.57
7.88112582781
6.25145695364
8.18139072848
7.07430463576
9.18225165563
11.3437748344
10.3935099338
6.36821192053
8.43708609272
9.11357615894
8.19582781457
10.3998675497
11.4439072848
11.1846357616
8.58841059603
8.04927152318
7.24509933775
7.37397350993
11.3660264901
13.2420529801
13.1349006623
10.3806622517
9.35298013245
7.6059602649
11.2894701987
9.33821192053
8.18205298013
10.8554966887
14.0691390728
12.7389403974
12.8656291391
6.29986754967
4.25549668874
5.99251655629
6.92642384106
7.34139072848
5.66721854305
5.25119205298
6.50549668874
2.73205298013
5.75145695364
4.91059602649
8.0878807947
9.80284768212
9.75860927152
10.9153642384
7.93907284768
8.4401986755
9.69284768212
7.27490066225
7.58953642384
8.72205298013
9.00947019868
10.099602649
10.3309933775
9.89443708609
8.36092715232
10.708013245
11.9927152318
12.4263576159
8.13887417219
7.6278807947
9.19966887417
9.7278807947
10.5347019868
10.1031125828
10.6131788079
13.1213907285
15.279205298
11.1870860927
10.5568874172
10.9105960265
14.1569536424
11.4029801325
7.63907284768
7.29317880795
12.7937748344
9.04695364238
11.5496688742
13.9468874172
13.928410596
10.4233774834
14.1558278146
11.9280794702
11.7282781457
10.5149668874
10.9745695364
11.3712582781
9.14761589404
12.3451655629
9.95006622517
6.79569536424
9.11609271523
9.3017218543
10.6974834437
7.29198675497
13.7353642384
12.9612582781
15.2109933775
15.4724503311
13.9858278146
10.767218543
7.82231788079
8.77039735099
11.580397351
10.7689403974
11.3949006623
9.83748344371
10.2145033113
10.9581456954
8.62516556291
9.1319205298
5.72443708609
7.61920529801
8.90993377483
10.2755629139
11.879602649
8.3180794702
8.87569536424
10.268807947
10.1451655629
6.46158940397
3.69298013245
7.04536423841
6.14993377483
2.97291390728
6.40516556291
8.84364238411
8.49
10.8182781457
8.08741721854
5.27860927152
10.138013245
11.5930463576
11.0989403974
11.4104635762
12.8007284768
14.6092715232
12.8627152318
8.97026490066
9.32629139073
7.05364238411
6.67390728477
7.59264900662
7.53841059603
5.30649006623
7.12695364238
10.4520529801
12.9784768212
13.0708609272
12.2350993377
10.0843708609
9.20006622517
6.3038410596
4.8342384106
8.58754966887
8.86450331126
5.69701986755
2.9698013245
4.61410596026
7.09642384106
4.67205298013
8.17708609272
7.36887417219
3.68350993377
1.70013245033
0.926225165563
0.607947019868
1.99913907285
0.186556291391
0.790529801325
0.355960264901
-0.240662251656
-1.6942384106
-0.937086092715
-2.28821192053
-1.79218543046
-0.219933774834
0.311456953642
-1.96781456954
-3.69960264901
2.61
0.197947019868
0.563642384106
3.25370860927
6.91509933775
1.5361589404
-1.65675496689
-2.77112582781
-3.41860927152
-3.13668874172
-3.86238410596
-4.93331125828
-6.08854304636
-6.17205298013
-6.72960264901
-6.10258278146
-4.96543046358
-6.21476821192
-6.39344370861
-8.05867549669
-6.1321192053
-9.52721854305
-5.17245033113
-3.84139072848
-6.93483443709
-6.11
0.281589403974
1.63046357616
4.23152317881
7.17125827815
5.77052980132
3.73867549669
4.05589403974
4.53874172185
4.68748344371
1.25503311258
-0.158543046358
-3.18589403974
-4.72900662252
-0.776821192053
2.1719205298
6.06662251656
5.25251655629
2.88251655629
1.32781456954
1.10264900662
0.363841059603
-0.965562913907
-0.78940397351
0.890132450331
2.10735099338
4.87264900662
-1.76781456954
-4.01324503311
-5.90125827815
-8.38370860927
-11.7350993377
-11.8760927152
-6.37397350993
1.33907284768
-5.69291390728
-3.72251655629
-1.07516556291
-5.50715231788
-7.85761589404
-7.64960264901
-8.51105960265
-0.744966887417
0.240132450331
0.620662251656
0.541920529801
-0.645960264901
-1.50940397351
-7.81847682119
-9.50960264901
1.93933774834
0.987748344371
1.26635761589
1.78072847682
1.10589403974
-1.17940397351
-1.69490066225
-6.31549668874
-6.70880794702
-5.9861589404
-6.45443708609
-4.76761589404
-1.50370860927
-0.369337748344
-1.26311258278
-3.73066225166
-6.26370860927
-8.82880794702
-8.61642384106
-13.0446357616
-14.8915231788
-18.8762251656
-13.3335099338
-7.58304635762
-11.4645033113
-13.0568874172
-8.12364238411
-9.33761589404
-8.27052980132
-8.52781456954
-9.05735099338
-10.5190728477
-12.0316556291
-14.6252317881
-19.3969536424
-13.0013245033
-17.657218543
-13.0649668874
-15.0724503311
-16.8699337748
-13.0244370861
-7.34013245033
-6.94920529801
-6.49642384106
-4.55052980132
-2.24331125828
2.65960264901
-0.631456953642
-1.72291390728
-1.71013245033
-3.30298013245
0.89582781457
0.274569536424
0.0362251655629
0.660860927152
1.25582781457
1.86940397351
-0.626092715232
0.59821192053
-1.57231788079
-1.75059602649
-0.0822516556291
-1.13463576159
1.07794701987
-0.391390728477
0.0430463576159
-0.0122516556291
1.2817218543
4.46834437086
2.36496688742
0.327549668874
1.13801324503
1.38304635762
-0.980463576159
2.05013245033
-0.338278145695
-0.567748344371
-1.82682119205
2.95278145695
5.32655629139
2.21907284768
-2.89947019868
-5.89052980132
-7.19092715232
-6.76013245033
-3.46841059603
2.82973509934
2.89443708609
2.38854304636
1.95052980132
1.14264900662
1.42079470199
3.08456953642
4.17556291391
3.25443708609
4.64536423841
4.64430463576
6.31536423841
6.67092715232
6.12880794702
8.71549668874
7.53642384106
5.34675496689
8.05245033113
9.72231788079
10.9445033113
11.4704635762
10.4223178808
9.28966887417
6.96152317881
5.61642384106
8.78688741722
10.0190728477
6.24304635762
8.08761589404
9.90655629139
5.99086092715
2.25417218543
5.74609271523
12.6795364238
11.4657615894
12.4950993377
14.1229801325
10.7249668874
8.36973509934
8.41165562914
5.00854304636
8.19887417219
10.9843046358
7.9842384106
5.74933774834
5.59556291391
3.78629139073
5.66039735099
6.09152317881
5.1559602649
5.32298013245
3.21390728477
5.86629139073
5.75443708609
5.83059602649
7.12695364238
8.92370860927
8.06052980132
7.56701986755
7.99735099338
11.3665562914
13.1287417219
14.5690066225
16.0146357616
15.6391390728
14.0320529801
16.2194701987
14.5103311258
10.2031125828
12.8374834437
13.4517880795
10.2861589404
12.4024503311
12.5020529801
13.5241721854
13.0463576159
10.851192053
11.737218543
13.6310596026
15.2862913907
14.9512582781
13.6470198675
14.5521854305
11.3629139073
9.20735099338
8.99966887417
8.68231788079
8.76721854305
5.78986754967
7.08125827815
6.76152317881
9.06927152318
11.8536423841
12.9809933775
11.4895364238
10.6700662252
7.39761589404
9.75887417219
11.9008609272
12.8731125828
8.31132450331
7.64847682119
12.1862913907
13.1459602649
13.6505298013
15.2378807947
11.6966887417
12.6780794702
13.5099337748
11.3443046358
15.5231125828
17.7620529801
13.0396688742
8.94
11.8252317881
9.61715231788
8.87377483444
12.0844370861
15.08
15.368410596
13.8487417219
12.8823178808
12.8577483444
13.8141059603
11.0654304636
11.839602649
10.652781457
8.71178807947
5.64754966887
10.6696688742
9.83748344371
8.69536423841
5.94993377483
9.91814569536
10.3945695364
8.14894039735
7.17119205298
7.00026490066
8.50993377483
5.46304635762
8.10768211921
8.59317880795
7.03629139073
3.77761589404
4.98768211921
7.77582781457
4.43993377483
4.28456953642
2.23708609272
2.29556291391
6.8338410596
7.92556291391
10.9925827815
12.3653642384
6.79410596026
6.85205298013
4.61701986755
2.2059602649
3.09490066225
4.50900662252
7.05410596026
8.13483443709
7.98205298013
4.10357615894
2.60350993377
4.5859602649
6.13251655629
5.60476821192
9.63973509934
6.91529801325
5.99894039735
7.32741721854
4.40046357616
4.52125827815
8.37953642384
8.64913907285
10.011192053
7.76887417219
4.92635761589
6.00291390728
7.74847682119
5.20701986755
8.08900662252
7.70092715232
7.26218543046
9.66529801325
5.2842384106
4.42264900662
4.14589403974
4.14271523179
5.87754966887
1.8017218543
1.30629139073
1.60715231788
5.29509933775
0.885231788079
1.72337748344
2.01794701987
-1.05152317881
1.44602649007
6.01841059603
0.868145695364
-0.946821192053
1.5398013245
3.09026490066
2.53569536424
0.136158940397
1.3478807947
-0.995562913907
0.431854304636
2.92556291391
5.16390728477
2.9259602649
1.7517218543
2.99662251656
7.18940397351
7.46688741722
3.6419205298
6.24503311258
2.8738410596
-0.953377483444
3.11311258278
1.79119205298
2.42291390728
5.26966887417
5.4419205298
0.90642384106
-2.00887417219
-3.38079470199
-4.31417218543
-2.30198675497
-2.32258278146
1.73549668874
-0.0492052980132
1.5142384106
2.68589403974
1.85112582781
2.57622516556
0.556291390728
0.671059602649
-1.04549668874
-1.31437086093
-2.01337748344
0.220198675497
-0.354900662252
-0.244039735099
0.0303311258278
1.86662251656
-0.288278145695
-0.946821192053
-1.15344370861
-6.29291390728
-5.54516556291
-7.08105960265
-8.42258278146
-5.62907284768
-1.24960264901
-0.39178807947
1.9759602649
4.68649006623
4.32655629139
3.71099337748
-2.54112582781
-10.0636423841
-8.01443708609
-1.87847682119
-2.63953642384
-9.12834437086
-11.9221854305
-6.14562913907
-12.2055629139
-19.4094039735
-17.7678807947
-18.7845695364
-18.967218543
-17.9862913907
-13.7805960265
-11.2648344371
-11.1228476821
-9.55913907285
-9.32509933775
-9.93390728477
-6.90682119205
-3.28443708609
-0.858543046358
-1.57370860927
-3.42900662252
-9.44437086093
-9.23079470199
-13.0189403974
-19.9990728477
-17.7395364238
-14.6058278146
-13.6437086093
-10.9407284768
-4.59701986755
-0.195033112583
0.196688741722
-1.2721192053
-4.11178807947
3.26298013245
1.56377483444
-1.28470198675
-0.810397350993
-0.433642384106
-1.98145695364
-1.21013245033
-2.64529801325
-3.74768211921
-4.36119205298
-7.29662251656
-3.7078807947
-4.08688741722
-3.24046357616
-6.68900662252
-11.2955629139
-10.4872847682
-7.82357615894
-1.64033112583
3.1080794702
0.705695364238
-4.45569536424
-13.8377483444
-15.9028476821
-13.571589404
-10.767218543
-12.9917880795
-11.8213245033
-8.48794701987
-8.63317880795
-8.4517218543
-8.89635761589
-10.3448344371
-8.25794701987
-8.88609271523
-3.00251655629
-3.65748344371
-0.477549668874
-1.87993377483
-4.78814569536
-2.72410596026
-2.18205298013
-3.08370860927
3.87483443709
4.79072847682
2.86364238411
1.00728476821
2.30821192053
0.0450331125828
-2.42887417219
-0.494503311258
-2.47642384106
-1.43258278146
0.760794701987
2.68086092715
3.79490066225
1.98066225166
2.48860927152
7.28337748344
3.76569536424
4.42589403974
-0.22701986755
0.325430463576
0.76298013245
-0.945165562914
5.37072847682
3.69847682119
5.53324503311
3.82291390728
6.57311258278
7.04953642384
3.4682781457
1.15960264901
1.43913907285
3.73132450331
5.23251655629
8.62728476821
4.6480794702
1.94258278146
4.97880794702
9.03331125828
8.46304635762
7.58099337748
3.8259602649
1.7501986755
5.43105960265
4.78298013245
3.14649006623
2.28569536424
2.02496688742
4.41655629139
1.05013245033
5.81152317881
2.51841059603
1.03940397351
4.62543046358
3.82245033113
0.855761589404
3.51549668874
4.48913907285
3.59609271523
1.82456953642
4.13768211921
5.26880794702
5.81768211921
6.08298013245
6.64013245033
8.00728476821
7.9478807947
5.31033112583
6.12337748344
9.18430463576
8.87476821192
9.34490066225
9.51251655629
9.46927152318
9.18410596026
7.90304635762
11.2974834437
9.02298013245
6.50794701987
5.28907284768
6.80973509934
10.3944370861
9.10569536424
10.4062251656
8.4801986755
6.32973509934
4.85761589404
6.43682119205
5.52125827815
9.42887417219
9.20867549669
6.81059602649
11.277218543
9.44940397351
8.88715231788
10.2788741722
11.3947682119
14.0455629139
14.7943708609
16.7965562914
16.540397351
13.5021854305
14.1256953642
13.6955629139
10.1826490066
10.8392715232
12.2309933775
14.4754966887
10.8370860927
6.50655629139
11.6658940397
13.9086754967
9.86284768212
8.22225165563
14.1002649007
15.3915231788
15.7392715232
12.628013245
11.3597350993
12.3346357616
11.829205298
11.6770860927
12.7571523179
10.3741059603
9.85940397351
5.75291390728
7.30748344371
8.88231788079
10.727615894
12.300397351
10.6080794702
11.628410596
10.1290728477
8.77125827815
7.42947019868
6.72589403974
6.5661589404
4.36509933775
8.5021192053
10.8122516556
10.3729139073
7.18496688742
8.9498013245
10.841192053
14.3425827815
12.2978145695
9.22238410596
11.5054304636
15.3825165563
14.8891390728
13.4005298013
13.229602649
13.6104635762
15.0447019868
15.1443046358
12.9525165563
10.7502649007
11.2270198675
11.7422516556
12.2662251656
12.0900662252
9.0278807947
7.9559602649
14.5049006623
11.1330463576
12.7590728477
13.9174834437
11.2541721854
10.8777483444
9.00490066225
8.91119205298
9.06417218543
10.7494701987
11.7543708609
15.2887417219
11.6450993377
9.40370860927
7.51026490066
11.1067549669
15.2729801325
10.6509271523
13.9377483444
12.461192053
15.3919205298
14.0385430464
9.18993377483
7.26410596026
5.4857615894
4.78867549669
1.3140397351
2.12894039735
1.31105960265
1.95841059603
1.44417218543
1.53456953642
2.49973509934
6.92774834437
9.17913907285
6.73344370861
6.03245033113
3.50125827815
4.76609271523
9.10880794702
3.39390728477
4.15682119205
6.78463576159
7.65390728477
10.3305298013
6.66039735099
4.72741721854
3.22708609272
3.11741721854
5.4021192053
6.27754966887
4.74841059603
5.91794701987
2.51728476821
1.34046357616
3.30986754967
5.11589403974
5.60119205298
3.8057615894
3.82483443709
4.54370860927
6.68046357616
5.12463576159
0.730529801325
-0.699933774834
1.62125827815
0.941721854305
0.0338410596026
0.764900662252
2.39066225166
3.88463576159
4.44721854305
3.03622516556
1.78132450331
1.17940397351
3.31066225166
5.54662251656
5.34099337748
5.66059602649
3.20887417219
2.69258278146
2.64675496689
1.41059602649
-1.55569536424
-0.549470198675
-0.850728476821
-0.295894039735
-0.426092715232
-0.653841059603
-1.83801324503
-1.6098013245
-1.46682119205
-2.80456953642
-4.07158940397
-4.35509933775
-3.44708609272
-5.86463576159
-10.2748344371
-11.8935761589
-11.0249668874
-3.61516556291
-1.68966887417
-6.12781456954
-6.76185430464
-5.52708609272
-0.47417218543
3.68072847682
7.5442384106
4.47390728477
4.49562913907
5.75112582781
1.28523178808
-1.03609271523
-2.66920529801
-2.51668874172
0.662649006623
3.75947019868
4.94748344371
4.86933774834
4.31960264901
4.63913907285
4.32920529801
4.50013245033
4.24238410596
3.29927152318
4.14754966887
4.73158940397
1.00920529801
0.553774834437
-1.86344370861
-0.291721854305
-0.303112582781
-2.30443708609
-3.99947019868
-4.44549668874
-0.57761589404
0.508013245033
1.39013245033
-0.989867549669
0.0303311258278
-1.21655629139
-0.423642384106
-0.629337748344
-1.35185430464
-0.981523178808
3.0142384106
4.32258278146
-0.39357615894
-0.303509933775
4.71529801325
2.01927152318
1.21781456954
-0.35298013245
3.07
1.25
2.61609271523
2.01847682119
1.66907284768
-1.19960264901
-1.24139072848
-0.899735099338
-0.281589403974
-0.659139072848
-0.893907284768
-2.85682119205
-4.45695364238
-4.36357615894
-3.77364238411
-1.62470198675
-0.0609271523179
0.729006622517
-2.36907284768
-3.82099337748
0.661523178808
-0.297417218543
-2.28721854305
-2.80966887417
-2.89059602649
-1.82152317881
-3.16476821192
-2.64562913907
-3.68860927152
-4.9298013245
-2.18105960265
-1.43437086093
-3.17774834437
-3.57582781457
-1.45086092715
-4.19847682119
-7.4280794702
-4.87225165563
-0.578874172185
-0.811456953642
-3.45317880795
-3.16364238411
-3.82801324503
2.30456953642
-1.2080794702
-4.74880794702
-4.99642384106
2.71675496689
3.67523178808
4.41284768212
2.45344370861
2.27006622517
0.952649006623
1.40688741722
0.497218543046
0.845165562914
2.24377483444
3.14298013245
2.97476821192
1.92092715232
0.152847682119
-1.01675496689
1.19165562914
2.86894039735
3.98543046358
5.06821192053
5.19145695364
-1.10609271523
-4.19814569536
-1.29046357616
0.480132450331
1.23907284768
-2.95814569536
-0.152450331126
1.63450331126
7.73880794702
8.0761589404
8.08589403974
6.62231788079
4.40642384106
4.69271523179
-1.78364238411
-4.41516556291
-2.34708609272
-1.13609271523
0.513311258278
3.39854304636
3.17006622517
7.89264900662
6.21523178808
8.3540397351
7.81125827815
6.46953642384
4.11503311258
7.42337748344
6.54629139073
10.4238410596
9.59973509934
8.27291390728
6.12774834437
6.59033112583
9.93086092715
9.53205298013
11.8417880795
11.7321192053
11.5784768212
8.0438410596
7.28456953642
5.15490066225
0.780463576159
2.37589403974
2.75973509934
6.15920529801
9.4678807947
12.5189403974
13.2029139073
11.0743046358
9.56033112583
7.11960264901
7.98920529801
7.43039735099
8.14655629139
10.5792715232
10.4056291391
6.15450331126
8.16033112583
8.45874172185
9.21205298013
10.6250993377
9.19781456954
11.398807947
10.1021854305
7.10860927152
8.6542384106
10.108013245
10.740794702
10.3335761589
9.49649006623
10.6061589404
9.80993377483
10.7104635762
9.49953642384
7.04225165563
10.6567549669
11.4846357616
11.3251655629
12.3505298013
11.4691390728
13.2108609272
12.5413245033
14.3748344371
7.84450331126
11.4872847682
11.9868211921
13.3395364238
10.1509933775
12.3388741722
11.469205298
10.0396688742
7.76993377483
11.6054966887
10.591986755
9.50966887417
11.3643708609
10.9313245033
10.4316556291
10.517218543
10.8783443709
11.1105960265
9.47675496689
14.2104635762
14.7594039735
17.941192053
12.8853642384
10.451986755
11.3766887417
11.9635761589
8.7780794702
11.0790066225
7.40198675497
7.19841059603
9.48503311258
12.0991390728
9.33821192053
6.20635761589
9.98602649007
10.8035099338
11.8214569536
13.8348344371
13.6070860927
14.3121192053
16.519602649
12.6907284768
14.6788741722
10.5654966887
14.9600662252
11.9116556291
8.17629139073
8.80377483444
12.3770860927
13.0568211921
10.7481456954
9.39245033113
7.31927152318
8.97463576159
10.5403311258
9.62814569536
9.17264900662
15.1157615894
13.0062251656
10.0711258278
8.72715231788
8.71735099338
10.8377483444
8.56847682119
10.5811258278
10.2915231788
10.4145033113
7.1801986755
6.88635761589
7.68251655629
8.23688741722
10.4070198675
9.89867549669
6.85629139073
6.40331125828
7.24185430464
8.60940397351
9.26443708609
9.61490066225
10.2415231788
9.95841059603
8.14821192053
4.69973509934
8.85966887417
7.7998013245
10.5549006623
12.7617880795
11.7522516556
11.8086754967
8.79549668874
6.43543046358
4.08033112583
3.71158940397
5.73847682119
6.94490066225
6.81774834437
7.79324503311
5.37735099338
4.7857615894
7.57072847682
5.71099337748
3.03973509934
8.04430463576
9.01052980132
8.13841059603
10.7128476821
10.3021854305
9.76794701987
10.5587417219
10.0864900662
8.4757615894
5.66682119205
4.23668874172
3.65119205298
6.78741721854
5.06039735099
3.6961589404
5.33986754967
9.00496688742
0.819006622517
-1.94377483444
-2.62443708609
2.59324503311
0.71119205298
-3.67463576159
-5.69907284768
-6.99158940397
-5.9057615894
-2.8042384106
-1.55668874172
-1.03105960265
0.788609271523
5.65185430464
4.21867549669
4.88139072848
3.18496688742
6.32708609272
3.58072847682
0.10059602649
3.59662251656
0.68298013245
-1.5840397351
-6.54801324503
-12.7517880795
-6.6619205298
-2.32662251656
0.51940397351
1.75225165563
1.70907284768
-0.478543046358
-0.430662251656
-0.0369536423841
1.4580794702
-2.93
-2.88158940397
0.325960264901
2.07708609272
0.73701986755
-1.36940397351
-1.82
-0.739072847682
-0.47701986755
4.55933774834
2.62370860927
1.3619205298
1.95251655629
-5.00476821192
-8.05913907285
-5.42748344371
-1.89728476821
1.46960264901
-3.83860927152
-3.01052980132
2.75503311258
4.21331125828
2.98152317881
0.279735099338
4.56847682119
4.22178807947
3.63152317881
1.90523178808
0.823642384106
1.03397350993
2.41549668874
1.49880794702
-2.61112582781
-3.21364238411
1.16039735099
0.183774834437
0.916754966887
3.35708609272
5.46364238411
3.6040397351
-0.936953642384
-0.530993377483
0.618410596026
-0.187748344371
-0.165364238411
2.33099337748
0.326688741722
-0.80059602649
-2.67529801325
-3.53728476821
-1.84516556291
2.05854304636
-1.13854304636
-3.01437086093
-3.64986754967
-4.63589403974
-4.53397350993
-5.91940397351
-3.75370860927
-0.944966887417
-0.764238410596
-1.76112582781
-2.98721854305
-3.07430463576
-3.82940397351
-3.20867549669
0.696887417219
1.50066225166
-0.256821192053
-1.38443708609
-1.37218543046
-1.24953642384
-0.345231788079
-0.67
0.900264900662
0.0707947019868
-0.0166225165563
-4.74754966887
1.57258278146
7.25509933775
2.42357615894
-1.44165562914
-3.47165562914
1.33761589404
-0.345033112583
1.77086092715
0.364370860927
-0.151986754967
0.129933774834
-0.00470198675497
1.91562913907
2.12278145695
3.02218543046
2.83178807947
3.76907284768
3.01847682119
2.95867549669
-0.264900662252
2.73907284768
1.70715231788
4.38483443709
2.91317880795
0.504569536424
2.70874172185
1.62582781457
1.00218543046
-1.51417218543
-2.71860927152
-1.15476821192
1.00238410596
2.62655629139
0.394635761589
1.63231788079
2.90701986755
-1.48463576159
1.63748344371
5.51456953642
6.86549668874
5.52801324503
4.59311258278
3.02463576159
-1.03728476821
-0.874503311258
-0.201324503311
-0.133509933775
0.821655629139
3.02496688742
1.24708609272
0.955099337748
5.00456953642
6.97483443709
9.46218543046
8.49350993377
6.75443708609
5.27437086093
5.80258278146
2.99225165563
-1.53006622517
2.02629139073
1.24728476821
2.08947019868
4.23735099338
0.810728476821
1.67993377483
5.64251655629
1.62814569536
0.346026490066
0.992582781457
-0.307947019868
0.516887417219
-0.0626490066225
3.75350993377
6.70086092715
5.61231788079
6.81271523179
5.3601986755
0.907748344371
0.927549668874
4.88231788079
8.79801324503
8.05052980132
7.26708609272
5.25649006623
5.99847682119
4.35231788079
5.0361589404
6.35940397351
9.16748344371
10.4949006623
11.2378807947
11.0514569536
9.3838410596
7.78867549669
8.13675496689
9.63509933775
10.1231125828
10.810794702
9.0001986755
10.2274834437
8.97039735099
3.95066225166
4.42152317881
7.40390728477
4.57735099338
5.57562913907
2.27450331126
2.97602649007
4.65298013245
5.6642384106
6.95582781457
6.27735099338
11.8678807947
10.7239735099
9.17410596026
9.73397350993
8.47238410596
8.13079470199
7.35940397351
10.4496688742
12.3574834437
10.9931125828
14.0091390728
14.2844370861
13.5764900662
11.7869536424
10.5325827815
12.9435761589
12.7863576159
10.0060264901
7.92165562914
9.91066225166
10.268013245
13.0270198675
11.3970198675
11.4433774834
15.9809933775
15.3545033113
14.982384106
15.7138410596
13.9837086093
13.5045695364
12.7428476821
10.360397351
11.8366225166
9.84794701987
7.93026490066
9.48337748344
5.88986754967
11.039602649
6.72543046358
5.77847682119
8.9878807947
11.6686754967
15.8910596026
15.4854304636
14.9826490066
14.8386092715
13.8226490066
9.06039735099
10.2195364238
12.3348344371
11.1704635762
8.26960264901
7.84668874172
8.80099337748
11.2376821192
6.86960264901
9.41602649007
14.271986755
14.8861589404
13.2329801325
11.1862913907
13.4156291391
14.7060264901
12.278807947
13.8315231788
13.1305298013
16.5513907285
15.5021854305
11.3287417219
10.298807947
13.1147019868
15.008013245
15.4092715232
12.4270860927
8.90218543046
11.3332450331
8.90894039735
10.0647682119
8.28874172185
7.09046357616
6.45529801325
6.9998013245
9.94119205298
10.2686754967
7.95549668874
7.26841059603
5.59377483444
5.05814569536
8.53503311258
7.98715231788
9.45198675497
10.697615894
11.8467549669
11.481192053
10.3225827815
11.4466887417
10.6041721854
13.1947682119
12.228013245
12.0794039735
13.1429801325
11.8186754967
13.1983443709
13.5183443709
11.9649006623
10.9756291391
10.0465562914
9.19218543046
6.04218543046
4.41622516556
7.24536423841
7.85112582781
10.0312582781
8.56629139073
4.39880794702
0.647152317881
1.78834437086
4.28860927152
5.64013245033
5.12933774834
6.38913907285
5.62602649007
4.85218543046
5.19695364238
9.63781456954
5.51927152318
4.39748344371
2.6957615894
3.12198675497
3.70119205298
5.84225165563
7.13761589404
8.64112582781
10.4260927152
9.45092715232
10.001986755
8.60251655629
8.71039735099
9.39549668874
6.37748344371
8.11748344371
7.78145695364
7.07887417219
8.90271523179
5.39165562914
8.56854304636
5.81079470199
4.8898013245
3.61821192053
0.351589403974
-0.504437086093
1.40350993377
-0.92119205298
1.67814569536
0.479602649007
-0.775364238411
-1.11589403974
-0.860662251656
-2.10178807947
-2.5119205298
-5.01304635762
-5.48973509934
-2.49298013245
-0.611986754967
-2.1342384106
-5.47874172185
-1.22304635762
-8.14768211921
-7.7898013245
-0.177947019868
-2.76066225166
-6.26715231788
-7.26894039735
-6.65165562914
-5.76059602649
-4.03496688742
-4.99152317881
-1.69072847682
-0.116291390728
-2.26708609272
-3.92993377483
-1.5819205298
-6.04947019868
-7.25966887417
-3.18966887417
0.809470198675
5.92377483444
5.85556291391
5.59099337748
8.00119205298
7.32112582781
3.82476821192
3.42463576159
8.3278807947
6.24099337748
2.15523178808
2.49026490066
0.158278145695
-3.17251655629
-4.72523178808
-3.44251655629
-4.15927152318
-4.51602649007
-4.97675496689
-2.74933774834
-2.78768211921
-3.16715231788
-4.4738410596
-3.61013245033
-3.42132450331
-4.32006622517
-4.54238410596
-1.12741721854
-0.164635761589
-0.363245033113
-1.89059602649
-3.09953642384
-0.498741721854
-0.238013245033
3.29271523179
3.30152317881
-1.32324503311
-0.182119205298
0.518675496689
2.92033112583
1.79913907285
2.93701986755
1.06178807947
0.82880794702
1.38675496689
0.699006622517
1.50092715232
0.807880794702
0.0192052980132
4.39317880795
3.27052980132
1.68324503311
2.47119205298
1.44278145695
-0.0486754966887
-1.03245033113
1.09536423841
3.16662251656
0.604966887417
-1.9957615894
0.419801324503
-0.724834437086
-0.535165562914
-0.0716556291391
-0.593708609272
-1.64039735099
-5.22238410596
3.28794701987
4.69834437086
6.52688741722
3.65470198675
-0.273642384106
1.16278145695
3.03649006623
6.6
1.67463576159
-0.203311258278
0.140728476821
-0.790529801325
-1.9582781457
-2.16821192053
1.05145695364
2.56847682119
3.71443708609
5.13496688742
4.36185430464
2.3061589404
2.21847682119
7.24059602649
4.24913907285
-0.940860927152
2.17470198675
0.405496688742
0.55
1.48821192053
2.18059602649
3.85562913907
7.67662251656
7.41781456954
6.16033112583
3.06033112583
1.78682119205
1.06092715232
0.243708609272
-0.178675496689
1.37701986755
3.57291390728
2.29490066225
1.91973509934
2.93986754967
3.80066225166
2.33119205298
-0.234635761589
-2.78470198675
-2.43748344371
1.35602649007
0.229735099338
-3.13589403974
-3.8501986755
3.40629139073
2.12112582781
3.9998013245
2.81682119205
1.04278145695
1.3459602649
0.794834437086
-0.655894039735
2.37927152318
5.39894039735
4.82298013245
5.53
6.85602649007
6.04344370861
5.9321192053
4.04105960265
3.98894039735
-0.245695364238
2.9138410596
5.55933774834
6.34006622517
9.32397350993
8.34549668874
7.28701986755
8.88271523179
9.48794701987
8.60629139073
8.85874172185
9.03675496689
8.46476821192
8.30960264901
5.36231788079
4.69105960265
5.26198675497
3.39940397351
9.32721854305
10.9209271523
6.4498013245
4.04821192053
6.38377483444
6.60304635762
9.66238410596
9.76900662252
10.1678145695
5.45589403974
2.10086092715
1.94066225166
3.95205298013
2.9657615894
2.88417218543
6.22503311258
8.2017218543
8.83543046358
7.67847682119
8.99715231788
7.02907284768
9.14649006623
10.7485430464
8.1419205298
4.95715231788
6.54046357616
8.95854304636
8.39701986755
10.4012582781
10.3494039735
10.2761589404
8.69516556291
8.32006622517
9.64205298013
11.6731125828
13.8054304636
11.9549006623
11.5584768212
9.77874172185
7.91251655629
11.4494039735
12.5186754967
14.9642384106
15.9001986755
13.9204635762
15.0053642384
11.7806622517
9.0619205298
7.80490066225
7.41324503311
11.7985430464
9.18860927152
6.13735099338
10.7931788079
12.6652317881
9.87536423841
7.13874172185
8.23986754967
12.4952317881
7.21834437086
7.68205298013
9.73271523179
12.3682119205
10.9761589404
11.0210596026
8.29913907285
11.7361589404
11.2382119205
6.7242384106
6.73291390728
8.35556291391
9.12953642384
11.620397351
13.5654966887
15.4121192053
13.5315231788
12.4583443709
14.8125827815
15.1695364238
13.5109933775
14.4543708609
16.8813907285
12.1895364238
8.86046357616
6.91642384106
8.11682119205
12.0025165563
10.691192053
13.1170860927
14.5953642384
14.8505298013
13.5564900662
12.9705960265
9.06
8.97794701987
11.1631788079
12.7656291391
9.65940397351
10.9029801325
10.2656953642
10.5558278146
13.3149006623
15.1431788079
13.9870860927
15.2045695364
14.0161589404
14.3621854305
11.4421854305
9.99245033113
10.4408609272
12.3306622517
10.5879470199
7.86284768212
6.72589403974
8.29768211921
8.36066225166
8.02556291391
8.16894039735
8.34337748344
8.63523178808
8.98880794702
6.29635761589
6.50437086093
6.69390728477
3.39072847682
8.01052980132
9.07860927152
6.43860927152
5.96245033113
4.29278145695
8.30688741722
7.67450331126
7.16059602649
4.46112582781
5.55370860927
2.6578807947
4.05013245033
11.5717880795
9.42298013245
6.35927152318
8.60536423841
5.8957615894
2.51860927152
10.3393377483
7.97993377483
4.27781456954
2.44887417219
2.38721854305
3.24417218543
3.62728476821
7.74291390728
8.72231788079
11.1887417219
11.2355629139
11.7015231788
9.23337748344
6.64543046358
6.98410596026
3.11284768212
-0.546291390728
-0.718013245033
-1.99350993377
1.30781456954
4.12609271523
4.91178807947
5.06887417219
2.04933774834
2.06728476821
4.71370860927
5.65066225166
4.33582781457
3.55092715232
0.71059602649
-0.363443708609
-0.107483443709
1.58139072848
0.518609271523
-0.0313245033113
-1.79688741722
4.52721854305
4.9038410596
2.69450331126
6.02218543046
5.24066225166
5.5061589404
7.31609271523
3.65271523179
2.1021192053
2.76079470199
0.188609271523
-0.40761589404
-0.795894039735
-1.11364238411
-1.10271523179
0.652781456954
-0.96761589404
-0.156026490066
-0.771986754967
-4.87271523179
-8.18079470199
-2.54774834437
0.520728476821
1.37317880795
-3.23304635762
-6.59920529801
-6.90867549669
-8.18450331126
-5.31198675497
-2.92112582781
-3.62364238411
-0.934966887417
-0.690331125828
-2.78476821192
-4.72708609272
-3.84092715232
-4.94874172185
-6.45556291391
-4.35225165563
-3.8
-0.930728476821
0.395364238411
1.29350993377
-0.108675496689
-0.287417218543
0.26119205298
0.15761589404
-0.181854304636
1.06503311258
2.95198675497
-0.302781456954
