-3.557523364485981
-4.676401869158878
-9.437383177570092
-10.984906542056077
-1.8727570093457944
0.07911214953271029
-0.5057943925233644
-1.7247663551401868
-3.0150467289719627
-5.5267757009345795
-9.56107476635514
-11.3353738317757
-11.318831775700932
-12.845140186915886
-11.248971962616823
-10.262570093457942
-7.77341121495327
-9.417196261682243
-10.056495327102802
-8.065607476635513
-6.358037383177571
-3.0372897196261683
-0.1463551401869159
-0.36752336448598133
-0.6215420560747663
-3.1577570093457945
-7.747990654205608
-12.484626168224297
-5.216355140186916
-1.3831308411214953
2.9371028037383176
-4.488878504672897
-4.357990654205608
0.39088785046728974
-0.21457943925233647
-0.16112149532710282
2.9023364485981316
2.30892523364486
0.9472429906542057
1.4565887850467292
2.2360280373831776
0.36794392523364483
0.14766355140186915
0.3623831775700934
-0.9841121495327104
-3.208177570093458
1.4008878504672895
0.4758411214953271
-0.7656542056074767
-4.068457943925233
-3.627850467289719
-2.5853271028037383
-3.2061214953271024
-3.052429906542056
-1.7167757009345794
-2.988177570093458
-1.8234579439252339
-4.000794392523365
-4.513738317757009
-0.9962616822429906
2.1582242990654206
-0.5303738317757009
-4.580420560747664
-5.404018691588785
-4.510700934579439
-2.443785046728972
2.8839252336448595
-0.6077102803738317
1.0038785046728973
0.2895327102803738
1.8510747663551401
1.3869626168224298
1.04107476635514
0.10079439252336451
-0.18369158878504677
-0.20004672897196263
1.9645327102803742
1.3818691588785046
-3.415514018691589
-5.077990654205608
-6.079953271028038
-1.4747196261682245
-0.9810747663551401
-0.22406542056074763
-0.18098130841121493
1.863785046728972
1.1188317757009345
9.08514018691589
3.744018691588785
1.3593457943925233
-0.30177570093457945
4.872196261682244
1.8252336448598132
0.9587850467289719
-0.8907943925233645
-1.6699065420560748
-2.6908878504672895
-0.8375233644859811
-0.12929906542056072
-0.18210280373831775
-0.7653271028037383
1.3495794392523364
-0.33247663551401874
0.9020560747663552
2.1716822429906544
4.029205607476635
5.109345794392524
5.382009345794393
3.7234112149532708
0.38060747663551403
-1.7424766355140187
-1.6328504672897195
-1.243317757009346
-0.1986448598130841
0.560373831775701
0.5273364485981308
1.00607476635514
2.865794392523365
3.174252336448598
1.8287850467289721
3.6744392523364495
6.492476635514019
4.3065420560747665
2.3509345794392527
1.366682242990654
-0.9374299065420562
1.1166355140186917
6.415046728971963
3.510747663551402
2.621355140186916
0.652429906542056
2.420841121495327
5.28911214953271
4.978598130841122
3.6564018691588784
1.8219158878504673
0.38761682242990647
2.1871495327102806
6.611588785046729
5.357009345794393
8.25518691588785
7.145046728971962
4.698644859813084
1.0809345794392524
6.140327102803739
6.155841121495326
4.315140186915888
6.61588785046729
9.569719626168224
8.285654205607477
7.062990654205607
3.490794392523364
7.325186915887851
5.108551401869159
5.258504672897196
10.828504672897196
10.756635514018692
12.849065420560747
9.99504672897196
11.671121495327101
11.844579439252335
12.77429906542056
11.809719626168222
8.275046728971962
12.68341121495327
15.920607476635515
12.103598130841123
9.447943925233645
10.920747663551401
9.11322429906542
8.836168224299065
7.011261682242991
7.811542056074768
7.703317757009346
7.213644859813083
7.809485981308411
7.996775700934579
6.228691588785047
7.333037383177569
6.078971962616823
8.42056074766355
8.269766355140186
8.415794392523365
8.325420560747665
9.651028037383178
8.606728971962617
10.461682242990655
8.790140186915888
11.003504672897197
10.964018691588786
10.673130841121496
10.836121495327104
10.75981308411215
8.895093457943924
8.174766355140187
8.783551401869158
10.94747663551402
9.082897196261682
6.499766355140187
9.678457943925235
10.750420560747662
13.087429906542056
8.45443925233645
7.061495327102804
6.358504672897197
9.970934579439254
11.53570093457944
13.474252336448597
13.344626168224298
15.761121495327103
14.197850467289722
13.752523364485981
11.463598130841122
10.10803738317757
13.649392523364487
16.556869158878502
15.342523364485983
13.611495327102801
11.317803738317757
9.88845794392523
13.875140186915889
11.809579439252337
9.83144859813084
10.092009345794391
9.515514018691588
8.18
8.453831775700936
10.7103738317757
13.493644859813083
13.970514018691587
13.176261682242991
12.467429906542055
11.434953271028037
10.985981308411215
7.847663551401869
7.952803738317757
6.852429906542056
5.206074766355141
4.803878504672896
8.678317757009347
11.290841121495326
13.395093457943926
11.70532710280374
10.976308411214955
8.841355140186916
5.544439252336449
4.792523364485981
10.360841121495328
13.473598130841122
10.0146261682243
7.410794392523365
8.528271028037384
9.679532710280375
8.340233644859813
10.0596261682243
10.25322429906542
9.152383177570094
9.277476635514018
10.472897196261682
8.45747663551402
9.510233644859813
9.202943925233646
8.957616822429907
12.587009345794392
11.951214953271029
14.114672897196261
12.54373831775701
12.315654205607478
10.228738317757008
7.534953271028037
5.665093457943925
7.504766355140187
7.216542056074767
9.017009345794392
5.13285046728972
6.829439252336448
4.191869158878505
2.535420560747663
4.566588785046729
3.2341588785046724
8.018457943925233
4.952149532710279
3.019439252336448
1.4345327102803738
-0.04574766355140186
3.296308411214953
3.6642523364485986
2.5902803738317752
1.1316355140186916
3.2587850467289714
6.979252336448598
5.577149532710279
1.492336448598131
0.7358411214953271
1.3277102803738317
3.233785046728972
5.397663551401869
6.276588785046729
3.8970560747663554
1.2536915887850468
2.925700934579439
8.996588785046729
6.156214953271029
1.9758411214953269
-1.2053271028037382
-3.651728971962617
-6.707570093457944
-6.4987383177570095
-6.364018691588785
-6.37570093457944
-4.181308411214953
-3.674672897196261
-5.243411214953272
-4.034532710280374
-4.189485981308412
-3.6566355140186917
-1.7887850467289717
-0.3554672897196262
0.2764953271028037
0.14925233644859817
7.3763551401869165
8.365654205607477
4.189439252336449
1.76
3.8985981308411213
5.127710280373831
7.209532710280374
7.8064485981308405
7.385700934579439
4.077990654205607
-0.36771028037383174
-5.057850467289719
-2.2276635514018692
-2.5685981308411217
-4.205467289719627
-9.632663551401867
-11.01873831775701
-7.97658878504673
-7.749719626168225
-9.947476635514018
-7.707943925233645
-12.122383177570091
-12.169532710280373
-6.652710280373831
-6.30018691588785
-1.8073831775700933
0.49280373831775703
0.607803738317757
3.300327102803738
2.962803738317757
-1.269018691588785
-3.0308411214953273
-3.190140186915888
-4.6952336448598135
-5.959158878504672
0.2058411214953271
-0.22373831775700925
0.7981308411214953
6.418598130841121
3.589672897196262
-0.5060280373831775
-2.7604672897196263
-5.654205607476635
-4.165607476635515
-0.03584112149532711
0.13864485981308414
-1.7511214953271028
-1.5964485981308412
1.6117757009345792
-2.060654205607477
-3.0850934579439255
-4.321401869158878
-10.61757009345794
-14.11336448598131
-6.6450467289719635
-3.000794392523365
-7.917429906542056
-9.373691588785046
-5.759672897196262
-7.3055607476635505
-2.8098130841121494
-4.783831775700934
-3.7750934579439246
-2.2635981308411215
-3.4192990654205606
-3.6564953271028036
-7.7649065420560754
-10.22607476635514
-10.77677570093458
-7.675140186915888
-3.9745327102803736
-4.480841121495327
-7.593644859813084
-2.7884579439252337
-6.844299065420561
-8.931121495327103
-6.050327102803738
-6.4953271028037385
-5.27644859813084
-1.7878971962616823
-0.457803738317757
-2.172663551401869
-2.2995327102803738
2.373831775700935
3.5509813084112154
2.9135046728971963
-1.1203271028037383
-4.6399065420560754
-8.492383177570092
-9.627429906542057
-9.760000000000002
-9.42981308411215
-8.723598130841122
-3.688364485981308
-5.239719626168225
-5.925887850467289
-7.299018691588784
-9.135140186915885
-8.76411214953271
-9.278971962616822
-6.803831775700934
-4.874018691588786
-4.740607476635514
-6.775794392523364
-6.047803738317757
-1.764626168224299
0.3026168224299065
0.6084579439252336
-2.8277102803738323
-3.66626168224299
-3.7199065420560746
3.540420560747664
7.318130841121495
8.450420560747663
8.238130841121496
9.985280373831777
6.638878504672897
4.681915887850467
3.4161214953271024
0.45672897196261686
-0.7680373831775702
-1.225981308411215
-1.486308411214953
-0.9971028037383177
1.678551401869159
2.0316822429906543
4.865607476635514
0.35196261682242985
7.473317757009346
8.152009345794394
5.161028037383177
2.308504672897196
2.7396728971962614
4.594345794392524
5.518878504672897
8.544532710280373
8.816728971962617
9.784205607476634
7.323831775700936
3.689906542056075
2.3250934579439253
1.6542523364485981
2.7841588785046727
7.226074766355141
5.107710280373833
3.61981308411215
5.484065420560748
8.276214953271028
9.30004672897196
5.6046261682243
2.7303738317757014
1.06107476635514
-2.675747663551402
-3.833177570093458
-1.7172429906542057
-0.07481308411214953
-2.850186915887851
0.425981308411215
-1.8402336448598131
-4.240607476635514
-0.49004672897196266
5.225841121495327
2.3746728971962616
0.020747663551401875
1.995467289719626
5.380233644859814
1.7625233644859817
-1.4495794392523365
-1.3671028037383177
0.39518691588785043
2.52177570093458
-0.2336448598130841
7.1270093457943915
7.433738317757008
7.38126168224299
10.036401869158878
11.012009345794391
7.159719626168225
9.88691588785047
10.86626168224299
10.113644859813085
8.29588785046729
7.565046728971963
4.746682242990653
7.459859813084114
10.626542056074767
13.996775700934581
11.558457943925232
6.380700934579438
8.468691588785047
5.921869158878503
7.9102803738317755
8.09785046728972
6.555467289719625
8.993691588785047
11.194626168224298
11.676448598130841
14.60943925233645
14.094299065420559
13.828644859813084
9.646542056074765
9.336542056074766
12.438925233644861
11.372196261682243
13.766915887850466
14.618457943925236
10.966915887850467
7.300934579439253
9.767102803738316
4.139392523364486
8.664672897196262
16.35130841121495
9.675420560747664
6.573271028037383
6.771028037383178
5.5864018691588795
5.212289719626168
7.0088785046728965
7.913644859813084
7.731588785046728
9.583971962616822
9.038411214953271
9.898364485981311
10.836588785046727
13.228224299065419
7.948411214953271
6.749906542056075
10.092196261682242
10.858504672897197
11.020093457943926
8.536495327102804
9.555420560747665
12.787803738317757
12.627850467289718
13.358738317757007
15.574859813084112
15.58710280373832
16.22822429906542
15.37182242990654
13.179158878504673
11.530093457943924
10.684766355140187
11.962242990654206
12.061121495327102
8.95696261682243
7.806728971962616
6.542289719626169
10.69948598130841
12.571962616822429
11.214345794392523
9.674859813084112
9.586962616822431
9.225747663551404
10.77518691588785
10.24429906542056
12.906822429906542
12.260093457943924
7.616728971962617
14.74285046728972
14.86808411214953
14.410794392523364
15.103831775700936
15.987102803738319
15.154065420560746
15.214018691588786
15.464953271028037
14.724205607476636
13.855887850467289
13.547757009345794
12.731121495327104
11.604485981308413
12.37836448598131
14.288224299065423
11.56481308411215
6.881495327102803
6.482990654205607
8.501915887850467
10.80943925233645
9.15785046728972
7.930373831775702
8.01551401869159
10.057429906542056
7.493504672897197
9.507056074766355
10.566542056074764
9.966448598130842
9.392383177570093
8.938878504672898
6.5981775700934575
8.478177570093457
8.780467289719626
7.245233644859813
6.515934579439252
6.318878504672897
6.978411214953271
7.60429906542056
11.762429906542055
13.061355140186917
10.827710280373832
10.783224299065422
12.332429906542057
8.765654205607476
5.697757009345794
5.952663551401868
11.312570093457941
10.83233644859813
9.449672897196264
9.965046728971961
10.305233644859811
14.775794392523366
13.646028037383177
8.417710280373832
5.98214953271028
6.1287850467289715
7.9766355140186915
7.693457943925233
6.245093457943924
8.01411214953271
4.730887850467289
6.426962616822429
7.6476168224299075
7.481355140186915
4.670934579439253
8.0703738317757
9.533130841121494
8.58322429906542
6.688504672897196
6.429719626168224
3.9485981308411215
3.5936915887850467
2.0906542056074766
2.344672897196262
0.8385514018691588
3.2357943925233648
0.9295794392523364
0.6537850467289719
6.62322429906542
5.835607476635515
6.4475700934579425
2.2214953271028035
0.5312616822429906
0.8574299065420561
-0.9290654205607478
-0.2911214953271028
2.302242990654206
2.3134112149532706
1.793785046728972
4.548457943925234
4.345420560747664
5.182383177570094
4.157943925233646
9.629906542056075
7.098831775700935
6.209719626168225
1.9
2.027196261682243
-2.1266355140186914
-2.5976635514018698
-3.105233644859813
-3.4152803738317763
-3.1505607476635515
-1.725794392523364
1.905794392523364
0.5362149532710281
-2.749252336448598
-5.795093457943926
-4.519579439252336
0.7802803738317756
4.41570093457944
4.050373831775701
7.4969626168224295
9.072056074766355
7.4672429906542055
-0.3340654205607476
-1.6372897196261682
-1.285747663551402
1.1694859813084113
-1.3256542056074767
-1.4997196261682242
-0.8753271028037383
-2.0021495327102805
-3.226588785046729
-5.4180373831775706
-1.708878504672897
-1.544392523364486
-1.4295327102803737
-0.537196261682243
-0.24570093457943928
-2.865046728971963
-4.852616822429907
-5.413271028037383
-7.6298130841121505
-14.825560747663552
-9.742757009345793
-7.919439252336448
-11.905654205607476
-14.012710280373831
-10.003831775700938
-12.693644859813084
-10.953411214953272
-10.28906542056075
-5.216214953271028
-3.438271028037383
-4.049392523364486
-3.0275700934579435
-3.8235981308411215
-8.41126168224299
-7.626168224299065
-4.4273364485981315
-0.2369626168224299
1.8619626168224301
2.2850467289719627
1.5486448598130842
2.8983644859813085
4.0607943925233645
5.293364485981307
-9.036728971962617
-12.545887850467288
-13.286495327102804
-11.650514018691588
-17.013504672897195
-15.858457943925234
-12.094299065420563
-13.838130841121494
-15.317242990654204
-13.10785046728972
-6.181915887850469
-7.250467289719626
-7.992429906542055
-4.4944392523364485
-5.009345794392522
-4.777663551401869
-3.511915887850467
-1.468317757009346
-3.863598130841121
-4.014158878504673
-3.0729439252336443
-0.8736915887850467
-5.522570093457944
-1.3919158878504674
1.1429906542056076
-2.132990654205608
-4.811915887850467
-6.417242990654206
-8.096728971962616
-7.6696261682242985
-5.778971962616821
-1.7792523364485981
0.7922429906542057
-0.2246261682242991
-1.3131308411214953
-0.6570560747663551
-0.03453271028037385
0.8111682242990653
-0.30490654205607476
-1.5444392523364485
-0.24046728971962614
-1.7991588785046728
-2.2996728971962614
-2.9678504672897192
-6.0922429906542055
-7.367242990654206
-7.090046728971963
-6.854299065420561
-6.13088785046729
-9.716869158878504
-9.792383177570093
-7.205934579439253
-7.324018691588785
-2.94392523364486
2.621355140186916
0.6439252336448599
0.4446728971962617
1.8859813084112151
-1.8640186915887849
-3.2298130841121493
-4.25626168224299
-1.7672429906542055
-2.3987383177570094
0.12065420560747663
-0.627570093457944
-1.1666822429906543
-1.2048598130841117
-1.7802336448598128
0.2728504672897196
1.809252336448598
0.434626168224299
-0.23733644859813088
-1.9692990654205609
-1.875
0.2799532710280374
-0.1994392523364486
0.6508411214953271
-2.088785046728972
-1.4604672897196262
0.26995327102803746
1.6512149532710279
2.1785981308411215
2.1667757009345796
1.538224299065421
-0.03462616822429905
-1.1401869158878504
2.0664485981308407
3.7621962616822424
0.4926168224299066
1.8364485981308416
5.294859813084112
6.464906542056076
-0.5549065420560748
-1.6275700934579442
-1.3433644859813085
-1.2517757009345793
-2.951728971962617
-2.3008411214953273
-3.090327102803738
-1.818644859813084
0.7879439252336448
3.187289719626168
0.3264018691588785
-0.8176635514018692
3.8174299065420554
3.3350000000000004
2.155981308411215
-0.22411214953271033
0.9011682242990654
1.867943925233645
2.83107476635514
2.2335514018691587
3.7851869158878504
0.8212616822429907
-1.3976168224299064
1.07803738317757
-1.1433644859813084
1.1092990654205608
5.0795794392523375
4.539953271028037
1.1257476635514017
2.0374299065420565
0.8703738317757009
3.2756542056074767
5.402196261682243
4.391214953271028
2.3349065420560744
4.213084112149533
5.373644859813084
7.8250934579439235
9.967897196261683
11.568084112149531
9.964766355140188
11.566495327102801
8.230093457943926
11.676028037383178
11.50355140186916
9.187336448598131
7.354392523364486
6.492009345794393
7.437897196261682
9.966121495327103
9.383598130841122
6.509626168224298
6.764719626168224
8.424532710280374
12.22714953271028
15.310280373831773
14.519672897196262
15.569065420560747
16.14532710280374
15.721728971962616
14.742990654205608
12.621962616822428
12.65126168224299
9.1607476635514
11.937757009345793
9.599719626168225
7.7724766355140185
6.96929906542056
5.019906542056074
5.898130841121495
6.674532710280373
6.316728971962616
9.35051401869159
9.965280373831776
9.107850467289719
10.207102803738316
12.519953271028037
11.376448598130843
9.066214953271029
13.422196261682245
11.148457943925235
10.002897196261682
9.213224299065422
9.13981308411215
7.72621495327103
11.365373831775702
14.955700934579442
10.53752336448598
7.888271028037384
10.935514018691588
11.395093457943926
9.561214953271028
12.135
14.388878504672899
16.19785046728972
15.147897196261681
16.21626168224299
15.599299065420558
15.780841121495326
14.074345794392523
14.452196261682243
12.813130841121493
11.022009345794393
13.241915887850466
15.828364485981309
14.595514018691587
13.195093457943925
15.1846261682243
14.270700934579441
12.265654205607474
11.222009345794394
9.097943925233645
13.997056074766355
13.075654205607476
15.455
13.80266355140187
15.072757009345793
16.014065420560748
16.08822429906542
14.00551401869159
13.395747663551402
14.659813084112148
14.688925233644861
14.11696261682243
13.256682242990653
9.327242990654206
11.720046728971964
13.62443925233645
12.358084112149534
10.478691588785049
12.73785046728972
12.377523364485981
11.096355140186915
11.844439252336448
8.57644859813084
7.837897196261682
8.132663551401869
8.304205607476636
10.311728971962618
11.209579439252337
9.800794392523365
11.640794392523365
9.89088785046729
7.84070093457944
8.292429906542056
10.79892523364486
9.466869158878504
8.967757009345794
4.8210747663551405
7.951401869158879
9.713411214953272
14.464906542056076
11.866542056074767
11.004626168224299
9.927710280373832
10.399392523364483
11.5453738317757
12.748831775700934
12.263691588785049
10.864953271028037
11.39051401869159
12.395794392523365
12.618785046728972
11.779672897196264
12.60214953271028
11.938831775700933
14.892149532710281
7.788971962616821
5.447242990654206
6.584766355140188
7.923551401869159
10.802383177570094
8.772242990654206
7.669392523364486
7.983084112149533
9.560887850467289
10.44728971962617
9.513644859813084
9.343504672897197
7.093831775700934
5.199859813084112
8.196542056074765
3.8663084112149537
7.125607476635515
7.230140186915888
6.99588785046729
7.039252336448598
7.376308411214954
6.549158878504673
7.146542056074765
6.442616822429907
3.028130841121495
4.539859813084112
5.96107476635514
6.522476635514019
4.895981308411215
6.397523364485981
6.11714953271028
6.010934579439252
4.635467289719626
1.684158878504673
1.6959813084112152
6.481588785046728
8.076121495327103
4.786915887850467
5.528598130841121
3.5049065420560748
4.000607476635514
6.382616822429907
6.2521495327102805
6.104158878504673
2.1078971962616824
-2.962990654205607
-2.103084112149533
2.305280373831776
8.089158878504673
7.392757009345795
5.519532710280374
3.336682242990654
3.977149532710281
0.2251869158878505
-1.0469158878504674
-1.4346728971962617
-0.49341121495327106
2.368457943925234
4.7215420560747665
3.186682242990654
2.4236448598130846
2.7353271028037387
6.176682242990654
3.706495327102804
2.1618691588785044
2.935420560747663
2.4067757009345794
-0.0019626168224299062
-0.7023831775700935
-1.8136448598130839
-2.5894392523364487
-2.116682242990654
-1.2011682242990651
-2.2540654205607478
-1.05107476635514
-0.21219626168224298
0.3913084112149533
4.520514018691589
3.787897196261682
2.134299065420561
0.4313084112149533
-0.9860280373831773
-1.1851869158878503
-3.204579439252337
-2.648411214953271
2.780327102803738
-1.145981308411215
-1.6817289719626167
-2.7025233644859816
-2.1697663551401867
1.1930841121495326
0.1261214953271028
-1.9931775700934578
-4.552803738317758
-2.6224299065420564
-0.3362616822429907
1.4167289719626168
0.18219626168224295
-1.4232710280373835
-2.044532710280374
-4.2776168224299065
-4.670373831775701
-4.671728971962616
-1.7099532710280374
3.9575700934579436
1.8685981308411215
6.157523364485981
1.2471028037383178
-0.31266355140186913
-0.9368224299065422
1.857102803738318
4.419392523364486
-0.28369158878504686
-1.1766822429906543
-1.9537383177570091
-0.897336448598131
2.3588785046728975
3.849859813084113
-0.36780373831775687
-2.1419158878504674
-2.4891121495327106
-1.3935046728971963
1.1414018691588785
-3.064065420560748
-3.7816355140186917
-3.2905607476635517
1.1168691588785047
5.701775700934578
5.414766355140186
3.7630373831775694
-2.2292990654205616
-2.480233644859813
-0.5638785046728972
-1.8777102803738317
-3.883084112149533
-5.2147663551401875
-5.171261682242991
-1.3723831775700934
-2.336448598130841
-6.932757009345795
-7.84
-6.282990654205607
-7.513644859813084
-4.8082242990654205
-10.097990654205608
-10.30144859813084
-9.198971962616824
-11.963317757009346
-8.26107476635514
-10.147056074766356
-7.622009345794393
-3.2292523364485977
-8.644252336448597
-12.964999999999998
-12.041495327102805
-9.182383177570093
-6.175981308411215
0.383411214953271
2.5789252336448603
0.5523364485981308
-0.9973831775700934
-1.7581308411214953
-2.4432242990654207
-3.276728971962617
-1.5694859813084112
2.8169626168224298
4.328411214953271
2.0000934579439256
0.4895327102803739
1.167710280373832
-0.8057009345794394
-4.8397663551401875
-4.093364485981309
0.8053738317757008
4.750700934579439
1.887196261682243
-0.6099532710280374
6.086635514018692
7.18
5.746635514018693
5.445841121495326
-0.9061682242990654
-1.419158878504673
2.857803738317757
-0.5454205607476635
-1.5595327102803735
-1.8327102803738315
-2.7330841121495326
-3.1120093457943927
-1.0001869158878505
2.674626168224299
1.4731308411214954
2.272289719626168
0.4926168224299065
-2.26392523364486
0.06093457943925238
1.3060747663551402
0.6456542056074767
1.178317757009346
2.52
2.581168224299065
4.556588785046729
1.8480841121495328
0.13135514018691588
-0.6837383177570094
2.5781308411214954
2.504018691588785
4.748504672897196
9.387943925233644
7.192990654205608
3.9082710280373836
8.537943925233645
6.392663551401869
3.9081308411214954
6.398878504672898
4.020280373831776
7.819579439252338
6.71981308411215
5.882710280373832
6.468551401869159
3.345560747663552
6.6535046728971965
5.28714953271028
4.123364485981308
4.3219158878504675
2.3525700934579437
2.5178971962616825
7.868644859813084
7.292336448598131
5.258785046728971
4.764813084112149
4.492616822429907
5.241261682242992
6.049999999999999
6.050794392523365
9.670467289719626
10.67733644859813
7.495514018691589
7.626728971962616
5.07355140186916
5.141028037383178
7.5668224299065425
7.175093457943927
7.161869158878504
6.97822429906542
7.329158878504673
6.9595794392523365
5.880514018691588
5.110700934579439
6.180841121495328
6.769813084112148
5.441682242990655
11.021542056074766
12.039158878504674
7.888878504672896
10.529953271028036
11.881355140186917
8.83481308411215
4.904813084112148
7.923738317757008
12.878457943925232
12.092570093457942
8.799672897196261
10.213971962616823
13.00785046728972
11.737757009345795
7.113317757009346
4.7350934579439246
5.412056074766355
4.966121495327103
8.898177570093457
9.887009345794393
11.78336448598131
14.303130841121492
12.60233644859813
13.38285046728972
14.317616822429908
14.12481308411215
11.95481308411215
8.285747663551403
8.447803738317758
12.134813084112151
11.242757009345793
7.0031775700934595
12.62056074766355
12.965560747663552
13.35915887850467
15.487757009345795
15.073738317757009
16.747570093457945
15.822383177570092
14.810887850467289
16.368364485981306
16.453644859813085
14.180794392523362
10.299719626168226
10.1396261682243
15.20640186915888
15.193831775700938
15.712523364485982
13.456915887850466
10.630981308411215
5.663644859813084
8.563878504672896
12.583878504672896
15.281401869158877
13.138831775700936
16.482943925233645
19.496168224299065
16.907663551401868
13.550327102803738
14.143084112149532
13.3892523364486
15.558037383177568
11.730794392523366
10.23873831775701
8.962803738317756
10.188504672897198
10.13014018691589
10.763878504672899
13.255747663551402
13.029345794392523
13.99467289719626
13.130467289719627
12.69799065420561
10.217803738317757
8.897289719626167
6.216588785046729
11.515747663551403
12.668551401869157
12.916355140186916
14.728971962616823
15.303271028037386
15.055981308411216
14.631448598130842
15.147850467289722
15.428084112149536
15.825747663551402
14.910514018691588
13.58967289719626
12.24981308411215
9.92196261682243
10.286448598130843
10.599018691588784
13.371308411214953
14.31158878504673
9.967803738317757
9.83551401869159
11.81593457943925
5.881214953271027
4.687616822429907
2.0346261682242988
11.6903738317757
10.816542056074768
9.682803738317757
8.721915887850468
7.641915887850467
8.455280373831775
9.600747663551402
8.694859813084111
7.456495327102804
8.151028037383178
11.711775700934577
8.103738317757008
6.3219626168224305
8.267663551401869
5.557102803738318
7.899672897196262
6.591869158878505
4.369579439252336
7.514953271028037
10.452149532710282
10.68518691588785
7.961308411214954
4.278691588785046
6.3617757009345794
12.519065420560747
12.542990654205607
11.949532710280373
9.305327102803739
6.744766355140188
7.708130841121495
6.570467289719627
8.279112149532711
5.168457943925232
4.842803738317758
3.4738785046728977
7.552383177570094
7.018037383177569
6.017523364485982
4.803878504672897
3.5568691588785044
5.898738317757009
2.713878504672897
1.8550467289719628
-0.3892523364485982
-1.6772897196261685
-0.6817289719626168
-1.0231775700934578
3.5834112149532706
2.3991121495327103
1.6634112149532712
0.22271028037383175
-1.7035514018691587
-1.694906542056075
4.389719626168224
4.725280373831776
2.5547196261682243
2.744299065420561
5.075280373831776
3.949392523364486
3.8297196261682243
2.0203271028037384
3.7021495327102802
2.904158878504673
-0.9632242990654205
-3.0064953271028036
-5.913457943925234
-8.007897196261682
-9.140841121495328
-3.9420093457943923
-2.3593925233644857
-2.9949065420560745
-1.6110280373831776
-1.3479906542056077
-2.296822429906542
-3.908598130841122
-5.181635514018691
-5.164953271028036
-2.2774299065420562
8.53859813084112
6.218738317757009
3.571822429906542
1.6565420560747663
-3.95803738317757
-6.465934579439253
-8.08355140186916
-9.04378504672897
-6.113831775700935
-5.044345794392523
-5.133738317757008
-6.029579439252337
-7.704579439252337
-1.8698598130841122
-4.711542056074767
-9.185700934579442
-11.680093457943926
-10.349252336448593
-7.881401869158878
-9.230654205607477
-11.337897196261682
-6.015560747663551
-1.2185981308411213
0.24598130841121496
1.4838785046728973
1.5453271028037385
1.2492523364485983
2.8189719626168226
4.377242990654206
6.895514018691588
2.139906542056075
-0.2912149532710281
3.36981308411215
3.782803738317758
0.6954205607476636
-0.29626168224299065
0.5185046728971962
1.350794392523364
1.2584112149532711
-1.195
-2.7936915887850464
-1.4502803738317758
-0.4349065420560747
-1.175233644859813
-2.4360280373831773
-4.236635514018691
-3.2386915887850463
0.6638317757009345
-0.9261682242990652
1.2091121495327102
-1.7491588785046732
-1.8887383177570096
-0.7547196261682243
-2.0484579439252335
-3.800140186915888
-4.367663551401869
-7.621822429906541
-8.58285046728972
-4.190700934579439
-1.3358411214953272
-6.548738317757011
-9.573551401869159
-3.2332710280373833
-1.4618224299065417
0.4125700934579439
0.591448598130841
-0.5383177570093458
-0.9199532710280374
0.504766355140187
0.25257009345794396
0.976588785046729
0.3244859813084112
-1.2254205607476636
-0.9521028037383178
-1.3850934579439254
-1.6635981308411214
-5.033831775700935
-1.2228504672897194
-5.575700934579438
-4.694579439252336
-6.281915887850467
-5.812570093457944
-8.663925233644859
-11.081495327102806
-10.068177570093457
-9.148457943925234
-8.07392523364486
-4.2207009345794395
-1.9463084112149531
-2.7614485981308414
-2.5201869158878503
-3.1246261682242995
-2.222757009345795
-0.9961214953271027
-2.2946261682242994
-4.465327102803738
-4.0437850467289715
-4.510794392523365
-2.4723831775700935
-5.259065420560748
-4.077476635514019
0.017897196261682253
0.25742990654205605
-2.654252336448598
-5.088130841121495
-7.987570093457944
-6.614906542056075
-5.932242990654205
-1.8229906542056076
-2.09911214953271
-2.0981308411214954
-2.2612616822429907
-1.7946728971962613
-2.843551401869159
-5.165
-7.069672897196262
-4.666495327102805
-3.165887850467289
-3.4571495327102806
-2.155093457943925
1.6099999999999999
0.13397196261682243
2.028130841121495
3.5937383177570097
2.374532710280374
-0.8994859813084113
-2.1657009345794394
-0.36135514018691595
-2.029766355140187
-2.823457943925234
-1.4528971962616823
-1.9873364485981313
-1.145607476635514
0.06911214953271029
1.3876168224299061
1.3095327102803738
1.0374766355140188
2.2488317757009346
0.9822897196261682
0.2486915887850467
0.3880841121495327
4.647663551401868
2.016495327102804
0.12247663551401869
-1.8106074766355142
-0.8414953271028038
0.7748598130841121
3.3096261682242996
6.093504672897196
6.964392523364486
4.5430373831775706
3.0399065420560745
3.7680841121495323
-0.7166355140186916
-1.3269158878504674
-2.2873831775700935
1.0951401869158879
2.6021495327102806
2.1599065420560746
6.139158878504674
6.302056074766354
10.233271028037384
10.548878504672897
1.945981308411215
0.5242056074766356
0.8877102803738316
2.6876635514018683
3.334065420560748
3.4836448598130842
3.857476635514019
5.973317757009346
6.866214953271028
6.60140186915888
8.266728971962616
6.562990654205607
7.146308411214954
7.7071028037383185
7.188971962616822
5.922943925233646
5.6440186915887836
6.430093457943925
7.279532710280375
7.2753738317757
7.914859813084111
6.379485981308411
5.279532710280375
6.30271028037383
3.8083644859813086
7.454906542056076
9.551168224299065
11.926168224299065
8.660887850467288
6.531261682242991
7.79018691588785
7.082663551401869
7.473551401869159
7.16873831775701
6.768831775700935
8.280140186915888
5.090934579439253
8.103785046728973
11.257289719626169
8.161822429906543
8.33392523364486
8.32981308411215
10.036962616822429
8.590887850467288
11.037663551401868
14.568177570093457
10.099953271028038
9.100140186915887
7.058130841121495
6.246028037383176
8.168831775700934
7.778317757009345
9.017429906542056
6.614626168224299
5.663411214953272
3.866448598130841
7.985140186915888
6.818411214953272
7.27144859813084
7.113364485981308
8.18252336448598
6.527009345794393
9.338878504672897
11.439719626168227
16.301915887850466
18.083504672897195
14.154018691588785
11.551588785046729
11.122523364485982
11.43228971962617
9.340887850467288
9.12285046728972
9.289018691588785
10.939345794392525
9.3896261682243
10.515514018691588
8.858551401869159
7.511822429906543
8.57822429906542
8.793785046728972
10.857710280373833
10.065093457943927
11.483504672897196
13.024672897196261
11.223504672897196
17.14915887850467
13.170140186915887
10.489065420560747
14.60051401869159
14.729906542056074
12.898785046728971
10.113411214953269
8.966168224299066
11.11845794392523
12.805794392523367
13.554719626168225
12.818971962616823
12.721682242990655
10.655560747663552
10.789018691588787
12.052663551401867
10.282523364485982
9.572710280373832
9.708831775700933
12.647897196261685
11.144065420560747
11.80397196261682
11.92607476635514
11.907897196261684
11.594439252336448
14.993691588785046
13.977383177570093
11.533738317757011
10.510420560747663
10.324953271028038
11.499766355140187
12.703971962616825
13.896542056074766
11.815841121495328
13.638224299065422
13.993364485981308
7.327663551401868
5.982850467289719
6.712336448598131
6.8423364485981315
7.849392523364486
7.763878504672896
8.430794392523365
8.815093457943927
10.090186915887852
9.766448598130841
11.21140186915888
10.611121495327104
9.357289719626168
9.493971962616822
6.40892523364486
9.01341121495327
8.278364485981308
5.633224299065421
5.611728971962616
5.645420560747663
5.538130841121496
6.518644859813083
6.512757009345794
4.537616822429907
6.458878504672897
10.591822429906541
10.44747663551402
7.089299065420561
5.290560747663552
6.261635514018692
7.605327102803738
7.36677570093458
4.974158878504674
6.824766355140187
8.949766355140186
11.251168224299066
9.80289719626168
5.623644859813084
6.659158878504672
6.033925233644859
7.446121495327104
4.471028037383177
3.777616822429906
8.17373831775701
10.544252336448599
6.828738317757009
4.0250934579439255
2.2881308411214953
7.94766355140187
5.881028037383177
6.8355140186915895
4.091028037383178
2.2399999999999998
0.5583177570093458
3.185233644859813
5.4518691588785035
2.2556542056074766
4.236869158878505
2.4085046728971964
2.452289719626168
3.4716822429906546
3.4287850467289718
2.4342523364485986
1.8701869158878506
3.951822429906542
3.057242990654206
4.06107476635514
4.559719626168224
1.7317757009345796
1.3028971962616822
-1.7644859813084113
-2.242570093457944
-1.8689252336448599
-0.4305140186915888
1.4425700934579442
-0.18196261682242995
0.1527570093457944
1.5166822429906544
3.971401869158879
7.304252336448599
5.932757009345794
6.137196261682242
2.398644859813084
0.18327102803738318
-0.4971028037383177
1.6334579439252335
-0.8451869158878504
-2.5070560747663553
-3.285607476635514
-1.1567289719626168
-0.006355140186915902
-0.32434579439252326
-0.3088317757009345
-0.27929906542056077
1.085934579439252
1.5272429906542058
0.9114018691588783
1.510607476635514
1.1628971962616823
-1.1083177570093459
-2.651775700934579
-0.23691588785046727
0.42261682242990656
0.23485981308411216
0.46738317757009346
-2.6711682242990658
0.9742056074766356
0.5688785046728972
-1.9164485981308412
-1.9375233644859813
-2.6710747663551397
-4.052850467289719
-2.3858878504672894
-1.5223364485981308
-3.5509813084112154
-5.408878504672897
-4.615420560747663
-8.490280373831776
-5.362289719626168
-8.051822429906542
-8.75233644859813
-14.238644859813082
-12.446495327102804
-15.599906542056075
-15.031308411214953
-17.036869158878506
-15.774532710280374
-12.007056074766354
-14.717850467289718
-12.843224299065419
-15.433878504672899
-15.0042523364486
-14.164205607476637
-10.211355140186916
-11.24803738317757
-12.566028037383179
-10.894439252336447
-6.2564485981308415
-3.8730841121495323
1.9452336448598129
-2.0817757009345796
-3.3322897196261683
-2.3249065420560746
-1.4872429906542055
-6.788598130841122
-8.746028037383178
-4.573317757009346
0.3405140186915888
0.07429906542056076
1.5642056074766355
4.03411214953271
-3.7626635514018694
-5.5378504672897195
-4.650280373831775
-3.196775700934579
-5.7715887850467285
-6.897289719626168
-9.370794392523363
-13.985794392523365
-14.809719626168222
-18.063831775700933
-16.814859813084112
-14.492429906542057
-15.304906542056075
-10.787196261682244
-11.719999999999999
-13.634205607476638
-16.318831775700932
-16.263177570093458
-6.1085046728971975
-4.59107476635514
-9.014018691588785
-1.8189252336448598
-1.6532710280373832
-0.1926635514018691
-0.6405607476635514
-0.3251869158878505
-0.6662616822429908
1.2404205607476635
1.2516355140186917
0.7520560747663552
1.8608411214953273
2.0634579439252336
1.6436448598130842
-0.8293457943925233
-0.5393925233644858
-2.363878504672897
-2.0107943925233642
-3.6568691588785045
-3.4198598130841122
-3.08392523364486
-3.0063084112149534
-1.9588317757009344
-2.2410747663551405
-3.8815420560747667
-4.207523364485981
-1.8100934579439254
-3.9404205607476634
-0.5839252336448598
-0.12654205607476635
-0.22514018691588786
0.32289719626168223
4.166355140186916
0.3885514018691588
-2.5826168224299066
-1.1004672897196262
2.146682242990654
5.787476635514019
4.7401869158878505
6.944018691588785
5.972476635514017
7.182242990654205
9.939532710280373
7.314018691588784
4.677897196261682
6.440560747663551
4.36841121495327
1.5599065420560747
3.151635514018692
2.4813084112149535
1.1499532710280373
1.9512149532710283
2.1785046728971964
2.333411214953271
0.11560747663551403
0.6660280373831776
2.614065420560748
3.8785981308411213
3.998457943925233
7.205093457943924
0.7780373831775701
-2.2361682242990657
-0.7971962616822431
-4.681775700934579
-1.9016355140186916
-2.437616822429907
-0.737056074766355
-0.38621495327102806
3.9131308411214953
1.752056074766355
0.5847196261682243
1.0739719626168225
3.02981308411215
6.338177570093458
10.443271028037381
7.593738317757009
6.094252336448599
7.9672897196261685
7.074299065420561
9.165046728971962
11.263971962616822
10.22789719626168
6.5446261682242985
8.49714953271028
9.053224299065421
8.19158878504673
10.314205607476634
11.280000000000001
10.998271028037383
8.296728971962617
7.793084112149532
6.9961682242990655
7.483177570093458
11.601028037383177
13.41714953271028
12.937383177570096
10.117056074766356
9.051168224299065
7.697570093457943
11.217570093457946
9.326588785046729
8.396028037383177
11.067757009345792
14.149532710280374
12.533411214953269
12.625841121495329
6.007523364485982
4.029018691588785
5.728504672897197
6.6347196261682235
7.089158878504673
5.441448598130841
5.129766355140186
6.230373831775701
2.678130841121496
5.59448598130841
4.835280373831775
8.014672897196261
9.524672897196261
9.498457943925233
10.710186915887851
7.854439252336448
8.368785046728972
9.41752336448598
7.11570093457944
7.323785046728972
8.499345794392523
8.799579439252337
9.9407476635514
10.336355140186914
9.669392523364486
8.505607476635513
10.777242990654205
12.058831775700936
12.427943925233649
7.9935046728971955
7.65481308411215
9.028551401869159
9.535841121495327
10.360747663551404
10.080654205607475
10.796915887850467
13.32523364485981
15.077383177570091
11.28397196261682
10.526308411214954
11.091915887850465
13.967663551401868
11.270700934579441
7.494158878504673
7.200654205607477
12.593130841121496
9.069579439252337
11.793551401869157
13.981121495327104
13.747710280373829
10.446168224299068
13.965420560747663
11.711261682242991
11.547663551401868
10.395607476635513
10.717429906542055
11.306728971962619
8.974392523364486
12.096635514018693
9.706495327102804
6.743504672897197
8.985654205607478
9.303644859813081
10.413785046728973
7.259672897196262
13.647289719626166
12.849672897196262
15.27088785046729
15.396869158878506
13.874112149532712
10.515420560747664
7.69658878504673
8.740747663551401
11.403317757009345
10.714345794392523
11.511495327102804
9.727710280373833
10.362196261682245
10.722242990654207
8.552102803738318
8.980373831775701
5.834672897196262
7.7963084112149525
9.11443925233645
10.54322429906542
11.676308411214954
8.092056074766356
8.779392523364486
10.055233644859813
9.920233644859815
6.168177570093457
3.466308411214954
6.797056074766354
5.966682242990655
3.0797196261682243
6.483925233644862
8.910560747663553
8.651542056074767
10.628691588785049
7.916915887850466
5.270093457943924
9.821355140186915
11.464579439252336
11.26817757009346
11.407990654205609
12.837943925233647
14.325046728971962
12.704112149532707
8.94144859813084
9.23018691588785
7.105560747663552
6.782009345794392
7.829766355140188
7.440794392523364
5.569719626168225
7.407990654205607
10.75981308411215
12.993785046728972
13.262570093457944
12.146682242990655
10.031962616822431
9.212336448598132
6.113130841121495
4.708177570093458
8.3303738317757
8.64696261682243
5.585607476635515
2.867102803738318
4.5539252336448595
7.019299065420562
4.608130841121496
7.947009345794393
7.082429906542058
3.58303738317757
1.7008411214953267
1.0484579439252337
0.7255607476635513
1.925747663551402
0.3438785046728972
0.7692056074766355
0.5201401869158879
-0.011588785046728991
-1.8715887850467292
-1.057803738317757
-2.5579439252336447
-2.0891121495327103
-0.31336448598130845
0.12761682242990657
-2.0829906542056076
-3.6137383177570097
2.6438317757009346
-0.059579439252336414
0.2719626168224299
3.2323831775700937
6.673644859813083
1.2179906542056076
-1.9807476635514019
-3.0354672897196258
-3.6812616822429907
-3.3554205607476635
-4.069485981308412
-5.014532710280374
-6.210607476635514
-6.498457943925234
-7.039065420560748
-6.337009345794393
-5.213130841121496
-6.374953271028037
-6.545841121495327
-7.969439252336449
-6.3831308411214955
-9.651355140186917
-5.402803738317756
-4.052196261682243
-6.9322897196261675
-6.083598130841121
0.27584112149532714
1.7949532710280371
4.408457943925233
7.094626168224299
5.790280373831775
3.4226635514018695
3.829859813084112
4.441822429906542
4.516962616822429
0.9919158878504675
-0.484158878504673
-3.3055140186915892
-4.782102803738317
-1.010700934579439
1.9621962616822435
5.716728971962618
4.949859813084112
2.5849065420560753
1.098271028037383
0.8857009345794393
0.2801401869158879
-0.8223831775700935
-0.5958878504672898
0.7089252336448597
1.9195327102803736
4.589953271028038
-1.9557476635514017
-4.196495327102803
-6.231074766355141
-8.526588785046728
-11.757476635514017
-11.827710280373832
-6.617009345794393
1.1701869158878504
-5.845
-3.9890186915887855
-1.2826168224299066
-5.745841121495326
-8.023691588785047
-7.856869158878504
-8.668130841121496
-0.948177570093458
0.011121495327102798
0.36088785046728966
0.3022897196261683
-0.9597196261682243
-1.8113084112149533
-7.898084112149533
-9.506495327102803
1.7581308411214953
0.6948598130841123
0.9529906542056075
1.4574766355140185
0.8310280373831775
-1.5005607476635516
-1.9700934579439253
-6.525700934579439
-6.973317757009346
-6.301355140186915
-6.4102336448598125
-4.747710280373832
-1.78803738317757
-0.6189252336448599
-1.4469626168224299
-3.955
-6.448037383177571
-8.892943925233645
-8.85126168224299
-13.235280373831776
-15.041214953271028
-19.09710280373832
-13.671495327102804
-7.774252336448598
-11.332897196261682
-12.7096261682243
-8.390747663551402
-9.264205607476635
-8.279065420560746
-8.810934579439252
-9.332663551401868
-10.671728971962617
-12.20873831775701
-14.636588785046731
-19.125747663551405
-13.135934579439253
-17.31018691588785
-13.140560747663553
-15.093551401869162
-16.60869158878505
-12.719112149532709
-7.574065420560747
-7.204392523364486
-6.772897196261683
-4.697289719626169
-2.5416355140186915
2.547102803738318
-0.8210280373831775
-1.8061214953271028
-1.9281308411214952
-3.5006542056074768
0.7200934579439252
0.04214953271028039
-0.14803738317757012
0.4762616822429906
1.1152803738317758
1.6817289719626167
-0.5052803738317757
0.5971495327102803
-1.3857943925233644
-1.5564485981308411
-0.2968691588785046
-1.2658411214953273
0.8127102803738319
-0.5655140186915888
-0.25635514018691585
-0.2689719626168224
1.0196728971962616
4.2061682242990655
2.12392523364486
0.0739719626168224
0.8821495327102804
1.1095794392523366
-1.083084112149533
1.842663551401869
-0.5591121495327103
-0.8288785046728971
-2.0732242990654206
2.638364485981309
5.181822429906541
2.00607476635514
-3.228084112149533
-6.210934579439252
-7.413271028037382
-7.038598130841121
-3.596355140186916
2.589672897196262
2.9135981308411214
2.340046728971963
1.7804205607476635
1.0020093457943926
1.1477102803738317
2.862850467289719
3.8350934579439255
3.015560747663551
4.628271028037384
4.675280373831776
6.232990654205607
6.397803738317758
6.05981308411215
8.693925233644858
7.3771495327102805
5.355280373831777
8.115607476635514
9.890467289719624
10.707056074766356
11.44158878504673
10.480981308411215
9.110233644859814
6.668504672897196
5.4247663551401875
8.54126168224299
9.75714953271028
6.175327102803738
8.33177570093458
9.668971962616821
5.762616822429906
2.1848130841121494
5.986355140186916
12.574065420560748
11.359112149532708
12.416401869158877
13.975140186915887
10.444392523364488
8.463177570093457
8.191074766355142
4.9809345794392526
8.405000000000001
11.114859813084111
7.7605607476635505
5.6399065420560754
5.310514018691589
3.687710280373832
5.536542056074766
5.900467289719626
5.186308411214953
5.076355140186917
3.0195794392523365
5.590140186915888
5.4535981308411206
5.567757009345795
7.030747663551401
9.069205607476635
7.790140186915888
7.303271028037384
7.787429906542057
11.236915887850467
13.13191588785047
14.514532710280372
16.00481308411215
15.43411214953271
13.98943925233645
16.15303738317757
14.325186915887851
10.206074766355142
12.69158878504673
13.22214953271028
10.308551401869158
12.550467289719627
12.760560747663552
13.657242990654206
13.140514018691588
10.901448598130843
11.809766355140187
13.819252336448598
15.443598130841119
14.770046728971963
13.54677570093458
14.286121495327103
11.107523364485983
8.934392523364487
8.852383177570093
8.506355140186917
8.54126168224299
5.7435046728971955
6.940747663551402
6.711822429906542
9.173457943925234
11.965747663551403
13.085093457943925
11.198691588785046
10.458224299065423
7.432009345794393
9.79233644859813
11.914579439252337
12.750280373831773
8.042943925233645
7.549859813084113
11.953971962616823
12.99429906542056
13.700186915887851
15.360046728971964
11.656682242990653
12.912242990654207
13.361214953271029
11.534859813084113
15.692476635514018
17.700280373831777
12.872009345794396
9.100981308411216
12.057476635514018
9.536401869158878
9.04271028037383
12.300280373831775
15.023551401869161
15.130420560747663
13.6646261682243
12.768037383177571
12.915467289719626
13.571448598130841
10.958831775700935
11.767570093457945
10.496028037383178
8.491495327102802
5.6201869158878495
10.542757009345795
9.580467289719625
8.556869158878506
5.924345794392523
9.776635514018691
10.09696261682243
7.977242990654206
6.960046728971962
6.744906542056074
8.287523364485983
5.390654205607476
7.810186915887851
8.29355140186916
6.766869158878504
3.768644859813084
5.084906542056075
7.582056074766355
4.307943925233645
4.170981308411214
2.4077570093457945
2.4862149532710283
6.842897196261683
7.7426635514018685
10.851775700934578
12.404485981308413
6.568971962616822
6.657943925233644
4.512289719626168
2.2968691588785046
3.223411214953271
4.760934579439252
7.046121495327102
8.0107476635514
7.830700934579439
4.058457943925234
2.7044392523364484
4.633177570093458
6.139018691588785
5.768411214953272
9.617476635514018
7.222757009345795
6.267383177570094
7.208271028037384
4.461635514018692
4.73714953271028
8.54182242990654
8.563224299065421
9.754252336448598
7.617149532710281
5.025654205607475
6.03
7.747289719626168
5.409345794392524
8.273271028037383
8.017897196261684
7.567383177570092
9.387476635514018
5.169953271028037
4.213271028037384
3.9827102803738317
3.8551401869158877
5.599953271028037
1.5226168224299064
1.105373831775701
1.504906542056075
4.984813084112149
0.846588785046729
1.6604672897196264
1.9618224299065419
-1.0777102803738317
1.2714953271028038
5.7800467289719615
0.7998130841121497
-0.9313551401869159
1.2253271028037385
2.799719626168225
2.327429906542056
0.11023364485981307
1.1635981308411214
-1.0399065420560747
0.47518691588785045
3.047803738317757
5.213411214953271
3.0982710280373826
1.9116355140186918
3.2735981308411213
7.203364485981309
7.349672897196261
3.5356074766355134
5.9586915887850465
2.5678971962616823
-0.9944392523364486
2.8576168224299066
1.5391121495327102
2.1280841121495326
4.95981308411215
5.142102803738318
0.7542523364485981
-2.0174766355140186
-3.239719626168224
-4.084485981308411
-2.351682242990654
-2.564065420560748
1.696682242990654
-0.10859813084112149
1.5766355140186914
2.5873831775700924
1.8277102803738317
2.516448598130841
0.622429906542056
0.5336448598130841
-1.2726168224299064
-1.6203271028037383
-2.3431775700934576
-0.05313084112149535
-0.6276635514018691
-0.4815420560747663
-0.24551401869158876
1.5904205607476636
-0.5697663551401869
-1.2360747663551401
-1.3645327102803737
-6.640046728971962
-5.8328504672897195
-7.330841121495328
-8.591355140186916
-5.92481308411215
-1.5049532710280373
-0.6394859813084112
1.720981308411215
4.417242990654206
4.047803738317757
3.4649999999999994
-2.4829439252336454
-10.260233644859815
-7.967850467289719
-2.1505607476635515
-2.8850934579439245
-9.559018691588786
-12.077570093457945
-6.421635514018692
-12.417943925233647
-19.625794392523364
-18.078644859813085
-18.78144859813084
-18.84995327102804
-18.120654205607476
-14.030186915887851
-11.303411214953272
-11.205747663551403
-9.506915887850468
-8.97196261682243
-9.723457943925235
-6.7182242990654215
-3.4028971962616823
-1.1473831775700933
-1.8655607476635514
-3.664766355140187
-9.49948598130841
-9.175093457943925
-13.268831775700935
-19.91299065420561
-17.254018691588787
-13.952710280373832
-13.003971962616822
-10.54196261682243
-4.412149532710281
-0.26271028037383176
-0.02584112149532709
-1.5254672897196262
-4.270280373831775
3.104719626168224
1.3939719626168228
-1.379392523364486
-0.8331775700934578
-0.6492990654205607
-2.1464018691588787
-1.4396728971962618
-2.9085046728971964
-4.013457943925234
-4.64088785046729
-7.452336448598132
-3.9832710280373833
-4.306074766355141
-3.3777102803738313
-6.861822429906542
-11.267429906542056
-10.450560747663552
-7.772990654205608
-1.7160747663551403
3.006028037383178
0.894158878504673
-4.277990654205608
-13.996822429906542
-15.857289719626168
-13.44551401869159
-10.759813084112148
-13.007570093457943
-11.927710280373832
-8.743317757009347
-8.640700934579439
-8.454439252336451
-9.038971962616824
-10.279439252336449
-8.33929906542056
-8.847757009345795
-3.310514018691589
-3.9088317757009348
-0.7604672897196262
-2.0797196261682243
-4.874205607476635
-2.955327102803738
-2.3966355140186915
-3.2017757009345797
3.643130841121495
4.67196261682243
2.792476635514019
1.0876168224299065
1.9860747663551401
-0.22785046728971964
-2.665046728971963
-0.7697663551401869
-2.477897196261682
-1.53696261682243
0.5042523364485981
2.577289719626168
3.484485981308411
1.9490186915887848
2.623878504672897
7.059485981308411
3.8051401869158883
4.15803738317757
-0.24056074766355143
0.13037383177570097
0.5678971962616822
-0.8671028037383177
5.257242990654206
3.6485514018691587
5.430607476635514
3.9919626168224305
6.8397196261682245
6.744018691588786
3.132429906542056
1.1191121495327103
1.4157943925233645
3.968878504672897
5.508224299065421
8.592757009345794
4.572943925233645
2.118785046728972
5.28747663551402
9.29733644859813
8.342336448598132
7.574532710280374
3.5698598130841117
1.469626168224299
5.181121495327103
4.485233644859813
2.838177570093458
2.442570093457944
2.146448598130841
4.372056074766355
0.9652336448598131
5.530140186915887
2.304579439252336
0.8836448598130843
4.3447663551401865
3.5269626168224297
0.7396728971962617
3.5678037383177568
4.575700934579439
3.3485046728971963
1.5572897196261681
3.857663551401869
4.982289719626168
5.810420560747663
6.151401869158879
6.752570093457945
8.038504672897197
7.763551401869159
5.185841121495327
5.914205607476635
8.973831775700933
8.630841121495328
9.144766355140186
9.316915887850467
9.196121495327104
8.99766355140187
7.858224299065421
11.099906542056075
8.70373831775701
6.307429906542056
5.266308411214954
6.892196261682243
10.291355140186916
8.902897196261682
10.168644859813085
8.315
6.078457943925233
4.731495327102803
6.190794392523364
5.4451869158878505
9.249439252336447
9.010280373831776
6.796635514018691
11.05985981308411
9.327523364485982
8.630093457943927
10.099485981308412
11.267523364485982
13.88210280373832
14.776214953271026
16.916121495327104
16.38495327102804
13.382009345794392
13.955467289719625
13.593971962616822
10.16570093457944
10.914766355140188
12.406635514018694
14.171121495327105
10.665654205607478
6.4146261682242995
11.572056074766355
13.770981308411216
9.887897196261683
8.316214953271029
14.247102803738318
15.468504672897195
15.460420560747663
12.361915887850467
11.185887850467289
12.162056074766356
11.650233644859815
11.556822429906541
12.54443925233645
10.361682242990652
9.613457943925235
5.608971962616822
7.131775700934579
8.571869158878505
10.535327102803738
12.142803738317756
10.36
11.303411214953268
9.864626168224298
8.682710280373831
7.2751401869158885
6.531028037383177
6.2887383177570095
4.404205607476635
8.285280373831775
10.641308411214954
10.151588785046728
7.158130841121496
8.924299065420561
10.796308411214953
14.249953271028039
12.0757476635514
9.109906542056075
11.450887850467291
15.316542056074764
14.732242990654205
13.278831775700935
13.25873831775701
13.76696261682243
15.015420560747664
14.955747663551401
12.649859813084113
10.42163551401869
10.996869158878503
11.478177570093457
11.964672897196262
11.946542056074765
8.956915887850467
8.10822429906542
14.447757009345795
11.299018691588786
12.791915887850465
13.774719626168226
11.026495327102804
10.661074766355142
8.827056074766356
8.775841121495326
9.041588785046729
10.565607476635513
11.673644859813084
15.106728971962617
11.481308411214954
9.271869158878504
7.484112149532709
11.247149532710282
15.076495327102803
10.481401869158876
13.913598130841123
12.582710280373831
15.334158878504674
13.88051401869159
8.960514018691589
7.0709345794392515
5.423504672897196
4.643457943925234
1.3281308411214954
2.095654205607477
1.2977570093457944
2.01607476635514
1.3771962616822426
1.5561214953271028
2.6812149532710285
7.014485981308411
9.243878504672898
6.509672897196262
5.734906542056074
3.2344392523364482
4.891728971962617
8.995934579439252
3.094485981308411
3.93107476635514
6.610934579439252
7.485981308411215
10.017570093457945
6.536542056074766
4.668551401869158
3.3751401869158877
3.0251869158878497
5.355327102803738
6.146214953271028
4.576588785046728
5.703878504672897
2.4845327102803743
1.282289719626168
3.331728971962617
5.058878504672896
5.395514018691589
3.6650467289719635
3.7504672897196256
4.44
6.405747663551401
4.807009345794393
0.6981308411214953
-0.602196261682243
1.4227570093457944
0.6158411214953271
0.005373831775700938
0.70607476635514
2.3692990654205612
3.6982710280373836
4.152242990654205
2.753738317757009
1.6408411214953271
1.0258411214953271
3.0035514018691587
5.238224299065421
5.027289719626169
5.390373831775701
2.9367289719626166
2.4045794392523363
2.362289719626168
1.2142056074766354
-1.683411214953271
-0.7311682242990656
-1.01
-0.6572429906542057
-0.6702803738317757
-0.9254672897196262
-2.0092523364485984
-1.8874766355140187
-1.824766355140187
-3.0897663551401866
-4.128411214953271
-4.299252336448598
-3.4317757009345797
-6.135233644859813
-10.323504672897196
-11.789112149532713
-10.963644859813085
-3.8742523364485977
-1.874672897196262
-6.3141121495327095
-6.993644859813084
-5.712056074766355
-0.6080373831775702
3.6003271028037385
7.416635514018691
4.130420560747663
4.223598130841121
5.447943925233646
1.1497196261682243
-1.083317757009346
-2.5287383177570097
-2.6429906542056076
0.5278971962616824
3.500467289719626
4.663878504672898
4.669766355140187
4.168457943925233
4.421028037383178
4.016542056074766
4.195607476635515
3.9425233644859814
3.017289719626168
3.900841121495327
4.4578971962616825
0.7244392523364485
0.33789719626168224
-2.010373831775701
-0.5394859813084112
-0.5500467289719627
-2.4186448598130847
-4.1453738317757
-4.40373831775701
-0.6785046728971962
0.39331775700934574
1.2347196261682243
-1.1386915887850468
-0.24481308411214947
-1.3794859813084115
-0.5439719626168225
-0.8286915887850469
-1.609766355140187
-1.2434112149532712
2.8574299065420563
4.027056074766355
-0.4722429906542056
-0.33163551401869157
4.424766355140187
1.7578504672897195
0.9056074766355141
-0.6607009345794392
2.821261682242991
1.0299532710280375
2.3768691588785047
1.7795794392523367
1.4317289719626167
-1.3214018691588785
-1.5016355140186917
-1.2044392523364487
-0.5689252336448598
-0.899766355140187
-1.0708878504672896
-3.059485981308411
-4.48803738317757
-4.26822429906542
-3.7111682242990653
-1.8557476635514019
-0.37663551401869155
0.452196261682243
-2.6071495327102805
-4.085514018691589
0.3923364485981309
-0.5509813084112148
-2.5792990654205603
-3.124345794392524
-3.185934579439252
-2.1111682242990657
-3.4592990654205606
-2.934018691588785
-3.9821495327102805
-5.263971962616822
-2.4915420560747665
-1.7360747663551401
-3.4005140186915885
-3.9178504672897194
-1.6955607476635515
-4.4281308411214955
-7.614439252336448
-5.003551401869159
-0.8385514018691588
-1.0665887850467293
-3.7127102803738317
-3.274532710280374
-3.989018691588785
2.0774766355140186
-1.411355140186916
-4.869859813084113
-5.090233644859814
2.3922897196261683
3.5904672897196264
4.09607476635514
2.310607476635514
1.9848598130841122
0.772196261682243
1.2058878504672896
0.2870093457943925
0.5602803738317758
1.9578971962616822
2.928271028037383
2.6940654205607477
1.6238785046728972
0.03257009345794392
-0.9238317757009347
1.0738317757009344
2.6557476635514017
3.7524766355140184
4.940467289719625
4.939719626168224
-1.3802803738317757
-4.3788317757009345
-1.3540654205607476
0.6921028037383177
0.9968224299065421
-2.9529439252336447
-0.06981308411214954
1.8867289719626168
7.64177570093458
8.004579439252337
8.20551401869159
6.620420560747664
4.327616822429906
4.5386915887850465
-2.0728504672897197
-4.552056074766354
-2.3195794392523363
-1.1711682242990653
0.47775700934579446
3.2874766355140186
2.9828504672897194
7.872897196261683
6.375934579439251
8.30892523364486
7.662897196261681
6.403831775700934
4.179112149532711
7.459018691588785
6.567196261682244
10.373831775700934
9.550560747663551
8.41677570093458
5.996495327102804
6.483271028037383
9.765607476635514
9.50233644859813
11.72373831775701
11.775420560747664
11.484345794392521
7.890467289719626
7.1356074766355135
4.891728971962617
0.7856542056074768
2.4873831775700936
2.866168224299065
6.302383177570094
9.582429906542055
12.720607476635514
13.108644859813085
10.963224299065422
9.252196261682244
7.028598130841121
7.74733644859813
7.31303738317757
7.960420560747664
10.36336448598131
10.142383177570093
5.987850467289719
7.877757009345793
8.211962616822431
9.125841121495327
10.466822429906541
9.195046728971965
11.263598130841121
9.872850467289721
7.2995794392523345
8.86588785046729
10.263084112149533
10.707289719626171
10.33
9.664579439252337
10.283130841121496
9.478271028037383
10.44093457943925
9.315607476635513
6.778504672897196
10.394719626168223
11.201962616822431
11.167102803738318
12.277710280373833
11.48714953271028
13.09892523364486
12.545887850467288
14.155373831775702
7.655747663551401
11.23
11.852102803738315
13.268271028037383
10.005794392523363
12.13247663551402
11.32967289719626
9.992990654205608
7.826028037383177
11.721355140186915
10.461074766355141
9.580280373831776
11.17121495327103
10.668644859813085
10.157897196261683
10.265420560747664
10.637149532710282
10.840327102803737
9.53929906542056
14.122476635514019
14.695654205607475
17.810233644859814
12.65107476635514
10.343644859813084
11.499485981308412
11.756869158878501
8.634252336448599
10.936635514018691
7.269719626168223
7.2571962616822425
9.641682242990653
12.073224299065421
9.106869158878505
6.286214953271028
9.936401869158878
10.88032710280374
11.964532710280373
14.089018691588786
13.515934579439252
14.39677570093458
16.453878504672897
12.742476635514018
14.47551401869159
10.665700934579439
15.103504672897195
11.87378504672897
8.361168224299066
9.039626168224299
12.623084112149533
12.783598130841119
10.527102803738318
9.189906542056075
7.167710280373831
8.876728971962617
10.23771028037383
9.3503738317757
9.158878504672897
14.91266355140187
12.817242990654202
9.823551401869159
8.790654205607478
8.856542056074767
10.509205607476638
8.318317757009345
10.343177570093456
10.100467289719624
10.269906542056075
7.307289719626168
7.006588785046728
7.810700934579439
8.431822429906541
10.474205607476636
9.678457943925235
6.630747663551402
6.2233644859813095
7.062336448598131
8.411542056074767
8.972990654205608
9.275280373831775
9.940280373831774
9.67322429906542
7.902570093457944
4.711869158878505
8.734392523364486
7.494953271028038
10.29182242990654
12.45710280373832
11.499018691588786
11.779906542056073
8.559953271028037
6.299672897196262
4.097476635514019
3.820560747663551
5.909953271028037
6.927476635514019
6.822476635514021
7.518271028037383
5.050280373831774
4.503598130841121
7.2375233644859795
5.56266355140187
3.0421028037383184
7.904439252336449
8.923878504672897
8.175093457943925
10.505841121495328
10.097570093457945
9.62626168224299
10.456448598130843
10.000420560747664
8.329859813084113
5.537943925233645
4.1509813084112155
3.7495794392523356
6.555327102803738
4.936308411214953
3.594439252336448
5.21948598130841
8.984953271028038
0.7158411214953271
-1.8776635514018691
-2.6730841121495326
2.453084112149533
0.49042056074766355
-3.91785046728972
-5.795607476635513
-6.873831775700935
-5.813691588785047
-2.734766355140187
-1.330981308411215
-1.0730841121495327
0.7534579439252337
5.568785046728973
4.359252336448598
4.593644859813084
2.902523364485982
6.0607943925233645
3.3549532710280374
0.13700934579439253
3.5194859813084114
0.41051401869158877
-1.8614953271028039
-6.875607476635515
-12.778411214953271
-6.941822429906541
-2.5228037383177577
0.3448598130841121
1.5835046728971962
1.5350467289719627
-0.7866355140186915
-0.7041588785046728
-0.14658878504672898
1.4902803738317758
-3.0685046728971965
-3.022242990654205
0.20481308411214952
1.8345327102803737
0.4679906542056075
-1.558411214953271
-1.9979439252336448
-0.8385981308411214
-0.5765887850467291
4.226822429906542
2.32892523364486
1.092663551401869
1.6499532710280376
-5.168084112149533
-8.20233644859813
-5.722943925233646
-2.0776168224299068
1.2199532710280372
-4.1202803738317755
-3.2652803738317755
2.491915887850467
3.885046728971962
2.6956074766355136
0.1497663551401869
4.342943925233645
4.023457943925234
3.575887850467289
1.8611682242990655
0.6508411214953271
0.726588785046729
2.186728971962617
1.4491121495327104
-2.6222897196261674
-3.129299065420561
0.8526168224299066
-0.003224299065420567
0.6282242990654205
3.08392523364486
5.2206542056074765
3.3276635514018693
-0.9970093457943926
-0.4992523364485981
0.4910747663551402
-0.21182242990654204
-0.24158878504672895
2.0193457943925233
0.04799065420560749
-1.0332710280373834
-2.786542056074766
-3.64677570093458
-2.1084112149532714
1.847570093457944
-1.2496261682242995
-3.2237850467289717
-3.6492990654205597
-4.427056074766354
-4.140093457943926
-5.559205607476636
-3.781728971962617
-1.0983644859813084
-0.8880373831775701
-1.9299065420560748
-3.2315887850467298
-3.1583644859813083
-3.894766355140187
-3.3638785046728965
0.4614953271028037
1.464626168224299
-0.1903271028037383
-1.4172429906542054
-1.601682242990654
-1.2738785046728973
-0.486355140186916
-0.8489719626168225
0.6195327102803739
-0.21420560747663553
-0.2657009345794393
-4.892383177570094
1.2767757009345795
6.979439252336448
2.2762149532710283
-1.4828504672897196
-3.345560747663552
1.142289719626168
-0.4735514018691588
1.5844859813084113
0.07294392523364486
-0.4108411214953271
-0.05976635514018693
-0.20481308411214955
1.663317757009346
1.876822429906542
2.861308411214953
2.691775700934579
3.800654205607476
3.158831775700934
2.6497663551401867
-0.4372429906542056
2.5821028037383176
1.8234112149532709
4.114485981308412
2.669859813084112
0.2895794392523364
2.387943925233645
1.5537383177570094
0.7607943925233644
-1.674018691588785
-2.735981308411215
-1.0621962616822427
0.8940654205607476
2.383785046728972
0.011308411214953245
1.3464018691588784
2.694345794392524
-1.3960280373831775
1.918457943925234
5.7606542056074765
6.8686448598130845
5.689252336448597
4.952429906542057
2.7574299065420558
-1.2081775700934578
-1.2032710280373833
-0.5079906542056074
-0.3366355140186916
0.610981308411215
2.7685046728971963
1.269766355140187
0.8634112149532711
5.046355140186916
6.815420560747664
9.364813084112148
8.291728971962616
6.515747663551402
5.017476635514019
5.525420560747664
2.764252336448598
-1.60803738317757
1.7590654205607477
1.1231775700934576
2.01803738317757
3.956869158878505
0.6505140186915886
1.6607943925233644
5.843224299065421
1.4473364485981308
0.08570093457943924
0.7046261682242991
-0.4388785046728972
0.533785046728972
0.05967289719626169
3.8550467289719625
6.8235514018691585
5.745981308411214
7.020514018691588
5.089579439252336
0.7566355140186917
1.0023364485981308
5.024532710280374
8.759345794392523
7.928738317757008
7.014953271028037
5.079766355140188
5.862523364485981
4.476588785046729
5.266728971962617
6.685046728971961
9.31841121495327
10.746728971962616
11.530607476635515
11.187943925233643
9.18518691588785
7.7409813084112145
8.269392523364486
9.72985981308411
10.353084112149533
10.91911214953271
9.18322429906542
10.413831775700936
8.953504672897196
3.719392523364486
4.527523364485981
7.200467289719627
4.518411214953272
5.307943925233645
2.212616822429907
2.8664953271028035
4.558644859813085
5.532523364485981
6.7784579439252335
6.400981308411215
11.653177570093456
10.503971962616822
9.283785046728973
9.901588785046727
8.664766355140186
8.172710280373831
7.5029439252336445
10.607990654205606
12.474626168224297
11.19411214953271
14.005841121495328
14.110467289719628
13.480514018691588
11.712897196261682
10.552196261682242
13.060233644859812
12.578364485981309
9.755654205607478
7.795887850467289
9.676869158878507
10.273364485981308
12.76070093457944
11.17411214953271
11.192663551401868
15.949392523364486
15.45621495327103
15.14785046728972
15.495327102803738
13.869532710280373
13.42378504672897
12.43158878504673
10.444766355140187
11.762336448598132
9.577056074766354
7.654532710280374
9.248224299065422
5.6601401869158865
10.821775700934579
6.591682242990654
5.8542056074766355
9.109906542056075
11.991214953271028
15.943785046728973
15.397570093457944
14.940794392523363
14.741588785046728
13.636168224299068
9.107476635514018
10.27570093457944
12.33247663551402
10.897056074766356
8.04570093457944
7.5871495327102805
8.484392523364486
11.091728971962617
6.962803738317757
9.676028037383178
14.098411214953272
14.726214953271027
13.119158878504672
11.221635514018693
13.37004672897196
14.431542056074768
12.01443925233645
13.81415887850467
13.20911214953271
16.74785046728972
15.273177570093457
11.381168224299067
10.601728971962615
13.227009345794393
15.198364485981308
15.369018691588781
12.222242990654205
8.940981308411214
11.231121495327104
8.83210280373832
9.76144859813084
8.021682242990655
6.84873831775701
6.399485981308411
7.0973364485981305
9.896074766355142
9.982149532710277
7.764953271028038
7.25018691588785
5.648177570093458
5.248785046728973
8.55733644859813
8.010327102803737
9.490514018691588
10.708084112149534
11.745560747663552
11.29303738317757
10.355981308411216
11.260514018691588
10.413644859813086
12.95710280373832
12.134158878504675
12.19252336448598
13.062803738317758
11.666869158878505
13.282803738317757
13.573971962616822
11.80841121495327
10.780560747663552
9.908971962616823
9.050981308411215
5.887196261682242
4.468457943925234
6.984439252336448
7.607943925233646
9.78158878504673
8.239999999999998
4.348691588785047
0.7542056074766357
2.05803738317757
4.448317757009346
5.350560747663551
4.840373831775701
6.1100934579439246
5.321915887850467
4.622897196261682
5.120700934579439
9.332570093457944
5.282757009345794
4.224252336448598
2.7037383177570096
3.155
4.080794392523364
6.016962616822431
7.198317757009345
8.509953271028039
10.353598130841123
9.683831775700936
9.9796261682243
8.75070093457944
8.806401869158877
9.50051401869159
6.404392523364486
7.82981308411215
7.518971962616822
6.814439252336449
8.782429906542056
5.200747663551402
8.354906542056074
5.5412149532710275
4.611121495327103
3.3676635514018693
0.13378504672897198
-0.6059813084112149
1.2848130841121495
-0.8811214953271028
1.6323831775700932
0.8263084112149532
-0.41023364485981306
-0.789626168224299
-0.7602803738317756
-2.1650467289719626
-2.6332242990654207
-4.977056074766356
-5.259766355140187
-2.0232710280373833
-0.07462616822429903
-2.2401869158878505
-5.566915887850466
-1.4773831775700934
-8.450373831775702
-8.02336448598131
-0.5225233644859814
-2.8814953271028036
-6.234205607476635
-6.983084112149533
-6.3117757009345805
-5.174299065420561
-3.288738317757009
-4.4095327102803745
-1.7424766355140187
-0.33981308411214955
-2.2961682242990653
-4.1168691588785045
-1.7235514018691591
-6.243831775700934
-7.3660747663551405
-3.484766355140187
0.6479439252336449
5.642663551401868
5.6176635514018685
5.386682242990654
7.709345794392524
7.048177570093458
3.55607476635514
3.1556542056074766
8.061869158878507
6.000467289719626
1.844205607476636
2.2735981308411217
0.22780373831775702
-3.0599532710280375
-4.871869158878504
-3.7765887850467292
-4.4484579439252325
-4.861214953271029
-5.320654205607476
-2.9921495327102807
-3.0558878504672897
-3.4768691588785043
-4.77803738317757
-3.9249532710280377
-3.6383177570093452
-4.497570093457944
-4.534906542056074
-1.228177570093458
-0.43523364485981314
-0.6317757009345794
-2.125467289719626
-3.2698598130841123
-0.6800934579439252
-0.40911214953271025
3.0056542056074766
3.022757009345795
-1.4681775700934583
-0.4453271028037384
0.20803738317757006
2.6352803738317756
1.6147196261682242
2.667990654205607
0.780233644859813
0.5770093457943926
1.0814018691588785
0.45387850467289725
1.3549065420560746
0.645
-0.12121495327102803
4.05766355140187
3.1937850467289715
1.630467289719626
2.1864018691588782
1.3125700934579438
0.025186915887850467
-0.7228504672897196
1.2627570093457943
2.9515887850467295
0.43742990654205605
-1.991728971962617
0.12168224299065421
-0.9809813084112149
-0.789158878504673
-0.27584112149532714
-0.7834112149532709
-1.8749065420560749
-5.391214953271029
3.069719626168224
4.599579439252336
6.370514018691589
3.89126168224299
-0.2724766355140187
1.5532710280373832
3.231214953271028
6.526355140186916
1.3814018691588785
-0.43864485981308415
-0.08836448598130837
-1.1228037383177571
-2.2586915887850467
-2.4663551401869155
0.7491121495327103
2.219859813084112
3.3506542056074764
4.779532710280374
4.129392523364486
2.093130841121495
1.906355140186916
6.93892523364486
4.077336448598131
-0.8827102803738319
2.2602803738317756
0.605981308411215
0.769766355140187
1.89196261682243
2.648925233644859
4.166682242990654
7.40929906542056
7.313317757009346
5.9511214953271026
2.8749532710280374
1.6400000000000001
0.7666822429906541
0.017523364485981324
-0.25537383177570094
1.122803738317757
3.29126168224299
2.277570093457944
2.0724299065420557
3.149252336448598
4.03322429906542
1.9948130841121494
-0.48803738317757006
-2.90392523364486
-2.376448598130841
1.154766355140187
0.02873831775700934
-3.32892523364486
-3.7035514018691584
3.095467289719626
1.873644859813084
3.718411214953271
2.6018691588785043
0.8525233644859813
1.1466355140186915
0.6673831775700935
-0.6860747663551402
2.164065420560748
5.153691588785048
4.857990654205607
5.388738317757009
6.617990654205608
5.8406542056074775
5.72018691588785
4.081635514018692
3.684766355140187
-0.42397196261682246
2.781355140186916
5.642149532710281
6.525467289719625
9.542289719626167
8.37733644859813
7.542523364485981
9.207196261682244
9.780467289719628
8.80766355140187
8.891261682242991
8.926355140186915
8.418457943925233
8.06429906542056
5.325654205607476
4.52411214953271
5.200607476635513
3.47196261682243
9.353177570093457
10.758878504672895
6.266214953271028
4.131635514018692
6.4775700934579445
6.787897196261681
9.735841121495328
9.909532710280374
10.014532710280372
5.229859813084111
2.198831775700935
2.1143457943925235
3.917429906542056
3.0052803738317757
3.1009345794392518
6.505747663551402
8.349719626168223
8.588504672897196
7.426308411214953
8.665233644859814
6.8014485981308415
9.094439252336448
10.479392523364487
7.877663551401867
4.830467289719627
6.360186915887851
8.649672897196261
8.297242990654206
10.146728971962617
10.104579439252337
10.021448598130842
8.630280373831775
8.303457943925235
9.658598130841122
11.586308411214954
13.615093457943924
11.667990654205607
11.249719626168222
9.58710280373832
7.7775233644859805
11.316121495327103
12.646869158878506
15.062710280373832
15.644859813084112
13.807056074766356
14.852196261682243
11.456869158878503
8.828691588785047
7.712056074766355
7.4143457943925215
11.492009345794392
8.88359813084112
5.99144859813084
10.493738317757009
12.375420560747664
9.570654205607475
6.956682242990654
8.315607476635513
12.526308411214952
7.066495327102804
7.883271028037383
9.923831775700934
12.08070093457944
10.647943925233648
10.700093457943924
8.432663551401868
11.978925233644858
11.275607476635512
6.686962616822431
6.703785046728971
8.251635514018691
9.279252336448598
11.762336448598132
13.812943925233647
15.448084112149534
13.44070093457944
12.686682242990656
15.081121495327102
15.322149532710279
13.82682242990654
14.726495327102805
17.082850467289717
11.923831775700936
8.638551401869158
7.115420560747664
8.217616822429907
12.077196261682245
10.793317757009346
13.365981308411216
14.712476635514015
14.60663551401869
13.439906542056077
12.7596261682243
8.80214953271028
8.833971962616822
10.932383177570097
12.415420560747664
9.400467289719625
10.613878504672897
10.14714953271028
10.645747663551402
13.548925233644859
15.124299065420558
13.998878504672899
15.26929906542056
14.142383177570094
14.411028037383177
11.178130841121495
9.729065420560747
10.199532710280375
12.104205607476633
10.33140186915888
7.68
6.60481308411215
8.11322429906542
8.163364485981308
7.819579439252336
7.944299065420561
8.11696261682243
8.522803738317757
8.891822429906542
6.317242990654207
6.49644859813084
6.541355140186916
3.5406074766355142
7.7156074766355145
8.826028037383178
6.183084112149532
5.657803738317757
3.993177570093458
8.16771028037383
7.4180373831775706
6.889719626168223
4.3499532710280375
5.374345794392524
2.641542056074766
4.111308411214953
11.484112149532711
9.237476635514017
6.234205607476636
8.549532710280374
5.769859813084112
2.4627570093457942
10.01196261682243
7.692196261682244
4.00018691588785
2.3753271028037384
2.435186915887851
3.251308411214953
4.007757009345795
8.102196261682243
8.976355140186916
11.445280373831775
11.392289719626167
11.618551401869158
9.180327102803739
6.676962616822429
7.078084112149533
2.820560747663551
-0.6527102803738319
-0.5164953271028038
-1.7304205607476635
1.6692056074766355
4.127009345794392
4.716028037383177
4.8796728971962615
1.9761682242990652
1.950140186915888
4.532149532710281
5.408971962616822
4.114626168224299
3.3198130841121487
0.513785046728972
-0.547943925233645
-0.3222897196261682
1.2948598130841122
0.35420560747663554
-0.08668224299065419
-1.6960280373831775
4.3711682242990655
4.748551401869159
2.505981308411215
5.78733644859813
4.963785046728972
5.23158878504673
7.076401869158878
3.337897196261682
1.8487383177570094
2.4664953271028036
0.05546728971962619
-0.4508411214953272
-1.0235981308411215
-1.321822429906542
-1.1659345794392526
0.5206074766355141
-0.9965420560747663
-0.3454672897196262
-0.9400467289719627
-5.150467289719626
-8.24803738317757
-2.837476635514019
0.3343457943925234
1.103411214953271
-3.411635514018691
-6.745186915887851
-7.015233644859812
-8.291542056074766
-5.287429906542056
-3.149252336448598
-3.903364485981308
-1.2020093457943926
-0.9481775700934578
-3.112336448598131
-4.96088785046729
-4.137009345794392
-5.21626168224299
-6.583177570093458
-4.623271028037384
-4.104813084112149
-1.204299065420561
0.15841121495327107
1.189766355140187
-0.34883177570093454
-0.5553271028037383
0.015420560747663554
-0.06696261682242986
-0.44415887850467295
0.7504672897196262
2.8687383177570087
-0.2930841121495327
