-2.76530612245
-3.5193877551
-9.13714285714
-11.1655102041
-1.02510204082
0.748163265306
0.334285714286
-0.84693877551
-1.90714285714
-4.1187755102
-8.33551020408
-10.587755102
-12.0593877551
-13.6075510204
-10.5742857143
-10.2126530612
-6.84836734694
-9.05714285714
-10.9718367347
-7.60714285714
-6.34244897959
-2.01020408163
0.498775510204
0.144693877551
-0.0267346938776
-2.13959183673
-7.47632653061
-13.1424489796
-4.25530612245
-0.765714285714
3.79081632653
-3.58387755102
-3.56448979592
1.56244897959
0.466530612245
0.563265306122
3.82551020408
3.04285714286
1.65551020408
1.44265306122
2.0387755102
0.782857142857
0.903673469388
1.29020408163
-0.238979591837
-3.11673469388
2.2006122449
1.45142857143
0.218163265306
-3.27959183673
-3.34591836735
-3.1412244898
-3.87040816327
-4.05081632653
-2.38510204082
-3.78918367347
-3.25530612245
-3.17163265306
-3.13367346939
0.2
3.2193877551
0.35693877551
-3.34081632653
-4.46836734694
-3.76224489796
-2.43183673469
3.96897959184
-0.114897959184
1.32224489796
1.16204081633
2.70102040816
2.3912244898
2.23714285714
0.826530612245
0.310204081633
-0.0240816326531
1.60897959184
2.24571428571
-2.35653061224
-4.09367346939
-5.26775510204
-0.699183673469
-1.12040816327
0.375306122449
-0.044693877551
2.38755102041
1.25591836735
10.1430612245
4.9093877551
2.21836734694
-0.199183673469
5.85591836735
2.97795918367
2.27040816327
0.494693877551
-0.52693877551
-2.43387755102
-0.887755102041
1.13244897959
0.860204081633
0.142653061224
2.35326530612
-0.643469387755
0.170612244898
1.0493877551
2.64183673469
3.76204081633
4.26489795918
4.83
1.57285714286
-0.553265306122
-1.1412244898
-0.880612244898
0.851632653061
1.74265306122
1.52469387755
2.04673469388
3.86265306122
4.12816326531
2.42285714286
3.72612244898
7.23408163265
5.42183673469
3.30204081633
2.41163265306
-0.536734693878
0.881836734694
6.78632653061
3.6387755102
3.90816326531
0.471632653061
1.55204081633
5.06
5.72367346939
3.71795918367
2.20346938776
0.0104081632653
1.23551020408
6.71306122449
4.91673469388
8.22
6.12755102041
5.52857142857
0.768979591837
7.33816326531
6.92163265306
4.23408163265
5.48163265306
9.80571428571
8.13897959184
8.01448979592
3.73448979592
8.45244897959
5.44163265306
5.16612244898
11.8493877551
10.0410204082
12.0993877551
9.85510204082
12.6308163265
12.106122449
13.3773469388
12.6926530612
8.39959183673
12.1904081633
15.2275510204
13.2004081633
9.90367346939
12.0573469388
10.2397959184
9.51510204082
8.06673469388
8.74040816327
8.57469387755
7.81367346939
8.16734693878
9.18204081633
6.94795918367
8.1687755102
6.82306122449
9.63265306122
9.43306122449
9.03612244898
9.37693877551
10.6773469388
9.19510204082
11.266122449
9.48714285714
11.5224489796
11.8385714286
11.7808163265
11.892244898
11.843877551
10.0832653061
9.07836734694
9.36775510204
11.7283673469
10.1695918367
7.42836734694
10.6993877551
11.777755102
13.9665306122
9.54897959184
8.21489795918
6.01551020408
9.15163265306
10.8624489796
13.2757142857
12.9289795918
16.0646938776
14.1016326531
14.7004081633
11.8869387755
9.23959183673
12.923877551
15.6910204082
15.6336734694
13.8402040816
12.21
10.0118367347
13.823877551
12.6167346939
9.71816326531
10.2583673469
10.3873469388
8.62102040816
8.42
10.3383673469
13.2053061224
13.7783673469
13.1234693878
13.2846938776
12.4169387755
12.317755102
9.15530612245
9.15204081633
7.79959183673
5.46979591837
4.11897959184
7.61857142857
11.1083673469
13.9063265306
12.6224489796
11.9514285714
9.78612244898
5.93163265306
3.98020408163
9.41204081633
14.0032653061
10.6126530612
7.31346938776
8.07102040816
10.673877551
9.33653061224
11.3695918367
11.1495918367
10.2010204082
10.1751020408
11.4044897959
8.76897959184
9.43959183673
9.74897959184
8.39081632653
11.8363265306
11.3969387755
14.01
12.9816326531
12.8859183673
11.2240816327
7.89102040816
5.45897959184
7.49428571429
7.15816326531
9.53489795918
5.61795918367
7.77346938776
4.40836734694
2.01326530612
5.16102040816
3.44102040816
8.9593877551
5.92673469388
3.95755102041
1.74040816327
-0.104693877551
3.95612244898
4.58775510204
3.56183673469
1.4693877551
3.21571428571
7.54714285714
6.60081632653
2.18510204082
1.24081632653
1.77346938776
3.16571428571
5.65346938776
7.3512244898
4.70530612245
1.89836734694
3.80102040816
9.45448979592
7.47224489796
2.65102040816
-1.09408163265
-2.44469387755
-5.43897959184
-5.17265306122
-5.08224489796
-4.99489795918
-2.94
-2.79816326531
-4.55489795918
-4.11632653061
-3.48326530612
-3.06612244898
-0.834081632653
0.358163265306
1.47632653061
1.22897959184
8.42673469388
9.46224489796
5.51428571429
3.09387755102
4.40387755102
5.04816326531
8.19367346939
8.97142857143
8.34183673469
4.7487755102
0.670204081633
-4.31571428571
-1.34367346939
-1.62897959184
-3.01510204082
-8.94040816327
-10.3042857143
-7.02102040816
-7.72489795918
-10.3536734694
-6.63959183673
-12.1287755102
-12.3812244898
-5.66959183673
-5.02102040816
-0.463673469388
1.48530612245
1.31857142857
4.30306122449
4.04040816327
-0.754081632653
-2.29163265306
-2.25734693878
-3.82693877551
-5.81612244898
1.09673469388
0.775102040816
1.82959183673
7.4593877551
4.48775510204
0.509591836735
-1.86224489796
-4.71795918367
-3.30734693878
0.638367346939
1.51530612245
-0.621020408163
-0.374489795918
2.69040816327
-0.811428571429
-1.86224489796
-3.27571428571
-10.6324489796
-14.713877551
-5.32734693878
-2.17163265306
-7.85653061224
-9.25142857143
-5.36448979592
-6.74306122449
-1.81224489796
-3.83816326531
-2.87244897959
-1.23306122449
-2.10142857143
-2.46489795918
-7.23367346939
-10.6251020408
-11.5759183673
-7.9506122449
-3.37448979592
-4.41836734694
-7.90836734694
-1.98367346939
-6.90530612245
-10.1979591837
-7.45367346939
-8.53428571429
-6.65285714286
-1.48632653061
0.585714285714
-1.22448979592
-1.52265306122
3.35367346939
4.72673469388
4.06428571429
0.0740816326531
-3.70816326531
-8.20673469388
-9.19632653061
-9.76
-9.44510204082
-9.50387755102
-2.65918367347
-4.23204081633
-4.64571428571
-6.17244897959
-9.0393877551
-8.58612244898
-9.22142857143
-5.79408163265
-3.49632653061
-4.15775510204
-7.35163265306
-5.47632653061
-0.707346938776
0.673469387755
1.14285714286
-1.66857142857
-2.42979591837
-3.25367346939
4.38693877551
8.53571428571
9.65367346939
8.73795918367
11.042244898
7.63836734694
5.9212244898
4.61306122449
0.894693877551
-0.782448979592
-0.472244897959
-0.310408163265
0.151224489796
2.92612244898
1.64244897959
5.30959183673
1.25081632653
8.70469387755
9.20102040816
6.44285714286
2.94326530612
2.03244897959
4.83163265306
4.62836734694
8.18020408163
8.70775510204
9.66510204082
6.74918367347
4.93816326531
3.40224489796
2.44693877551
2.11346938776
7.17367346939
4.69081632653
2.77734693878
4.66346938776
7.82285714286
9.3
5.74551020408
1.74285714286
1.76653061224
-1.67142857143
-3.16489795918
-0.754897959184
0.651836734694
-3.07448979592
1.67693877551
-1.08306122449
-4.08265306122
-0.034693877551
5.14897959184
3.6793877551
1.05673469388
3.08326530612
6.57367346939
2.81612244898
-0.622244897959
-0.882040816327
1.08081632653
3.58102040816
-0.165714285714
7.67448979592
7.24020408163
6.56693877551
9.26142857143
12.0157142857
7.84265306122
9.83714285714
11.7114285714
11.1389795918
8.40469387755
8.73857142857
4.62775510204
6.71265306122
9.64510204082
13.376122449
12.6948979592
6.64489795918
9.18306122449
6.00183673469
8.59163265306
9.10530612245
7.02142857143
9.73326530612
11.8318367347
11.5491836735
15.317755102
13.3034693878
14.6242857143
10.7818367347
10.2665306122
13.2889795918
11.7534693878
14.3844897959
15.86
11.86
7.42489795918
10.7853061224
4.63775510204
8.56
17.3520408163
11.0289795918
7.85489795918
7.98204081633
6.96571428571
5.81448979592
8.14510204082
9.03979591837
7.64367346939
9.61551020408
9.21244897959
9.37448979592
11.3393877551
13.4969387755
9.02918367347
8.00387755102
11.286122449
11.5428571429
12.082244898
9.06571428571
10.0216326531
13.1130612245
12.6724489796
12.8891836735
15.2751020408
15.086122449
16.347755102
16.4065306122
14.1736734694
12.1718367347
11.9436734694
12.6897959184
12.9906122449
9.97020408163
8.44489795918
6.40714285714
11.653877551
13.3797959184
11.962244898
10.5783673469
10.5412244898
10.4530612245
11.8273469388
11.5602040816
13.193877551
12.8426530612
7.18163265306
14.4814285714
14.9567346939
14.9657142857
14.9457142857
15.5357142857
14.4430612245
15.3367346939
16.1112244898
15.0767346939
14.7720408163
14.4046938776
13.1451020408
11.5206122449
12.2965306122
13.7351020408
12.4873469388
7.39591836735
6.44244897959
8.52285714286
11.7181632653
10.3206122449
8.3706122449
9.18755102041
10.9455102041
7.48183673469
9.76857142857
11.6869387755
11.0618367347
9.73469387755
9.38734693878
5.92469387755
8.39653061224
8.5187755102
6.75387755102
6.05734693878
5.8293877551
5.71755102041
6.31734693878
11.0608163265
13.3391836735
10.2708163265
10.8667346939
12.643877551
9.26020408163
5.95346938776
6.12265306122
12.2402040816
11.3946938776
9.47530612245
10.6871428571
10.6202040816
15.4510204082
14.1044897959
9.08387755102
6.14469387755
5.66979591837
7.87265306122
8.28326530612
6.45530612245
8.71306122449
4.44326530612
5.89673469388
7.37714285714
8.77285714286
6.05816326531
9.18285714286
10.1440816327
10.0208163265
7.28857142857
6.24510204082
5.2806122449
5.06102040816
2.91183673469
3.30857142857
1.58918367347
4.21714285714
1.39632653061
0.846326530612
6.57612244898
7.01795918367
7.48081632653
2.95571428571
0.99387755102
1.41857142857
-0.72
-0.0334693877551
3.07510204082
2.96387755102
3.03387755102
5.50551020408
4.80571428571
5.51816326531
4.44367346939
10.5471428571
7.47693877551
6.51551020408
2.70224489796
3.37571428571
-1.39653061224
-1.82448979592
-2.21714285714
-2.68204081633
-2.34734693878
-0.521020408163
2.6212244898
1.59204081633
-1.49775510204
-5.42959183673
-4.30571428571
1.59734693878
4.4106122449
3.72387755102
8.02918367347
9.93020408163
8.68612244898
0.937755102041
-0.334081632653
-0.286326530612
2.40918367347
-0.82306122449
-0.97387755102
-0.0718367346939
-0.794693877551
-2.19510204082
-4.90530612245
-0.587551020408
-0.452857142857
-0.367551020408
0.415510204082
0.271836734694
-1.45571428571
-4.42102040816
-5.28612244898
-7.32
-15.4759183673
-9.55653061224
-7.67918367347
-11.6683673469
-13.9626530612
-10.0720408163
-12.2808163265
-10.8220408163
-9.73448979592
-5.00836734694
-2.98530612245
-3.27244897959
-2.09469387755
-3.02326530612
-8.36387755102
-7.82428571429
-4.8993877551
-0.239795918367
2.63979591837
2.54040816327
2.35469387755
3.95489795918
4.61612244898
6.50979591837
-7.5587755102
-11.5257142857
-12.3359183673
-10.7471428571
-18.2902040816
-18.1991836735
-13.4102040816
-16.3446938776
-18.8924489796
-16.7275510204
-9.9793877551
-10.5840816327
-10.8408163265
-6.71204081633
-6.8712244898
-5.32326530612
-3.03714285714
-0.679183673469
-2.68265306122
-3.08265306122
-1.87469387755
0.226326530612
-4.57367346939
-0.179183673469
2.00857142857
-1.36489795918
-4.61244897959
-6.10673469388
-7.72673469388
-7.85551020408
-6.62367346939
-2.17142857143
0.983469387755
0.250612244898
-0.960816326531
-1.06795918367
-0.692448979592
0.612653061224
-0.871632653061
-1.75571428571
0.642653061224
-0.672244897959
-1.14673469388
-1.90428571429
-4.72836734694
-6.65571428571
-6.78428571429
-7.12163265306
-4.91551020408
-9.30632653061
-9.38285714286
-7.16795918367
-7.35183673469
-2.90673469388
3.33
1.48428571429
1.23306122449
2.96775510204
-1.23448979592
-2.31755102041
-3.41591836735
-1.80795918367
-2.50102040816
0.179387755102
0.40612244898
-0.281224489796
-0.44306122449
-1.21816326531
0.978571428571
3.0193877551
1.11795918367
0.162857142857
-1.7806122449
-1.5987755102
1.17306122449
-0.151020408163
1.17571428571
-2.48775510204
-2.16693877551
-0.924081632653
0.118979591837
0.992857142857
2.48387755102
2.64020408163
1.18775510204
-1.03408163265
1.0806122449
4.86571428571
-0.295510204082
1.01142857143
4.75285714286
7.63836734694
0.632653061224
-0.244285714286
-0.202857142857
-0.194897959184
-2.04510204082
-1.49714285714
-3.03387755102
-2.18224489796
0.285510204082
3.86510204082
1.02530612245
-1.18306122449
4.56020408163
3.79285714286
2.16816326531
-0.602244897959
1.90204081633
2.25959183673
3.29387755102
3.21918367347
4.96795918367
1.90714285714
-0.248163265306
2.15040816327
-0.479795918367
1.06530612245
4.82
5.53714285714
1.55040816327
3.01591836735
1.15551020408
2.52265306122
6.07551020408
5.68673469388
2.28959183673
3.43428571429
4.39857142857
6.79673469388
8.92979591837
11.4563265306
10.0351020408
12.21
7.86918367347
12.5010204082
12.5244897959
10.2412244898
8.52306122449
6.63346938776
6.68469387755
8.98102040816
10.3685714286
6.53959183673
6.55979591837
7.99979591837
11.2708163265
14.3626530612
13.5265306122
14.1518367347
15.2024489796
15.2018367347
14.8575510204
12.6540816327
12.8997959184
8.7387755102
11.8614285714
10.427755102
8.85673469388
8.28408163265
5.50612244898
6.45367346939
7.42734693878
5.93142857143
10.1014285714
11.0881632653
8.99224489796
9.8412244898
13.6081632653
12.1508163265
8.83183673469
14.3308163265
12.2057142857
10.8489795918
9.8887755102
10.1120408163
7.72102040816
12.1865306122
15.5463265306
11.6146938776
8.26265306122
11.3148979592
11.9814285714
8.96224489796
11.4634693878
13.5836734694
16.1269387755
14.4997959184
16.0591836735
15.5263265306
15.2671428571
14.4516326531
14.8742857143
12.8879591837
10.9781632653
13.5846938776
15.672244898
14.8804081633
13.9569387755
15.7418367347
14.8808163265
13.512244898
12.1806122449
8.72653061224
14.7297959184
12.4469387755
15.6440816327
13.9724489796
14.5004081633
16.0346938776
16.6885714286
13.9940816327
13.9563265306
15.292244898
15.5391836735
14.8095918367
13.8953061224
9.04795918367
10.9520408163
14.0271428571
13.4204081633
10.622244898
13.363877551
12.5983673469
11.9814285714
12.4569387755
9.40020408163
8.68959183673
8.56857142857
8.44551020408
10.9144897959
12.193877551
9.95040816327
12.4365306122
9.93489795918
7.08285714286
7.20448979592
11.3030612245
9.8087755102
9.6087755102
4.15244897959
7.02040816327
7.9312244898
14.7106122449
12.7365306122
11.697755102
9.57102040816
9.7493877551
10.6020408163
12.3251020408
11.3085714286
10.0579591837
10.0557142857
10.9744897959
11.4779591837
10.3671428571
12.0963265306
10.9334693878
15.5848979592
8.73857142857
5.50306122449
6.81530612245
7.87612244898
11.2987755102
9.10367346939
7.00387755102
7.06510204082
9.1387755102
10.8291836735
9.63693877551
9.40551020408
7.35591836735
5.24979591837
9.00571428571
5.03775510204
7.90102040816
8.34836734694
7.85632653061
8.01224489796
8.57571428571
7.62897959184
8.05673469388
7.83653061224
3.79857142857
5.28775510204
6.44
6.65285714286
5.20551020408
6.60408163265
6.53448979592
6.41530612245
5.49163265306
1.91632653061
1.42795918367
6.84469387755
8.70102040816
5.36408163265
6.32367346939
4.37224489796
3.87367346939
6.16673469388
6.02224489796
6.87244897959
2.59367346939
-2.4606122449
-2.32306122449
1.94367346939
8.56183673469
8.45979591837
5.65510204082
3.26204081633
4.95081632653
0.626530612245
-0.651632653061
-0.939183673469
0.39612244898
3.53346938776
6.03204081633
4.11591836735
3.25346938776
3.21653061224
6.67428571429
4.34510204082
2.88979591837
3.81755102041
3.27040816327
0.477959183673
-0.171224489796
-0.482653061224
-1.43163265306
-2.23367346939
-1.65
-1.69489795918
0.00387755102041
0.137346938776
0.583673469388
5.18183673469
4.9412244898
3.4693877551
1.54693877551
-0.0861224489796
-0.387346938776
-2.09244897959
-1.62285714286
3.84755102041
-0.125510204082
-0.490204081633
-1.59551020408
-0.82612244898
2.41040816327
1.00102040816
-0.979387755102
-3.34367346939
-1.47428571429
0.338163265306
2.21081632653
1.19632653061
-0.549795918367
-0.952857142857
-3.84612244898
-4.72897959184
-4.05163265306
-0.68693877551
5.32142857143
2.85836734694
7.2712244898
2.43183673469
0.138163265306
-0.0616326530612
2.77163265306
5.60857142857
1.11183673469
-0.395714285714
-0.84387755102
0.125306122449
3.64408163265
5.32918367347
0.94693877551
-0.929183673469
-1.33367346939
-0.203265306122
2.48775510204
-2.7087755102
-4.99653061224
-3.63530612245
1.71102040816
6.97693877551
6.61428571429
5.16489795918
-1.26816326531
-1.3406122449
0.492244897959
-0.644489795918
-2.81285714286
-4.40857142857
-3.95081632653
-0.475714285714
-1.31081632653
-6.11530612245
-7.20857142857
-5.08918367347
-6.18265306122
-3.53836734694
-10.3534693878
-10.097755102
-8.57469387755
-11.8871428571
-7.63714285714
-11.0310204082
-7.27734693878
-1.99244897959
-8.05408163265
-13.6371428571
-12.6112244898
-10.6467346939
-7.35204081633
1.34469387755
3.57367346939
1.52591836735
-0.0997959183673
-0.614693877551
-1.55408163265
-3.17285714286
-1.68020408163
4.38714285714
5.72551020408
2.4012244898
0.0344897959184
1.98448979592
0.0571428571429
-4.63510204082
-4.18183673469
0.544285714286
5.32448979592
2.33918367347
-1.06591836735
7.24224489796
8.2487755102
6.78102040816
6.55693877551
0.259795918367
-0.202448979592
3.89591836735
0.748775510204
-0.663265306122
-0.914897959184
-1.6887755102
-2.13653061224
-0.523265306122
3.70346938776
1.75224489796
3.28081632653
1.33489795918
-2.08551020408
1.1412244898
2.29632653061
1.60673469388
1.54775510204
3.55734693878
3.24612244898
5.7212244898
2.98020408163
1.14755102041
-0.0651020408163
3.6506122449
2.97204081633
5.10204081633
9.81285714286
7.95979591837
4.61795918367
8.58734693878
7.23469387755
3.49081632653
7.40367346939
3.85367346939
8.50693877551
7.48163265306
6.4187755102
6.75734693878
2.77775510204
7.29836734694
6.54183673469
5.2812244898
5.10591836735
2.47306122449
2.35510204082
9.05897959184
8.26102040816
5.64285714286
5.66265306122
5.33489795918
6.11081632653
6.97836734694
6.4506122449
10.256122449
11.4489795918
7.65571428571
8.85183673469
5.05081632653
4.98244897959
8.23510204082
8.40346938776
8.24040816327
7.84857142857
8.29816326531
7.91795918367
6.99816326531
6.19204081633
7.12183673469
7.65775510204
4.95714285714
9.85040816327
12.9879591837
7.66
10.1451020408
12.2708163265
9.59244897959
5.2706122449
6.94857142857
12.6714285714
12.5846938776
8.97612244898
9.91020408163
13.2932653061
12.5146938776
7.78857142857
5.64265306122
5.88897959184
5.36040816327
9.37816326531
9.58734693878
11.0151020408
14.2220408163
12.0720408163
12.54
14.8585714286
14.4014285714
12.9471428571
9.39204081633
9.30489795918
12.9920408163
12.2102040816
7.07224489796
12.7785714286
12.4326530612
12.99
15.2116326531
14.6997959184
16.8024489796
15.4269387755
13.4097959184
15.2034693878
15.4689795918
14.7953061224
11.553877551
9.86
14.8424489796
14.8059183673
16.3387755102
13.6930612245
11.5459183673
6.18775510204
8.21
11.7389795918
15.3191836735
13.1106122449
15.8904081633
18.5
17.2430612245
14.3014285714
14.6081632653
12.5834693878
16.4453061224
12.6726530612
11.3636734694
9.79
11.1889795918
11.047755102
11.2618367347
13.7708163265
12.6459183673
13.6040816327
12.6926530612
11.8746938776
11.2602040816
9.12816326531
5.85755102041
10.7814285714
12.4563265306
12.332244898
14.0944897959
14.6204081633
14.5181632653
14.4434693878
14.8516326531
15.0959183673
15.8208163265
14.8395918367
12.8830612245
12.0
10.0026530612
9.23612244898
9.14673469388
12.4255102041
15.0397959184
11.0351020408
11.0683673469
12.8883673469
5.71897959184
5.46530612245
2.11612244898
11.9610204082
12.087755102
11.0718367347
9.95551020408
8.93673469388
9.49816326531
9.92551020408
9.70775510204
8.59693877551
8.77551020408
12.8651020408
8.77306122449
6.17755102041
8.65959183673
5.01673469388
7.24775510204
7.43551020408
3.67979591837
5.83040816327
8.66795918367
9.81244897959
8.74020408163
4.54693877551
6.08714285714
12.6802040816
12.5828571429
12.6275510204
10.3975510204
7.10612244898
8.92040816327
7.70734693878
9.19857142857
6.33346938776
5.81020408163
3.5012244898
7.89857142857
7.35795918367
7.11081632653
6.02510204082
4.04510204082
6.55387755102
2.81142857143
2.34591836735
-0.787142857143
-2.0487755102
-1.94693877551
-1.20265306122
4.34367346939
1.49775510204
1.83653061224
0.328163265306
-1.67081632653
-1.37897959184
5.28775510204
5.5012244898
2.71959183673
2.80530612245
4.44755102041
3.42408163265
2.79285714286
0.775102040816
1.74142857143
0.513673469388
-0.685714285714
-2.89244897959
-5.68632653061
-7.79244897959
-9.25918367347
-2.82897959184
-1.61346938776
-1.92693877551
-0.936734693878
-0.224897959184
-1.5506122449
-3.21428571429
-4.86755102041
-4.55714285714
-2.12224489796
9.41510204082
7.33387755102
4.58204081633
2.89795918367
-2.6387755102
-5.60673469388
-7.46510204082
-8.78
-7.28959183673
-6.81102040816
-5.66775510204
-6.2712244898
-7.89612244898
-0.751632653061
-3.81081632653
-9.13897959184
-12.0959183673
-10.35
-7.46714285714
-10.1218367347
-12.4144897959
-7.71428571429
-1.35551020408
0.529591836735
1.96795918367
1.95612244898
1.37653061224
3.70775510204
4.34734693878
7.70693877551
3.21306122449
0.493673469388
4.60918367347
4.71918367347
1.33142857143
0.449183673469
1.68346938776
2.72714285714
2.42
-0.151428571429
-2.15408163265
-0.321224489796
0.538163265306
-0.121632653061
-1.18510204082
-3.5112244898
-2.35959183673
1.76469387755
0.230204081633
2.14367346939
-0.648163265306
-0.858571428571
0.333265306122
-0.87306122449
-3.07224489796
-3.75510204082
-7.20204081633
-7.7393877551
-3.65816326531
-0.260204081633
-6.47632653061
-9.97714285714
-2.03816326531
-1.38755102041
1.21510204082
1.43612244898
0.390408163265
-0.178163265306
1.37306122449
0.949387755102
1.92632653061
1.32897959184
-0.472448979592
0.0797959183673
-0.286734693878
-0.433469387755
-3.96183673469
-0.249183673469
-4.32081632653
-3.40224489796
-5.5906122449
-4.93346938776
-7.98387755102
-10.8175510204
-10.0816326531
-8.70102040816
-7.67489795918
-3.77897959184
-0.949795918367
-1.93591836735
-1.50081632653
-1.84693877551
-1.14959183673
-0.0267346938776
-1.60326530612
-4.28408163265
-3.77959183673
-4.03714285714
-1.27469387755
-4.91448979592
-2.76775510204
0.734285714286
1.42102040816
-1.56795918367
-4.21
-7.23591836735
-6.23448979592
-5.36632653061
-0.649387755102
-1.27265306122
-2.2012244898
-2.13918367347
-1.07836734694
-2.28020408163
-4.43387755102
-6.6787755102
-5.20959183673
-3.78551020408
-4.1693877551
-2.99693877551
2.24244897959
0.216734693878
3.02428571429
4.6593877551
3.47959183673
-0.474285714286
-2.08346938776
0.287959183673
-1.09265306122
-1.82530612245
-0.54387755102
-0.909795918367
-0.753469387755
0.657346938776
1.96387755102
2.14326530612
1.61387755102
3.3793877551
1.44367346939
0.426734693878
-0.365714285714
3.42367346939
3.13714285714
0.678571428571
-2.44183673469
-1.53551020408
-0.227551020408
2.16326530612
4.95224489796
6.05816326531
4.10489795918
2.75897959184
2.75367346939
-0.332448979592
-1.47326530612
-1.78571428571
1.15489795918
3.62653061224
1.66428571429
6.83795918367
6.37346938776
10.5426530612
11.2783673469
3.15775510204
1.10285714286
1.16326530612
3.31387755102
4.14367346939
4.74448979592
4.89571428571
6.65428571429
7.81204081633
6.07183673469
9.11102040816
6.53673469388
6.45142857143
8.49551020408
8.26367346939
6.98
5.60612244898
7.52224489796
8.19775510204
7.85204081633
8.46081632653
7.49897959184
6.09795918367
7.22510204082
3.99244897959
8.17163265306
10.4512244898
12.0987755102
9.79163265306
6.89489795918
8.98755102041
8.02020408163
8.60408163265
8.48408163265
7.03244897959
8.77081632653
4.83387755102
7.97163265306
12.0951020408
9.26530612245
9.44387755102
9.3987755102
10.3387755102
7.73163265306
10.2348979592
15.31
10.7526530612
10.127755102
8.24591836735
7.55775510204
9.35897959184
8.29857142857
10.3869387755
7.61367346939
6.36326530612
4.15897959184
8.09
8.00959183673
8.38183673469
8.16489795918
9.24469387755
6.72285714286
9.0606122449
10.1069387755
15.6963265306
17.6406122449
15.4491836735
11.8489795918
12.0295918367
12.4948979592
10.4624489796
10.1795918367
10.3640816327
11.862244898
10.4130612245
11.5130612245
9.16693877551
7.63795918367
8.29551020408
8.12918367347
12.1455102041
11.1124489796
12.6197959184
14.1532653061
10.2485714286
17.2269387755
14.0326530612
11.3383673469
15.0004081633
15.0969387755
13.4783673469
10.3369387755
9.03428571429
11.1565306122
13.4469387755
14.3728571429
13.507755102
13.4808163265
10.3183673469
10.5106122449
12.0214285714
10.3434693878
9.32612244898
9.2393877551
12.5512244898
10.5802040816
11.2440816327
11.4230612245
10.7879591837
10.5789795918
15.9089795918
14.673877551
11.9681632653
10.6395918367
9.94836734694
11.8512244898
12.972244898
14.7559183673
12.2108163265
13.6110204082
14.7593877551
8.30020408163
6.54428571429
7.94102040816
8.03591836735
8.80387755102
8.88959183673
9.32183673469
9.96367346939
10.3851020408
9.78387755102
11.99
11.7173469388
9.94489795918
10.1573469388
6.51693877551
10.0134693878
9.37530612245
6.41836734694
6.54040816327
7.0087755102
6.44
7.65959183673
7.26408163265
4.78795918367
6.09
10.8083673469
11.0291836735
8.06204081633
5.63551020408
6.86469387755
8.52224489796
8.2106122449
5.50224489796
8.05326530612
10.103877551
11.9504081633
10.1985714286
6.10285714286
6.91612244898
5.94040816327
7.80510204082
4.88040816327
3.42081632653
9.33
11.2328571429
7.64836734694
4.92836734694
2.31244897959
9.18183673469
6.94714285714
6.91346938776
4.28428571429
2.3106122449
0.140408163265
3.11510204082
5.17244897959
1.54204081633
3.0093877551
1.33836734694
2.82367346939
4.3306122449
4.19857142857
2.84204081633
1.27836734694
2.7187755102
2.71632653061
4.36448979592
4.33897959184
1.19163265306
0.594285714286
-2.18632653061
-2.15612244898
-1.35387755102
0.157346938776
2.0093877551
0.458571428571
1.25102040816
2.1593877551
4.8306122449
8.54857142857
6.92102040816
7.2406122449
3.20448979592
0.668163265306
0.0734693877551
1.44020408163
-1.90775510204
-2.64408163265
-3.7412244898
-0.716734693878
0.934285714286
1.10346938776
0.73693877551
0.557142857143
2.01734693878
2.37489795918
1.84040816327
2.61775510204
1.46265306122
-0.865510204082
-2.07142857143
0.463265306122
1.47979591837
0.942040816327
1.38489795918
-1.6506122449
2.10367346939
1.58387755102
-1.15632653061
-1.4612244898
-1.5506122449
-3.16959183673
-1.43612244898
-0.424693877551
-2.3712244898
-4.33775510204
-3.38
-7.75755102041
-4.08367346939
-6.97081632653
-7.76959183673
-13.9612244898
-11.5748979592
-14.5726530612
-14.3673469388
-17.1387755102
-16.1267346939
-10.9897959184
-15.2840816327
-13.1328571429
-15.0144897959
-14.217755102
-12.9824489796
-11.2908163265
-12.4812244898
-14.0879591837
-13.8132653061
-6.44387755102
-3.60163265306
2.80653061224
-0.990612244898
-2.28979591837
-1.12183673469
-0.384489795918
-5.68285714286
-8.32714285714
-3.57448979592
0.509387755102
-0.0244897959184
2.63897959184
5.41979591837
-3.2106122449
-5.08530612245
-5.42755102041
-3.57918367347
-4.7506122449
-5.79897959184
-8.05
-13.0865306122
-13.8383673469
-18.6126530612
-18.4897959184
-15.5359183673
-14.8691836735
-10.5612244898
-11.6553061224
-13.4159183673
-17.6097959184
-18.3173469388
-5.18836734694
-3.15551020408
-8.98530612245
-0.85306122449
-3.27632653061
-1.18469387755
-1.48693877551
-0.825102040816
-0.457346938776
1.83591836735
1.9
1.67551020408
2.31510204082
2.91448979592
2.48428571429
-0.14387755102
0.291836734694
-1.25775510204
-0.98612244898
-2.91653061224
-3.70653061224
-3.16673469388
-2.24081632653
-1.13857142857
-1.05551020408
-2.74040816327
-3.11326530612
-0.687142857143
-3.43346938776
-0.615306122449
-0.398775510204
-0.199387755102
0.401836734694
5.31285714286
1.44020408163
-1.23836734694
0.0540816326531
3.58285714286
6.64040816327
5.13551020408
7.60734693878
7.00489795918
7.06775510204
10.1114285714
8.54
6.02571428571
7.28714285714
5.00857142857
1.66510204082
3.97653061224
3.72285714286
2.25346938776
2.95204081633
3.22448979592
3.04346938776
0.0332653061224
0.25693877551
1.85836734694
3.46979591837
3.9512244898
6.94428571429
2.20020408163
-0.959795918367
0.124897959184
-3.99040816327
-1.22163265306
-1.10897959184
0.364693877551
0.66306122449
4.91448979592
2.90224489796
1.71836734694
1.72795918367
3.89775510204
6.51306122449
10.9575510204
8.75979591837
6.73244897959
8.83571428571
7.07918367347
9.23489795918
11.5869387755
10.8989795918
5.82816326531
8.25244897959
9.29755102041
8.20857142857
10.6616326531
11.9465306122
11.7530612245
9.48183673469
8.83387755102
8.00693877551
7.04102040816
10.6453061224
12.7057142857
13.7393877551
11.1865306122
10.2771428571
7.32653061224
11.5087755102
9.37387755102
7.52612244898
10.2044897959
13.8242857143
13.3683673469
13.6016326531
7.19653061224
4.94959183673
6.80020408163
7.81795918367
8.11408163265
6.36183673469
5.62163265306
7.34816326531
2.89653061224
6.23244897959
5.1406122449
8.31142857143
10.6532653061
10.5551020408
11.542244898
8.19673469388
8.65714285714
10.5351020408
7.76081632653
8.40448979592
9.40285714286
9.65265306122
10.5853061224
10.3134693878
10.5832653061
7.91755102041
10.4963265306
11.79
12.4210204082
8.58285714286
7.54408163265
9.72346938776
10.3167346939
11.0671428571
10.1695918367
10.0504081633
12.4975510204
15.9002040816
10.8893877551
10.6489795918
10.3555102041
14.7348979592
11.8065306122
8.08285714286
7.57510204082
13.4095918367
8.98040816327
10.8036734694
13.8448979592
14.4793877551
10.353877551
14.7371428571
12.5906122449
12.2797959184
10.8808163265
11.7604081633
11.5689795918
9.67714285714
13.1055102041
10.6959183673
6.95673469388
9.51653061224
9.29673469388
11.5646938776
7.39020408163
14.0036734694
13.3026530612
15.0283673469
15.703877551
14.3265306122
11.5379591837
8.20489795918
8.85918367347
12.1242857143
10.9359183673
11.0367346939
10.1734693878
9.7606122449
11.6797959184
8.84897959184
9.59551020408
5.38918367347
7.07714285714
8.28306122449
9.45346938776
12.5010204082
9.0112244898
9.17142857143
10.922244898
10.8324489796
7.36020408163
4.38591836735
7.80551020408
6.7106122449
2.64367346939
6.16571428571
8.63755102041
7.99591836735
11.3987755102
8.60959183673
5.30448979592
11.1079591837
11.9869387755
10.5797959184
11.417755102
12.6871428571
15.4781632653
13.3481632653
9.05836734694
9.6212244898
6.89428571429
6.34306122449
6.86795918367
7.83551020408
4.50163265306
6.26469387755
9.51224489796
12.9318367347
12.4848979592
12.503877551
10.2436734694
9.16265306122
6.8887755102
5.21755102041
9.37346938776
9.53040816327
6.0412244898
3.28510204082
4.79632653061
7.33040816327
4.86755102041
8.88102040816
8.24571428571
3.99346938776
1.7
0.550612244898
0.248163265306
2.22469387755
-0.295306122449
0.85612244898
-0.146734693878
-0.940816326531
-1.15183673469
-0.564897959184
-1.46326530612
-0.882448979592
0.0632653061224
0.87387755102
-1.61591836735
-3.96183673469
2.50530612245
0.987959183673
1.45714285714
3.31775510204
7.65489795918
2.5106122449
-0.665918367347
-1.96040816327
-2.61591836735
-2.46653061224
-3.22775510204
-4.68428571429
-5.71224489796
-5.17346938776
-5.78244897959
-5.38551020408
-4.20836734694
-5.72387755102
-5.92673469388
-8.33183673469
-5.36408163265
-9.14653061224
-4.46918367347
-3.19551020408
-6.94326530612
-6.19102040816
0.299183673469
1.12755102041
3.68897959184
7.40653061224
5.70918367347
4.70612244898
4.74714285714
4.83326530612
5.21
2.06102040816
0.838367346939
-2.81775510204
-4.56693877551
-0.0620408163265
2.81489795918
7.13755102041
6.17897959184
3.79326530612
2.03
1.76775510204
0.621224489796
-1.40387755102
-1.38183673469
1.44306122449
2.68265306122
5.73734693878
-1.1912244898
-3.45081632653
-4.88959183673
-7.94693877551
-11.6681632653
-12.0224489796
-5.6293877551
1.85755102041
-5.22693877551
-2.90918367347
-0.440204081633
-4.77734693878
-7.34959183673
-7.01551020408
-8.03040816327
-0.124897959184
0.940816326531
1.41734693878
1.27591836735
0.312857142857
-0.585306122449
-7.57612244898
-9.51816326531
2.49387755102
1.88306122449
2.22571428571
2.77102040816
1.94734693878
-0.195714285714
-0.852040816327
-5.67142857143
-5.8987755102
-5.01979591837
-6.58979591837
-4.82714285714
-0.635306122449
0.397551020408
-0.699795918367
-3.04224489796
-5.69979591837
-8.63142857143
-7.89530612245
-12.4620408163
-14.432244898
-18.1997959184
-12.3
-6.99918367347
-11.8683673469
-14.1197959184
-7.30612244898
-9.56163265306
-8.24591836735
-7.66102040816
-8.21448979592
-10.0512244898
-11.4887755102
-14.5887755102
-20.227755102
-12.587755102
-18.7189795918
-12.8334693878
-15.0055102041
-17.6691836735
-13.9593877551
-6.62346938776
-6.16714285714
-5.64795918367
-4.1012244898
-1.32959183673
3.00469387755
-0.0512244897959
-1.46755102041
-1.04428571429
-2.69714285714
1.4312244898
0.985510204082
0.600204081633
1.22510204082
1.68591836735
2.44571428571
-0.995918367347
0.600408163265
-2.14163265306
-2.34612244898
0.574897959184
-0.732244897959
1.89040816327
0.142244897959
0.959591836735
0.772040816327
2.08306122449
5.27163265306
3.10387755102
1.10408163265
1.92020408163
2.21918367347
-0.664693877551
2.68489795918
0.336734693878
0.231428571429
-1.07469387755
3.91510204082
5.77
2.87081632653
-1.89387755102
-4.91
-6.50959183673
-5.90857142857
-3.07755102041
3.56224489796
2.83714285714
2.53530612245
2.47020408163
1.57428571429
2.25448979592
3.76469387755
5.21775510204
3.98836734694
4.69632653061
4.54959183673
6.56775510204
7.50448979592
6.3406122449
8.78142857143
8.02448979592
5.31959183673
7.8593877551
9.20795918367
11.6706122449
11.5583673469
10.2432653061
9.84204081633
7.8587755102
6.20183673469
9.53612244898
10.8210204082
6.45102040816
7.34040816327
10.6336734694
6.69020408163
2.46591836735
5.01020408163
13.0018367347
11.7916326531
12.7340816327
14.5757142857
11.583877551
8.08653061224
9.08612244898
5.09530612245
7.56816326531
10.5836734694
8.66734693878
6.08653061224
6.46836734694
4.08857142857
6.04
6.67714285714
5.06326530612
6.07510204082
3.80714285714
6.71285714286
6.67448979592
6.63489795918
7.42081632653
8.4793877551
8.88714285714
8.37346938776
8.63959183673
11.7655102041
13.1179591837
14.7359183673
16.0457142857
16.2683673469
14.1616326531
16.4228571429
15.0765306122
10.1924489796
13.2846938776
14.1559183673
10.216122449
11.947755102
11.7104081633
13.116122449
12.7575510204
10.697755102
11.5148979592
13.0542857143
14.8046938776
15.5065306122
13.9548979592
15.3679591837
12.146122449
10.0428571429
9.44959183673
9.22040816327
9.46163265306
5.93204081633
7.51163265306
6.91326530612
8.75020408163
11.5073469388
12.6636734694
12.3789795918
11.3195918367
7.29306122449
9.65632653061
11.86
13.2508163265
9.13551020408
7.9512244898
12.8987755102
13.6069387755
13.4991836735
14.8628571429
11.8179591837
11.9608163265
13.9651020408
10.7626530612
15.0055102041
17.9497959184
13.5546938776
8.44714285714
11.1144897959
9.86489795918
8.35469387755
11.422244898
15.2528571429
16.0981632653
14.4124489796
13.2328571429
12.6836734694
14.5563265306
11.3916326531
12.0587755102
11.1302040816
9.38510204082
5.72959183673
11.0583673469
10.6228571429
9.1187755102
6.02653061224
10.3506122449
11.3069387755
8.67387755102
7.81775510204
7.78306122449
9.18979591837
5.68469387755
9.01857142857
9.51
7.86183673469
3.80591836735
4.6893877551
8.36959183673
4.84387755102
4.63
1.71510204082
1.71163265306
6.80673469388
8.48387755102
11.4240816327
12.2442857143
7.48326530612
7.44489795918
4.9387755102
1.92693877551
2.7
3.73612244898
7.0793877551
8.51571428571
8.44571428571
4.24244897959
2.29489795918
4.4406122449
6.1106122449
5.10408163265
9.70755102041
5.97346938776
5.17979591837
7.69367346939
4.21265306122
3.86142857143
7.88142857143
8.91244897959
10.7989795918
8.23387755102
4.62285714286
5.92040816327
7.7512244898
4.58816326531
7.52571428571
6.72775510204
6.32897959184
10.5146938776
5.63204081633
5.06448979592
4.64326530612
5.02306122449
6.72897959184
2.65673469388
1.92204081633
1.92224489796
6.24408163265
1.00367346939
1.91591836735
2.18959183673
-0.971224489796
1.9793877551
6.74816326531
1.07612244898
-0.994489795918
2.50306122449
3.97836734694
3.17489795918
0.215510204082
1.91326530612
-0.859795918367
0.299387755102
2.5512244898
5.01102040816
2.4
1.26102040816
2.14775510204
7.14551020408
7.82714285714
3.96571428571
7.12040816327
3.81
-0.830408163265
3.89551020408
2.56387755102
3.32510204082
6.21816326531
6.3612244898
1.37326530612
-1.98204081633
-3.81204081633
-5.01775510204
-2.14714285714
-1.58285714286
1.85326530612
0.134489795918
1.32265306122
2.98959183673
1.92306122449
2.7587755102
0.352040816327
1.09408163265
-0.348979591837
-0.375102040816
-1.00306122449
1.05551020408
0.481632653061
0.48387755102
0.873469387755
2.71244897959
0.57306122449
-0.0604081632653
-0.507551020408
-5.2306122449
-4.66346938776
-6.31612244898
-7.90734693878
-4.72224489796
-0.46693877551
0.367142857143
2.75673469388
5.5112244898
5.18020408163
4.46306122449
-2.71836734694
-9.46244897959
-8.15836734694
-1.04632653061
-1.88632653061
-7.8112244898
-11.4459183673
-5.29918367347
-11.5540816327
-18.7467346939
-16.8175510204
-18.7944897959
-19.3265306122
-17.5787755102
-13.0167346939
-11.1451020408
-10.8683673469
-9.7187755102
-10.4069387755
-10.5787755102
-7.48306122449
-2.92081632653
0.0267346938776
-0.682040816327
-2.70755102041
-9.27530612245
-9.40102040816
-12.252244898
-20.2636734694
-19.2269387755
-16.6053061224
-15.6028571429
-12.1632653061
-5.16408163265
0.0134693877551
0.878571428571
-0.49693877551
-3.62816326531
3.74775510204
2.08346938776
-0.995918367347
-0.741020408163
0.22693877551
-1.47653061224
-0.508163265306
-1.83816326531
-2.93265306122
-3.50530612245
-6.8212244898
-2.86367346939
-3.41612244898
-2.8212244898
-6.16142857143
-11.3828571429
-10.6004081633
-7.97775510204
-1.40816326531
3.42
0.129183673469
-4.99918367347
-13.3510204082
-16.0434693878
-13.9559183673
-10.7904081633
-12.9426530612
-11.496122449
-7.70387755102
-8.60918367347
-8.44448979592
-8.4587755102
-10.5453061224
-8.0093877551
-9.00244897959
-2.06163265306
-2.88816326531
0.387346938776
-1.26775510204
-4.52469387755
-2.01632653061
-1.52510204082
-2.72224489796
4.58408163265
5.15408163265
3.08346938776
0.761632653061
3.29265306122
0.881836734694
-1.70693877551
0.348163265306
-2.4712244898
-1.11244897959
1.54857142857
2.99897959184
4.74387755102
2.07653061224
2.07408163265
7.96816326531
3.64326530612
5.24510204082
-0.184081632653
0.921632653061
1.3593877551
-1.18346938776
5.71897959184
3.85163265306
5.84591836735
3.30612244898
5.75734693878
7.98428571429
4.49632653061
1.28020408163
1.50959183673
3.00387755102
4.38775510204
8.73265306122
4.87795918367
1.40428571429
4.03408163265
8.22510204082
8.83469387755
7.6012244898
4.60775510204
2.60816326531
6.19795918367
5.69326530612
4.09040816327
1.80530612245
1.65183673469
4.55306122449
1.31040816327
6.67367346939
3.17285714286
1.51795918367
5.48346938776
4.72530612245
1.21204081633
3.35673469388
4.22326530612
4.35387755102
2.64591836735
4.99653061224
6.14612244898
5.83959183673
5.87346938776
6.29612244898
7.9112244898
8.51367346939
5.69040816327
6.76285714286
9.8287755102
9.62346938776
9.95714285714
10.1104081633
10.306122449
9.75387755102
8.04244897959
11.9026530612
9.99918367347
7.12
5.35918367347
6.55734693878
10.7095918367
9.72448979592
11.1342857143
8.98714285714
7.0993877551
5.24530612245
7.18632653061
5.75571428571
9.97795918367
9.81673469388
6.85448979592
11.9420408163
9.82469387755
9.67346938776
10.8279591837
11.7836734694
14.5455102041
14.8495918367
16.4320408163
17.0167346939
13.8691836735
14.6465306122
14.0067346939
10.2342857143
10.6093877551
11.6908163265
15.4071428571
11.3610204082
6.78612244898
11.9534693878
14.3308163265
9.78714285714
7.93224489796
13.6506122449
15.1548979592
16.5928571429
13.4410204082
11.8912244898
12.8644897959
12.377755102
12.0444897959
13.4075510204
10.4134693878
10.6134693878
6.19224489796
7.84530612245
9.8312244898
11.3167346939
12.783877551
11.3681632653
12.6257142857
10.9387755102
9.04285714286
7.90204081633
7.32081632653
7.41428571429
4.24428571429
9.16755102041
11.3363265306
11.0510204082
7.26734693878
9.02714285714
10.9795918367
14.6257142857
12.9765306122
9.56591836735
11.6744897959
15.5832653061
15.3689795918
13.7732653061
13.1414285714
13.1314285714
15.1346938776
15.7210204082
13.8793877551
11.7565306122
11.9308163265
12.5506122449
13.1885714286
12.5295918367
9.24367346939
7.48979591837
14.677755102
10.6240816327
12.657755102
14.3528571429
11.9514285714
11.5404081633
9.55102040816
9.32632653061
9.13326530612
11.3110204082
12.0016326531
15.8448979592
12.146122449
9.80469387755
7.5906122449
10.6763265306
15.8759183673
11.17
14.0120408163
12.0912244898
15.5663265306
14.5210204082
9.89163265306
7.85591836735
5.67734693878
5.23285714286
1.27183673469
2.2293877551
1.35244897959
1.78204081633
1.6487755102
1.46857142857
1.9406122449
6.65918367347
8.9806122449
7.41816326531
6.94346938776
4.3187755102
4.38306122449
9.45469387755
4.30918367347
4.84591836735
7.31653061224
8.16612244898
11.2857142857
7.04
4.90734693878
2.77387755102
3.40102040816
5.54428571429
6.68020408163
5.27551020408
6.57428571429
2.61612244898
1.5193877551
3.24265306122
5.29204081633
6.23163265306
4.23612244898
4.05040816327
4.86102040816
7.52285714286
6.09612244898
0.827142857143
-0.998775510204
2.2293877551
1.93816326531
0.119183673469
0.944285714286
2.45612244898
4.45306122449
5.35224489796
3.89897959184
2.21183673469
1.65102040816
4.24979591837
6.49020408163
6.3006122449
6.48714285714
4.04163265306
3.57326530612
3.51469387755
2.01306122449
-1.16448979592
0.00857142857143
-0.363469387755
0.811428571429
0.323469387755
0.179591836735
-1.31285714286
-0.759591836735
-0.370612244898
-1.9306122449
-3.89612244898
-4.52510204082
-3.49408163265
-5.03775510204
-10.1267346939
-12.2114285714
-11.2118367347
-2.82265306122
-1.12367346939
-5.55775510204
-6.05326530612
-4.96040816327
-0.0644897959184
3.92571428571
7.93469387755
5.52265306122
5.33
6.6812244898
1.70183673469
-0.891224489796
-3.09775510204
-2.13081632653
1.07326530612
4.55183673469
5.81428571429
5.48224489796
4.78326530612
5.30632653061
5.28673469388
5.43306122449
5.16020408163
4.1612244898
4.90285714286
5.5712244898
1.87816326531
1.21591836735
-1.41367346939
0.467346938776
0.45306122449
-1.95632653061
-3.55367346939
-4.57102040816
-0.27
0.858367346939
1.86693877551
-0.534897959184
0.873265306122
-0.718163265306
-0.054693877551
-0.0191836734694
-0.561428571429
-0.178775510204
3.49448979592
5.22530612245
-0.151632653061
-0.217755102041
5.60489795918
2.8206122449
2.17326530612
0.589387755102
3.83204081633
1.92346938776
3.35102040816
2.74836734694
2.39591836735
-0.827755102041
-0.445102040816
0.0334693877551
0.598775510204
0.0781632653061
-0.352244897959
-2.23816326531
-4.36204081633
-4.65775510204
-3.96510204082
-0.916326530612
0.904897959184
1.57571428571
-1.64020408163
-3.0112244898
1.48571428571
0.478775510204
-1.39265306122
-1.84673469388
-1.98551020408
-0.935918367347
-2.26285714286
-1.76224489796
-2.78979591837
-3.90693877551
-1.22959183673
-0.51
-2.49714285714
-2.52775510204
-0.702653061224
-3.49285714286
-6.85755102041
-4.4693877551
0.216530612245
-0.0314285714286
-2.6587755102
-2.82448979592
-3.33346938776
3.00102040816
-0.586530612245
-4.37836734694
-4.70816326531
3.71040816327
3.93530612245
5.38244897959
2.89163265306
3.14326530612
1.50469387755
2.02163265306
1.14040816327
1.71857142857
3.1206122449
3.79816326531
3.83387755102
2.82959183673
0.518163265306
-1.30285714286
1.55265306122
3.52142857143
4.70040816327
5.4612244898
5.96306122449
-0.26693877551
-3.64448979592
-1.09510204082
-0.17
1.98102040816
-2.97285714286
-0.40693877551
0.860612244898
8.03346938776
8.29591836735
7.71775510204
6.6287755102
4.64816326531
5.16306122449
-0.899387755102
-3.99591836735
-2.43020408163
-1.02755102041
0.622653061224
3.73795918367
3.74489795918
7.95163265306
5.72326530612
8.49163265306
8.26428571429
6.67224489796
3.92020408163
7.31612244898
6.48285714286
10.5767346939
9.75040816327
7.8312244898
6.53040816327
6.91857142857
10.4365306122
9.62306122449
12.2028571429
11.5995918367
11.8673469388
8.51224489796
7.74204081633
5.9612244898
0.765306122449
2.03530612245
2.43163265306
5.72102040816
9.11693877551
11.902244898
13.4926530612
11.4130612245
10.5014285714
7.39795918367
8.73
7.78795918367
8.71591836735
11.2387755102
11.2104081633
6.66367346939
9.02571428571
9.21591836735
9.47530612245
11.1095918367
9.20571428571
11.8130612245
10.8044897959
6.52306122449
8.00693877551
9.63530612245
10.8436734694
10.3448979592
8.98346938776
11.5951020408
10.8251020408
11.5369387755
10.0610204082
7.84979591837
11.4583673469
12.352244898
11.8093877551
12.5734693878
11.4120408163
13.5528571429
12.5283673469
15.0471428571
8.4212244898
12.2732653061
12.3987755102
13.5571428571
10.5957142857
12.9691836735
11.8965306122
10.1826530612
7.59795918367
11.2526530612
10.9897959184
9.29408163265
11.9559183673
11.7340816327
11.2712244898
11.2881632653
11.6159183673
11.9371428571
9.28510204082
14.4783673469
14.9551020408
18.3410204082
13.6024489796
10.7814285714
10.9987755102
12.5959183673
9.21775510204
11.5140816327
7.80755102041
7.01734693878
9.00673469388
12.1773469388
10.046122449
5.96306122449
10.1391836735
10.5695918367
11.3832653061
13.0581632653
13.8848979592
14.052244898
16.722244898
12.5320408163
15.3018367347
10.2573469388
14.5202040816
12.0265306122
7.61183673469
8.08326530612
11.6255102041
13.8944897959
11.4248979592
10.0124489796
7.78387755102
9.27469387755
11.4653061224
10.4783673469
9.21612244898
15.7397959184
13.5840816327
10.8302040816
8.53387755102
8.29204081633
11.8442857143
9.33428571429
11.3097959184
10.8771428571
10.8571428571
6.79183673469
6.51612244898
7.28795918367
7.64102040816
10.2006122449
10.573877551
7.54612244898
6.95326530612
7.78979591837
9.21632653061
10.1563265306
10.6540816327
11.1634693878
10.8310204082
8.9006122449
4.66285714286
9.24306122449
8.73346938776
11.3604081633
13.6965306122
12.5291836735
11.8963265306
9.51795918367
6.85244897959
4.02693877551
3.37836734694
5.21306122449
6.99755102041
6.80204081633
8.63448979592
6.37857142857
5.6506122449
8.59081632653
6.16428571429
3.03183673469
8.47204081633
9.27693877551
8.02530612245
11.3465306122
10.9293877551
10.2012244898
10.87
10.3506122449
8.92142857143
6.06326530612
4.5006122449
3.34897959184
7.49693877551
5.4393877551
4.00673469388
5.70653061224
9.06612244898
1.13551020408
-2.14795918367
-2.47693877551
3.02346938776
1.38673469388
-2.92857142857
-5.40326530612
-7.35244897959
-6.18755102041
-3.01591836735
-2.24591836735
-0.902040816327
0.89612244898
5.90714285714
3.78857142857
5.7593877551
4.05183673469
7.14204081633
4.27244897959
-0.0122448979592
3.83102040816
1.51918367347
-0.735714285714
-5.54530612245
-12.6710204082
-5.80387755102
-1.72489795918
1.05775510204
2.26816326531
2.24163265306
0.465918367347
0.406530612245
0.297755102041
1.36
-2.50428571429
-2.44979591837
0.696530612245
2.81816326531
1.56020408163
-0.788367346939
-1.27489795918
-0.435102040816
-0.172244897959
5.57673469388
3.52489795918
2.18571428571
2.87897959184
-4.50489795918
-7.6212244898
-4.52469387755
-1.34571428571
2.23224489796
-2.97591836735
-2.23265306122
3.56142857143
5.21816326531
3.85775510204
0.67612244898
5.25979591837
4.82918367347
3.80040816327
2.03959183673
1.35040816327
1.97653061224
3.11571428571
1.65183673469
-2.57755102041
-3.47163265306
2.10020408163
0.755714285714
1.79959183673
4.19387755102
6.20673469388
4.4512244898
-0.752448979592
-0.62612244898
1.01081632653
-0.112653061224
0.0673469387755
3.28428571429
1.18020408163
-0.089387755102
-2.33714285714
-3.20265306122
-1.03836734694
2.70489795918
-0.798979591837
-2.37326530612
-3.65
-5.27591836735
-5.73979591837
-7.01979591837
-3.66755102041
-0.474285714286
-0.385510204082
-1.24306122449
-2.24183673469
-2.81510204082
-3.62836734694
-2.73510204082
1.41632653061
1.61102040816
-0.461632653061
-1.28204081633
-0.670408163265
-1.17632653061
0.0889795918367
-0.123469387755
1.75836734694
0.942244897959
0.743265306122
-4.30632653061
2.47571428571
8.09897959184
2.87489795918
-1.31693877551
-3.85551020408
1.93530612245
0.050612244898
2.34265306122
1.25653061224
0.639795918367
0.712040816327
0.60693877551
2.6893877551
2.87448979592
3.51571428571
3.26040816327
3.67346938776
2.5887755102
3.90428571429
0.264489795918
3.21959183673
1.35040816327
5.21306122449
3.65693877551
1.16326530612
3.69081632653
1.84693877551
1.74224489796
-1.02387755102
-2.66448979592
-1.43959183673
1.33163265306
3.3687755102
1.56775510204
2.50612244898
3.55775510204
-1.75408163265
0.779183673469
4.76244897959
6.85551020408
5.03387755102
3.49387755102
3.84571428571
-0.514489795918
0.132244897959
0.737142857143
0.489387755102
1.46673469388
3.80918367347
1.1793877551
1.23775510204
4.8787755102
7.46081632653
9.7606122449
9.11040816327
7.48775510204
6.06020408163
6.65224489796
3.68816326531
-1.29081632653
2.84408163265
1.62714285714
2.30775510204
5.09693877551
1.30020408163
1.74040816327
5.02918367347
2.1793877551
1.14224489796
1.87306122449
0.09
0.465714285714
-0.435714285714
3.44448979592
6.32510204082
5.20183673469
6.17673469388
6.18816326531
1.36959183673
0.696734693878
4.44795918367
8.91755102041
8.42326530612
8.03816326531
5.79734693878
6.41346938776
3.97306122449
4.33142857143
5.3612244898
8.70469387755
9.72510204082
10.3414285714
10.6355102041
9.99204081633
7.93367346939
7.72959183673
9.34510204082
9.41918367347
10.4795918367
8.43959183673
9.65897959184
9.02224489796
4.65734693878
4.09673469388
8.02755102041
4.75734693878
6.39510204082
2.46428571429
3.3093877551
4.94265306122
6.0687755102
7.49857142857
5.89693877551
12.5255102041
11.3983673469
8.84040816327
9.22163265306
7.88265306122
8.00204081633
6.9206122449
9.96571428571
11.9989795918
10.3779591837
14.0181632653
14.8169387755
13.8712244898
12.0128571429
10.4724489796
12.5891836735
13.4244897959
10.7718367347
8.30510204082
10.6257142857
10.2514285714
13.8416326531
12.0785714286
12.2102040816
16.0765306122
15.0430612245
14.4742857143
16.3826530612
14.3320408163
13.7518367347
13.6969387755
10.1036734694
12.0636734694
10.676122449
8.77346938776
10.2051020408
6.59183673469
11.7059183673
7.13469387755
5.54448979592
8.61346938776
10.6787755102
15.7308163265
15.7528571429
15.11
15.1346938776
14.3912244898
8.91653061224
10.0479591837
12.3426530612
12.0046938776
8.95693877551
8.6412244898
9.77020408163
11.6848979592
6.58632653061
8.6206122449
14.8044897959
15.3759183673
13.5828571429
11.077755102
13.5557142857
15.5469387755
13.0889795918
13.8857142857
12.8904081633
15.9497959184
16.2034693878
11.1675510204
9.3687755102
12.7728571429
14.423877551
15.5297959184
13.0557142857
8.78244897959
11.6451020408
9.14408163265
10.9920408163
9.10714285714
7.82897959184
6.62571428571
6.70142857143
10.08
11.1457142857
8.53795918367
7.32469387755
5.42632653061
4.47306122449
8.46775510204
7.91489795918
9.33387755102
10.6669387755
12.1557142857
12.0597959184
10.2185714286
12.0163265306
11.1883673469
13.9204081633
12.5171428571
11.7310204082
13.3871428571
12.2842857143
12.9416326531
13.3495918367
12.4430612245
11.5716326531
10.4673469388
9.62448979592
6.51469387755
4.25591836735
8.04367346939
8.59551020408
10.7965306122
9.56448979592
4.55224489796
0.319591836735
0.963469387755
3.79979591837
6.52755102041
6.01244897959
7.24346938776
6.55591836735
5.55448979592
5.43
10.5710204082
6.24510204082
4.92775510204
2.67163265306
3.0193877551
2.53979591837
5.30571428571
6.95102040816
9.04163265306
10.6473469388
8.73816326531
10.0710204082
8.14714285714
8.41816326531
9.07306122449
6.29510204082
8.99897959184
8.58387755102
7.8887755102
9.26795918367
5.97693877551
9.22306122449
6.63673469388
5.74204081633
4.38510204082
1.01816326531
-0.193265306122
1.76653061224
-1.04612244898
1.81775510204
-0.580612244898
-1.89428571429
-2.11428571429
-1.16510204082
-1.90979591837
-2.14081632653
-5.12285714286
-6.19224489796
-3.93244897959
-2.25571428571
-1.80918367347
-5.20714285714
-0.444693877551
-7.2206122449
-7.07367346939
0.87612244898
-2.39224489796
-6.36612244898
-8.14428571429
-7.69346938776
-7.55673469388
-6.31918367347
-6.77204081633
-1.53204081633
0.567755102041
-2.1793877551
-3.35530612245
-1.14897959184
-5.45387755102
-6.93244897959
-2.28714285714
1.30448979592
6.78530612245
6.58530612245
6.21612244898
8.89408163265
8.15469387755
4.64693877551
4.24714285714
9.14040816327
6.97734693878
3.10959183673
3.15489795918
-0.0540816326531
-3.51551020408
-4.27632653061
-2.41959183673
-3.27306122449
-3.45959183673
-3.92510204082
-2.00510204082
-1.96591836735
-2.2187755102
-3.54408163265
-2.64653061224
-2.75959183673
-3.77530612245
-4.56469387755
-0.820408163265
0.662244897959
0.459387755102
-1.17204081633
-2.57816326531
0.0573469387755
0.286326530612
4.17244897959
4.15571428571
-0.879591836735
0.623673469388
1.4706122449
3.79244897959
2.36224489796
3.76020408163
1.92306122449
1.6006122449
2.32285714286
1.44897959184
1.94693877551
1.30673469388
0.447959183673
5.42081632653
3.50714285714
1.84428571429
3.34183673469
1.83897959184
-0.275918367347
-1.9812244898
0.585102040816
3.82653061224
1.11489795918
-2.00755102041
1.3312244898
0.0581632653061
0.242040816327
0.553469387755
-0.0148979591837
-0.922448979592
-4.70714285714
3.95755102041
5.00204081633
7.00673469388
2.9312244898
-0.278979591837
-0.0322448979592
2.44285714286
6.82489795918
2.57163265306
0.515714285714
0.840408163265
0.225918367347
-1.03734693878
-1.25632653061
1.9806122449
3.63367346939
4.82857142857
6.22510204082
5.07306122449
2.9587755102
3.17204081633
8.16448979592
4.77448979592
-1.1187755102
1.91346938776
-0.208367346939
-0.12306122449
0.253469387755
0.745714285714
2.90469387755
8.49346938776
7.73755102041
6.80102040816
3.62673469388
2.23714285714
1.96224489796
0.934897959184
0.0563265306122
2.15510204082
4.43653061224
2.34734693878
1.45081632653
2.29897959184
3.09
3.35918367347
0.540816326531
-2.41959183673
-2.62387755102
1.97285714286
0.848979591837
-2.54408163265
-4.29795918367
4.35816326531
2.88020408163
4.8593877551
3.47591836735
1.62530612245
1.95530612245
1.18428571429
-0.56306122449
3.03857142857
6.14979591837
4.71632653061
5.96326530612
7.58428571429
6.6612244898
6.58183673469
3.91857142857
4.91918367347
0.300816326531
3.31979591837
5.30673469388
5.77244897959
8.65489795918
8.24673469388
6.50428571429
7.8893877551
8.59204081633
7.9893877551
8.75816326531
9.37530612245
8.60755102041
9.06367346939
5.47387755102
5.20244897959
5.44979591837
3.17714285714
9.24734693878
11.4179591837
7.01081632653
3.79244897959
6.09653061224
6.03469387755
9.43836734694
9.33795918367
10.636122449
6.14714285714
1.80040816327
1.40857142857
4.05755102041
2.84326530612
2.22204081633
5.36612244898
7.74795918367
9.58918367347
8.45102040816
10.0140816327
7.72551020408
9.30591836735
11.5736734694
8.9506122449
5.34591836735
7.09224489796
9.90346938776
8.70346938776
11.1814285714
11.0985714286
11.0567346939
8.89489795918
8.37204081633
9.59020408163
11.9406122449
14.3871428571
12.833877551
12.5036734694
10.3655102041
8.32367346939
11.86
12.1265306122
14.6612244898
16.6842857143
14.2693877551
15.4744897959
12.7712244898
9.77448979592
8.08959183673
7.41020408163
12.7369387755
10.1202040816
6.58469387755
11.7095918367
13.5528571429
10.8083673469
7.69489795918
8.00857142857
12.3991836735
7.68448979592
7.06489795918
9.14897959184
13.2487755102
11.9818367347
12.0044897959
7.8912244898
10.9936734694
11.1234693878
6.83897959184
6.8206122449
8.67530612245
8.66897959184
11.1865306122
12.8083673469
15.3006122449
13.8097959184
11.7602040816
13.9912244898
14.7012244898
12.5451020408
13.62
16.2646938776
13.0044897959
9.53918367347
6.30755102041
7.80612244898
11.7710204082
10.3802040816
12.3569387755
14.2351020408
15.5957142857
13.9108163265
13.6183673469
9.8512244898
9.41836734694
11.8693877551
13.8387755102
10.452244898
11.7895918367
10.6295918367
10.2783673469
12.5991836735
15.2010204082
13.9512244898
15.0048979592
13.6318367347
14.2126530612
12.2504081633
10.7993877551
11.1783673469
13.0232653061
11.3718367347
8.42163265306
7.09653061224
8.86367346939
8.96408163265
8.65775510204
8.85897959184
9.03510204082
8.97857142857
9.28469387755
6.23244897959
6.52959183673
7.16020408163
2.93346938776
8.91285714286
9.85102040816
7.22
6.89530612245
5.21
8.73346938776
8.4593877551
7.98979591837
4.80163265306
6.10326530612
2.7093877551
3.86306122449
11.842244898
9.99020408163
6.74306122449
8.77510204082
6.28142857143
2.68897959184
11.3420408163
8.86163265306
5.12857142857
2.67510204082
2.2393877551
3.22408163265
2.46265306122
6.64469387755
7.94571428571
10.4016326531
10.7555102041
11.9571428571
9.39510204082
6.54775510204
6.69632653061
4.00734693878
-0.220816326531
-1.33551020408
-2.79755102041
0.201632653061
4.12102040816
5.51183673469
5.64755102041
2.27448979592
2.42591836735
5.27081632653
6.39448979592
5.01265306122
4.25755102041
1.31326530612
0.200204081633
0.549387755102
2.45918367347
1.02326530612
0.137959183673
-2.10510204082
5.00632653061
5.37795918367
3.2706122449
6.74102040816
6.08959183673
6.34775510204
8.05142857143
4.61591836735
2.87918367347
3.66306122449
0.596734693878
-0.273673469388
-0.0985714285714
-0.475510204082
-0.908163265306
1.05693877551
-0.878979591837
0.422244897959
-0.257959183673
-4.02102040816
-7.97693877551
-1.65979591837
1.09244897959
2.20020408163
-2.68653061224
-6.15326530612
-6.58346938776
-7.85836734694
-5.38816326531
-2.22285714286
-2.76857142857
-0.120816326531
0.101428571429
-1.78346938776
-4.01204081633
-2.93489795918
-4.13102040816
-6.06510204082
-3.52428571429
-2.86653061224
-0.0934693877551
1.11918367347
1.6112244898
0.62693877551
0.533265306122
1.01285714286
0.844285714286
0.622857142857
2.02775510204
3.20714285714
-0.332857142857
