2.21171428571
2.28904081633
1.33124489796
0.876673469388
1.01065306122
4.00591836735
4.41357142857
2.59330612245
4.36928571429
4.7516122449
4.05579591837
3.40706122449
2.72985714286
2.15124489796
2.23232653061
2.05326530612
3.97120408163
4.69608163265
4.03040816327
2.43051020408
1.89797959184
3.00269387755
3.83318367347
3.46640816327
3.96718367347
2.49457142857
3.09404081633
2.99167346939
2.46208163265
3.3822244898
5.38604081633
4.8613877551
3.55065306122
2.92385714286
2.95446938776
1.49173469388
2.8703877551
3.78485714286
1.68304081633
5.19553061224
6.05702040816
2.79055102041
1.47710204082
3.53024489796
5.58553061224
6.51169387755
5.87444897959
1.15981632653
3.00214285714
3.42644897959
1.77314285714
1.42736734694
2.27451020408
2.66246938776
1.82332653061
1.34520408163
2.67591836735
2.52728571429
3.50293877551
5.533
4.33687755102
3.88228571429
1.46953061224
1.92332653061
4.30708163265
3.35583673469
6.91869387755
3.82606122449
2.78083673469
4.22263265306
3.36726530612
3.35559183673
4.51726530612
2.95363265306
3.8522244898
3.30781632653
2.73373469388
2.36320408163
4.63830612245
5.14914285714
3.82846938776
1.46995918367
3.82632653061
5.07293877551
5.95744897959
5.5842244898
2.5023877551
3.65542857143
2.81697959184
2.58034693878
4.14724489796
4.09820408163
1.94083673469
1.55110204082
1.41330612245
3.22085714286
2.23093877551
3.54308163265
3.16987755102
3.78334693878
2.43991836735
1.57689795918
2.87989795918
2.48402040816
2.36267346939
3.20024489796
3.42228571429
1.55416326531
2.70116326531
2.91879591837
3.54457142857
5.21908163265
5.21491836735
2.75216326531
1.68124489796
2.91806122449
2.10753061224
3.7402244898
4.63091836735
3.98718367347
7.06471428571
4.59014285714
2.71355102041
2.13932653061
2.75567346939
2.22542857143
2.26406122449
1.82142857143
3.3786122449
2.46420408163
2.60228571429
1.8063877551
1.46426530612
1.3482244898
2.82818367347
4.45202040816
2.62467346939
1.65951020408
5.01940816327
4.91997959184
3.0233877551
3.21269387755
2.75532653061
4.53779591837
3.64816326531
2.80091836735
3.51602040816
2.62734693878
2.44646938776
1.61255102041
2.70669387755
3.41710204082
3.69026530612
2.28163265306
1.76853061224
1.74606122449
1.6056122449
3.27826530612
2.66402040816
2.07363265306
2.84614285714
2.35540816327
3.77708163265
3.81006122449
3.26720408163
2.72916326531
4.62183673469
3.51953061224
2.4713877551
2.25218367347
1.54851020408
1.87948979592
2.0597755102
3.58767346939
2.88387755102
2.10659183673
2.22891836735
1.905
2.9236122449
3.22175510204
2.67385714286
2.2487755102
1.92959183673
2.73024489796
1.94602040816
2.40265306122
2.96816326531
3.79932653061
3.54791836735
2.57971428571
1.40446938776
2.90840816327
1.87097959184
2.71451020408
2.47344897959
2.44908163265
2.59495918367
3.52983673469
3.3202244898
3.21875510204
4.21991836735
3.87385714286
2.69620408163
2.7357755102
2.5913877551
2.07791836735
1.73685714286
1.19634693878
2.76430612245
3.63208163265
3.39487755102
4.36155102041
4.47402040816
2.49806122449
1.83334693878
1.41465306122
1.49491836735
1.55593877551
3.26846938776
3.51126530612
3.68971428571
1.80412244898
1.71883673469
1.62830612245
3.46726530612
2.86608163265
3.32393877551
2.42589795918
2.48636734694
1.8447755102
2.19969387755
3.15775510204
2.3627755102
2.3526122449
3.18385714286
3.12416326531
1.98663265306
3.36044897959
2.62920408163
1.69324489796
1.6746122449
2.03159183673
1.54202040816
2.80808163265
3.67824489796
2.77171428571
1.62557142857
2.68259183673
1.50389795918
1.40116326531
1.47408163265
1.65714285714
2.55516326531
1.65408163265
2.55951020408
2.1392244898
3.74165306122
1.90867346939
3.24259183673
4.34463265306
3.82236734694
2.81193877551
1.99040816327
3.42426530612
2.99571428571
2.38232653061
1.53685714286
2.80959183673
2.15991836735
2.95206122449
2.97802040816
2.87940816327
2.45181632653
4.2106122449
2.87106122449
2.25383673469
1.80593877551
3.95065306122
2.55589795918
1.74426530612
1.74785714286
2.30908163265
1.34726530612
3.3007755102
2.08655102041
3.27389795918
3.28430612245
1.37502040816
1.99214285714
3.80659183673
3.02983673469
1.784
2.56855102041
4.21669387755
5.45320408163
4.25432653061
5.04367346939
5.89485714286
4.91524489796
2.67569387755
1.80773469388
1.48116326531
3.33342857143
2.36071428571
1.93806122449
1.79816326531
6.15548979592
4.95673469388
4.91448979592
3.36273469388
4.63797959184
3.54367346939
2.05028571429
3.18608163265
5.29720408163
1.66606122449
2.54267346939
2.26273469388
2.56493877551
1.46889795918
2.7882244898
2.51114285714
2.95591836735
2.50773469388
1.18824489796
2.30853061224
2.78979591837
3.5862244898
5.66104081633
2.14075510204
3.13046938776
3.37336734694
4.65459183673
4.62836734694
4.51316326531
4.06134693878
3.71079591837
5.70681632653
2.47451020408
3.64704081633
3.6626122449
4.52524489796
6.24169387755
6.34702040816
2.783
2.94824489796
4.60524489796
7.14412244898
6.1446122449
5.74004081633
6.42871428571
2.81393877551
2.31753061224
3.35640816327
6.67816326531
4.52681632653
2.7987755102
2.81334693878
1.74467346939
3.32695918367
5.20673469388
5.35020408163
4.36226530612
3.23453061224
3.3612244898
3.06014285714
1.88159183673
3.81289795918
2.42473469388
2.78963265306
1.22648979592
1.80726530612
2.56881632653
3.34163265306
3.85365306122
5.51763265306
3.60487755102
2.24618367347
2.75446938776
5.05916326531
4.22418367347
2.75636734694
1.24020408163
2.65434693878
3.47214285714
4.69983673469
4.0082244898
1.8497755102
2.69373469388
2.80383673469
3.15640816327
1.52381632653
2.71520408163
5.50346938776
6.30830612245
4.99275510204
4.80244897959
4.95902040816
3.59479591837
4.71108163265
3.55940816327
2.88683673469
3.25571428571
2.8877755102
2.77789795918
2.7652244898
2.03255102041
1.29234693878
1.45728571429
2.18626530612
1.9407755102
2.08769387755
1.90393877551
3.91567346939
3.38783673469
2.59569387755
2.11648979592
1.99628571429
2.51724489796
0.926102040816
2.22318367347
3.42504081633
2.49367346939
2.69942857143
2.90291836735
3.57732653061
4.30242857143
2.73542857143
2.23397959184
3.8983877551
4.83436734694
1.85114285714
3.22487755102
1.54255102041
1.67187755102
3.03816326531
3.57873469388
5.10963265306
4.25744897959
2.22271428571
2.10104081633
5.342
6.04471428571
6.48457142857
4.56497959184
2.75602040816
4.44475510204
2.57063265306
1.85010204082
2.49014285714
3.328
4.91610204082
6.3682244898
4.78595918367
2.63187755102
3.48651020408
5.98344897959
5.26657142857
4.3726122449
3.68636734694
2.8446122449
2.6643877551
3.8337755102
3.6116122449
2.82830612245
1.63691836735
2.47851020408
2.64418367347
1.61691836735
1.93359183673
2.05097959184
2.35632653061
4.16042857143
6.23857142857
3.87708163265
2.6797755102
3.08818367347
5.5716122449
6.54608163265
2.4793877551
2.42485714286
2.59473469388
3.05189795918
1.90389795918
4.4757755102
5.72408163265
5.57330612245
5.87020408163
5.40855102041
4.69781632653
3.58255102041
2.666
1.96632653061
4.14218367347
3.46369387755
4.22483673469
4.76595918367
6.51981632653
6.47814285714
5.01997959184
3.57206122449
2.69046938776
3.13185714286
2.51873469388
1.9592244898
3.09042857143
4.50181632653
3.0562244898
2.66391836735
2.12889795918
1.52891836735
2.14846938776
1.57408163265
1.64285714286
2.63806122449
2.14618367347
2.22175510204
3.703
3.19669387755
3.12263265306
1.9257755102
1.9627755102
1.5463877551
1.60832653061
2.37510204082
1.76016326531
2.81187755102
1.79883673469
1.8262244898
2.9987755102
3.4157755102
3.50781632653
2.758
2.9223877551
3.88546938776
4.75173469388
3.41544897959
2.77681632653
3.56873469388
4.01606122449
3.54487755102
1.9987755102
2.72393877551
3.54875510204
3.35169387755
3.78559183673
3.58675510204
2.50375510204
3.48953061224
1.98063265306
2.42146938776
1.93136734694
3.62734693878
3.74753061224
3.84259183673
3.5472244898
2.49669387755
2.91320408163
3.36010204082
3.10004081633
1.84732653061
3.30610204082
3.33253061224
4.45881632653
4.27363265306
4.36202040816
5.0843877551
2.91044897959
1.79942857143
1.74828571429
2.44710204082
3.117
2.23016326531
2.48573469388
3.53851020408
2.43187755102
1.55579591837
1.57434693878
1.94840816327
2.33244897959
2.55424489796
3.98989795918
3.48579591837
2.12755102041
2.26212244898
1.8223877551
1.1146122449
1.65246938776
3.71481632653
2.57824489796
2.04855102041
3.47136734694
2.039
1.62236734694
1.45869387755
1.69583673469
4.15089795918
5.79220408163
4.08979591837
3.31548979592
3.10518367347
2.1912244898
2.15206122449
1.21165306122
1.61583673469
3.16728571429
4.56236734694
4.33151020408
3.40297959184
1.53597959184
2.98506122449
2.64165306122
2.88812244898
2.77195918367
2.00746938776
2.97014285714
2.8256122449
4.63246938776
4.59326530612
4.30916326531
4.45573469388
5.3237755102
3.24530612245
1.91071428571
2.66718367347
1.61910204082
1.69634693878
1.22855102041
1.10659183673
1.70179591837
1.40712244898
1.09891836735
1.54793877551
1.5683877551
1.31636734694
0.976244897959
2.32448979592
3.03244897959
2.19740816327
3.04144897959
1.44040816327
2.25840816327
2.40485714286
3.94379591837
6.37455102041
5.48802040816
3.03953061224
2.7702244898
4.60840816327
3.82304081633
4.04575510204
1.66908163265
1.90808163265
2.59612244898
2.99287755102
2.50606122449
3.09
2.33316326531
3.29295918367
3.03051020408
3.85020408163
4.72697959184
2.62379591837
2.434
4.55075510204
4.37710204082
5.93581632653
3.64081632653
3.16648979592
5.36855102041
5.86755102041
5.05675510204
4.90673469388
6.18610204082
5.85126530612
1.15242857143
1.17497959184
1.9186122449
1.72481632653
3.4533877551
2.97730612245
2.65759183673
4.43757142857
6.17851020408
6.07020408163
5.40973469388
6.72106122449
4.37824489796
3.39873469388
4.31787755102
4.87916326531
4.72730612245
4.00551020408
3.79942857143
2.33575510204
2.89332653061
3.2577755102
2.5516122449
5.25069387755
2.32410204082
5.48530612245
5.33789795918
2.9306122449
2.7442244898
3.90430612245
1.7077755102
2.96995918367
7.07185714286
7.29775510204
6.35697959184
4.85120408163
8.00975510204
7.87071428571
7.68616326531
5.00414285714
4.09140816327
4.68018367347
3.62259183673
3.12710204082
4.64967346939
4.41167346939
6.31987755102
4.77185714286
5.55606122449
4.04806122449
1.69659183673
3.64479591837
5.41459183673
5.38228571429
7.03689795918
9.45526530612
6.62234693878
9.70455102041
6.43544897959
6.19204081633
2.42744897959
2.23740816327
2.11834693878
5.27520408163
2.43112244898
2.44769387755
5.17151020408
3.33034693878
10.0980612245
6.12606122449
6.33320408163
5.5372244898
2.27408163265
4.63483673469
4.86559183673
1.79565306122
1.08767346939
1.54320408163
2.37063265306
5.18204081633
2.62116326531
1.09389795918
1.55167346939
1.59373469388
1.48230612245
2.4706122449
3.476
4.27759183673
9.17234693878
4.44065306122
5.02655102041
4.9536122449
5.78495918367
6.97636734694
3.19171428571
8.33151020408
4.767
1.85479591837
1.1227755102
1.37191836735
1.20995918367
1.36855102041
1.59957142857
3.74932653061
2.91346938776
1.50975510204
1.66128571429
1.7132244898
1.94332653061
1.23489795918
2.32304081633
3.72675510204
3.34646938776
5.00320408163
2.36083673469
2.34330612245
2.24230612245
3.08128571429
2.35216326531
2.91206122449
7.86081632653
7.60048979592
6.65789795918
3.3826122449
8.71944897959
5.098
4.56383673469
6.42616326531
3.983
2.0552244898
2.72118367347
3.397
7.21130612245
5.72926530612
5.57079591837
7.82728571429
4.92673469388
6.87442857143
4.41175510204
5.19036734694
3.60846938776
4.31987755102
4.00253061224
1.47153061224
3.25257142857
2.85195918367
2.13234693878
1.58181632653
1.82669387755
2.52759183673
1.99808163265
1.56093877551
1.4236122449
1.42151020408
1.3382244898
2.61467346939
1.53912244898
2.39140816327
3.17363265306
1.62755102041
4.5412244898
4.72904081633
2.39910204082
4.07673469388
2.80112244898
4.45844897959
4.0036122449
1.5213877551
3.01718367347
3.31897959184
5.40144897959
3.28730612245
4.10244897959
4.16455102041
5.87863265306
4.52808163265
4.29248979592
1.90742857143
3.55044897959
3.23181632653
2.98016326531
2.83673469388
2.11981632653
1.86408163265
5.03667346939
5.89779591837
2.76826530612
2.05648979592
1.54067346939
1.32742857143
1.78579591837
2.01226530612
1.66132653061
1.57816326531
2.15269387755
2.32259183673
1.71165306122
2.08253061224
2.98555102041
2.81918367347
1.54924489796
3.33595918367
3.53181632653
1.48675510204
1.4452244898
1.62357142857
1.4063877551
1.32271428571
3.01324489796
2.6657755102
4.07789795918
2.74916326531
1.81724489796
3.47644897959
4.32930612245
4.19789795918
2.9306122449
3.2052244898
1.67624489796
4.19028571429
3.8947755102
5.14244897959
3.1987755102
3.36893877551
2.81797959184
1.51497959184
2.55973469388
2.75744897959
1.78846938776
1.80308163265
1.35663265306
1.30628571429
2.29920408163
1.74544897959
7.37487755102
5.76273469388
4.13908163265
2.35612244898
3.23297959184
2.24459183673
1.46242857143
1.38779591837
1.09142857143
1.72881632653
1.96104081633
1.20369387755
1.88575510204
2.89193877551
2.04042857143
2.47263265306
2.40608163265
2.39836734694
3.60940816327
1.62971428571
2.71879591837
1.81542857143
3.04391836735
2.99002040816
2.83620408163
3.47985714286
3.82663265306
3.78936734694
4.37591836735
2.67732653061
2.52481632653
2.62226530612
2.45614285714
2.24648979592
1.70285714286
1.73755102041
1.60893877551
1.64653061224
1.82148979592
1.46083673469
1.59114285714
2.26153061224
2.25406122449
1.76230612245
0.994918367347
1.03702040816
0.966448979592
0.833367346939
2.3543877551
3.06565306122
2.28591836735
2.40959183673
5.37328571429
3.89936734694
4.10246938776
3.11089795918
2.4163877551
2.19051020408
2.77108163265
4.58326530612
2.01926530612
1.57834693878
1.05530612245
0.914775510204
1.39593877551
1.50906122449
1.68855102041
1.87112244898
1.31685714286
0.690551020408
1.47704081633
1.49628571429
1.54089795918
1.70732653061
2.02502040816
1.40481632653
3.13889795918
2.54995918367
3.02487755102
2.24518367347
1.85548979592
2.54895918367
2.86183673469
5.97159183673
3.85295918367
2.93320408163
2.56806122449
1.43159183673
2.89244897959
1.59751020408
2.06104081633
1.74934693878
2.56753061224
1.31206122449
1.7632244898
1.81069387755
5.33548979592
8.09034693878
3.2573877551
3.14397959184
6.10167346939
4.95997959184
3.338
6.77151020408
4.62614285714
3.96689795918
5.79051020408
3.95742857143
2.14293877551
1.26175510204
1.35046938776
2.3523877551
3.27971428571
6.64728571429
1.72618367347
1.59287755102
0.813428571429
2.0223877551
2.77557142857
1.93640816327
1.63748979592
3.88030612245
7.10734693878
3.62969387755
6.83916326531
3.70279591837
6.11789795918
1.54769387755
3.58406122449
4.7007755102
5.05655102041
2.25287755102
2.29108163265
2.24716326531
2.80993877551
6.43869387755
4.08436734694
4.31897959184
5.43697959184
1.87779591837
2.02363265306
3.48793877551
5.13879591837
3.81426530612
7.37034693878
5.08265306122
5.00348979592
6.28508163265
6.97885714286
6.89616326531
4.88563265306
7.89173469388
3.53373469388
3.96102040816
3.92316326531
3.63885714286
1.98867346939
3.32271428571
6.03459183673
5.50526530612
4.80944897959
4.15595918367
2.61140816327
4.68744897959
2.89302040816
1.76536734694
3.10008163265
3.62953061224
5.06987755102
2.75391836735
1.86885714286
2.12844897959
3.13591836735
3.83581632653
1.78924489796
2.58610204082
1.84169387755
1.21836734694
2.1642244898
2.52279591837
1.32893877551
1.99044897959
2.22197959184
3.34787755102
2.80148979592
5.35740816327
2.195
4.09591836735
5.07373469388
5.97146938776
5.63967346939
6.66189795918
2.44928571429
3.92226530612
4.12691836735
1.09418367347
1.0532244898
1.45410204082
0.567897959184
0.932510204082
1.27736734694
0.938387755102
1.14036734694
2.70008163265
1.41714285714
1.27730612245
3.08891836735
2.66489795918
0.794
1.29348979592
4.53481632653
7.55614285714
2.74997959184
4.67351020408
4.4162244898
6.16912244898
4.0702244898
0.953428571429
2.83479591837
2.9663877551
1.99297959184
1.09089795918
2.32142857143
2.76328571429
2.73773469388
2.29402040816
1.30340816327
1.33326530612
1.62542857143
1.19936734694
1.66616326531
1.69904081633
2.6102244898
3.9207755102
4.96702040816
6.67479591837
3.75416326531
2.85944897959
2.65612244898
2.3653877551
0.87406122449
1.19612244898
0.973285714286
2.09095918367
3.52595918367
6.68765306122
4.90548979592
9.34269387755
6.65834693878
3.13665306122
1.89093877551
4.31953061224
1.99102040816
2.12944897959
7.78273469388
6.59726530612
6.26428571429
3.98136734694
4.83436734694
5.71202040816
6.88187755102
3.43497959184
2.03163265306
1.67671428571
2.33110204082
1.35936734694
1.16834693878
2.70920408163
1.73232653061
1.03608163265
0.99893877551
1.17544897959
2.17059183673
2.84242857143
3.125
5.65879591837
2.9702244898
1.31791836735
3.38967346939
1.58344897959
2.24857142857
4.23751020408
5.27924489796
6.87591836735
7.3323877551
5.46912244898
5.68314285714
4.47757142857
2.26891836735
1.19259183673
2.20795918367
2.02481632653
3.30624489796
3.35663265306
1.72104081633
2.12210204082
1.85259183673
2.57810204082
1.92271428571
3.45128571429
2.58555102041
4.47446938776
3.60181632653
2.8177755102
3.88018367347
4.12344897959
5.62065306122
4.33597959184
5.56928571429
5.45881632653
3.06506122449
2.8257755102
4.12726530612
3.22479591837
1.66995918367
1.27973469388
1.94540816327
0.962816326531
1.31465306122
0.973632653061
1.94953061224
1.66014285714
1.96581632653
1.25285714286
2.00808163265
1.64097959184
1.16226530612
3.02430612245
3.44295918367
3.05965306122
2.22497959184
2.17930612245
2.41234693878
2.36663265306
1.78844897959
4.20383673469
2.66763265306
1.16595918367
2.23285714286
1.29693877551
1.11967346939
1.24663265306
1.79497959184
1.89208163265
1.272
2.14967346939
1.92710204082
1.97114285714
3.48197959184
4.20816326531
3.87014285714
2.96451020408
1.625
1.30816326531
2.21065306122
4.08259183673
2.57824489796
0.966081632653
2.13214285714
3.95828571429
3.80542857143
2.23881632653
2.80520408163
3.24342857143
3.36108163265
4.57712244898
3.57559183673
2.65448979592
1.90046938776
2.94816326531
3.96073469388
3.47532653061
1.7986122449
1.92085714286
0.956
1.88973469388
1.89208163265
2.22730612245
1.94151020408
2.43775510204
2.44181632653
1.54575510204
1.90969387755
2.59048979592
2.49132653061
2.44606122449
2.15289795918
1.74504081633
2.4602244898
1.71797959184
1.99242857143
3.13671428571
1.61230612245
1.65106122449
1.76191836735
2.56704081633
3.46253061224
3.38757142857
1.72728571429
3.45857142857
3.77208163265
1.76218367347
1.51302040816
1.37285714286
1.31136734694
1.69444897959
2.96126530612
3.11871428571
1.03889795918
3.66475510204
3.05689795918
3.63683673469
2.25242857143
3.0036122449
2.97051020408
4.78389795918
3.99746938776
3.73308163265
5.51993877551
3.51520408163
2.57630612245
1.51940816327
4.20244897959
3.92448979592
3.71663265306
1.44712244898
0.978530612245
2.59430612245
2.10087755102
2.28153061224
2.68824489796
2.00563265306
2.38951020408
1.52071428571
3.18718367347
2.12689795918
2.51518367347
1.42614285714
2.39181632653
1.2656122449
1.25271428571
1.28526530612
0.730510204082
0.824040816327
0.795489795918
0.831591836735
0.928489795918
2.09906122449
2.40997959184
5.75724489796
1.62234693878
1.66497959184
2.75316326531
2.40787755102
3.55679591837
3.37191836735
1.27546938776
1.60989795918
1.23126530612
1.34040816327
1.45783673469
0.945408163265
1.49936734694
2.90863265306
1.94514285714
2.70512244898
4.79863265306
4.87665306122
1.88946938776
3.06983673469
4.88779591837
3.88304081633
6.94165306122
5.55648979592
3.14834693878
2.42783673469
1.51257142857
1.93530612245
4.32467346939
3.2752244898
2.4546122449
1.24071428571
2.76206122449
1.25308163265
1.98153061224
1.02373469388
2.63818367347
2.78659183673
2.02987755102
3.70775510204
3.03336734694
2.79251020408
0.688428571429
1.05928571429
4.00869387755
4.10428571429
4.07285714286
2.64195918367
4.80020408163
4.82059183673
3.8837755102
3.29830612245
4.85985714286
3.14669387755
1.41883673469
5.24767346939
4.3717755102
5.90659183673
7.01404081633
6.43865306122
3.08887755102
4.75436734694
4.25416326531
5.69014285714
4.00753061224
3.16532653061
1.00820408163
1.76242857143
1.89302040816
4.47763265306
5.64220408163
2.02071428571
1.57226530612
2.19006122449
4.47532653061
2.04328571429
1.77106122449
4.86406122449
5.79932653061
8.44479591837
5.74006122449
2.80208163265
2.26606122449
2.59797959184
9.40291836735
9.19869387755
2.9542244898
1.29197959184
5.83604081633
7.21565306122
9.2842244898
3.837
1.27542857143
3.6617755102
3.2776122449
3.21948979592
4.71553061224
6.2242244898
1.86402040816
1.47932653061
2.42246938776
3.54781632653
3.99373469388
5.01832653061
8.3413877551
3.61644897959
6.55083673469
5.29048979592
4.91753061224
6.30097959184
4.77593877551
3.47530612245
5.00251020408
6.00408163265
7.3493877551
6.2723877551
8.18148979592
7.33904081633
9.05448979592
5.5477755102
3.178
5.61667346939
3.82214285714
1.59744897959
1.42187755102
4.3992244898
3.20420408163
6.54675510204
6.00520408163
6.60591836735
5.8696122449
7.00297959184
10.8429183673
7.19528571429
3.95373469388
2.19936734694
6.05930612245
2.70410204082
2.30304081633
1.62106122449
2.34516326531
2.11614285714
2.77551020408
3.05718367347
2.74312244898
3.1923877551
3.31810204082
2.42165306122
2.51785714286
1.72487755102
1.59532653061
2.48242857143
2.16771428571
1.26902040816
1.94991836735
1.8842244898
2.02771428571
3.20751020408
2.91987755102
4.40910204082
1.31763265306
1.98153061224
2.39185714286
2.08297959184
3.74989795918
5.29583673469
5.4427755102
3.82416326531
3.33818367347
3.72806122449
5.41310204082
3.20083673469
2.92051020408
3.56402040816
2.13487755102
2.13789795918
2.65046938776
2.88585714286
3.45471428571
2.63618367347
5.19769387755
8.73824489796
7.4013877551
7.08297959184
4.49726530612
4.16824489796
3.54467346939
2.09091836735
3.51116326531
6.33408163265
3.71042857143
1.9962244898
3.09604081633
3.18771428571
1.77736734694
4.36681632653
7.66287755102
4.99744897959
1.99816326531
2.69969387755
2.2192244898
3.52565306122
3.52
2.90493877551
3.07034693878
2.95397959184
2.7122244898
4.14673469388
2.85175510204
2.23724489796
3.563
2.62716326531
2.37467346939
2.10395918367
1.22989795918
1.67151020408
2.33844897959
4.73644897959
3.69065306122
3.08697959184
1.64624489796
2.52681632653
5.15285714286
4.85387755102
3.81716326531
1.86806122449
3.696
2.26783673469
2.40397959184
2.77455102041
2.07167346939
4.74720408163
5.92232653061
3.12844897959
2.4202244898
2.28432653061
3.29073469388
2.43373469388
3.92742857143
2.31814285714
2.8122244898
3.16065306122
1.98073469388
1.81918367347
2.13548979592
1.94251020408
2.5766122449
1.82308163265
2.52797959184
3.83308163265
2.28065306122
1.81251020408
2.58804081633
3.79873469388
1.74385714286
1.83704081633
1.53310204082
3.28897959184
3.46373469388
1.87581632653
2.01469387755
1.87334693878
1.50753061224
1.45679591837
2.07283673469
1.77589795918
2.22632653061
2.55040816327
2.04585714286
1.58875510204
3.47455102041
2.67787755102
2.93334693878
3.40718367347
1.5456122449
1.51644897959
1.5146122449
1.56424489796
2.40769387755
3.4357755102
3.55730612245
4.48930612245
2.09620408163
1.59369387755
1.0006122449
1.4777755102
2.449
1.666
1.29295918367
1.58814285714
1.35946938776
2.12034693878
1.78755102041
2.33024489796
3.08618367347
2.52530612245
2.0283877551
2.48859183673
1.8576122449
2.75181632653
1.57489795918
3.23544897959
2.43426530612
1.59428571429
1.58479591837
1.89371428571
1.86071428571
2.75795918367
1.82146938776
2.67097959184
2.74248979592
2.95236734694
2.06767346939
4.56412244898
3.01448979592
2.41628571429
2.8727755102
3.19520408163
2.06206122449
1.492
2.13155102041
2.26351020408
1.45593877551
1.31934693878
2.28240816327
4.10363265306
1.37163265306
1.73951020408
2.48532653061
1.41606122449
1.21355102041
2.01348979592
2.09804081633
1.69291836735
0.958387755102
1.40116326531
3.19316326531
3.70591836735
2.77763265306
1.93371428571
2.72365306122
3.0673877551
1.77644897959
1.85614285714
2.92216326531
3.20659183673
6.27228571429
4.90618367347
5.20608163265
3.28104081633
3.22591836735
2.522
3.40965306122
4.43089795918
5.63891836735
5.5592244898
4.14483673469
4.24481632653
4.35024489796
5.7362244898
4.35989795918
4.27144897959
3.64724489796
2.16555102041
2.56481632653
4.61702040816
0.845816326531
2.62679591837
2.57487755102
0.88912244898
1.0453877551
1.79267346939
2.32942857143
2.16391836735
3.83387755102
1.99581632653
3.52373469388
3.30220408163
4.00310204082
4.46471428571
4.02455102041
4.8303877551
5.23187755102
4.1926122449
4.69126530612
5.13351020408
2.8396122449
3.11014285714
5.04797959184
7.74685714286
5.78226530612
5.23265306122
4.68153061224
3.01718367347
1.35771428571
0.606693877551
0.946979591837
1.3886122449
1.31444897959
2.855
2.2503877551
2.37255102041
1.62869387755
1.47106122449
4.35612244898
3.96679591837
2.19042857143
2.46597959184
2.18102040816
1.10014285714
0.694897959184
1.11575510204
0.893693877551
0.507510204082
0.540693877551
1.27071428571
2.83189795918
3.33532653061
1.40718367347
3.47671428571
2.61210204082
1.10044897959
1.04379591837
2.42797959184
3.32869387755
3.33106122449
2.21508163265
3.40148979592
2.53842857143
4.05342857143
7.38951020408
10.0761836735
4.64095918367
3.14026530612
3.87963265306
1.42973469388
0.929775510204
0.712020408163
0.914551020408
1.50453061224
2.36083673469
2.33475510204
3.8862244898
6.46316326531
3.58742857143
1.99375510204
1.14024489796
1.20018367347
2.50842857143
1.87191836735
1.43451020408
1.38265306122
1.81634693878
2.02957142857
3.18083673469
1.55124489796
4.30344897959
5.04255102041
2.93493877551
5.85883673469
5.98604081633
5.05304081633
6.30332653061
3.62340816327
4.5646122449
5.71857142857
5.80926530612
7.18987755102
9.21946938776
5.75667346939
4.00048979592
3.95475510204
5.17430612245
5.95455102041
3.30987755102
2.0157755102
8.08842857143
5.10589795918
9.5993877551
7.01820408163
7.32795918367
6.9137755102
8.30128571429
5.2186122449
1.56632653061
0.997612244898
2.47408163265
5.38142857143
4.23257142857
6.58028571429
3.3752244898
1.94651020408
2.19753061224
1.72012244898
3.89955102041
3.08853061224
3.52040816327
2.56865306122
4.02342857143
5.76808163265
4.09634693878
4.54708163265
6.217
5.85889795918
4.88942857143
4.87408163265
1.55463265306
2.966
3.39704081633
2.41002040816
2.1047755102
1.85189795918
2.18542857143
0.823346938776
2.63073469388
4.69230612245
2.53457142857
2.41710204082
1.95010204082
1.44432653061
3.09320408163
4.21118367347
3.27808163265
2.18434693878
1.47312244898
0.925326530612
0.617326530612
3.62063265306
3.0316122449
1.33793877551
1.78916326531
1.58028571429
2.92455102041
3.18432653061
2.03693877551
1.72432653061
0.902265306122
1.95797959184
2.68734693878
2.19728571429
2.82597959184
2.8986122449
5.09997959184
4.54667346939
4.24797959184
2.67567346939
1.84355102041
2.0837755102
1.50655102041
3.58069387755
1.56457142857
3.46428571429
4.50989795918
5.28169387755
4.61634693878
1.94275510204
1.79083673469
2.66089795918
3.02971428571
2.29346938776
0.777571428571
1.06940816327
1.0807755102
2.09246938776
1.23885714286
1.05432653061
3.00969387755
1.49424489796
1.51395918367
1.07518367347
2.11263265306
3.40132653061
2.21663265306
1.60285714286
1.06942857143
1.14783673469
1.18636734694
1.07589795918
1.53706122449
2.91306122449
2.94108163265
1.54787755102
3.41897959184
2.82208163265
4.03863265306
3.70442857143
3.61532653061
2.4212244898
2.55316326531
1.34769387755
1.61987755102
2.66359183673
1.92755102041
3.16410204082
2.73983673469
1.86132653061
2.20946938776
4.39689795918
4.8426122449
2.52667346939
1.86314285714
1.69869387755
1.98612244898
3.446
2.03612244898
2.35004081633
3.43636734694
3.28842857143
4.22924489796
1.83420408163
1.94646938776
2.34526530612
1.67918367347
1.76534693878
2.80267346939
2.5706122449
4.66365306122
1.78642857143
3.06953061224
2.53032653061
4.58175510204
2.37346938776
1.83718367347
2.97230612245
3.55273469388
2.79281632653
3.20202040816
2.15114285714
2.60779591837
1.53185714286
3.43871428571
3.77704081633
3.02348979592
2.01089795918
1.18983673469
1.68157142857
1.24971428571
1.59693877551
2.3913877551
3.85710204082
5.50171428571
3.37818367347
4.37875510204
3.29957142857
3.50569387755
1.86393877551
2.5177755102
3.42259183673
1.79053061224
1.52304081633
3.20944897959
2.78206122449
2.9992244898
2.34714285714
1.4236122449
2.25053061224
1.72818367347
1.76973469388
1.92706122449
3.84528571429
3.79275510204
4.06583673469
2.53895918367
3.13304081633
2.90975510204
2.43834693878
2.38957142857
1.98753061224
1.87408163265
1.68055102041
1.87195918367
1.57528571429
1.75502040816
2.91926530612
2.89828571429
2.4692244898
2.45418367347
2.50655102041
2.53530612245
1.88155102041
2.05659183673
2.71571428571
2.06130612245
2.64644897959
2.01671428571
1.4506122449
3.28706122449
3.20410204082
3.80534693878
2.27614285714
1.76724489796
1.33297959184
1.26032653061
1.79175510204
1.37102040816
1.0853877551
1.10665306122
0.817836734694
0.95393877551
0.929836734694
1.98604081633
1.47310204082
1.43169387755
1.8487755102
2.06493877551
1.05012244898
0.992163265306
2.0817755102
3.20495918367
3.882
4.73716326531
2.90183673469
4.57918367347
5.91479591837
2.38681632653
1.98167346939
3.76491836735
3.7347755102
5.23851020408
6.42828571429
4.8997755102
4.18375510204
1.70940816327
1.62012244898
1.57816326531
3.05834693878
1.54797959184
2.27916326531
2.631
3.03373469388
3.57302040816
3.36667346939
2.54230612245
2.41026530612
3.459
4.24071428571
2.56516326531
1.28504081633
0.938816326531
2.64248979592
2.91030612245
3.15744897959
2.06281632653
2.15759183673
2.18463265306
3.77167346939
4.19404081633
4.46785714286
3.93569387755
1.175
2.29379591837
2.34575510204
1.57314285714
2.94644897959
3.00153061224
0.915
2.5387755102
5.93420408163
5.276
8.08385714286
4.55973469388
6.13469387755
5.51704081633
2.12579591837
4.137
4.14865306122
1.20402040816
0.771183673469
2.33189795918
1.21487755102
1.79393877551
1.01675510204
1.93171428571
3.74720408163
1.98791836735
2.47963265306
1.71236734694
1.3437755102
1.35728571429
2.46885714286
2.30842857143
3.05830612245
3.30359183673
2.97763265306
2.83
2.53030612245
5.00889795918
3.06463265306
2.82079591837
2.29655102041
3.07220408163
4.31134693878
6.88420408163
9.21853061224
9.70971428571
4.6242244898
2.56173469388
3.28951020408
3.77644897959
2.04228571429
1.33732653061
2.04928571429
1.87142857143
1.39595918367
2.87459183673
3.62218367347
4.36524489796
2.48342857143
3.45844897959
3.95265306122
4.28467346939
2.77104081633
1.697
3.87518367347
2.38351020408
1.93144897959
2.09155102041
2.13287755102
3.84026530612
4.91502040816
5.96651020408
6.07344897959
2.76318367347
2.97216326531
3.99083673469
1.75879591837
2.47844897959
1.2027755102
1.87434693878
0.733387755102
1.93614285714
3.38
3.98434693878
2.2267755102
1.67193877551
2.03936734694
2.30720408163
1.87042857143
2.13330612245
1.28110204082
4.28614285714
1.65955102041
1.34616326531
2.95159183673
2.35495918367
2.87504081633
3.99034693878
2.1372244898
1.08532653061
0.696448979592
0.739673469388
1.39506122449
2.2582244898
4.53444897959
2.82742857143
4.1317755102
5.75240816327
4.42591836735
2.82351020408
2.81326530612
3.95673469388
4.3907755102
6.64106122449
5.82055102041
7.5516122449
3.4717755102
1.20263265306
0.903346938776
2.19385714286
1.86655102041
5.00216326531
5.52685714286
3.75234693878
4.52124489796
3.40604081633
1.7443877551
1.09763265306
2.28167346939
1.41267346939
2.51544897959
2.26808163265
1.46179591837
1.55991836735
2.44397959184
1.62383673469
2.79916326531
2.93497959184
1.0576122449
1.16697959184
0.872918367347
1.00969387755
1.61336734694
1.98595918367
2.68902040816
2.94014285714
1.4322244898
1.70679591837
0.98806122449
0.981204081633
1.69446938776
1.88265306122
1.43173469388
2.68510204082
1.08193877551
2.32289795918
3.37916326531
1.81736734694
1.99795918367
4.61857142857
2.59004081633
3.21465306122
2.93708163265
1.49804081633
2.41885714286
2.17965306122
3.48026530612
6.60440816327
5.02191836735
5.73510204082
6.54304081633
6.11163265306
5.53120408163
3.81720408163
5.26712244898
3.34442857143
3.35957142857
2.19587755102
3.23406122449
4.61389795918
5.70032653061
3.05095918367
2.3543877551
3.90218367347
6.91085714286
4.90985714286
6.04971428571
4.07714285714
2.27832653061
1.04967346939
1.7987755102
1.73004081633
2.78816326531
3.53293877551
2.53410204082
3.92114285714
3.39734693878
3.41669387755
2.35359183673
4.97067346939
5.3146122449
5.50183673469
5.72024489796
5.22887755102
5.36334693878
2.8453877551
1.76175510204
1.73957142857
4.5362244898
6.65991836735
4.74995918367
2.24651020408
1.62887755102
2.8476122449
4.50008163265
2.92055102041
3.35187755102
1.37879591837
1.97089795918
2.69510204082
2.96730612245
2.64053061224
2.2607755102
1.65412244898
1.8842244898
2.50440816327
1.82142857143
1.56285714286
1.79302040816
1.72212244898
2.10018367347
2.93153061224
2.85128571429
2.0517755102
1.8932244898
2.78585714286
2.38106122449
1.87036734694
2.20034693878
2.32202040816
3.86306122449
3.18724489796
4.5107755102
3.61567346939
3.54381632653
4.78924489796
5.09387755102
2.32926530612
4.36936734694
1.84885714286
2.672
1.83791836735
2.18465306122
2.20826530612
2.1077755102
2.00004081633
2.03812244898
2.21883673469
2.53812244898
2.65108163265
4.1407755102
2.32571428571
3.04126530612
2.8053877551
1.70920408163
1.99859183673
1.46467346939
3.56573469388
3.13426530612
1.92395918367
2.24220408163
1.75046938776
1.81189795918
1.63671428571
0.87793877551
1.51346938776
0.998530612245
2.535
2.87391836735
2.28906122449
1.73879591837
2.27591836735
3.41212244898
3.14257142857
3.01671428571
3.73412244898
3.38036734694
1.23726530612
1.05146938776
2.16367346939
3.26995918367
2.15583673469
3.75379591837
5.02440816327
3.34642857143
1.99053061224
3.05291836735
3.98746938776
3.59620408163
6.04253061224
1.60267346939
2.03916326531
2.65208163265
1.66789795918
3.56242857143
2.73508163265
2.02167346939
1.63295918367
2.29514285714
1.92287755102
1.31848979592
1.87767346939
1.9542244898
2.0362244898
3.11512244898
2.82614285714
2.37293877551
2.56093877551
3.5202244898
3.38636734694
2.20830612245
1.63269387755
0.856857142857
1.17434693878
1.22283673469
2.56334693878
3.13206122449
3.08363265306
3.43179591837
3.58293877551
4.06244897959
4.28385714286
3.69575510204
2.20293877551
2.96181632653
1.67175510204
1.67948979592
1.0692244898
2.11673469388
1.88665306122
2.97848979592
3.44136734694
4.77071428571
1.43206122449
3.2743877551
1.86902040816
2.83095918367
3.56191836735
1.26573469388
1.65114285714
1.44842857143
0.959714285714
0.720775510204
1.52493877551
1.18830612245
1.43091836735
1.82059183673
2.461
3.39879591837
2.68240816327
1.24051020408
1.03891836735
2.48895918367
3.17428571429
4.0946122449
3.32830612245
3.1347755102
2.69636734694
2.19685714286
2.51753061224
2.65151020408
1.43032653061
0.891040816327
0.833244897959
2.00230612245
1.88259183673
2.5837755102
3.55320408163
4.70344897959
4.64612244898
4.56520408163
2.53389795918
1.15797959184
1.6513877551
2.70093877551
2.23253061224
2.40820408163
2.68714285714
4.366
2.30851020408
1.86281632653
5.79373469388
5.13536734694
4.94326530612
3.0966122449
5.84826530612
6.46083673469
4.78034693878
2.16546938776
0.915183673469
0.638653061224
0.910673469388
1.37667346939
2.91046938776
6.37397959184
6.05114285714
4.45906122449
2.86012244898
1.33246938776
1.07057142857
1.82569387755
0.932428571429
1.51971428571
3.87606122449
3.75775510204
2.61124489796
1.29787755102
2.41155102041
3.87197959184
4.11644897959
3.54695918367
4.45873469388
6.52302040816
5.32206122449
1.50814285714
2.21357142857
2.63634693878
2.3177755102
1.27206122449
3.33724489796
3.51683673469
3.92404081633
3.98697959184
4.18165306122
4.28857142857
4.33667346939
4.12212244898
4.59455102041
3.08136734694
2.42340816327
3.64569387755
4.27457142857
4.85516326531
3.72912244898
2.96385714286
2.15926530612
1.30928571429
1.2642244898
2.83046938776
3.3686122449
3.73124489796
2.40532653061
3.90812244898
2.98716326531
0.929183673469
2.38671428571
2.12365306122
3.40193877551
3.30079591837
4.40346938776
4.73334693878
5.79618367347
5.12612244898
3.06724489796
3.06575510204
4.67502040816
6.34834693878
5.85555102041
6.31457142857
6.38024489796
5.55875510204
3.73528571429
3.38602040816
2.05393877551
3.35289795918
3.98783673469
3.04489795918
4.76024489796
6.44883673469
6.50581632653
4.55787755102
5.41042857143
5.09208163265
3.49593877551
4.0742244898
3.60683673469
2.40565306122
3.82540816327
4.41487755102
4.39434693878
4.69597959184
4.38451020408
4.45246938776
4.11612244898
3.75193877551
5.88697959184
3.14789795918
2.84046938776
2.02142857143
1.06179591837
1.03067346939
2.70869387755
1.58479591837
3.35706122449
4.16704081633
4.21044897959
5.93479591837
5.14442857143
3.98079591837
2.78520408163
3.9336122449
4.59169387755
2.23908163265
1.85324489796
2.78253061224
1.87767346939
1.40604081633
1.61459183673
2.40687755102
1.51883673469
0.485673469388
2.85928571429
2.40716326531
1.59520408163
1.72520408163
1.60230612245
2.526
2.93863265306
3.51348979592
5.77385714286
5.16708163265
6.19175510204
4.26089795918
5.94789795918
5.96785714286
5.17030612245
5.53463265306
4.91634693878
5.89369387755
2.15155102041
2.33210204082
1.87142857143
1.55136734694
3.06667346939
4.97751020408
4.41951020408
5.42059183673
5.65173469388
4.23995918367
1.85587755102
1.98671428571
3.0627755102
3.55602040816
2.66314285714
2.82948979592
2.06965306122
1.77614285714
3.85332653061
3.86087755102
3.91975510204
2.66426530612
2.00659183673
1.87334693878
3.47302040816
2.48369387755
3.00604081633
3.85967346939
3.63546938776
3.29502040816
3.66004081633
2.55865306122
2.69620408163
2.61518367347
2.18683673469
2.63659183673
3.31104081633
3.09534693878
3.38830612245
3.82044897959
2.97093877551
2.95414285714
2.09602040816
3.30975510204
2.12951020408
2.47283673469
2.29073469388
1.35151020408
3.05087755102
2.72997959184
2.98157142857
2.13991836735
2.68328571429
2.73191836735
2.45020408163
2.44614285714
2.01879591837
2.15089795918
3.60112244898
1.73771428571
1.6842244898
1.38212244898
3.35814285714
3.10740816327
2.76018367347
5.39934693878
4.81681632653
2.54820408163
2.02320408163
3.05234693878
2.03771428571
3.13979591837
3.45012244898
4.59763265306
5.30695918367
3.472
1.98897959184
1.74906122449
3.04412244898
3.63991836735
3.26079591837
2.18675510204
3.7876122449
2.48591836735
1.90924489796
2.23569387755
1.61697959184
2.14853061224
3.40955102041
2.60981632653
1.17946938776
0.941959183673
2.38573469388
2.14167346939
3.00006122449
2.60583673469
2.51091836735
2.11881632653
2.68579591837
2.66304081633
2.703
2.07553061224
2.3083877551
2.41873469388
1.49104081633
1.29412244898
1.95808163265
3.39626530612
2.29346938776
1.5353877551
1.53587755102
2.35563265306
3.04930612245
4.31091836735
3.68297959184
2.97346938776
1.65963265306
1.38930612245
3.46493877551
1.7672244898
3.33536734694
2.11014285714
2.78271428571
2.88863265306
2.25914285714
3.0707755102
2.00732653061
2.95563265306
2.37351020408
1.14471428571
1.53632653061
1.60448979592
1.61110204082
1.22230612245
1.6892244898
2.40887755102
2.85483673469
1.94881632653
1.87646938776
2.1527755102
3.02410204082
1.5447755102
2.12518367347
3.04991836735
1.64067346939
1.68159183673
4.38906122449
5.93916326531
2.8473877551
3.13308163265
4.07710204082
2.53995918367
3.14406122449
4.19718367347
4.31806122449
2.96848979592
2.18646938776
2.66136734694
2.73808163265
2.77202040816
1.89328571429
1.16093877551
1.18920408163
1.82530612245
2.6853877551
4.76426530612
3.81312244898
3.23630612245
4.25942857143
2.5882244898
1.30616326531
1.17285714286
2.42885714286
2.69167346939
2.12320408163
2.5756122449
3.07371428571
1.77226530612
0.732387755102
0.826448979592
1.74169387755
1.84604081633
2.19208163265
2.33932653061
1.40171428571
1.16093877551
1.10420408163
2.32242857143
2.2762244898
2.04034693878
1.79267346939
2.17648979592
1.71875510204
3.26242857143
1.46573469388
1.46153061224
1.0116122449
1.74365306122
2.50226530612
3.03410204082
4.43318367347
6.44416326531
5.91681632653
4.72504081633
4.55669387755
3.63773469388
4.7166122449
3.994
2.75363265306
4.69595918367
3.06073469388
2.1786122449
4.30879591837
4.17075510204
3.59773469388
1.11514285714
2.33844897959
4.00230612245
3.75228571429
3.42540816327
4.45442857143
3.10473469388
4.23979591837
3.72255102041
2.08616326531
2.11475510204
2.56355102041
2.75236734694
2.23608163265
2.46087755102
5.28110204082
6.31597959184
4.65532653061
2.8456122449
3.98142857143
4.07014285714
5.68626530612
5.00595918367
4.68071428571
2.59630612245
1.29730612245
1.1636122449
2.35367346939
4.53132653061
3.68195918367
4.28520408163
4.5937755102
4.79742857143
3.45463265306
2.23304081633
2.57436734694
2.2353877551
1.78448979592
1.73187755102
2.674
3.96846938776
2.29726530612
3.72502040816
5.92673469388
4.54134693878
5.61530612245
7.58614285714
3.94030612245
3.98289795918
3.09220408163
2.5493877551
2.03159183673
3.91018367347
3.21273469388
3.55795918367
4.52981632653
6.43204081633
5.50693877551
5.74024489796
2.94453061224
4.72518367347
2.44091836735
3.15865306122
5.50367346939
3.72571428571
2.58891836735
3.10418367347
3.4077755102
4.77408163265
3.38381632653
2.82948979592
3.01330612245
7.06359183673
8.17914285714
4.87687755102
3.24410204082
3.71404081633
2.7822244898
2.0196122449
1.80630612245
1.88516326531
3.10232653061
2.14197959184
3.32067346939
3.71297959184
1.66097959184
3.15597959184
3.24397959184
1.49924489796
1.23263265306
1.6713877551
1.95246938776
2.07920408163
1.41544897959
2.03067346939
5.50814285714
4.00497959184
3.46863265306
2.15530612245
3.25540816327
1.90406122449
1.44653061224
1.94673469388
2.36255102041
3.42891836735
1.99965306122
1.68418367347
2.80732653061
3.29667346939
6.65883673469
4.04797959184
1.80026530612
2.68326530612
2.2906122449
2.87571428571
1.70595918367
3.60573469388
2.28108163265
2.43283673469
4.20081632653
3.62636734694
1.17
0.935102040816
1.77946938776
2.88897959184
3.84218367347
4.8852244898
4.11193877551
4.49646938776
3.5946122449
3.26244897959
3.46042857143
3.1633877551
4.0657755102
3.6602244898
5.02653061224
3.49734693878
3.25155102041
3.66493877551
3.14346938776
3.66083673469
3.4602244898
2.75493877551
3.32289795918
6.56381632653
6.52995918367
3.37667346939
2.29342857143
1.56632653061
1.80073469388
2.4756122449
4.93359183673
4.23232653061
3.35442857143
2.79855102041
2.88832653061
2.95567346939
1.24020408163
2.28079591837
3.64097959184
2.5136122449
1.3323877551
1.36604081633
1.61755102041
1.6392244898
1.57269387755
1.25885714286
1.61934693878
4.05620408163
3.44242857143
2.01993877551
1.46340816327
1.25793877551
1.6573877551
2.75710204082
3.41353061224
2.55693877551
2.50653061224
2.09730612245
2.14953061224
2.64044897959
2.63257142857
3.86369387755
4.48340816327
4.4586122449
3.00379591837
2.50724489796
2.35169387755
3.41020408163
3.62332653061
5.43202040816
2.79197959184
4.298
4.30412244898
3.06257142857
1.88114285714
1.76955102041
2.3387755102
3.64075510204
2.55285714286
1.68536734694
1.61110204082
2.02557142857
2.05097959184
1.40891836735
3.01044897959
2.75112244898
2.17851020408
2.07195918367
1.81279591837
2.62793877551
1.89095918367
2.60655102041
2.85775510204
2.82304081633
4.11869387755
4.43240816327
6.04436734694
3.21051020408
2.58395918367
3.0493877551
1.36010204082
1.9207755102
2.33008163265
3.20093877551
2.94083673469
3.10006122449
2.96551020408
2.58530612245
1.57651020408
2.00830612245
2.18328571429
2.90265306122
2.43808163265
2.3342244898
2.365
3.10242857143
1.84734693878
1.63630612245
1.96402040816
2.24553061224
2.88426530612
3.27828571429
3.28865306122
3.23432653061
2.74989795918
1.88410204082
1.76751020408
2.74253061224
2.19530612245
3.17242857143
2.9817755102
1.89810204082
2.67206122449
2.85740816327
1.8123877551
4.06195918367
2.66887755102
2.68546938776
3.04846938776
2.98326530612
1.72644897959
2.07502040816
2.25336734694
2.6143877551
3.04281632653
4.5832244898
2.94604081633
2.60148979592
2.12412244898
3.27142857143
4.35481632653
2.83840816327
2.69912244898
2.80357142857
3.35955102041
2.54889795918
2.68875510204
3.06816326531
1.98957142857
2.66485714286
1.07624489796
1.38626530612
1.96840816327
2.55089795918
2.99404081633
1.70744897959
1.64708163265
1.53087755102
2.08536734694
1.11071428571
1.79542857143
1.97728571429
2.1012244898
2.46342857143
4.25806122449
5.50869387755
3.63102040816
3.20273469388
2.45565306122
1.40683673469
2.10110204082
2.20379591837
1.76671428571
0.722040816327
1.38130612245
2.0817755102
3.04620408163
3.83924489796
2.05830612245
2.13051020408
3.4666122449
3.14644897959
5.09148979592
3.84008163265
4.05185714286
2.27383673469
1.036
1.90020408163
1.78895918367
1.23979591837
3.08597959184
2.25087755102
2.2657755102
2.70997959184
3.39514285714
2.73508163265
1.56512244898
2.6192244898
1.79697959184
1.51818367347
3.27112244898
3.74685714286
4.07314285714
3.2953877551
2.26185714286
2.51051020408
4.26775510204
4.90687755102
7.33793877551
4.61951020408
3.09302040816
2.5282244898
3.32587755102
3.64732653061
3.4752244898
5.91006122449
4.10040816327
1.93959183673
1.62936734694
2.94663265306
2.75291836735
2.20320408163
0.931224489796
2.84253061224
1.81773469388
1.3043877551
3.82691836735
3.70695918367
1.97757142857
1.47108163265
1.13157142857
1.64504081633
2.21516326531
2.59395918367
2.53120408163
1.98032653061
1.23987755102
1.35953061224
1.60536734694
2.44793877551
1.90424489796
2.1012244898
3.93012244898
6.59902040816
5.11804081633
4.26687755102
4.41381632653
5.15946938776
4.4373877551
2.7817755102
4.45942857143
4.15971428571
2.89697959184
2.56216326531
2.51404081633
5.7502244898
3.85473469388
1.78285714286
1.17075510204
1.33116326531
0.767857142857
2.34308163265
4.43432653061
5.21481632653
4.35246938776
2.65383673469
1.68757142857
2.19959183673
2.96863265306
1.50671428571
1.92073469388
2.8632244898
2.83744897959
1.14363265306
2.75791836735
1.74834693878
2.62114285714
3.18393877551
3.19987755102
4.53655102041
3.40293877551
3.454
2.86406122449
2.6202244898
1.51208163265
2.14595918367
3.06028571429
3.38671428571
4.38746938776
4.22293877551
4.81055102041
3.77973469388
2.81844897959
5.02379591837
8.18016326531
7.11104081633
6.75567346939
4.94306122449
5.49012244898
5.59826530612
2.37730612245
3.0446122449
2.82951020408
2.99759183673
2.18891836735
2.76148979592
1.95532653061
2.99028571429
2.34163265306
1.99606122449
1.93502040816
2.61914285714
3.24283673469
2.40673469388
4.04567346939
3.85434693878
4.10387755102
4.59444897959
5.59785714286
2.73981632653
2.71414285714
4.11475510204
3.30640816327
3.53512244898
5.80551020408
7.05610204082
5.66304081633
5.78779591837
4.38446938776
5.14910204082
2.85304081633
5.5903877551
5.95951020408
7.28463265306
5.35202040816
2.60581632653
2.34406122449
2.82334693878
2.70706122449
3.16812244898
4.41240816327
3.14744897959
4.61146938776
2.66151020408
2.40726530612
2.84487755102
4.0213877551
3.90173469388
4.70608163265
4.12883673469
4.73365306122
4.43851020408
4.75914285714
3.8612244898
2.94373469388
4.70391836735
3.44748979592
2.9726122449
4.2852244898
4.42726530612
4.03497959184
1.83508163265
3.18932653061
3.70671428571
4.2013877551
2.4193877551
1.38387755102
4.07748979592
5.22430612245
4.00912244898
2.40497959184
3.27310204082
3.46353061224
1.76893877551
2.97981632653
3.22108163265
4.37936734694
4.14910204082
3.82883673469
4.43689795918
3.03744897959
3.53620408163
2.4867755102
3.1786122449
2.89010204082
1.69673469388
1.9032244898
4.91202040816
4.76591836735
5.5423877551
3.80036734694
2.34336734694
2.15340816327
2.9152244898
2.46308163265
2.07857142857
4.24273469388
1.68791836735
2.77865306122
2.8673877551
2.10981632653
1.74767346939
2.04334693878
2.84604081633
3.09653061224
2.8836122449
4.38710204082
2.84751020408
2.85951020408
2.98363265306
3.78257142857
2.37657142857
1.6542244898
1.29136734694
2.06448979592
2.99671428571
3.67732653061
3.79440816327
2.05457142857
2.80628571429
4.68106122449
5.15975510204
2.84320408163
3.69685714286
5.03618367347
5.92512244898
5.77940816327
5.41510204082
5.03918367347
2.5547755102
2.18644897959
2.52216326531
2.46497959184
3.18785714286
2.11989795918
2.19167346939
3.2996122449
1.89251020408
2.00210204082
3.15653061224
3.03097959184
2.31040816327
3.68167346939
3.66659183673
4.03267346939
2.91579591837
2.98108163265
3.53975510204
2.60306122449
2.12087755102
3.56759183673
1.67232653061
1.79044897959
1.19936734694
1.10383673469
2.92840816327
4.44830612245
2.42497959184
1.91755102041
2.12320408163
2.84667346939
2.79585714286
2.41724489796
2.91220408163
2.05940816327
1.77826530612
2.61365306122
2.30212244898
2.00106122449
1.34942857143
1.59706122449
1.37528571429
1.14991836735
2.08481632653
2.57757142857
3.61030612245
3.76371428571
4.81426530612
4.26140816327
4.65273469388
3.58253061224
3.13763265306
2.75326530612
3.12181632653
2.33081632653
3.03455102041
1.47079591837
2.34524489796
3.81179591837
3.42567346939
4.11340816327
3.71781632653
2.95408163265
1.96581632653
1.90865306122
1.87591836735
3.65093877551
3.09844897959
3.19493877551
3.06679591837
2.85567346939
2.00924489796
2.12648979592
3.0383877551
2.97510204082
2.11220408163
1.22112244898
1.61010204082
2.45232653061
1.44563265306
2.42408163265
1.26895918367
1.27285714286
1.68097959184
1.86285714286
1.13740816327
2.333
3.15291836735
3.04428571429
2.03028571429
2.65563265306
1.99524489796
1.47614285714
1.32855102041
3.25414285714
3.93779591837
4.19165306122
2.74314285714
2.04042857143
3.23781632653
3.47969387755
3.79412244898
2.1393877551
3.47783673469
2.57071428571
2.32773469388
2.47759183673
3.47769387755
3.9672244898
3.82169387755
2.46130612245
2.50648979592
2.02081632653
1.94467346939
2.63028571429
1.34281632653
1.30832653061
2.3372244898
3.62806122449
3.99346938776
2.2962244898
2.50020408163
2.10316326531
2.49612244898
2.90769387755
1.81651020408
1.1312244898
1.23063265306
2.1386122449
5.00495918367
6.55481632653
4.29712244898
4.7562244898
3.8327755102
4.9
3.58573469388
1.71628571429
3.033
2.97046938776
1.66495918367
1.55495918367
3.22334693878
5.89687755102
6.26369387755
6.77689795918
6.94044897959
4.20853061224
2.98418367347
1.4102244898
1.80857142857
2.87716326531
2.36818367347
3.26620408163
2.23195918367
1.99479591837
3.42926530612
2.33389795918
1.37889795918
0.850285714286
1.44818367347
1.92110204082
1.72024489796
3.23379591837
3.61646938776
2.5853877551
2.72759183673
1.43206122449
2.37824489796
2.71248979592
2.87757142857
2.1573877551
3.84348979592
2.41536734694
1.30687755102
1.34406122449
3.09918367347
2.43173469388
1.93669387755
2.32687755102
2.30057142857
3.66930612245
3.76267346939
3.55759183673
1.49663265306
2.60646938776
3.85197959184
2.45993877551
2.52379591837
4.41979591837
2.81904081633
2.94924489796
2.84716326531
2.91687755102
1.64724489796
1.9553877551
4.17944897959
4.81065306122
2.58985714286
3.10502040816
3.99179591837
2.03295918367
4.88536734694
4.88079591837
3.99953061224
4.1402244898
2.64381632653
2.57183673469
3.26520408163
3.54555102041
4.35102040816
2.86132653061
4.17785714286
1.89514285714
1.71628571429
3.08875510204
3.87040816327
5.28459183673
3.26604081633
3.9047755102
4.11648979592
5.20771428571
5.43073469388
2.18271428571
2.61655102041
3.59055102041
1.80712244898
1.78073469388
2.52706122449
2.34530612245
1.75920408163
1.69536734694
2.74846938776
3.96555102041
3.56073469388
2.47402040816
2.59755102041
2.74002040816
3.5497755102
4.09330612245
2.03087755102
4.44463265306
3.47593877551
3.84183673469
4.41636734694
2.93344897959
3.54855102041
1.75114285714
1.64344897959
2.90959183673
4.13718367347
1.86512244898
2.34473469388
2.29157142857
2.93932653061
1.67391836735
2.06616326531
3.25671428571
2.76726530612
3.39871428571
2.23906122449
2.77265306122
2.72540816327
3.45959183673
3.94324489796
4.37987755102
4.1306122449
2.80808163265
1.59416326531
1.7547755102
3.28895918367
3.104
4.006
3.74169387755
4.79293877551
5.33610204082
3.34002040816
2.27342857143
4.83451020408
4.93632653061
3.90226530612
1.16067346939
2.43524489796
3.1112244898
2.00379591837
4.95910204082
5.82018367347
5.27340816327
4.14808163265
6.34236734694
4.45936734694
2.26724489796
2.64226530612
2.43510204082
2.32693877551
1.95479591837
3.1317755102
2.4713877551
2.86004081633
2.46348979592
2.79318367347
4.46785714286
4.21991836735
5.16359183673
2.76648979592
4.04816326531
1.51265306122
3.27546938776
2.57942857143
4.25173469388
4.96410204082
5.15326530612
7.25167346939
4.07332653061
1.61879591837
2.80732653061
2.84371428571
1.99918367347
2.58955102041
1.32453061224
3.68912244898
4.54893877551
5.60173469388
7.08355102041
5.98667346939
4.77948979592
3.97057142857
2.21669387755
2.30855102041
2.07902040816
4.68453061224
2.41253061224
2.24969387755
2.65532653061
2.28024489796
2.43465306122
4.11071428571
1.65151020408
2.79424489796
2.20587755102
2.0446122449
2.94416326531
2.55363265306
2.8736122449
2.37257142857
3.22057142857
1.93928571429
3.20073469388
2.26820408163
1.66716326531
1.85853061224
1.25824489796
2.05889795918
2.19867346939
1.71014285714
4.99932653061
2.32857142857
1.33773469388
2.87234693878
2.06334693878
2.71293877551
4.11989795918
3.22175510204
1.53351020408
1.80053061224
1.80932653061
2.11989795918
3.3667755102
1.89155102041
2.63936734694
3.90997959184
5.22510204082
4.26026530612
3.4457755102
2.85297959184
1.36153061224
3.07834693878
2.33906122449
1.503
2.45232653061
2.23289795918
1.59491836735
2.60567346939
2.05483673469
2.22440816327
2.32351020408
2.00291836735
2.75579591837
2.14004081633
1.93393877551
1.68334693878
2.03859183673
3.43273469388
3.4487755102
2.64889795918
1.8847755102
1.74263265306
2.55408163265
2.60948979592
3.00540816327
2.38714285714
1.57193877551
1.59336734694
2.37451020408
1.41959183673
1.47679591837
1.63926530612
3.45895918367
2.85059183673
3.36846938776
2.11434693878
2.14936734694
2.39467346939
3.28744897959
4.50312244898
3.75014285714
2.81312244898
2.74357142857
1.9783877551
2.55469387755
2.00236734694
2.23295918367
1.86585714286
2.30295918367
3.37091836735
2.9077755102
3.31608163265
2.60124489796
3.75504081633
2.29671428571
2.01671428571
1.4963877551
2.03459183673
1.50683673469
1.62155102041
1.22375510204
1.42820408163
2.26432653061
1.32040816327
1.70602040816
3.47853061224
3.83391836735
2.81820408163
2.87914285714
2.36212244898
2.34097959184
1.14618367347
1.36373469388
2.12142857143
1.122
1.34218367347
2.47267346939
4.19046938776
3.54218367347
1.91548979592
2.92079591837
3.53240816327
2.81281632653
2.54726530612
1.65830612245
2.627
1.65197959184
1.48697959184
1.97234693878
2.67789795918
2.83385714286
3.03510204082
1.3413877551
3.91006122449
4.41920408163
3.11697959184
1.41255102041
1.0017755102
1.63885714286
1.65412244898
1.97289795918
1.858
1.13418367347
1.18902040816
1.57736734694
3.03383673469
3.69269387755
2.37875510204
3.84779591837
3.14328571429
2.19726530612
3.51510204082
3.21765306122
3.45273469388
2.68369387755
2.37436734694
2.29969387755
1.73536734694
1.55916326531
1.64667346939
1.66051020408
1.46606122449
1.53932653061
1.87716326531
2.12493877551
2.22218367347
2.32979591837
2.54316326531
2.50442857143
3.25540816327
2.86397959184
0.922510204082
1.61955102041
2.59820408163
3.21544897959
2.41248979592
1.63893877551
2.6417755102
2.99114285714
3.33124489796
4.51636734694
3.68506122449
2.53032653061
2.79834693878
2.14236734694
1.4642244898
1.79916326531
3.93236734694
5.54816326531
3.79375510204
3.01014285714
2.7417755102
2.55806122449
2.49463265306
2.15863265306
3.82559183673
5.37102040816
5.72369387755
2.91575510204
2.01163265306
2.29606122449
1.96308163265
3.20779591837
3.66093877551
2.81818367347
2.31481632653
3.09663265306
3.52169387755
3.5432244898
2.22375510204
1.18087755102
1.10891836735
2.26202040816
2.82734693878
3.40959183673
4.76418367347
3.48032653061
1.636
1.6462244898
1.02114285714
2.66389795918
2.12716326531
2.65132653061
2.19436734694
3.74218367347
3.15126530612
2.3556122449
1.24065306122
2.19451020408
1.36953061224
1.19957142857
0.934734693878
1.14642857143
1.68975510204
2.10244897959
2.09475510204
1.42595918367
2.08095918367
1.54436734694
2.87457142857
3.737
4.87393877551
6.56232653061
4.85193877551
3.66791836735
6.26824489796
5.37312244898
5.66106122449
4.93157142857
6.80934693878
4.24193877551
4.69655102041
3.35559183673
2.75187755102
1.89279591837
2.55679591837
2.04979591837
2.54457142857
1.90348979592
1.95326530612
