2.11962325581
2.17436744186
1.16188837209
0.759013953488
0.85168372093
3.63096744186
4.11751162791
2.29915348837
4.13818139535
4.5155627907
3.84654418605
3.22633023256
2.64617674419
2.03838139535
2.10112093023
1.89416744186
3.74324651163
4.5761255814
4.06604186047
2.40683255814
1.78722325581
2.80931627907
3.65041395349
3.30031627907
3.57037209302
2.24569302326
2.91203255814
2.77853953488
2.22270697674
3.18768372093
4.99297674419
4.36833953488
3.39746511628
2.76040465116
2.84807906977
1.25965581395
2.42867906977
3.60324651163
1.62520930233
4.75055813953
5.41749302326
2.54182325581
1.22480930233
3.11164651163
5.61456744186
6.41737209302
5.80504651163
1.1584
2.92565581395
3.24499534884
1.57409767442
1.31592093023
2.1599255814
2.50775813953
1.6407627907
1.27201395349
2.45759534884
2.18194418605
3.25045581395
5.13523255814
3.9164
3.55845116279
1.41071627907
1.66140465116
4.00698604651
3.1064744186
6.45460465116
3.64222790698
2.4134372093
3.9704372093
3.23230232558
3.36847906977
4.59149302326
2.81464651163
3.69829302326
3.14949302326
2.5487255814
2.34781860465
4.41749767442
4.85844651163
3.64310232558
1.39847906977
3.38133488372
4.81838604651
5.60588372093
5.18080930233
2.36418604651
3.52677674419
2.70798604651
2.52847906977
3.85110697674
3.89314418605
1.8230372093
1.4612
1.27781395349
3.07848837209
2.03660930233
3.27257674419
2.85228837209
3.57882325581
2.319
1.50565116279
2.72799534884
2.34181860465
2.16362790698
3.0584372093
3.22612093023
1.453
2.58711162791
2.80058139535
3.29446511628
4.83558139535
4.9854
2.53773023256
1.56790697674
2.73515813953
2.03857674419
3.64680930233
4.37678139535
3.77699534884
6.8882
4.34422790698
2.51893953488
2.06808837209
2.67996744186
2.20927906977
2.07996744186
1.72673023256
3.22630697674
2.29055813953
2.3823255814
1.63058139535
1.34784651163
1.31116744186
2.6325627907
4.13302790698
2.4170744186
1.5831627907
4.75444186047
4.71229767442
2.68126976744
2.89548837209
2.6047255814
4.2718
3.25297674419
2.61185116279
3.28452093023
2.34913953488
2.2542744186
1.53106046512
2.6418372093
3.17563255814
3.4958744186
2.15817209302
1.69355348837
1.62866511628
1.46658604651
3.13855348837
2.53725581395
2.05323255814
2.68126511628
2.27673488372
3.6394
3.6206744186
3.00301860465
2.5038744186
4.18237209302
3.13062325581
2.31337209302
2.15966046512
1.41225116279
1.73773488372
1.90627906977
3.29116744186
2.72458139535
2.0172372093
2.1601255814
1.7657255814
2.78259534884
3.0998
2.49698139535
2.06806976744
1.72759534884
2.47113953488
1.76403255814
2.23724186047
2.8036744186
3.52285581395
3.24458604651
2.41077209302
1.34678139535
2.63577209302
1.79437674419
2.52221395349
2.31660465116
2.32044186047
2.44805581395
3.36942325581
3.16548837209
3.11790232558
4.03769767442
3.69698139535
2.60452093023
2.63057209302
2.4652744186
1.91078604651
1.61246976744
1.09786046512
2.6004372093
3.4431255814
3.12862325581
4.09418604651
4.11613953488
2.33320930233
1.74701395349
1.3342744186
1.38808837209
1.46034418605
3.13146046512
3.24049302326
3.40905581395
1.71895348837
1.66530697674
1.55195348837
3.10819534884
2.70042790698
3.22754883721
2.32091627907
2.32285116279
1.7336
2.00538139535
3.00302325581
2.23813023256
2.14593488372
2.95998139535
2.99073488372
1.92261860465
3.27178139535
2.47586046512
1.62740930233
1.42901395349
1.83493023256
1.50155348837
2.62480930233
3.49118139535
2.5692
1.47840930233
2.28660930233
1.40585116279
1.33702325581
1.30753488372
1.53489302326
2.46619069767
1.5056
2.37843255814
2.00345116279
3.46766511628
1.7657627907
2.95372093023
4.0569255814
3.61139069767
2.56339069767
1.76466976744
3.10256744186
2.66554418605
2.14033488372
1.41246976744
2.59449302326
2.09293023256
2.91442325581
2.89261395349
2.62084651163
2.28441395349
3.97598139535
2.56135813953
1.91580465116
1.64699534884
3.72572093023
2.16426976744
1.4691627907
1.51404651163
1.90802325581
1.17049302326
2.98518604651
1.75193488372
2.94488372093
3.06486046512
1.17889767442
1.80469302326
3.54792093023
2.82675348837
1.64659534884
2.45604651163
3.92580930233
4.94105116279
3.70826976744
4.5543627907
5.34015813953
4.5539627907
2.49949302326
1.63705581395
1.31313953488
3.05228372093
2.1776372093
1.73233953488
1.60048837209
5.68248372093
4.68037209302
4.59296744186
3.10884186047
4.31287906977
3.2782
1.84508372093
3.04166976744
4.82163255814
1.54782325581
2.1629255814
2.00884186047
2.416
1.38131627907
2.53278604651
2.44334883721
2.67629767442
2.27975348837
1.19703255814
2.31862325581
2.78390697674
3.52102325581
5.39002325581
1.95106511628
2.90305581395
3.14538604651
4.36071162791
4.30897674419
4.21513953488
3.67386976744
3.49616744186
5.2343627907
2.20445581395
3.35525116279
3.38901860465
4.10675348837
5.80963255814
5.92263255814
2.60326046512
2.71646976744
4.20479069767
6.61064186047
5.95426976744
5.44550697674
6.1614
2.68119534884
2.1989627907
3.38726046512
6.39335813953
4.2876
2.52933023256
2.68515348837
1.64094883721
2.96886511628
4.83171627907
5.03553488372
4.18989302326
3.07158604651
3.24868837209
2.86943255814
1.76550232558
3.49214883721
2.23170697674
2.5352
1.10452093023
1.84006976744
2.52642790698
3.3163255814
3.78661395349
5.37381395349
3.36285116279
2.12533023256
2.6006744186
4.7738372093
3.96904651163
2.65315348837
1.12957674419
2.57171627907
3.0261255814
4.1625627907
3.60391627907
1.67868372093
2.539
2.62649302326
2.99401860465
1.40781395349
2.54511627907
5.01731627907
5.73863255814
4.70090232558
4.31404186047
4.53474418605
3.28683255814
4.27930697674
3.26719534884
2.52977674419
2.9804372093
2.53306976744
2.44144186047
2.57179534884
1.9428744186
1.27071162791
1.44622325581
1.90091627907
1.76577674419
1.85321860465
1.84845116279
3.43850232558
2.85810697674
2.27060930233
1.71934418605
1.57969302326
2.19952093023
0.831479069767
2.09480930233
3.42150697674
2.33166046512
2.60433488372
2.75519069767
3.36255348837
4.13150697674
2.55286976744
2.09049767442
3.47225116279
4.42544186047
1.66637674419
2.87882325581
1.39846046512
1.67046976744
2.87153488372
3.19068837209
5.01414418605
4.07777674419
2.20040930233
2.09846046512
5.37791162791
6.0966744186
6.43117209302
4.36630232558
2.5908744186
4.30598604651
2.58117209302
1.75647906977
2.24422790698
2.80196744186
4.52654418605
6.00564186047
4.57046046512
2.43
3.15671162791
5.6502372093
4.9522372093
4.21988372093
3.45818604651
2.65426976744
2.5323627907
3.52194418605
3.383
2.65713023256
1.58451627907
2.18485581395
2.2350744186
1.44585116279
1.81011627907
1.89585116279
2.24805581395
4.00709767442
5.90388837209
3.7394
2.51809302326
2.86557209302
5.08778604651
6.15715348837
2.37043255814
2.40361395349
2.44226511628
3.01121860465
1.79113488372
4.31677209302
5.59991627907
5.41846976744
5.6858744186
5.29218139535
4.58661860465
3.32003255814
2.47583255814
1.811
3.86594883721
3.25472093023
3.96737674419
4.46566046512
6.24470232558
6.19086046512
4.79281395349
3.41678604651
2.48189767442
2.91528837209
2.34589302326
1.85538604651
3.00130232558
4.48530232558
2.86875813953
2.45795813953
2.05278604651
1.4601255814
2.01960930233
1.4648372093
1.59823255814
2.49699069767
2.06053953488
2.02779069767
3.46033488372
3.02348837209
2.89915348837
1.80624651163
1.83813023256
1.4638372093
1.55734883721
2.26079069767
1.69135348837
2.65341395349
1.7133627907
1.62195813953
2.73186511628
3.27130232558
3.36166511628
2.6161255814
2.83334418605
3.70409302326
4.5598744186
3.23357674419
2.64356744186
3.33986046512
3.78703255814
3.33466976744
1.90601395349
2.62754883721
3.33537209302
3.1672372093
3.59264186047
3.20773023256
2.25456744186
3.15108372093
1.88687906977
2.27201395349
1.90101860465
3.34913953488
3.40949302326
3.65838139535
3.34107906977
2.32348837209
2.78448837209
3.17196744186
2.82113488372
1.66316744186
3.24353953488
3.26011627907
4.20081860465
3.93579069767
3.98125116279
4.73148837209
2.69373953488
1.63485581395
1.66380930233
2.32713488372
2.93291627907
2.17650697674
2.33189302326
3.35705116279
2.25535813953
1.49719534884
1.4379255814
1.69284651163
2.11616744186
2.43015348837
3.72626511628
3.38917209302
2.05775348837
2.08254883721
1.68343255814
1.09156744186
1.59481395349
3.48788372093
2.486
1.8648744186
3.06977674419
1.88551627907
1.55541860465
1.37176744186
1.56681395349
3.94849302326
5.50989767442
3.8336372093
3.15085581395
2.95280930233
2.12670697674
1.94024186047
1.15966046512
1.54326976744
2.98490697674
4.26633023256
4.03274418605
3.0957255814
1.38633488372
2.58490232558
2.44695813953
2.65087906977
2.58964186047
1.82652093023
2.57541395349
2.6310372093
4.37607906977
4.31718139535
4.02997674419
4.22306046512
5.06158139535
3.18439534884
1.72153023256
2.3556
1.41638604651
1.50301860465
1.05298139535
1.00257209302
1.58793953488
1.23142790698
1.07800465116
1.44333953488
1.41680465116
1.20234418605
0.947381395349
2.29056744186
2.81616744186
2.03166046512
2.86915348837
1.28057209302
2.0319255814
2.27241395349
3.62093488372
5.88037209302
5.17890232558
2.87648837209
2.57414883721
4.15679069767
3.56484651163
3.62196744186
1.60427906977
1.72480930233
2.2583627907
2.73530232558
2.37153023256
2.91546976744
2.21914418605
3.11210697674
2.72292093023
3.47826976744
4.35671627907
2.38357674419
2.24310697674
4.21261860465
3.99727906977
5.72838139535
3.4208744186
3.11261395349
5.07961395349
5.80375348837
5.0128744186
4.85422790698
6.2227627907
5.91865116279
1.15951627907
1.03619069767
1.72129767442
1.68640465116
3.27613488372
2.91059069767
2.61920930233
4.28545116279
5.80450232558
5.71618139535
5.01619069767
6.40020465116
4.19118139535
3.07203255814
3.96259534884
4.49060930233
4.40653488372
3.74062325581
3.52764651163
2.1659255814
2.74722325581
3.11038139535
2.48817674419
5.16945581395
2.45350697674
4.75151162791
4.52133488372
2.60128837209
2.52191627907
3.55589767442
1.5496
2.62674418605
5.76958604651
6.16324651163
5.63595813953
4.12860465116
6.70350232558
6.73900465116
6.64186976744
4.3229255814
3.87389302326
4.10350697674
3.00358139535
2.72092093023
3.87379534884
3.67704651163
5.30665581395
4.37248837209
4.98627906977
3.49213023256
1.8117627907
3.12607906977
4.52468372093
4.46235813953
6.10076744186
7.78620465116
5.79834418605
8.4269627907
5.51448837209
5.41253488372
2.33186511628
2.04300465116
1.86394883721
4.71950697674
2.54200930233
2.65213023256
4.50735348837
2.89097674419
8.32569767442
5.24399069767
5.33966046512
4.77214883721
2.14759534884
4.13386511628
4.29918604651
1.7980744186
1.13566511628
1.57115813953
2.46828837209
4.23335348837
2.29621860465
1.16849767442
1.49070232558
1.6424744186
1.54503255814
2.32497674419
3.20565581395
3.78553953488
7.71729302326
3.88051162791
4.32926511628
4.2233255814
4.79982325581
5.76525116279
2.81760465116
7.25311162791
4.00830697674
1.72470232558
1.22726976744
1.20059069767
1.15677209302
1.36091162791
1.64069302326
3.67339069767
2.96286976744
1.75274418605
1.61481395349
1.71366976744
1.88944651163
1.51383255814
2.44150697674
3.9939255814
3.42841395349
4.52333488372
2.22366511628
2.12192093023
2.05007906977
2.86265581395
2.3135255814
2.72897674419
6.46188837209
6.49113023256
6.04768837209
3.10184186047
7.48549767442
4.71630232558
4.17110232558
5.6427255814
3.45627906977
1.91288372093
2.42626976744
3.03519069767
6.33570232558
4.86350232558
4.80235348837
6.8196372093
4.26089302326
6.0901627907
4.01750697674
4.49994418605
3.06193488372
3.98757674419
3.73418604651
1.48646976744
3.36701860465
2.78252093023
2.35617674419
1.63108837209
2.11399069767
2.22989767442
2.32946976744
1.55740930233
1.41178139535
1.56390697674
1.2097255814
2.57024651163
1.44295348837
2.43321860465
3.42523255814
1.80644651163
4.38357209302
4.59491162791
2.4951255814
3.48995348837
2.8850744186
3.87251627907
3.704
1.6139627907
3.03048837209
3.03234883721
4.9844744186
3.33385116279
3.80498604651
3.77953488372
5.14713488372
3.94539534884
3.61237674419
1.88428837209
3.34282790698
3.10053953488
2.66416744186
2.75568837209
1.89842325581
1.86707906977
4.45104186047
5.32562325581
2.42144651163
1.99665116279
1.74624651163
1.33701860465
1.92906511628
2.14210232558
1.76345116279
1.59884651163
2.02698139535
2.31255348837
1.88054418605
2.12540930233
2.84672093023
2.6828372093
1.54078139535
3.0030744186
3.16882790698
1.48529767442
1.43377674419
1.52343255814
1.52530697674
1.39862790698
2.9498372093
2.53597674419
3.75197674419
2.61236744186
1.90798604651
3.23288372093
3.99215348837
3.90152093023
2.87731627907
3.09449302326
1.73993488372
3.91499534884
3.72806511628
4.65205116279
3.05365581395
3.20453023256
2.66230697674
1.65297674419
2.6211627907
2.87173488372
1.92873488372
2.00615348837
1.41667906977
1.35122790698
2.22729767442
1.95037209302
6.75413488372
5.32637674419
3.85722790698
2.18656744186
3.06215348837
2.50170697674
1.57918139535
1.59718139535
1.04777209302
1.85094883721
1.8617627907
1.16502790698
1.6903627907
2.73850697674
1.94540465116
2.51752093023
2.20728837209
2.43714418605
3.466
1.70144186047
2.65911162791
1.75570232558
2.91326511628
2.87298604651
2.70113488372
3.3214744186
3.55073488372
3.44683255814
3.8326744186
2.39546976744
2.23538139535
2.42189302326
1.9575255814
2.28124186047
1.72413023256
1.51308837209
1.60678139535
1.62409767442
1.65881395349
1.45449767442
1.52582325581
1.89553953488
2.09927906977
1.69964186047
1.26575813953
1.02629302326
1.0139627907
0.847125581395
2.26953023256
2.79813023256
2.21153488372
2.29199069767
4.90041860465
3.58169302326
3.54738139535
2.83233488372
2.50742325581
1.9876744186
2.50602790698
3.90863255814
2.03693953488
1.45779534884
1.08104186047
0.986460465116
1.59714418605
1.85422325581
1.98662790698
2.12033488372
1.49091162791
0.630869767442
1.41566511628
1.55049302326
1.40351162791
1.56285581395
1.61653023256
1.27658604651
3.12055813953
2.4063255814
2.91093023256
2.10815813953
1.53104186047
2.42479534884
2.68006046512
5.08638139535
3.60590232558
2.68091162791
2.32180465116
1.43470697674
2.71933488372
1.69905116279
1.93923255814
1.69662790698
2.52091162791
1.2156744186
1.75457674419
1.66078604651
4.85808837209
7.27305116279
3.20693023256
2.94306976744
5.72322790698
4.3286
3.21206046512
6.10486976744
4.41073953488
3.48292093023
5.16880930233
3.5194744186
2.24040465116
1.13426511628
1.5153255814
2.2768744186
3.08964651163
5.81484651163
1.7213627907
1.56001395349
0.883255813953
1.92169767442
2.58804186047
2.02682790698
1.45694418605
3.58915813953
6.23697209302
3.23884651163
5.98034883721
3.16209302326
5.40184651163
1.36296744186
3.08123255814
3.91193953488
4.32096744186
2.26042790698
2.04426046512
2.10240930233
2.38974418605
5.233
3.42760930233
3.73353953488
4.51190232558
1.79720930233
1.63600465116
3.19722325581
4.52314883721
3.53120930233
6.27889302326
4.63908372093
4.52986976744
5.49709302326
6.21244186047
5.90249302326
4.39517209302
6.63075348837
3.25179534884
3.29046511628
3.30373953488
3.38489302326
1.80964186047
2.85197209302
5.05130232558
4.67266976744
4.2387627907
3.7774
2.33119069767
4.30613023256
2.38405116279
1.64784651163
2.59258139535
3.12862325581
4.70098604651
2.82172093023
2.38315348837
2.15144651163
3.39221860465
3.47468372093
1.58049302326
2.27423255814
1.6059627907
1.13176744186
2.07904651163
2.18190697674
1.19928837209
1.56916744186
1.89246976744
3.02417674419
2.65026511628
4.72914418605
1.95445116279
3.62539069767
4.43264186047
5.37926511628
5.38123255814
6.09565116279
2.31529767442
3.57508837209
4.0661255814
1.5485627907
1.6238372093
1.48479069767
0.692976744186
1.03989767442
1.3884
0.888613953488
1.15333023256
2.4461255814
1.52885116279
1.38541860465
2.77422790698
2.36876744186
0.821311627907
1.36076744186
4.03504651163
6.55331162791
2.50055348837
4.2692744186
4.03385116279
5.32856744186
3.69454418605
0.9696
2.74993023256
2.75175348837
1.68436744186
1.28486046512
2.40212093023
2.59958139535
2.41028372093
2.2859627907
1.36206511628
1.46442790698
1.41734883721
1.16333953488
1.45959534884
2.00735813953
2.62724651163
3.86032093023
4.71308837209
6.19509767442
3.95308837209
2.84193953488
2.75181860465
2.35660465116
0.77036744186
1.343
1.02504186047
2.10177209302
3.29113488372
6.03346046512
4.45457674419
8.20663255814
6.00770697674
2.78431627907
1.97548372093
4.29841860465
1.96969302326
2.14297209302
6.91931627907
5.8671627907
5.44220930233
3.50777209302
4.10280465116
4.94788837209
6.04800930233
3.01474883721
1.83041395349
1.7200372093
2.41645581395
1.27548837209
1.33814883721
2.6728372093
1.91126046512
1.01665581395
0.942641860465
1.31626046512
2.04097209302
2.65261395349
3.4139627907
5.55539069767
2.85858139535
1.38633488372
3.06330697674
1.50917209302
2.31933488372
4.0835255814
4.86636744186
6.10826976744
6.20893953488
4.7226
4.95988372093
3.93118604651
2.18466046512
1.35326511628
2.50095813953
2.30094883721
3.2873627907
3.26302325581
1.67118604651
2.27714418605
1.87542325581
2.64935348837
1.99862790698
3.44485581395
2.55667906977
4.24244186047
3.57499069767
2.69955348837
3.58117674419
3.8207255814
5.10354883721
4.05406511628
5.30257674419
5.05059069767
2.88078604651
2.60346511628
3.9201627907
2.86179534884
1.81941395349
1.32817209302
1.93824186047
1.10120930233
1.38593023256
1.24439069767
1.82698604651
1.73021860465
1.81744651163
1.40101860465
1.95112093023
1.62919534884
1.2174
3.03266976744
3.34772093023
2.90305116279
2.27494418605
2.21429767442
2.41293488372
2.25275813953
1.96257674419
4.14984651163
2.64614418605
1.30124186047
2.34130697674
1.23843255814
1.08758604651
1.23592093023
1.73420465116
1.77754418605
1.18642325581
2.10311162791
1.95058139535
2.05129302326
3.29224186047
3.94621395349
3.46734883721
2.69881860465
1.74495348837
1.25850232558
2.21731627907
3.85175348837
2.62570697674
1.13546046512
2.04969767442
3.92618604651
3.6481627907
2.09049302326
2.71860930233
3.20961395349
3.43438604651
4.16254418605
3.48077209302
2.5382372093
1.87319534884
3.01490232558
3.70006976744
3.34760465116
1.85739069767
1.81953023256
0.99888372093
1.82221860465
1.79609302326
2.35028837209
2.14893953488
2.5693255814
2.28040465116
1.64537674419
1.98594418605
2.48387906977
2.65394883721
2.71911162791
2.27933023256
1.72366976744
2.28848372093
1.41613488372
1.97178604651
2.93645581395
1.65966046512
1.60523255814
1.71857209302
2.59086976744
3.44429767442
3.31579534884
1.46062790698
3.15013023256
3.43747906977
1.76057209302
1.56812093023
1.27456744186
1.40830697674
1.53374418605
2.77939069767
2.99893488372
1.19421860465
3.46609767442
2.95750697674
3.38933953488
2.18846046512
2.79684651163
2.76141860465
4.49633488372
3.69378604651
3.43586976744
4.9324744186
3.20905581395
2.32280930233
1.50719534884
3.82022790698
3.62234883721
3.5096
1.42091627907
1.03199534884
2.43218139535
1.93971627907
2.0769627907
2.3329255814
1.96750232558
2.24821395349
1.45058604651
3.03486511628
2.15165116279
2.38432093023
1.4519627907
2.12561395349
1.24696744186
1.1588744186
1.2093255814
0.745809302326
0.815311627907
0.760851162791
0.825874418605
0.907297674419
1.99870697674
2.37690232558
5.52969767442
1.57441395349
1.5419627907
2.60532093023
2.11738604651
3.29928372093
3.01690232558
1.36929302326
1.61771162791
1.11580930233
1.31
1.43557209302
0.970944186047
1.41883255814
2.63532093023
2.04887906977
2.61498604651
4.31259534884
4.12649302326
1.84802325581
2.85922325581
4.34411162791
3.51974883721
6.25896744186
5.20860465116
2.80924651163
2.12305581395
1.46332093023
1.86832093023
3.96866976744
3.04958139535
2.31306976744
1.39693023256
2.60935348837
1.42019069767
2.08778604651
1.19426976744
2.75802325581
2.50250697674
1.74581860465
3.55271627907
2.84194883721
2.50595813953
0.618125581395
0.972641860465
3.76712093023
4.0428744186
4.06399069767
2.49939069767
4.57639534884
4.26939069767
3.43549302326
2.99707906977
4.29619534884
2.89119534884
1.32409767442
4.64936744186
4.03383255814
5.48878604651
6.42670697674
5.77337209302
3.03746511628
4.43324651163
3.89865116279
5.07175813953
3.67177209302
2.74799534884
1.19926046512
1.6370372093
2.05677674419
4.5243627907
5.57479534884
2.27871162791
1.70675813953
2.0618372093
4.18060465116
2.13654883721
1.75846511628
4.3722744186
5.17370697674
7.52214883721
5.32504186047
2.45234418605
2.38808372093
2.54860930233
8.2182744186
8.00532093023
2.89230232558
1.1919255814
5.17122325581
6.45877674419
8.11968837209
3.49053023256
1.33237209302
3.44805581395
2.9150372093
2.93711162791
4.35145116279
5.06830232558
1.66688372093
1.29691162791
2.27957209302
3.37158604651
3.56954883721
4.52484651163
7.4682
3.43214418605
5.7311255814
4.87082790698
4.31811627907
5.72751162791
4.283
3.37353023256
4.45659069767
5.44856744186
6.64316744186
5.30976744186
6.75257209302
6.66812093023
7.81747906977
4.93108372093
3.00932093023
4.99922790698
3.20425116279
1.43104186047
1.68780465116
4.03153953488
2.98524651163
6.01053953488
5.59806046512
6.08186976744
5.28578604651
6.03568837209
9.60306976744
6.31760930233
3.71815348837
1.98662325581
5.23793023256
2.46513023256
2.52146511628
1.42930697674
2.48451627907
2.3280744186
2.88219534884
3.07266511628
2.87251162791
3.65500930233
3.70308837209
2.99778604651
2.71677674419
1.53972093023
1.49644651163
2.29548372093
2.16132093023
1.38962790698
1.91294883721
1.6227255814
1.92644651163
3.03681395349
2.72175348837
4.01403255814
1.26629302326
1.94656744186
1.94965581395
1.92654883721
3.34534418605
4.70547906977
4.67362325581
3.36505116279
2.97062325581
3.33599069767
4.64900930233
2.83435348837
2.45616744186
3.08233953488
1.73218604651
2.14925581395
2.53886511628
2.7178
3.23385116279
2.44162325581
4.98995348837
7.68848837209
6.56681860465
6.33982325581
4.17450697674
3.88446511628
3.29394418605
2.03161395349
3.16786511628
5.58449302326
3.38411627907
1.97047906977
2.94373953488
2.73391627907
1.63273953488
4.02138604651
6.77445116279
4.3071255814
1.9636744186
2.49159534884
2.15149302326
3.12605581395
3.1568
2.78303255814
2.91728837209
2.68182325581
2.54646976744
3.63905116279
2.6051255814
2.27268837209
3.21563255814
2.44263255814
2.36697674419
1.8716372093
1.20348372093
1.64666046512
2.28122790698
4.43968837209
3.37193953488
2.95020465116
1.57400930233
2.51062325581
4.91110232558
4.58569767442
3.20344651163
1.8815627907
3.36715348837
2.13995813953
2.46655813953
2.60294883721
2.13665581395
4.43169302326
5.35248837209
2.8326372093
2.25317674419
2.21786511628
3.14951162791
2.34485581395
3.69785116279
2.09314883721
2.63166046512
2.95306046512
1.86593953488
2.00796744186
2.01630232558
1.92250697674
2.38422325581
1.65437674419
2.4381627907
3.44368837209
2.1655627907
1.67486511628
2.40626046512
3.54440930233
1.7844372093
1.811
1.5796
3.31397674419
3.26418604651
1.80449302326
1.95233953488
1.7895627907
1.48055813953
1.36635813953
2.18432093023
1.8099255814
2.25013488372
2.38166046512
2.01351162791
1.83764186047
3.52620930233
2.81499534884
2.87381860465
3.26103255814
1.44589302326
1.49320930233
1.34975348837
1.71310697674
2.19865116279
3.0186372093
3.33150697674
4.07329767442
1.86393953488
1.52693023256
0.95391627907
1.65207906977
2.60090232558
1.54053953488
1.26700930233
1.51182325581
1.48924186047
2.08548837209
1.77945581395
2.13176744186
2.93208837209
2.32650697674
1.77086046512
2.39677209302
1.69469302326
2.4965627907
1.33957674419
3.04055348837
2.13343255814
1.41806976744
1.42037209302
1.5721627907
1.67454883721
2.43410697674
1.76886976744
2.65754418605
2.42794883721
2.4736372093
1.80061395349
4.19757674419
2.83649302326
2.38993023256
2.55767906977
2.92533023256
2.09886046512
1.70178139535
2.23779069767
2.2877255814
1.69940930233
1.39406511628
2.06125581395
3.63473488372
1.24866046512
1.68583255814
2.37369302326
1.38970697674
1.21302790698
1.93437674419
1.90022325581
1.60138139535
0.898679069767
1.33702325581
3.06527906977
3.4922
2.64762325581
1.84206046512
2.65454418605
2.95689302326
1.64850697674
1.58940465116
2.65408372093
3.00519534884
5.95541395349
4.6700372093
4.93814418605
3.1099255814
3.05146976744
2.29833023256
2.98423255814
4.0099627907
5.31615813953
5.31791627907
3.91748837209
3.69622325581
4.13718604651
5.21708372093
4.02863255814
4.00764186047
3.51853023256
2.15810697674
2.5128744186
4.02990697674
0.812088372093
2.54682325581
2.40051627907
0.94996744186
1.03975813953
1.88733953488
2.28198139535
2.20560465116
3.57168372093
1.86186046512
3.13906511628
3.05101860465
3.70813953488
3.98948372093
3.5685627907
4.49671162791
4.77037674419
4.11415348837
4.17760930233
4.56022790698
2.73466511628
2.93769302326
4.70450697674
6.88842325581
5.08283255814
4.65109302326
4.40146511628
2.57371627907
1.39561395349
0.655093023256
0.903772093023
1.51622325581
1.4895627907
2.70651162791
2.12738604651
2.11325581395
1.95793023256
1.39749302326
3.69388372093
3.56657674419
2.04786511628
2.07727906977
2.22297209302
1.21121395349
0.802427906977
1.21990697674
1.04950697674
0.634190697674
0.776269767442
1.52160930233
3.03981860465
3.53358139535
1.9791255814
3.10943255814
2.45606511628
1.33277209302
1.09874418605
2.16177674419
3.04010697674
2.93646976744
2.10987906977
2.97050232558
2.38361395349
3.80102790698
6.53938604651
8.9104744186
3.9762
2.90926511628
3.39326511628
1.30837209302
1.05276744186
0.836311627907
1.04464186047
1.59105581395
2.1197255814
1.99580465116
3.52175348837
5.57441860465
3.22066046512
1.77057209302
1.48203255814
1.3854
2.37295813953
1.5573255814
1.39017674419
1.33557209302
1.74162790698
1.87794883721
2.94355348837
1.58667906977
3.7254
4.60430697674
2.72199069767
5.16732093023
5.36372093023
4.5267627907
5.48917209302
3.29390232558
3.89606046512
4.88847906977
5.73879534884
6.3559627907
8.23382790698
5.22021860465
3.44405581395
3.45656744186
4.69798604651
5.55523255814
2.93539534884
1.77197674419
6.98579069767
4.68951627907
8.3034
6.30105116279
6.48191627907
6.32419534884
7.49022325581
4.90419534884
1.46141395349
1.0364372093
2.49370697674
4.58064186047
4.05682790698
5.73133953488
2.98219069767
1.87602325581
1.96868837209
1.64006046512
3.5375255814
2.85013488372
3.1899255814
2.25800465116
3.68864651163
5.35976744186
3.82849767442
4.15452093023
5.75044651163
5.51229767442
4.52395348837
4.47091162791
1.59114883721
2.8262744186
3.18914418605
2.84515813953
2.29984186047
2.15025581395
2.28545116279
0.761869767442
2.66980930233
4.70709767442
2.34429302326
2.32600930233
1.72579069767
1.59921860465
3.17475813953
4.41741395349
3.37945116279
2.49475348837
1.56990697674
1.01399534884
0.685627906977
3.51390697674
2.83531162791
1.43584651163
1.81257209302
1.47913023256
2.7410372093
3.36322325581
2.22026976744
1.5093627907
0.928962790698
2.03553953488
2.78371162791
2.36753488372
3.03365116279
3.23335813953
4.87368372093
4.49632093023
4.14216744186
2.4582744186
1.75976744186
1.9143627907
1.36499534884
3.3271255814
1.5270744186
3.27022325581
4.02145581395
4.72531627907
4.04759534884
1.8876
1.78717674419
3.14505116279
3.31434883721
2.20948837209
0.731241860465
1.22613953488
1.22102790698
1.96402790698
1.20360465116
1.09360465116
3.12389767442
1.55745116279
1.56813953488
1.10892093023
2.05209767442
3.20681395349
2.20219534884
1.62953953488
1.11369767442
1.12748837209
1.22897674419
1.02453953488
1.48684651163
2.83413953488
3.0002
1.62441395349
3.33239534884
3.12528837209
3.85731162791
3.80622325581
3.62482790698
2.30630232558
2.53934418605
1.41993953488
1.54402325581
2.67059534884
1.93415813953
3.27730697674
2.75168372093
1.82706976744
2.52938604651
4.31074418605
4.6968
2.75940465116
1.90474883721
1.58392093023
2.13224651163
3.1671255814
2.04923255814
2.47126976744
3.20881395349
3.40248372093
3.85793023256
1.69155813953
1.95393488372
2.02186046512
1.56521395349
1.6922372093
2.60233953488
2.55259069767
4.3316372093
1.96945581395
2.85862790698
2.36034883721
4.06821860465
2.25664651163
1.7403255814
2.69802790698
3.41058604651
2.60559069767
3.05364186047
2.031
2.42970697674
1.42734883721
3.25777674419
3.47261395349
2.74844186047
1.76011627907
1.09308372093
1.61292093023
1.15888372093
1.43402790698
2.22522325581
3.62539534884
5.19910232558
3.11181860465
4.03080930233
2.95407906977
3.33640465116
1.67264186047
2.31727906977
3.1918
1.7121627907
1.54378604651
2.96090232558
2.55630232558
2.53850232558
2.20951162791
1.30782790698
2.25629767442
1.77074418605
1.74698139535
2.12173023256
3.73446511628
3.54825581395
3.81102325581
2.36100465116
2.89975348837
2.61353953488
2.28472093023
2.21054883721
1.85470697674
1.7648372093
1.57691627907
1.75428837209
1.51141395349
1.69634418605
2.71224651163
2.67841860465
2.27084651163
2.37024186047
2.2111627907
2.28082325581
1.66898139535
1.89655348837
2.44205116279
1.9184744186
2.44441860465
1.89008372093
1.38745581395
3.13360930233
2.98233953488
3.51683255814
2.07069767442
1.57502790698
1.18724186047
1.19951627907
1.74531627907
1.31746046512
1.05646976744
1.08645116279
0.824995348837
0.892097674419
0.937748837209
1.84320930233
1.26255813953
1.42621860465
1.79866511628
1.8379627907
1.00218604651
0.983088372093
2.01549767442
3.01571162791
3.40269302326
4.09399069767
2.45508372093
4.26547906977
5.24719534884
2.33709302326
1.94408372093
3.45366511628
3.40304186047
4.69647906977
5.87820930233
4.38825581395
3.5571255814
1.54887906977
1.52588837209
1.37378604651
3.21890232558
1.42804651163
1.97773953488
2.45555813953
2.70834883721
3.24550232558
3.18740930233
2.23645116279
2.20358139535
3.20959534884
3.92414883721
2.24411162791
1.16912093023
0.886539534884
2.37225581395
2.59524186047
2.95454418605
1.88037209302
2.11949767442
2.04104651163
3.22986046512
3.73808372093
4.18246046512
3.89028372093
1.27480930233
2.06739069767
2.12057209302
1.4536
2.5464
2.6766372093
0.898037209302
2.47209767442
5.38651627907
4.57938139535
7.35797674419
4.19786046512
5.27332093023
5.11688372093
2.01226046512
3.64345116279
3.5872372093
1.13439534884
0.811855813953
2.22704651163
1.1613627907
1.83850697674
1.11631627907
1.92941860465
3.40473023256
1.84895813953
2.17079069767
1.64162325581
1.25807906977
1.26362325581
2.44046511628
1.84882790698
2.76041395349
2.8410372093
2.3610744186
2.36296744186
2.55707906977
4.46793953488
2.80086976744
2.42439069767
1.96866976744
2.79313953488
3.81629767442
5.95205116279
8.18210232558
8.72491162791
4.42739534884
2.29073488372
2.87044651163
3.62030232558
1.89761395349
1.3129627907
1.95405116279
1.7472372093
1.28189302326
2.61199534884
3.19413488372
3.85347906977
2.24147906977
3.10388837209
3.37906976744
3.75113488372
2.48924651163
1.43762325581
3.29946976744
2.03186511628
1.86161860465
1.71737674419
2.04104186047
3.27292093023
4.47126046512
5.29058604651
5.10697209302
2.49300930233
2.63180465116
3.36925116279
1.66390697674
2.2646744186
1.28752093023
1.92779534884
0.716209302326
1.76895348837
3.0744
3.82893023256
2.40370232558
1.74721395349
1.93037209302
2.2916372093
1.88933023256
2.23923255814
1.18059069767
4.00265116279
1.64413488372
1.32090232558
2.75481860465
2.71871162791
3.39660930233
3.84585116279
1.93818139535
0.919576744186
0.669823255814
0.671381395349
1.37
1.88540930233
4.03061395349
2.67588837209
3.93813953488
5.36492093023
3.98625116279
2.72261860465
2.43166511628
3.68112093023
3.69059534884
5.72526511628
5.21353023256
6.36243255814
3.15527906977
1.16119069767
0.926130232558
1.97710697674
1.9792372093
4.60281395349
5.47653488372
3.96817674419
4.67800465116
3.76375813953
1.71628372093
1.10644186047
2.14565116279
1.37774883721
2.46131627907
2.41794418605
1.3233255814
1.54025581395
2.19814883721
1.77308372093
2.61779534884
2.68685581395
0.930362790698
1.19622790698
0.793460465116
1.01234418605
1.69464651163
1.9333627907
2.45951162791
2.6435627907
1.34595813953
1.6780744186
0.943223255814
1.03768372093
1.75315813953
1.73007906977
1.45866511628
2.87094883721
1.00475813953
2.24689767442
3.02867906977
1.75022790698
2.12271627907
4.54989302326
2.60146046512
2.71158604651
2.58293488372
1.3034372093
2.28709767442
2.09441395349
3.1062372093
5.88505116279
4.47288837209
5.0242372093
6.0221627907
5.60269302326
4.86622790698
3.20793488372
4.88995813953
2.95238604651
2.94271162791
2.05744186047
3.04026976744
4.21510232558
5.29646511628
3.02517674419
2.25996744186
3.7124372093
6.40975813953
4.54512093023
5.48355813953
3.55795813953
2.10726511628
1.05165581395
1.87489302326
1.73373953488
2.7351627907
3.67935348837
3.01054883721
3.89454418605
3.14998139535
3.12411627907
2.11931162791
4.51848372093
4.92614883721
4.70502325581
4.80969767442
4.57254883721
5.02314418605
2.66071162791
1.75882325581
1.70294883721
4.40474418605
5.94532093023
4.4078744186
2.11027906977
1.61090697674
3.10872093023
4.45616744186
3.14157209302
3.27482790698
1.41242325581
2.25762325581
2.99780930233
3.19509302326
2.49995813953
1.97364186047
1.57214883721
1.82875348837
2.43187906977
1.78039069767
1.56162790698
1.72257674419
1.63565116279
1.95642790698
2.9930372093
2.9081627907
2.14411627907
2.17745116279
2.78806046512
2.46193953488
1.84207906977
2.22879069767
2.30511162791
3.6263627907
2.88109767442
4.27004651163
3.49820930233
3.28246511628
4.49806511628
4.55982790698
2.16882790698
3.87482790698
1.71662790698
2.56191627907
1.82214883721
2.05819069767
2.45493023256
1.88013953488
1.88745116279
2.00401860465
2.12409767442
2.39265581395
2.46381395349
3.77529302326
2.45099534884
2.87561395349
2.63631162791
1.67283255814
1.91959069767
1.52378604651
3.40084186047
2.85990697674
1.86258139535
2.18551162791
1.73697209302
1.77814418605
1.64723255814
0.845865116279
1.61143255814
1.08331162791
2.41650697674
2.85235813953
2.25715348837
1.75604651163
2.1002
3.21653953488
2.95108837209
2.89008372093
3.38431627907
3.24432093023
1.21229302326
1.00624186047
1.99476744186
3.1510372093
1.9163627907
3.40106511628
4.77457209302
3.13706976744
1.89393023256
2.86638139535
3.74264186047
3.43986976744
5.62698139535
1.49199534884
1.8887627907
2.48514883721
1.53798604651
3.34570232558
2.45302790698
1.80323255814
1.4398372093
2.03924186047
1.76702325581
1.22025581395
1.81959069767
1.87757674419
1.79960465116
2.95577209302
2.6120744186
2.17565116279
2.39070232558
3.19613953488
3.15818604651
2.0853255814
1.53879069767
0.826534883721
1.07544186047
1.04981395349
2.25237209302
2.91851627907
2.85667906977
3.02390232558
3.3984372093
3.74095348837
4.01982790698
3.50469767442
2.00042790698
2.6900744186
1.59848837209
1.53773488372
0.990344186047
1.9401627907
1.75067906977
2.79438139535
3.27398604651
4.46118139535
1.29050697674
2.91124651163
1.72241395349
2.57930232558
3.34733953488
1.1674372093
1.531
1.30233953488
0.821762790698
0.658651162791
1.30555348837
1.00152093023
1.23406511628
1.57138139535
2.13601860465
2.96986976744
2.35281860465
1.15
0.915697674419
2.16488837209
2.84397674419
3.80564186047
3.12521860465
2.89722325581
2.35173023256
1.83532093023
2.2273255814
2.27327906977
1.2284372093
0.784869767442
0.729795348837
1.79955348837
1.53401395349
2.17110697674
3.20529767442
4.13089767442
4.25741860465
4.14060930233
2.33095348837
1.07090697674
1.46960465116
2.42776744186
2.12821860465
2.14870697674
2.35757674419
4.17583255814
2.22463255814
1.42069767442
5.21938604651
4.93083255814
4.61596744186
2.74420465116
5.3342744186
6.13681395349
4.64913023256
2.11164186047
0.86528372093
0.607348837209
0.831065116279
1.14695813953
2.63161860465
6.17187906977
5.97215348837
4.52882790698
2.9008744186
1.3549627907
0.989455813953
1.82243255814
0.865693023256
1.50611162791
3.80892093023
3.58580465116
2.35998604651
1.22733953488
2.09294883721
3.50225581395
3.65292093023
3.11125116279
3.99554883721
6.1715255814
4.86833488372
1.1767627907
1.84954418605
2.51418139535
2.09999534884
1.22371627907
3.11755813953
3.37936744186
3.68682325581
3.74026976744
3.96486046512
4.03193488372
4.05129302326
3.805
4.19361395349
2.54749302326
2.03134418605
3.17201395349
3.75501860465
4.42159069767
3.38594883721
2.97324186047
2.10453023256
1.23604186047
1.10777674419
2.61775348837
2.96061395349
3.47439069767
2.29351627907
3.7369627907
2.83910232558
0.870693023256
2.25318604651
2.16911162791
3.27725581395
3.06274883721
4.17668372093
4.3769255814
5.48188837209
4.88751627907
2.88237674419
2.85537674419
4.3022
5.94635348837
5.58853953488
5.89810697674
6.07243255814
5.20906976744
3.50621395349
3.12787906977
1.90234883721
3.24246511628
3.69767906977
2.64582325581
4.47488837209
6.33629302326
6.3832744186
4.47273953488
5.34946511628
5.04322790698
3.4512
4.00919069767
3.42084186047
2.24121395349
3.66531627907
4.21250232558
4.23249302326
4.59899534884
4.16583255814
4.1684372093
3.8447255814
3.55679534884
5.91946046512
3.14070232558
2.69271627907
1.91204651163
1.02150232558
0.982944186047
2.67044651163
1.43598139535
3.38808372093
3.96219534884
3.8147627907
5.41862790698
4.89404651163
3.97604186047
2.81029302326
3.7675255814
4.40788372093
2.04293953488
1.74157209302
2.6794744186
1.81225116279
1.37626976744
1.60882325581
2.33289767442
1.46530697674
0.416804651163
2.78248372093
2.22407906977
1.39396744186
1.49329767442
1.39955348837
2.38087906977
2.79527906977
3.42444651163
5.60180465116
4.71897209302
5.90490697674
4.05623255814
5.67395348837
5.71858139535
4.92673953488
5.2726372093
4.57971162791
5.78894883721
2.02611162791
2.18318139535
1.82541395349
1.40970232558
2.93399534884
4.96149767442
4.48804651163
5.38811627907
5.42462325581
4.10432093023
1.72841860465
1.93001860465
2.8235255814
3.34828837209
2.51600930233
2.71102325581
1.97801860465
1.67539069767
3.75626046512
3.61618139535
3.85865581395
2.57242325581
1.9172372093
1.81807906977
3.46477674419
2.38342325581
2.91894883721
3.82497674419
3.32675813953
3.19797674419
3.28309302326
2.2976
2.53986976744
2.41571162791
1.99912093023
2.50930232558
3.14933953488
2.99307906977
3.06408372093
3.5566744186
2.77502790698
2.69353953488
1.82605116279
3.02085116279
2.00367906977
2.20624186047
2.04505116279
1.25879534884
2.72904651163
2.43599069767
2.84094418605
1.94700930233
2.46894418605
2.5946
2.19033488372
2.28126511628
1.90058139535
2.00322325581
3.24828837209
1.5691255814
1.60713023256
1.28922790698
3.22348372093
2.8299255814
2.65134418605
5.09822790698
4.56656744186
2.39180930233
1.90213023256
2.74864651163
1.8691255814
2.86768837209
3.10361395349
4.34262325581
5.09321860465
3.19734883721
1.80972093023
1.60321860465
2.9279627907
3.51417674419
3.19958139535
2.17262325581
3.57970697674
2.32778139535
1.81399069767
2.05862325581
1.51054883721
1.95493023256
3.16505116279
2.44284186047
1.07780930233
0.862260465116
2.23189302326
2.04437674419
2.85778604651
2.36764186047
2.34199534884
2.01051162791
2.58917209302
2.49394418605
2.51764651163
1.91980465116
2.13794418605
2.24589302326
1.38486976744
1.22408837209
1.88811162791
3.0491627907
2.11120465116
1.45755813953
1.36918139535
2.22517674419
2.81160930233
4.14199534884
3.39122325581
2.80923255814
1.61508372093
1.30946511628
3.22926976744
1.63961395349
3.06615348837
2.04994883721
2.52071162791
2.56502790698
2.04333023256
2.90768372093
1.7945627907
2.7605627907
2.28123255814
1.0810372093
1.50821860465
1.57137209302
1.50412093023
1.1308
1.54480465116
2.16422790698
2.72113023256
1.84740465116
1.75585116279
2.01790232558
2.81141395349
1.4336
1.82134418605
2.81247906977
1.44373488372
1.56550232558
3.81465581395
5.55480465116
2.6803627907
2.95451162791
3.82738139535
2.40432093023
2.978
3.87778139535
3.95365581395
2.71937674419
2.08750232558
2.47843255814
2.54958139535
2.59698139535
1.6965255814
1.03813953488
1.03750232558
1.65799069767
2.4894
4.42625116279
3.41373953488
3.12153953488
4.19968372093
2.33686976744
1.15019534884
1.07306511628
2.24072093023
2.47370232558
2.01205581395
2.3724
2.81764186047
1.61009302326
0.658390697674
0.751930232558
1.5870372093
1.60926976744
1.75857674419
2.15604186047
1.20860930233
1.03813953488
0.961641860465
2.14332093023
2.08061395349
1.81592093023
1.67913488372
1.88645581395
1.56789767442
2.87409302326
1.18341395349
1.2317255814
0.895088372093
1.52557674419
2.35686511628
2.6075255814
4.04352093023
6.01784186047
5.56185116279
4.15946511628
4.27302325581
3.36440465116
4.18194883721
3.8047255814
2.52460465116
4.22984186047
2.83753488372
1.9836744186
3.98973488372
3.87590697674
3.3407255814
1.01790697674
2.25671162791
3.80691627907
3.4215627907
3.17784186047
4.06921395349
2.73838604651
3.71083255814
3.20305116279
1.72157209302
1.68666976744
2.16080465116
2.27678604651
1.80819069767
2.10410697674
4.87913023256
5.8358372093
4.32068837209
2.31554883721
3.55954883721
3.72762790698
5.32890697674
4.6449255814
4.38473953488
2.44304651163
1.12908372093
0.99223255814
2.24401860465
4.28173953488
3.45589302326
3.92899069767
4.20423255814
4.40418604651
3.19265116279
1.99975348837
2.13922790698
1.93089767442
1.63024651163
1.64204186047
2.58361395349
3.66946046512
2.1217627907
3.41813023256
5.65080465116
4.28726046512
5.22495348837
7.26162325581
3.6987255814
3.73128837209
2.93408837209
2.38106511628
1.83493023256
3.65525116279
2.92004651163
3.34162790698
4.25146511628
6.23661395349
5.21029767442
5.41933953488
2.72237674419
4.51138139535
2.25429767442
2.95715813953
5.23726976744
3.53173953488
2.46440930233
2.9715627907
3.2870372093
4.86545581395
3.1573627907
2.58908837209
2.97364651163
6.97115348837
8.16082325581
4.77878139535
3.19260465116
3.64591162791
2.65166976744
1.92196744186
1.68951162791
1.73107906977
2.84479534884
1.90278139535
3.12447906977
3.35866046512
1.43342790698
2.88362790698
2.82934418605
1.18101860465
1.00949302326
1.46337209302
1.45064651163
1.82726511628
1.2556372093
1.84551162791
5.1341255814
3.67434418605
3.11789767442
1.94009302326
2.86662790698
1.6276
1.32371627907
1.77953488372
2.17277209302
3.36264651163
1.80284651163
1.54246046512
2.71397674419
3.06871627907
6.48197209302
3.92129767442
1.65364186047
2.4517255814
1.8962744186
2.43206046512
1.4822744186
3.2170744186
1.92173953488
2.36590697674
4.19296744186
3.41051627907
1.10581395349
0.805125581395
1.67780930233
2.72211162791
3.4270744186
4.62658604651
3.90854418605
4.30811162791
3.45550232558
2.92148837209
3.29495813953
2.96446976744
3.79075813953
3.35068837209
4.65171162791
3.20489767442
3.11138604651
3.31060930233
2.75703255814
3.18474883721
3.14335348837
2.39290232558
3.10488837209
6.00454883721
6.22606511628
3.14695813953
2.16848837209
1.44374418605
1.6372744186
2.21762325581
4.51175813953
3.88461395349
3.21868372093
2.6308
2.61395813953
2.83255813953
1.12957674419
2.06810697674
3.42159069767
2.34096744186
1.25839069767
1.29528837209
1.50147906977
1.49613488372
1.44524186047
1.11037209302
1.47691627907
3.90148372093
3.16188372093
1.88509302326
1.32171162791
1.09160930233
1.50796744186
2.58013488372
3.35487906977
2.18138604651
2.22588372093
1.92908372093
2.07285581395
2.47805581395
2.43968372093
3.57098139535
3.98975813953
4.01989302326
2.80930697674
2.26012093023
2.2121255814
3.06013488372
3.4407627907
5.03345581395
2.64226046512
4.06685581395
4.00367906977
2.93640465116
1.76055348837
1.64611162791
2.17389302326
3.40261395349
2.43662325581
1.52691627907
1.50412093023
1.87840930233
1.97521860465
1.34093953488
2.85836744186
2.62369767442
1.92239069767
1.95428837209
1.68689302326
2.46938604651
1.71293023256
2.38315813953
2.7383255814
2.74887906977
3.76918604651
4.08685116279
5.77911627907
3.06573023256
2.43188372093
2.77155348837
1.27413488372
1.74173953488
2.17997209302
3.02175348837
2.70366511628
2.92581395349
2.8021255814
2.33210232558
1.39117209302
1.8853255814
2.08834883721
2.73724186047
2.24958139535
2.21098604651
2.20865116279
2.98140465116
1.79244186047
1.46426046512
1.83725581395
2.0730744186
2.81700930233
3.14846046512
3.14653023256
3.05875348837
2.3857255814
1.75235813953
1.5954744186
2.60833023256
2.07585116279
3.00195348837
2.81394418605
1.72583255814
2.44478604651
2.66055348837
1.57238139535
3.75986046512
2.51183255814
2.50409302326
2.73558139535
2.7142
1.59721395349
1.98615813953
2.15879534884
2.45171162791
2.8788744186
4.23970697674
2.70926976744
2.41276744186
1.89417209302
3.05860930233
4.0944
2.61268372093
2.52179534884
2.61594883721
3.18836744186
2.46464186047
2.51380930233
2.89633023256
1.75324651163
2.49394418605
1.04013023256
1.32756744186
1.75948372093
2.42047906977
2.75730697674
1.57391627907
1.57935813953
1.31938604651
1.93680465116
1.01637674419
1.55965581395
1.6831627907
1.86038139535
2.21958139535
4.01141395349
5.14161860465
3.40390232558
3.05448372093
2.27775348837
1.2657255814
1.92500930233
1.96441395349
1.63146511628
0.650395348837
1.2924744186
1.91394418605
2.8738744186
3.56935348837
1.87197209302
2.02498139535
3.21940930233
2.9616372093
4.79033023256
3.53818604651
3.80513488372
2.16162325581
0.87651627907
1.63905581395
1.55237674419
1.07975813953
2.83293953488
1.93386046512
1.99075813953
2.41679069767
3.13184651163
2.5577627907
1.4118744186
2.3174
1.58665581395
1.3377255814
2.95402790698
3.2296372093
3.59038604651
2.8234
1.99265116279
1.98619534884
3.89913953488
4.54414418605
6.8134
4.16853023256
2.50316744186
2.26793023256
3.10153953488
3.24895813953
3.06788837209
5.26766976744
3.73689302326
1.79851162791
1.35969767442
2.52125116279
2.37750232558
1.9088372093
0.819148837209
2.64624186047
1.58534883721
1.1028
3.32765581395
3.17578139535
1.66835813953
1.34033953488
1.0616744186
1.51884651163
2.03773488372
2.34740930233
2.35703255814
1.77969302326
1.14437674419
1.21855348837
1.56551627907
2.34333953488
1.83615348837
2.04692093023
3.67523255814
6.10109302326
4.70369767442
4.02518139535
4.22553023256
4.79441395349
4.2266744186
2.61394418605
4.1418
3.86226046512
2.69395813953
2.45198139535
2.38854883721
5.57406046512
3.6418
1.72678139535
1.04521395349
1.14717209302
0.742646511628
2.17475813953
4.25875348837
5.06905581395
4.00378604651
2.31833488372
1.52935813953
2.12157674419
2.65066511628
1.27906046512
1.6697627907
2.73320930233
2.65856744186
1.01719534884
2.4370744186
1.6193627907
2.40944186047
2.7705255814
2.90391162791
4.14591162791
3.12844651163
3.17886976744
2.75450697674
2.41073488372
1.24458604651
1.86343255814
2.86128372093
3.14593953488
4.09270697674
3.91485116279
4.50114883721
3.53875813953
2.51081860465
4.73365581395
7.76851627907
6.73410697674
6.31514418605
4.49331627907
5.07738139535
5.34825116279
2.20258604651
2.63500930233
2.60630697674
2.73750697674
1.91234883721
2.34772093023
1.7147627907
2.71656744186
2.075
1.7752
1.70043255814
2.50305116279
3.11234418605
2.14635813953
3.5900744186
3.54934883721
3.66235813953
4.08235348837
5.23124186047
2.59694883721
2.23101395349
3.68666976744
3.05605581395
3.38233953488
5.20366976744
6.68297209302
5.30256744186
5.36362790698
3.99138139535
4.82906976744
2.69094883721
5.19781395349
5.53965581395
6.9346744186
5.01100930233
2.25562325581
2.178
2.28254883721
2.2353627907
2.8343255814
4.17970232558
2.85684651163
4.17437674419
2.4096744186
2.32546511628
2.63466976744
3.83272093023
3.53923255814
4.26145581395
3.68954883721
4.24526976744
4.16850697674
4.47866511628
3.54181860465
2.74286976744
4.43906046512
3.15434418605
2.85514418605
3.95758604651
4.01985116279
3.63364651163
1.6577627907
2.96470232558
3.43900465116
3.80411162791
2.10344651163
1.22458139535
3.57694883721
4.83790697674
3.76999534884
2.21102790698
2.91207906977
3.16552093023
1.52586046512
2.84350232558
2.96234883721
4.1010744186
3.75038604651
3.6334
4.19309767442
2.84871627907
3.19006046512
2.17235348837
2.95432093023
2.63684186047
1.65024186047
1.7928744186
4.80505581395
4.63982790698
5.40767906977
3.68075348837
2.1052
1.90818139535
2.78766976744
2.38062790698
1.9116
3.89230697674
1.4663627907
2.36615813953
2.50408372093
1.9476744186
1.6629255814
1.79781395349
2.60926976744
2.97502790698
2.70409767442
4.10752093023
2.69351627907
2.73574418605
2.85407906977
3.64928837209
2.31306976744
1.52028837209
1.2200744186
1.84159069767
2.71874883721
3.41509767442
3.55239534884
1.96527906977
2.69199534884
4.41286046512
4.58370697674
2.66181395349
3.56781860465
4.7566
5.53090697674
5.4826744186
5.19471627907
4.8104744186
2.36635348837
2.11206511628
2.43492093023
2.3038
2.97302790698
1.92046976744
2.1029627907
2.92389302326
1.69980465116
1.84627906977
2.81498604651
2.72714883721
2.18856744186
3.5254744186
3.37202325581
3.82669302326
2.77864651163
2.86719069767
3.40840465116
2.48229767442
1.96378604651
3.17871627907
1.5894372093
1.63665581395
1.13704651163
1.1105627907
2.82173953488
4.2641627907
2.28746046512
1.80883255814
2.00213023256
2.74418604651
2.6120744186
2.28106511628
2.72387906977
1.84655348837
1.63855348837
2.39610232558
2.08897209302
1.80041860465
1.2310372093
1.49872093023
1.31141395349
1.0866372093
2.00061395349
2.38296744186
3.26699534884
3.49006511628
4.43749302326
3.91163255814
4.32902790698
3.45411627907
3.03791627907
2.59416744186
3.00966511628
2.2601255814
2.89130697674
1.36248837209
2.16982325581
3.54133953488
3.25560930233
3.88553953488
3.53445116279
2.81546976744
1.81269767442
1.83037209302
1.7002
3.45582790698
2.85880930233
2.9932744186
2.91595348837
2.68515348837
1.91399069767
1.94975813953
2.82993488372
2.86079069767
1.99590232558
1.21104186047
1.46073953488
2.26550697674
1.40968837209
2.25878604651
1.16248372093
1.17306511628
1.54997674419
1.80278604651
0.99608372093
2.21180930233
2.96638139535
2.8911255814
1.83575348837
2.52517674419
1.85124651163
1.37539069767
1.20041860465
2.99353953488
3.65708837209
3.98102325581
2.60664186047
1.88791162791
3.03064186047
3.2461255814
3.54329302326
2.01815813953
3.12671627907
2.39047906977
2.18899534884
2.21095813953
3.12606976744
3.72025116279
3.50844186047
2.3184744186
2.21850697674
1.78446511628
1.74695348837
2.31891162791
1.15425581395
1.25734883721
2.18553488372
3.48659534884
3.83097209302
2.15454883721
2.23905581395
1.92819069767
2.26783255814
2.60298139535
1.54610232558
1.08379534884
1.07091627907
1.87585116279
4.6342372093
6.2944
4.0105255814
4.52128837209
3.594
4.50910697674
3.35990232558
1.53770232558
2.81218139535
2.60575348837
1.24114883721
1.23294418605
2.75454418605
5.50260465116
5.98274883721
6.45057674419
6.4517255814
3.98638139535
2.61608372093
1.34265581395
1.60108837209
2.71181395349
2.33295348837
3.11285581395
2.14715348837
2.00683255814
3.40291162791
2.16109302326
1.30885581395
0.8218
1.28448372093
1.78424186047
1.67755348837
2.84184651163
3.22745581395
2.31484186047
2.46226976744
1.21118139535
2.19848837209
2.54436744186
2.68296744186
2.00796744186
3.23071162791
2.05695813953
1.1730372093
1.15342790698
2.60206976744
2.0786744186
1.71676744186
2.10224186047
2.03415813953
3.37353953488
3.44418604651
3.13967906977
1.30621860465
2.26121860465
3.57309302326
2.23746976744
2.331
4.13859069767
2.62373953488
2.9291627907
2.67301860465
2.64373488372
1.52044651163
1.79736744186
3.98775813953
4.53230697674
2.38611627907
2.93184651163
3.99897209302
1.90959534884
4.39276744186
4.67739534884
3.76977209302
3.73963255814
2.43612093023
2.3246
2.87002790698
3.2827627907
3.95539534884
2.53593023256
3.65138139535
1.6028
1.59653953488
2.9595255814
3.60502790698
4.9059627907
2.93812093023
3.62344186047
3.82619069767
4.8734372093
5.03533023256
1.94857209302
2.42359069767
3.31694418605
1.61927906977
1.66665581395
2.41225116279
2.16387906977
1.60796744186
1.3803627907
2.33818604651
3.54276744186
3.36292093023
2.12350232558
2.2982744186
2.53554418605
3.38608372093
3.79915348837
1.7866372093
3.99742790698
3.26014418605
3.45631627907
4.14286511628
2.74958604651
3.37954883721
1.65042325581
1.55650697674
2.67978139535
3.78965581395
1.7118744186
2.24829767442
2.19874883721
2.73066046512
1.51648837209
1.92730232558
3.17257209302
2.63618139535
3.2700744186
2.10022790698
2.55521395349
2.58253488372
3.37246046512
3.78862790698
4.13545116279
3.8416372093
2.6321627907
1.44142790698
1.46980930233
3.23239069767
3.04513488372
3.76427906977
3.48235813953
4.42953953488
5.06766976744
3.13554418605
2.05197209302
4.5048
4.61609302326
3.61770697674
1.06506976744
2.03684186047
2.84784651163
1.76441395349
4.55926046512
5.48877674419
4.9325255814
3.84783255814
6.00455813953
4.11982325581
2.07502790698
2.49523255814
2.2323627907
1.94935813953
1.76381860465
2.89806976744
2.31337209302
2.56473488372
2.29637674419
2.59326511628
4.21121860465
4.03769767442
4.80819069767
2.40813488372
3.75519069767
1.35493488372
3.01924186047
2.32565581395
4.00257209302
4.63921395349
4.99416744186
6.84872093023
3.82005581395
1.50797209302
2.33855348837
2.57569302326
1.93384186047
2.42524651163
1.19719069767
3.62346976744
4.4770372093
5.38759534884
6.94041395349
5.68891627907
4.41360465116
3.68993023256
2.03279069767
2.0937255814
1.76594418605
4.30126976744
2.21900465116
2.13342790698
2.5047255814
2.07714883721
2.34868837209
3.92153023256
1.55879534884
2.6398744186
2.02235348837
1.86166511628
2.68797674419
2.41464651163
2.48102325581
2.06118139535
3.11534883721
1.84349767442
2.84333953488
2.08642325581
1.51510697674
1.6278
1.11937209302
1.8629255814
2.02669767442
1.56808837209
4.65083255814
2.16035813953
1.22392093023
2.67734418605
1.91440930233
2.45598139535
3.80838604651
3.0998
1.45754418605
1.67409767442
1.59781860465
1.92046976744
3.2038
1.72111162791
2.50597674419
3.78464186047
5.00506976744
3.79151627907
3.06458604651
2.60422790698
1.22910697674
2.97785581395
2.23294418605
1.43450697674
2.26550697674
2.02991162791
1.50281395349
2.56314883721
1.97840930233
2.15126046512
2.22261860465
1.85519069767
2.49914418605
1.99765581395
1.83793488372
1.58099069767
1.88791627907
3.30125116279
3.30253953488
2.54994883721
1.8079627907
1.66313023256
2.4056
2.41249767442
2.85601860465
2.1622744186
1.43706511628
1.45132093023
2.2599255814
1.31205581395
1.4383627907
1.47889302326
3.29484651163
2.7228372093
3.18148837209
2.00646511628
1.98360465116
2.28489767442
3.12197674419
4.46419069767
3.67619534884
2.62235348837
2.53226046512
1.8558
2.33444186047
1.87157209302
2.10195813953
1.78469302326
2.17971162791
3.2323255814
2.74701860465
3.15170232558
2.44219069767
3.51482790698
2.11610697674
1.89008372093
1.41505581395
1.81205116279
1.3657255814
1.59137674419
1.15045581395
1.33725116279
2.09306976744
1.16870697674
1.62629302326
3.19221860465
3.68313488372
2.66226976744
2.7198372093
2.18254883721
2.19611627907
1.17264186047
1.32888837209
2.01204651163
1.06764186047
1.16333488372
2.25777674419
3.7504372093
3.13190232558
1.75085581395
2.62973023256
3.20410697674
2.50535813953
2.31829767442
1.47197209302
2.25188372093
1.42306511628
1.37846511628
1.76269302326
2.37666976744
2.62843255814
2.75558139535
1.20668372093
3.66593023256
4.12158139535
2.79632093023
1.33106046512
0.935362790698
1.45110232558
1.44096744186
1.70371627907
1.65150232558
0.993720930233
1.08167906977
1.41244651163
2.69431627907
3.48203255814
2.17153488372
3.74518604651
2.97167906977
1.89501860465
3.29113488372
2.91334883721
3.23118139535
2.4239627907
2.14784651163
2.10538139535
1.53083255814
1.32862790698
1.54418604651
1.56187906977
1.34782325581
1.46808837209
1.76398139535
1.90555348837
1.93942325581
2.0973627907
2.28728837209
2.20797674419
3.00259534884
2.60066046512
0.786627906977
1.40000465116
2.34569302326
2.97889302326
2.21165581395
1.46831627907
2.4396372093
2.79006976744
3.12435813953
4.24286511628
3.50904186047
2.36034883721
2.61771627907
2.00995813953
1.30777674419
1.5718372093
3.53210232558
5.11295348837
3.45669302326
2.66124186047
2.5396372093
2.31141395349
2.27029767442
1.89022325581
3.53365581395
4.99417674419
5.3969255814
2.70666511628
1.8329627907
2.01057209302
1.68922790698
3.00691162791
3.29935348837
2.59761395349
2.12798139535
2.75414418605
3.26315348837
3.2218372093
1.87638604651
0.913353488372
0.983641860465
2.15608372093
2.51899069767
3.18740465116
4.18518139535
2.99602325581
1.39637209302
1.45588372093
0.891613953488
2.36792093023
2.07735813953
2.68235813953
2.16657674419
3.72615348837
3.05555813953
2.11312093023
0.979065116279
1.81419534884
1.0719255814
0.854079069767
0.657934883721
0.937069767442
1.34695348837
2.05342325581
1.93494418605
1.3136
1.90254418605
1.41318139535
2.79183255814
3.42031162791
4.50649302326
6.02531162791
4.53162325581
3.19553488372
5.82815348837
4.84921860465
5.40071627907
4.42206046512
6.41193953488
3.80258604651
4.42241395349
3.04677209302
2.25030697674
1.41779534884
2.34746511628
1.93895348837
2.49343255814
1.80965581395
1.74045116279
