2.07190066225
2.13653642384
1.08719205298
0.721483443709
0.792523178808
3.40455629139
3.95382119205
2.17418543046
4.03805298013
4.42191390728
3.76974834437
3.13270198675
2.58641059603
1.9907615894
2.04537748344
1.83221192053
3.68045695364
4.56756291391
4.13181456954
2.40691390728
1.74956291391
2.7012781457
3.59186754967
3.18693377483
3.355
2.1347615894
2.84368874172
2.67391390728
2.10305298013
3.11170198675
4.79560927152
4.16135099338
3.31816556291
2.66869536424
2.79525827815
1.17664238411
2.24246357616
3.52309933775
1.60994701987
4.61761589404
5.22217880795
2.43730463576
1.10822516556
2.9380397351
5.65119205298
6.41247019868
5.81302649007
1.16682781457
2.89974834437
3.19934437086
1.51021854305
1.27021192053
2.10445695364
2.43377483444
1.5642384106
1.23791390728
2.34692715232
2.02132450331
3.13835099338
4.94035099338
3.74209271523
3.42290728477
1.40236423841
1.56504635762
3.86780794702
3.00408609272
6.24293377483
3.55931125828
2.23333774834
3.88190728477
3.1861192053
3.38566887417
4.64642384106
2.76855629139
3.64969536424
3.1090397351
2.47738410596
2.35343708609
4.30874172185
4.72446357616
3.56586092715
1.37548344371
3.17877483444
4.68925165563
5.4360397351
5.01266225166
2.31530463576
3.45147019868
2.65705298013
2.49591390728
3.72249006623
3.80191390728
1.77527152318
1.43009933775
1.21632450331
3.0029602649
1.9699602649
3.18571523179
2.74330463576
3.51332450331
2.25832450331
1.45757615894
2.67184768212
2.2932384106
2.07568211921
2.98434437086
3.13495364238
1.41969536424
2.53006622517
2.75417880795
3.17403311258
4.6811589404
4.88268874172
2.44775496689
1.51847019868
2.65285430464
2.01366225166
3.59709933775
4.25651655629
3.67935099338
6.804
4.24021854305
2.45333774834
2.04089403974
2.6509602649
2.18624503311
1.99453642384
1.67794039735
3.15782119205
2.20697350993
2.29452317881
1.56862913907
1.29890728477
1.29560264901
2.55347019868
3.98768211921
2.31754966887
1.56001324503
4.67606622517
4.61303311258
2.53378145695
2.77150993377
2.54417218543
4.15515231788
3.1008807947
2.52326490066
3.17523178808
2.23723178808
2.1870397351
1.49131125828
2.59916556291
3.07686754967
3.41932450331
2.11307284768
1.65154966887
1.58684768212
1.41729139073
3.08465562914
2.48652317881
2.0450794702
2.61874834437
2.24098013245
3.59216556291
3.54381456954
2.8972384106
2.40718543046
4.00563576159
2.95672847682
2.24430463576
2.13407284768
1.36701986755
1.67723178808
1.83870198675
3.18466225166
2.66691390728
1.97038410596
2.12777483444
1.71030463576
2.71939735099
3.04625827815
2.42450331126
2.00890066225
1.65352317881
2.36857615894
1.69241721854
2.18353642384
2.73987417219
3.41905960265
3.12709271523
2.34548344371
1.32405298013
2.53208609272
1.75809271523
2.43833112583
2.25382119205
2.27641721854
2.39185430464
3.30863576159
3.11256953642
3.08056291391
3.97377483444
3.62450331126
2.57630463576
2.59768211921
2.41912582781
1.8459205298
1.56385430464
1.06239072848
2.5308807947
3.3649205298
3.02690728477
3.9758410596
3.97515231788
2.26754966887
1.71745033113
1.30084768212
1.35751655629
1.42164900662
3.07862913907
3.13708609272
3.29902649007
1.68531125828
1.64859602649
1.51835099338
2.96116556291
2.63039735099
3.18450993377
2.27009933775
2.25195364238
1.68674172185
1.92831125828
2.92926490066
2.1939602649
2.05721192053
2.87248344371
2.92890728477
1.88757615894
3.24016556291
2.40406622517
1.59154304636
1.34462913907
1.75547019868
1.46710596026
2.5367615894
3.41667549669
2.48627152318
1.42649668874
2.14459602649
1.35141059603
1.31960927152
1.23690728477
1.48541721854
2.42859602649
1.45167549669
2.29997350993
1.94644370861
3.36178145695
1.70939072848
2.82040397351
3.92990728477
3.53005960265
2.45139735099
1.67653642384
2.97708609272
2.52805298013
2.04364900662
1.36385430464
2.47603311258
2.04046357616
2.90463576159
2.86668211921
2.53378807947
2.22734437086
3.91574834437
2.45968211921
1.76092715232
1.58802649007
3.68330463576
1.99991390728
1.35678145695
1.40245033113
1.73874834437
1.08736423841
2.8559602649
1.62656953642
2.79645033113
2.97199337748
1.09073509934
1.74169536424
3.41594039735
2.72155629139
1.5742384106
2.40737086093
3.83078145695
4.78051655629
3.54187417219
4.4107218543
5.16962251656
4.45291390728
2.44552980132
1.56360927152
1.2479602649
2.90230463576
2.09253642384
1.65709271523
1.50435099338
5.42971523179
4.57935761589
4.44956953642
3.0051589404
4.19217880795
3.17366887417
1.75064238411
2.94925165563
4.58442384106
1.49845695364
2.02624503311
1.9051589404
2.34271523179
1.32469536424
2.39631125828
2.39371523179
2.56236423841
2.17165562914
1.1868807947
2.27649668874
2.75253642384
3.44862251656
5.21539072848
1.87849006623
2.7998013245
2.99599337748
4.18250993377
4.19610596026
4.07586092715
3.46044370861
3.39008609272
5.00343046358
2.1158807947
3.21496688742
3.25735099338
3.9150397351
5.65171523179
5.76564900662
2.52358940397
2.58040397351
4.02971523179
6.37916556291
5.88745695364
5.31143708609
6.06361589404
2.6448013245
2.14021192053
3.40750331126
6.33250331126
4.16385430464
2.41449006623
2.61874172185
1.58917880795
2.78750993377
4.66097350993
4.90968211921
4.11889403974
2.99167549669
3.20686754967
2.78310596026
1.71549668874
3.31801986755
2.12240397351
2.39881456954
1.05077483444
1.86370198675
2.5332384106
3.31545695364
3.76535761589
5.34143708609
3.2832384106
2.03337748344
2.52724503311
4.68347682119
3.90454304636
2.6377615894
1.07074834437
2.47356291391
2.82050331126
3.92698675497
3.4218013245
1.59635099338
2.47539072848
2.55217218543
2.9127615894
1.33670860927
2.45264238411
4.79656953642
5.50932450331
4.58867549669
4.11156953642
4.37071523179
3.17180794702
4.11701324503
3.16949006623
2.37576821192
2.8548807947
2.36074834437
2.29149668874
2.48466887417
1.90049668874
1.24265562914
1.41593377483
1.76560927152
1.68332450331
1.75758940397
1.83854304636
3.28650331126
2.68631788079
2.17098675497
1.58129801325
1.43329139073
2.08753642384
0.782503311258
2.04633112583
3.41321854305
2.27298013245
2.5568807947
2.69841721854
3.27089403974
4.05213907285
2.46937086093
2.03249668874
3.287
4.25945033113
1.59398675497
2.75532450331
1.3460794702
1.67189403974
2.7907615894
3.03796688742
5.00298013245
4.01195364238
2.18886754967
2.10409271523
5.41842384106
6.1397615894
6.43498013245
4.3151986755
2.54629139073
4.26649006623
2.60324503311
1.72461589404
2.14021854305
2.57901324503
4.3651986755
5.8641986755
4.48440397351
2.33100662252
3.00749668874
5.51295364238
4.80073509934
4.1392781457
3.35754304636
2.58745695364
2.46207284768
3.4100397351
3.28069536424
2.58223178808
1.56067549669
2.08561589404
2.0869602649
1.38417218543
1.76181456954
1.8471589404
2.19483443709
3.94574834437
5.77528476821
3.69216556291
2.4478807947
2.75954966887
4.86934437086
5.99383443709
2.34039072848
2.39831788079
2.36043046358
2.99464238411
1.74656291391
4.27187417219
5.56432450331
5.38678145695
5.64309271523
5.27117880795
4.56106622517
3.22587417219
2.40160927152
1.74278145695
3.7472781457
3.1772781457
3.88998013245
4.37215231788
6.17072847682
6.11110596026
4.72724503311
3.37281456954
2.4028410596
2.82617218543
2.28374172185
1.82124503311
2.96779470199
4.49468874172
2.79556953642
2.38722516556
2.02537748344
1.42777483444
1.96941721854
1.42890066225
1.58162913907
2.45144370861
2.01805960265
1.94935761589
3.36229139073
2.96262251656
2.80321854305
1.76521854305
1.7939602649
1.42802649007
1.53549006623
2.21147019868
1.66949006623
2.60650993377
1.6737615894
1.54154304636
2.63594039735
3.22045033113
3.29242384106
2.56310596026
2.81645695364
3.63017880795
4.49853642384
3.15774172185
2.58466225166
3.25247682119
3.6967218543
3.25817218543
1.87131788079
2.58450993377
3.24569536424
3.10097350993
3.5351986755
3.06841721854
2.15537086093
3.01862251656
1.85928476821
2.20750331126
1.89991390728
3.23723178808
3.28590066225
3.58041059603
3.27759602649
2.26262251656
2.73027152318
3.10453642384
2.70459602649
1.58497350993
3.21364900662
3.22680794702
4.1151986755
3.80445695364
3.83081456954
4.59068874172
2.6120794702
1.58157615894
1.62752317881
2.29083443709
2.8688013245
2.14669536424
2.26886092715
3.30441721854
2.1918013245
1.47731788079
1.39716556291
1.60213907285
2.03320529801
2.38043046358
3.62540397351
3.36082119205
2.02526490066
2.01649006623
1.6269602649
1.09277483444
1.57528476821
3.40417880795
2.45270198675
1.79895364238
2.93358940397
1.83164238411
1.52372847682
1.34058278146
1.51370860927
3.87912582781
5.40561589404
3.72782119205
3.08409933775
2.8949602649
2.10358940397
1.86921192053
1.13756953642
1.51726490066
2.91805960265
4.16155629139
3.91691390728
2.96786092715
1.33958940397
2.42963576159
2.36101986755
2.55462913907
2.52252980132
1.7512384106
2.42203311258
2.55839072848
4.26756291391
4.23249668874
3.92509933775
4.14194701987
4.98354304636
3.18328476821
1.65082119205
2.22921192053
1.33049668874
1.42625827815
0.98980794702
0.965496688742
1.53708609272
1.17568211921
1.06821854305
1.39124503311
1.37375496689
1.16912582781
0.937675496689
2.26443046358
2.73320529801
1.9720397351
2.81182781457
1.23165562914
1.93938410596
2.22425165563
3.48173509934
5.6909602649
5.05781456954
2.81472847682
2.48618543046
4.01574834437
3.46901986755
3.45264900662
1.58241059603
1.6367615894
2.14411258278
2.64132450331
2.31678145695
2.84860264901
2.17874172185
3.0191589404
2.56852317881
3.31771523179
4.20405960265
2.2908013245
2.16444370861
4.02694701987
3.80890728477
5.65909933775
3.3368013245
3.11134437086
5.01252980132
5.81296688742
5.00770860927
4.84452980132
6.26058278146
5.97014569536
1.16966225166
0.982662251656
1.65493377483
1.67194701987
3.17393377483
2.85700662252
2.58420529801
4.18862913907
5.59239072848
5.57609933775
4.84818543046
6.2750794702
4.11667549669
2.92251655629
3.78837748344
4.29454304636
4.2501192053
3.58903311258
3.40001986755
2.10327152318
2.66029139073
3.03170860927
2.43683443709
5.11505298013
2.48709271523
4.5020794702
4.25679470199
2.48073509934
2.42646357616
3.42694039735
1.48863576159
2.51151655629
5.34676821192
5.77431125828
5.37314569536
3.88662251656
6.24755629139
6.34295364238
6.2781986755
4.09327152318
3.78366887417
3.89914569536
2.79425165563
2.56060927152
3.61225827815
3.43004635762
4.96166887417
4.21318543046
4.77797350993
3.29241721854
1.8250397351
2.96094039735
4.23635761589
4.15547019868
5.76849006623
7.24274834437
5.51994039735
8.00752980132
5.20732450331
5.14809933775
2.27748344371
1.95981456954
1.77097350993
4.52522516556
2.55654966887
2.69242384106
4.26663576159
2.73347019868
7.73609933775
4.94490066225
4.99773509934
4.49878145695
2.0867218543
3.95057615894
4.10229801325
1.78474172185
1.13759602649
1.57478807947
2.5018807947
3.91790066225
2.17334437086
1.17314569536
1.46485430464
1.66103311258
1.55513907285
2.2632781457
3.09894701987
3.61507284768
7.21124503311
3.67966887417
4.09302649007
3.97045695364
4.47005298013
5.37256291391
2.67790066225
6.89297350993
3.75788741722
1.67058278146
1.24415231788
1.14440397351
1.12531788079
1.3378807947
1.63260264901
3.63641059603
2.9570794702
1.82295364238
1.59386092715
1.70692715232
1.86985430464
1.60050993377
2.46249006623
4.05808609272
3.41732450331
4.33214569536
2.15159602649
2.02821854305
1.96656953642
2.78233774834
2.27513245033
2.64225827815
5.99235761589
6.10517218543
5.83372847682
2.98390066225
7.07890066225
4.58254966887
4.02482119205
5.36630463576
3.27181456954
1.85653642384
2.31363576159
2.90767549669
6.04012582781
4.56975496689
4.53200662252
6.47723178808
4.01784768212
5.81707284768
3.86793377483
4.24764900662
2.88386092715
3.84361589404
3.62616556291
1.47631788079
3.37920529801
2.75232450331
2.41614569536
1.64390728477
2.18333774834
2.12343708609
2.41745033113
1.54393377483
1.39662913907
1.60173509934
1.15420529801
2.51460927152
1.39412582781
2.43106622517
3.50112582781
1.84043708609
4.31712582781
4.53795364238
2.51568211921
3.29405298013
2.90280794702
3.67513907285
3.59628476821
1.63036423841
3.0239205298
2.91852980132
4.83234437086
3.34041721854
3.70081456954
3.64224503311
4.89693377483
3.73760927152
3.3908410596
1.86486092715
3.2489205298
3.04535099338
2.54426490066
2.70082781457
1.80537748344
1.84666225166
4.23501324503
5.12274172185
2.30277483444
1.97539072848
1.81129801325
1.3328013245
1.95690728477
2.16994039735
1.78135099338
1.59177483444
1.96650331126
2.26822516556
1.91106622517
2.1298013245
2.77708609272
2.60978145695
1.52825827815
2.87487417219
3.03257615894
1.4590794702
1.41972847682
1.46569536424
1.55655629139
1.40711258278
2.91735761589
2.47575496689
3.64025827815
2.55333774834
1.92468874172
3.1380397351
3.86269536424
3.80119205298
2.84694039735
3.03462913907
1.74735099338
3.81843708609
3.66437086093
4.48360264901
3.00102649007
3.12651655629
2.59847019868
1.68956953642
2.61637086093
2.89401324503
1.9511589404
2.0577615894
1.43108609272
1.34434437086
2.19247019868
1.99256291391
6.53090066225
5.17268874172
3.75033112583
2.10974834437
2.98407284768
2.56900662252
1.60117880795
1.65243708609
1.02558940397
1.87314569536
1.81544370861
1.14182781457
1.62281456954
2.67942384106
1.90331125828
2.51733774834
2.12364900662
2.42733112583
3.4090397351
1.70051655629
2.59548344371
1.71299337748
2.85169536424
2.8142781457
2.61958940397
3.24439072848
3.44537086093
3.32117880795
3.63229139073
2.27947682119
2.1278013245
2.33993377483
1.78407284768
2.26521192053
1.71703311258
1.43860264901
1.59874834437
1.5958807947
1.59828476821
1.43791390728
1.49062251656
1.7717218543
2.02485430464
1.6667218543
1.33294039735
1.00471523179
1.02007284768
0.844470198675
2.21352980132
2.69474172185
2.18182781457
2.23547682119
4.71853642384
3.46850993377
3.34617880795
2.71541059603
2.50630463576
1.90907284768
2.40220529801
3.66994701987
2.0157615894
1.4022781457
1.08033112583
0.994218543046
1.64980794702
1.95113245033
2.06421854305
2.17479470199
1.52469536424
0.603046357616
1.36191390728
1.54289403974
1.34915231788
1.50609271523
1.47513245033
1.20944370861
3.10205298013
2.35266887417
2.86373509934
2.05160927152
1.42177483444
2.35006622517
2.5990794702
4.75614569536
3.48973509934
2.56999337748
2.22958278146
1.41543046358
2.64470198675
1.67652980132
1.89241721854
1.63813245033
2.45914569536
1.17025165563
1.70170198675
1.59060927152
4.66138410596
6.97535761589
3.1602384106
2.83058278146
5.57394039735
4.09846357616
3.12367549669
5.85110596026
4.30885430464
3.3047615894
4.9508013245
3.36341721854
2.25005960265
1.08001986755
1.54966225166
2.21554304636
3.00143708609
5.5100397351
1.71340397351
1.53239072848
0.889304635762
1.8787615894
2.48735761589
2.03149006623
1.37828476821
3.47460927152
5.92207284768
3.08469536424
5.67941721854
2.9648807947
5.1500397351
1.28673509934
2.90129801325
3.63429801325
4.06305298013
2.23394039735
1.95167549669
2.04899337748
2.25641059603
4.83736423841
3.21074172185
3.53012582781
4.1981192053
1.76450331126
1.48970198675
3.05625827815
4.29327152318
3.40670860927
5.89270198675
4.46090728477
4.34737086093
5.21158278146
5.94834437086
5.59114569536
4.22973509934
6.20735761589
3.14907284768
3.06996688742
3.0828013245
3.28218543046
1.72982781457
2.68909933775
4.70731125828
4.3971192053
4.02740397351
3.62299337748
2.19825827815
4.16164238411
2.20480794702
1.59010596026
2.411
2.95159602649
4.5367615894
2.81498675497
2.52780794702
2.14962913907
3.46266887417
3.34053642384
1.50895364238
2.16257615894
1.51080794702
1.09503311258
2.03491390728
2.05330463576
1.14815231788
1.41411258278
1.76029801325
2.87029801325
2.55194701987
4.47221192053
1.84871523179
3.44675496689
4.19148344371
5.14539735099
5.25879470199
5.89068211921
2.26024503311
3.42498675497
4.01527152318
1.64437748344
1.7751192053
1.45899337748
0.708311258278
1.03616556291
1.40364238411
0.858410596026
1.15484768212
2.34840397351
1.55330463576
1.41523178808
2.67107284768
2.25730463576
0.813483443709
1.37570860927
3.87007284768
6.19955629139
2.39699337748
4.11820529801
3.8849205298
5.03254966887
3.53539735099
0.958052980132
2.67799337748
2.64078145695
1.56810596026
1.32258278146
2.39443046358
2.52221854305
2.27139735099
2.25686092715
1.33747682119
1.47162251656
1.32058940397
1.10966225166
1.38619205298
2.09137748344
2.62860264901
3.83184768212
4.63005298013
6.04047019868
3.96826490066
2.79849668874
2.75121192053
2.33416556291
0.724735099338
1.36886092715
1.03242384106
2.08426490066
3.18811258278
5.78567549669
4.29936423841
7.79484768212
5.78637748344
2.64689403974
1.98595364238
4.26035099338
1.93023178808
2.12420529801
6.59584768212
5.62389403974
5.17218543046
3.35221192053
3.8631192053
4.66245033113
5.73460927152
2.84847019868
1.75695364238
1.72857615894
2.41787417219
1.24968874172
1.38162913907
2.63110596026
1.94200662252
0.998331125828
0.914119205298
1.33319205298
1.97881456954
2.57319205298
3.48608609272
5.49170198675
2.79180794702
1.38812582781
2.94368211921
1.46727152318
2.28700662252
4.00430463576
4.69349006623
5.8222781457
5.85150331126
4.47265562914
4.71673509934
3.758
2.15225827815
1.38503311258
2.56197350993
2.35770860927
3.2547218543
3.20734437086
1.63716556291
2.31733112583
1.87279470199
2.65178807947
2.00711258278
3.4148410596
2.52377483444
4.13104635762
3.53537748344
2.63633112583
3.45545695364
3.71074172185
4.90879470199
3.94902649007
5.1778410596
4.88843046358
2.79359602649
2.52502649007
3.82698675497
2.72974834437
1.85099337748
1.32762913907
1.9159602649
1.13647019868
1.39337748344
1.31137086093
1.77216556291
1.72253642384
1.74764238411
1.44116556291
1.91616556291
1.61725827815
1.22242384106
3.00974834437
3.2847615894
2.82658278146
2.27649006623
2.17860264901
2.38747019868
2.19842384106
2.00043708609
4.10814569536
2.60682119205
1.3307615894
2.35725827815
1.20809933775
1.06320529801
1.22182781457
1.70217880795
1.72064238411
1.1502781457
2.06968874172
1.95058940397
2.04981456954
3.20149668874
3.83668211921
3.31813907285
2.597
1.74716556291
1.23260927152
2.18725165563
3.75001986755
2.62511258278
1.18052317881
1.99550331126
3.89241059603
3.57043046358
2.02337748344
2.67543708609
3.18249668874
3.4301192053
4.00835761589
3.43154966887
2.48831788079
1.83380794702
2.99118543046
3.59362913907
3.28461589404
1.85881456954
1.7620794702
1.00564900662
1.78506622517
1.74878145695
2.37440397351
2.19678145695
2.59784768212
2.20875496689
1.65621192053
2.00254304636
2.4378013245
2.68910596026
2.79217218543
2.306
1.71082119205
2.21968211921
1.31041721854
1.94544370861
2.85977483444
1.65221192053
1.57170198675
1.68212582781
2.58139072848
3.41224503311
3.27495364238
1.3661192053
3.0258410596
3.31878807947
1.74878145695
1.56970198675
1.23589403974
1.43611258278
1.47745695364
2.71664238411
2.95248344371
1.23791390728
3.37476821192
2.91351655629
3.29982119205
2.14521192053
2.71820529801
2.68600662252
4.38270860927
3.58466225166
3.32709933775
4.73707284768
3.09978145695
2.22907284768
1.49417880795
3.67743708609
3.49343708609
3.42275496689
1.40076821192
1.03874834437
2.35524503311
1.87927152318
2.00062913907
2.20505298013
1.94402649007
2.18656953642
1.40517880795
2.96090066225
2.15339735099
2.33937086093
1.45562251656
2.00724503311
1.22531788079
1.12424503311
1.17741721854
0.746847682119
0.803741721854
0.747324503311
0.813682119205
0.891178807947
1.95541721854
2.33791390728
5.43393377483
1.542
1.49070198675
2.52473509934
1.9670794702
3.1798807947
2.88028476821
1.38187417219
1.58945695364
1.04798675497
1.28858940397
1.40075496689
0.943543046358
1.37318543046
2.51133774834
2.06505960265
2.53445695364
4.12350993377
3.86186092715
1.81074172185
2.76331125828
4.14938410596
3.36629139073
5.99966225166
5.08243046358
2.67937086093
1.98870198675
1.41621854305
1.83160264901
3.82641059603
2.95890066225
2.23954304636
1.42159602649
2.53633774834
1.45100662252
2.09343046358
1.23339072848
2.77204635762
2.37837086093
1.62274172185
3.4900397351
2.75919205298
2.40178807947
0.591450331126
0.942940397351
3.67528476821
3.95964900662
3.99185430464
2.39964238411
4.47309933775
4.07269536424
3.27549006623
2.85221854305
4.09306622517
2.77987417219
1.27588741722
4.45069536424
3.92395364238
5.32639072848
6.22164900662
5.54296688742
2.98245695364
4.28997350993
3.73972847682
4.83666887417
3.51877483444
2.5780397351
1.24627152318
1.58429801325
2.0921192053
4.54245695364
5.52647682119
2.31585430464
1.71844370861
2.00255629139
4.07075496689
2.1351192053
1.7279602649
4.18317880795
4.93747682119
7.18829801325
5.17843046358
2.32335761589
2.43372847682
2.52885430464
7.80412582781
7.608
2.85060927152
1.13939735099
4.93744370861
6.17601986755
7.71525165563
3.35812582781
1.34486754967
3.36645695364
2.79801324503
2.83547019868
4.2101192053
4.68269536424
1.57751655629
1.23599337748
2.22297350993
3.29873509934
3.42002649007
4.34173509934
7.15770860927
3.34133774834
5.43591390728
4.71531125828
4.1089602649
5.51460264901
4.10452317881
3.32917218543
4.26367549669
5.25641721854
6.39562913907
4.98279470199
6.29291390728
6.43036423841
7.41898675497
4.70935761589
2.93382781457
4.78737086093
3.00217880795
1.37932450331
1.75448344371
3.87074834437
2.88535099338
5.80337748344
5.42283443709
5.87433774834
5.06530463576
5.69821854305
9.15617218543
6.01535099338
3.61415231788
1.9030794702
4.94879470199
2.37270860927
2.5788807947
1.35857615894
2.51812582781
2.38254304636
2.89735761589
3.0522384106
2.89529801325
3.78312582781
3.80552317881
3.1497615894
2.75456291391
1.46185430464
1.44356953642
2.227
2.14015231788
1.39925165563
1.84563576159
1.49526490066
1.8460397351
2.93587417219
2.62498675497
3.86480794702
1.23249006623
1.92760927152
1.79777483444
1.8631192053
3.19284768212
4.4938410596
4.41136423841
3.2002781457
2.8249602649
3.19843046358
4.37813907285
2.68560264901
2.26774172185
2.88678807947
1.57152980132
2.1219205298
2.47786754967
2.63815231788
3.1340397351
2.35870198675
4.88115231788
7.33283443709
6.26915231788
6.06641721854
4.03570860927
3.75235099338
3.18998013245
1.98466887417
3.04147019868
5.30015231788
3.24691390728
1.9351192053
2.8587615894
2.58363576159
1.57408609272
3.88606622517
6.45929139073
4.06413245033
1.89721192053
2.41341721854
2.09083443709
2.96129139073
3.01355629139
2.72284768212
2.85203311258
2.55884768212
2.46762251656
3.42154966887
2.48859602649
2.2621589404
3.0667615894
2.33198675497
2.34013907285
1.77456291391
1.18010596026
1.61386092715
2.24140397351
4.30998013245
3.24235761589
2.88241059603
1.52415231788
2.46922516556
4.79992715232
4.4677615894
2.99013907285
1.87163576159
3.24130463576
2.04873509934
2.46938410596
2.5258807947
2.12929139073
4.28615231788
5.13206622517
2.70894039735
2.16817218543
2.16595364238
3.07396688742
2.29523178808
3.60358278146
1.99665562914
2.53465562914
2.85304635762
1.81534437086
2.02649668874
1.95470860927
1.89968874172
2.31260264901
1.58461589404
2.39078145695
3.28718543046
2.11488741722
1.62306622517
2.32201986755
3.4499602649
1.79556291391
1.79713907285
1.57197350993
3.30587417219
3.1591589404
1.75166887417
1.91990066225
1.7551986755
1.46959602649
1.33325827815
2.20682119205
1.80741721854
2.23155629139
2.30896688742
1.98650993377
1.89512582781
3.51416556291
2.83986754967
2.83416556291
3.20217218543
1.40824503311
1.48160927152
1.28956953642
1.74693377483
2.11449668874
2.87217218543
3.23770198675
3.9231192053
1.77118543046
1.50156953642
0.93582781457
1.6961589404
2.63454304636
1.48569536424
1.25256953642
1.47782781457
1.51578145695
2.05726490066
1.75786754967
2.04753642384
2.85650331126
2.24450993377
1.68690066225
2.35680794702
1.62494039735
2.40180794702
1.25564238411
2.95764900662
2.01920529801
1.3558410596
1.36490066225
1.456
1.60670860927
2.30413907285
1.74474834437
2.63918543046
2.30533774834
2.31354966887
1.6950794702
4.0510397351
2.77362913907
2.35570198675
2.43008609272
2.79445695364
2.08904635762
1.75486754967
2.25194039735
2.28043046358
1.75640397351
1.40295364238
1.97732450331
3.46977483444
1.19347019868
1.64950993377
2.32443708609
1.37449006623
1.20466887417
1.88216556291
1.82258940397
1.55921854305
0.872370860927
1.31960927152
3.01868211921
3.41754966887
2.60157615894
1.79304635762
2.61628476821
2.91488741722
1.60905298013
1.49627152318
2.53806622517
2.9079205298
5.80929801325
4.56673509934
4.83548344371
3.03801324503
2.99474172185
2.19618543046
2.81699337748
3.82358940397
5.17721192053
5.19808609272
3.83182119205
3.48858940397
4.03101986755
5.02404635762
3.90162251656
3.89833112583
3.45160927152
2.13706622517
2.44488741722
3.82298675497
0.783231788079
2.49331788079
2.31977483444
0.959430463576
1.03292715232
1.9101192053
2.23313245033
2.20627152318
3.46605960265
1.78635761589
2.99386754967
2.93913907285
3.58721192053
3.82652317881
3.40741721854
4.37088741722
4.59800662252
4.05577483444
3.99119205298
4.36086754967
2.6560397351
2.85178807947
4.55062913907
6.57439072848
4.83764900662
4.43631125828
4.28524503311
2.41898013245
1.3761986755
0.651927152318
0.875920529801
1.5361589404
1.52649668874
2.64291390728
2.06564238411
2.01449006623
2.03796688742
1.36375496689
3.47025827815
3.42287417219
1.98431788079
1.91560264901
2.22170198675
1.23078145695
0.820668874172
1.20836423841
1.08232450331
0.641973509934
0.800178807947
1.57905960265
3.06769536424
3.5607218543
2.1341986755
2.98709271523
2.40850331126
1.40858278146
1.11431788079
2.08080794702
2.9442781457
2.80725827815
2.08349006623
2.84041059603
2.31619205298
3.68401986755
6.22898675497
8.49526490066
3.72532450331
2.80525827815
3.2148807947
1.26620529801
1.07513245033
0.83838410596
1.07918543046
1.59848344371
2.01798013245
1.87430463576
3.39169536424
5.25883443709
3.07344370861
1.69060927152
1.55782119205
1.41085430464
2.30125827815
1.42474172185
1.3360397351
1.27641721854
1.67401324503
1.77401324503
2.81590066225
1.54897350993
3.49989403974
4.42185430464
2.61102649007
4.89960264901
5.12579470199
4.32819205298
5.20792715232
3.17744370861
3.6539602649
4.60485430464
5.68057615894
6.06523178808
7.87694701987
5.02595364238
3.25260927152
3.2781986755
4.52209933775
5.40618543046
2.79770198675
1.67994701987
6.60960927152
4.52917218543
7.85270860927
6.02558940397
6.18638410596
6.09709933775
7.19436423841
4.78234437086
1.39923178808
1.02676821192
2.47480794702
4.28328476821
3.95336423841
5.42733774834
2.84185430464
1.80905298013
1.86049668874
1.57693377483
3.38920529801
2.74901324503
3.05485430464
2.1317218543
3.53625165563
5.16708609272
3.70795364238
3.99684768212
5.55089403974
5.38051655629
4.36833112583
4.31300662252
1.5908807947
2.76694039735
3.12842384106
2.955
2.34058278146
2.22435099338
2.30579470199
0.725304635762
2.67360927152
4.67200662252
2.25467549669
2.25068211921
1.62445033113
1.639
3.17486092715
4.46821854305
3.4057218543
2.57799337748
1.59335099338
1.02293377483
0.687602649007
3.44415231788
2.75290066225
1.44901986755
1.80262913907
1.43266225166
2.64621192053
3.38993377483
2.25386754967
1.42148344371
0.928357615894
2.05752317881
2.79857615894
2.39550993377
3.07778807947
3.32500662252
4.79240397351
4.46605298013
4.08270198675
2.36978807947
1.72998013245
1.85349006623
1.31190728477
3.19855629139
1.49609933775
3.16571523179
3.82268211921
4.49966225166
3.83169536424
1.84761589404
1.76905960265
3.27259602649
3.37291390728
2.1762384106
0.713947019868
1.2668807947
1.24777483444
1.90290066225
1.17713907285
1.09697350993
3.14754304636
1.56666225166
1.56797350993
1.10636423841
1.9908807947
3.1120794702
2.16884768212
1.61527152318
1.11407284768
1.1008410596
1.23085430464
1.00188741722
1.45623178808
2.79575496689
2.99038410596
1.61847019868
3.28105960265
3.19063576159
3.77635099338
3.81773509934
3.61469536424
2.2448013245
2.49865562914
1.42221854305
1.50513907285
2.65558278146
1.92626490066
3.27501986755
2.72405960265
1.80179470199
2.60909271523
4.25974172185
4.63094039735
2.80168874172
1.88675496689
1.5228807947
2.16354304636
3.05971523179
2.02540397351
2.49294701987
3.11179470199
3.40611258278
3.71301324503
1.63398675497
1.93582119205
1.91896688742
1.51655629139
1.66252980132
2.51894039735
2.52883443709
4.18845695364
2.00625165563
2.77429801325
2.29168874172
3.90568874172
2.21944370861
1.70255629139
2.59643708609
3.35161589404
2.54871523179
3.00290066225
1.98837748344
2.36119205298
1.38863576159
3.19289403974
3.35920529801
2.64966887417
1.66635099338
1.05833774834
1.58356291391
1.12759602649
1.3749602649
2.15351655629
3.54444370861
5.09682119205
3.01739735099
3.90363576159
2.83219205298
3.27560927152
1.59213907285
2.23801324503
3.10078145695
1.67435099338
1.52363576159
2.8537615894
2.4669205298
2.3729602649
2.15069536424
1.26300662252
2.2151589404
1.76141721854
1.71790066225
2.1430794702
3.6937615894
3.45673509934
3.70727152318
2.3028410596
2.81386092715
2.50576821192
2.22463576159
2.14912582781
1.80768874172
1.72890066225
1.53539072848
1.71694039735
1.48945033113
1.67033774834
2.638
2.59698675497
2.20117880795
2.34605960265
2.10376821192
2.17255629139
1.58987417219
1.83422516556
2.33163576159
1.86513245033
2.36308609272
1.84220529801
1.37337748344
3.08285430464
2.89405298013
3.3921589404
1.98078145695
1.49409933775
1.14750993377
1.17450993377
1.71960264901
1.29519205298
1.04264900662
1.07086092715
0.823562913907
0.86942384106
0.929834437086
1.76819205298
1.18350993377
1.41412582781
1.78045033113
1.75710596026
0.985754966887
0.976390728477
1.98445695364
2.94462913907
3.23774834437
3.87845033113
2.30523178808
4.13560264901
5.00869536424
2.29109271523
1.91629139073
3.32192715232
3.26341059603
4.48680794702
5.68414569536
4.19937086093
3.33449668874
1.48411258278
1.47749668874
1.2997218543
3.25740397351
1.37712582781
1.86903311258
2.38611258278
2.59104635762
3.11554966887
3.10552317881
2.12453642384
2.12095364238
3.11781456954
3.79989403974
2.13239072848
1.11458278146
0.852245033113
2.2587218543
2.45858278146
2.86203311258
1.79699337748
2.07870860927
1.96611258278
3.03362913907
3.58170198675
4.06736423841
3.85320529801
1.28133112583
1.98355629139
2.03996688742
1.40168211921
2.40136423841
2.55235099338
0.881841059603
2.41463576159
5.17307284768
4.3090397351
7.09241059603
4.06552980132
4.96243046358
4.95641059603
1.95011258278
3.4361986755
3.38028476821
1.09923178808
0.787894039735
2.16635099338
1.1208410596
1.83277483444
1.12500662252
1.91556291391
3.28492715232
1.79104635762
2.04648344371
1.58144370861
1.21964238411
1.1942384106
2.39193377483
1.69250993377
2.62286754967
2.63869536424
2.12231125828
2.1850794702
2.54634437086
4.27068874172
2.70742384106
2.28566887417
1.85687417219
2.69670198675
3.62194701987
5.6100794702
7.80882781457
8.38088741722
4.33547682119
2.18391390728
2.71662913907
3.5231192053
1.82703311258
1.28199337748
1.88187417219
1.68496688742
1.23665562914
2.52137086093
3.05540397351
3.66599337748
2.15778145695
2.97563576159
3.18131788079
3.57635761589
2.39606622517
1.32436423841
3.09198675497
1.91153642384
1.82358278146
1.59668211921
1.98809271523
3.07681456954
4.31166887417
5.05143046358
4.77447682119
2.39969536424
2.48064900662
3.11041059603
1.61846357616
2.17288741722
1.30533774834
1.9368013245
0.701721854305
1.70654304636
2.96728476821
3.74678145695
2.42950331126
1.75229139073
1.8791192053
2.2760794702
1.88464238411
2.25167549669
1.13421192053
3.88719205298
1.63013245033
1.30252980132
2.67349006623
2.81288741722
3.53504635762
3.80880794702
1.86405298013
0.866960264901
0.659231788079
0.650860927152
1.37817880795
1.7242384106
3.82338410596
2.60456953642
3.86547682119
5.18935099338
3.80321854305
2.68504635762
2.28408609272
3.51831125828
3.43933112583
5.40235761589
4.99345033113
5.96533112583
3.02619205298
1.12946357616
0.920052980132
1.89198013245
1.99370860927
4.42619205298
5.45825165563
4.00665562914
4.70778807947
3.8211589404
1.65000662252
1.08644370861
2.08169536424
1.35390066225
2.42559602649
2.45124503311
1.25458940397
1.52078145695
2.10637086093
1.81803311258
2.55982119205
2.59765562914
0.87798013245
1.18737748344
0.764523178808
1.00978807947
1.69592715232
1.89764900662
2.35556953642
2.51194701987
1.30025827815
1.66531788079
0.921456953642
1.04615231788
1.7568013245
1.67725827815
1.46013245033
2.91165562914
0.973231788079
2.20598013245
2.91225827815
1.71040397351
2.14686092715
4.50155629139
2.58913245033
2.54366887417
2.46016556291
1.22961589404
2.21959602649
2.0352781457
2.95413245033
5.61577483444
4.26436423841
4.79854304636
5.84195364238
5.40417218543
4.62121854305
2.98121854305
4.74774834437
2.81842384106
2.77679470199
1.99539072848
2.95934437086
4.05835099338
5.14102649007
3.00321854305
2.22352317881
3.62305960265
6.22714569536
4.40609933775
5.2832384106
3.3728013245
2.0282384106
1.03811258278
1.88421192053
1.70162251656
2.69745033113
3.71593377483
3.14410596026
3.85676821192
3.05117218543
3.01730463576
2.03586754967
4.3478807947
4.80078807947
4.44574172185
4.51135761589
4.34540397351
4.90213245033
2.58436423841
1.74547019868
1.67443708609
4.34692715232
5.70095364238
4.29286092715
2.05346357616
1.59825165563
3.17925165563
4.42919205298
3.19203311258
3.22918543046
1.40778807947
2.33257615894
3.07811258278
3.25854966887
2.44143046358
1.8608013245
1.538
1.79649668874
2.39318543046
1.75692715232
1.54982781457
1.67989403974
1.58233774834
1.88513907285
2.97256291391
2.90252317881
2.15562913907
2.24970198675
2.76700662252
2.47474172185
1.80577483444
2.21821192053
2.28462913907
3.53478807947
2.77482119205
4.17174172185
3.437
3.1848013245
4.37684768212
4.3600794702
2.10562913907
3.69849006623
1.66318543046
2.50899337748
1.8070397351
1.991
2.49817880795
1.78635099338
1.82825165563
1.97939072848
2.07588741722
2.32936423841
2.38132450331
3.64982119205
2.47881456954
2.81242384106
2.57662251656
1.64915231788
1.8759602649
1.53215231788
3.311
2.75203311258
1.82581456954
2.14379470199
1.71722516556
1.75608609272
1.63873509934
0.832728476821
1.63917218543
1.10337086093
2.34290066225
2.84154966887
2.23747019868
1.75452980132
2.03403311258
3.15086754967
2.87798013245
2.84220529801
3.22245033113
3.21567549669
1.19943708609
0.995158940397
1.94289403974
3.10745695364
1.82801986755
3.2560794702
4.67395364238
3.06072847682
1.86535761589
2.79347682119
3.6451986755
3.38194039735
5.45303311258
1.45405960265
1.84158278146
2.41580794702
1.4740397351
3.2608410596
2.33382119205
1.72061589404
1.37951655629
1.93932450331
1.70757615894
1.18348344371
1.79844370861
1.84852980132
1.69434437086
2.90850993377
2.51762913907
2.08121192053
2.32637748344
3.05813245033
3.05754304636
2.03864900662
1.50803311258
0.811562913907
1.04128476821
0.981231788079
2.12020529801
2.8361192053
2.76254304636
2.86443708609
3.34262913907
3.60077483444
3.90685430464
3.44075496689
1.9279205298
2.58333112583
1.57509933775
1.47723178808
0.966112582781
1.85270860927
1.69072847682
2.72662913907
3.1927615894
4.34125827815
1.233
2.75073509934
1.66168211921
2.47798013245
3.27528476821
1.12774834437
1.48837748344
1.2430794702
0.77557615894
0.63419205298
1.22267549669
0.932695364238
1.14845695364
1.46492715232
1.97680794702
2.78398675497
2.21002649007
1.10705298013
0.873324503311
2.01647682119
2.71389403974
3.66917880795
3.05102649007
2.79190066225
2.23017880795
1.7108410596
2.12631788079
2.1178013245
1.16050331126
0.748417218543
0.691112582781
1.72088741722
1.41266887417
2.03228476821
3.09202649007
3.95687417219
4.15581456954
4.0192384106
2.28105960265
1.03356291391
1.40393377483
2.34305298013
2.09566225166
2.04745695364
2.21449668874
4.10160927152
2.17231125828
1.25340397351
4.99627152318
4.86208609272
4.48225165563
2.58425165563
5.12452980132
6.00878807947
4.59664900662
2.08580794702
0.849516556291
0.599509933775
0.79180794702
1.05898013245
2.53913907285
6.12574834437
5.95500662252
4.56815231788
2.91042384106
1.36297350993
0.958602649007
1.82013245033
0.839781456954
1.47778145695
3.74304635762
3.50285430464
2.22290728477
1.21512582781
1.92555629139
3.30978807947
3.40442384106
2.92125827815
3.78758940397
6.05333774834
4.68929801325
1.05056953642
1.69890728477
2.47833112583
2.01158278146
1.19231125828
2.98419205298
3.28637748344
3.60081456954
3.66722516556
3.89736423841
3.91383443709
3.94383443709
3.68052980132
4.00669536424
2.30739072848
1.84428476821
2.96311258278
3.53019205298
4.23778807947
3.26278807947
2.98928476821
2.0788410596
1.19170860927
1.03329139073
2.50465562914
2.77413907285
3.35352980132
2.24910596026
3.62019205298
2.75234437086
0.840152317881
2.21217218543
2.20020529801
3.1811986755
2.96568874172
4.10609271523
4.24498013245
5.37186754967
4.78885430464
2.79658940397
2.76526490066
4.13382119205
5.78693377483
5.48921854305
5.71342384106
5.9398013245
5.07053642384
3.43328476821
2.99733774834
1.84167549669
3.18282781457
3.55513907285
2.51793377483
4.40898013245
6.32576821192
6.37368874172
4.46662251656
5.36264900662
5.0659205298
3.4559205298
4.00549006623
3.36325827815
2.15659602649
3.59259602649
4.13299337748
4.17999337748
4.60689403974
4.12244370861
4.09089403974
3.77160927152
3.50709933775
5.97514569536
3.1487615894
2.61509933775
1.87314569536
1.01070860927
0.96657615894
2.66935099338
1.3862781457
3.41449668874
3.92221854305
3.69571523179
5.25851655629
4.84754304636
3.98247682119
2.84017880795
3.67473509934
4.28370198675
1.94454304636
1.70029801325
2.65639072848
1.79598675497
1.37678145695
1.61918543046
2.32575496689
1.44859602649
0.381033112583
2.77151655629
2.1732781457
1.3098410596
1.39578807947
1.32088741722
2.30449006623
2.73701324503
3.35245695364
5.50550993377
4.53796688742
5.80609933775
3.97367549669
5.53679470199
5.60913245033
4.81809933775
5.16309933775
4.46466887417
5.76495364238
1.96392715232
2.13058940397
1.80681456954
1.36958278146
2.90051655629
4.99702649007
4.54194039735
5.38737086093
5.31389403974
4.05347682119
1.69040397351
1.89002649007
2.71007284768
3.25921854305
2.44317880795
2.64528476821
1.93917218543
1.64080794702
3.70520529801
3.50809933775
3.80968211921
2.52765562914
1.87038410596
1.80389403974
3.48341059603
2.32986754967
2.88479470199
3.81517218543
3.19053642384
3.18138410596
3.16426490066
2.2052384106
2.48194039735
2.34292715232
1.93019205298
2.45386754967
3.08957615894
2.9569205298
2.90943046358
3.46004635762
2.69321854305
2.58918543046
1.73
2.90828476821
1.9428410596
2.10581456954
1.94721192053
1.22713245033
2.61425827815
2.32732450331
2.78670860927
1.86151655629
2.38941059603
2.52547019868
2.08018543046
2.21874834437
1.85417880795
1.94962251656
3.10029801325
1.51272847682
1.5761192053
1.26174172185
3.16552980132
2.72560927152
2.6038410596
4.99025165563
4.48490728477
2.33068211921
1.84874172185
2.64305960265
1.81272847682
2.76222516556
2.97848344371
4.26735099338
5.0430397351
3.10790728477
1.7420794702
1.5500794702
2.89882119205
3.47735761589
3.17886092715
2.17707284768
3.51937748344
2.27640397351
1.78447682119
2.00085430464
1.47858278146
1.87500662252
3.06629801325
2.39456291391
1.04283443709
0.833456953642
2.16886092715
2.01864900662
2.79586754967
2.28873509934
2.28718543046
1.97809933775
2.56082119205
2.43590728477
2.45427152318
1.86330463576
2.07063576159
2.18374172185
1.34841721854
1.2061192053
1.85999337748
2.90870860927
2.03664238411
1.42939072848
1.31321192053
2.18048344371
2.72395364238
4.08718543046
3.26112582781
2.75139072848
1.59123178808
1.27768874172
3.14096688742
1.58856291391
2.96771523179
2.03260927152
2.41434437086
2.45990066225
1.95878145695
2.85635099338
1.72001324503
2.68613907285
2.24824503311
1.05480794702
1.48245033113
1.55282119205
1.46002649007
1.09493377483
1.48327152318
2.05935761589
2.66350993377
1.80821854305
1.71149006623
1.95401324503
2.72962251656
1.38674172185
1.69894701987
2.73096688742
1.37601324503
1.51549668874
3.5918013245
5.39282781457
2.61130463576
2.88431125828
3.72969536424
2.35347682119
2.90925165563
3.75447682119
3.81492715232
2.61616556291
2.04637748344
2.39947682119
2.48345033113
2.5249205298
1.63178145695
0.99442384106
0.980867549669
1.59015231788
2.42522516556
4.29549006623
3.26930463576
3.08072847682
4.19786092715
2.23829139073
1.09794701987
1.0388013245
2.16290066225
2.39298675497
1.97266225166
2.29529801325
2.7251986755
1.55886754967
0.637350993377
0.718841059603
1.52662913907
1.52192715232
1.60947682119
2.07841721854
1.13778807947
0.99442384106
0.893331125828
2.06127152318
2.0047218543
1.73730463576
1.61654966887
1.7570794702
1.49102649007
2.74686754967
1.06845033113
1.1199602649
0.843139072848
1.44174834437
2.31287417219
2.44462913907
3.89330463576
5.86070860927
5.42490066225
3.96081456954
4.17687417219
3.25273509934
3.95801986755
3.74121192053
2.41337086093
3.99432450331
2.72688741722
1.87073509934
3.84100662252
3.74610596026
3.23433112583
0.981516556291
2.22145695364
3.72335761589
3.29282119205
3.05892715232
3.89987417219
2.57538410596
3.47412582781
2.98145033113
1.56629139073
1.51855629139
1.99407284768
2.06716556291
1.63262251656
1.94558940397
4.6991192053
5.62154966887
4.1849205298
2.10312582781
3.36984768212
3.57105960265
5.16872847682
4.47043708609
4.24162913907
2.39189403974
1.05056291391
0.921410596026
2.1782781457
4.1560397351
3.33102649007
3.74425165563
3.99458940397
4.19371523179
3.10664900662
1.91386092715
1.95394701987
1.7830397351
1.5548807947
1.59349006623
2.52624503311
3.52660264901
2.04810596026
3.2889602649
5.55167549669
4.19107284768
5.06966225166
7.13188741722
3.61090728477
3.6267615894
2.85147682119
2.29935761589
1.75547019868
3.51745695364
2.80024503311
3.24477483444
4.16423178808
6.19445033113
5.12124503311
5.31166887417
2.65629139073
4.45405960265
2.18843046358
2.85669536424
5.12898013245
3.44690066225
2.41259602649
2.9172781457
3.25315231788
4.92601986755
3.05098675497
2.45889403974
2.95347019868
6.99417880795
8.20808609272
4.76930463576
3.19319205298
3.6391589404
2.61761589404
1.89752980132
1.63163576159
1.66186754967
2.75041721854
1.80294039735
3.06441721854
3.21586092715
1.33441721854
2.76479470199
2.65556291391
1.0639205298
0.919245033113
1.35482781457
1.26743046358
1.68575496689
1.16506622517
1.74336423841
4.96349668874
3.54860264901
2.96613245033
1.84979470199
2.70291390728
1.52355629139
1.26239072848
1.70433112583
2.11104635762
3.34927152318
1.70684768212
1.48171523179
2.68488741722
2.99209271523
6.44744370861
3.88394701987
1.60337086093
2.36307284768
1.77258940397
2.29442384106
1.39360927152
3.03163576159
1.78622516556
2.35828476821
4.23460264901
3.34662251656
1.07796688742
0.761874172185
1.64283443709
2.68749668874
3.29655629139
4.56385430464
3.85998013245
4.26926490066
3.43778807947
2.81495364238
3.26233774834
2.88265562914
3.67088741722
3.20669536424
4.50458278146
3.10468874172
3.05905298013
3.16459602649
2.61931788079
2.98072847682
3.00422516556
2.24617880795
3.03461589404
5.77347682119
6.10343708609
3.05898013245
2.12867549669
1.40594701987
1.58398675497
2.12478145695
4.38059602649
3.78488741722
3.18550331126
2.56454304636
2.499
2.78298013245
1.07074834437
1.98289403974
3.32523178808
2.26066225166
1.23735099338
1.26648344371
1.46164238411
1.44403311258
1.40004635762
1.05615231788
1.43240397351
3.85870860927
3.05478807947
1.84182781457
1.27459602649
1.03436423841
1.45367549669
2.5148807947
3.35609271523
2.0507615894
2.10868211921
1.85056291391
2.04395364238
2.41022516556
2.36091390728
3.42350993377
3.78146357616
3.84735761589
2.72583443709
2.16733112583
2.14754966887
2.91225827815
3.3642384106
4.87583443709
2.58585430464
3.98358940397
3.88328476821
2.90444370861
1.71605298013
1.60799337748
2.11820529801
3.30936423841
2.4008013245
1.46941059603
1.46002649007
1.82649668874
1.94645695364
1.31618543046
2.80647682119
2.58598013245
1.8297615894
1.91694039735
1.63323178808
2.4091192053
1.65158940397
2.30058940397
2.71390066225
2.72831788079
3.62683443709
3.94434437086
5.68070198675
3.00893377483
2.36939735099
2.65835761589
1.24312582781
1.6907615894
2.12101986755
2.9471986755
2.61043046358
2.86458940397
2.74485430464
2.23325827815
1.31709271523
1.83864900662
2.05429139073
2.68353642384
2.18345033113
2.1688013245
2.14031125828
2.94165562914
1.77374172185
1.38876821192
1.78652317881
2.00930463576
2.80006622517
3.10858940397
3.09773509934
3.01980794702
2.26360927152
1.70568211921
1.53042384106
2.56990728477
2.03058278146
2.92445695364
2.75499337748
1.6650794702
2.37598013245
2.58561589404
1.49279470199
3.64162251656
2.44935761589
2.43017880795
2.6101589404
2.61894701987
1.54834437086
1.97217880795
2.12664900662
2.39158940397
2.81674834437
4.10056953642
2.62192715232
2.33031788079
1.80326490066
2.97383443709
3.99615231788
2.52778807947
2.44764900662
2.53974172185
3.12390728477
2.43448344371
2.43454966887
2.83743708609
1.6571589404
2.43539735099
1.03521854305
1.31196688742
1.68178807947
2.37596688742
2.67318543046
1.51925827815
1.53986754967
1.24356953642
1.89333774834
0.986900662252
1.47566225166
1.57160264901
1.76273509934
2.13612582781
3.90308609272
4.98444370861
3.30675496689
3.00990728477
2.21239072848
1.20984768212
1.85712582781
1.8792384106
1.57909933775
0.624251655629
1.24726490066
1.85499337748
2.81635099338
3.47668874172
1.805
1.98613245033
3.11662251656
2.88941721854
4.65177483444
3.40898675497
3.728
2.11891390728
0.815655629139
1.51942384106
1.45013907285
1.02468874172
2.74029801325
1.79519205298
1.87088741722
2.31574172185
3.03690728477
2.49380794702
1.35026490066
2.20189403974
1.50696688742
1.27425827815
2.8572781457
3.06254966887
3.4338410596
2.66734437086
1.9048013245
1.79539072848
3.74430463576
4.40643046358
6.59604635762
3.98379470199
2.29592715232
2.15904635762
3.00520529801
3.08395364238
2.89966887417
5.01298013245
3.5808410596
1.72205298013
1.24917218543
2.38866225166
2.25326490066
1.80174172185
0.779238410596
2.59698675497
1.50668874172
1.03043046358
3.17725827815
3.00243046358
1.52326490066
1.27609933775
1.02284768212
1.43843046358
1.95027152318
2.24925827815
2.3062384106
1.7212384106
1.11908609272
1.16561589404
1.54590728477
2.29124503311
1.81166225166
2.04349006623
3.56105298013
5.89710596026
4.52545695364
3.94810596026
4.12380794702
4.64068874172
4.1691192053
2.55499337748
4.0087615894
3.74505298013
2.60938410596
2.39182781457
2.34725165563
5.53388741722
3.56425827815
1.68098675497
1.00055629139
1.08237748344
0.734092715232
2.12425165563
4.21980794702
5.03645033113
3.89654304636
2.18239735099
1.4469205298
2.08323178808
2.52928476821
1.2081589404
1.5938807947
2.66950993377
2.60029139073
0.967913907285
2.34090066225
1.56320529801
2.31590728477
2.5702781457
2.77826490066
3.99528476821
3.03108609272
3.08432450331
2.71284768212
2.34202649007
1.15403311258
1.72490728477
2.74868874172
3.03068874172
3.95566887417
3.77944370861
4.33542384106
3.44862913907
2.36343046358
4.6012781457
7.61172847682
6.58752317881
6.14231788079
4.30739072848
4.90729801325
5.25530463576
2.13648344371
2.44354966887
2.48525165563
2.62443046358
1.78454304636
2.16061589404
1.58900662252
2.62004635762
1.96418543046
1.68753642384
1.6018410596
2.4321986755
3.01894039735
2.04499337748
3.42145033113
3.43107284768
3.46168874172
3.87618543046
5.09341721854
2.5510397351
2.04106622517
3.51855629139
2.95028476821
3.32263576159
4.96262913907
6.54668874172
5.17418543046
5.18540397351
3.82509271523
4.71471523179
2.62228476821
5.04356953642
5.37025165563
6.80066225166
4.88045695364
2.12627152318
2.10925165563
2.06962251656
2.05390066225
2.68544370861
4.09523178808
2.75387417219
3.99263576159
2.31263576159
2.27982781457
2.55817218543
3.77387417219
3.38339072848
4.07861589404
3.48767549669
4.05320529801
4.06966225166
4.36434437086
3.40827152318
2.66805298013
4.31852317881
3.03243708609
2.8239602649
3.81495364238
3.84839735099
3.4688807947
1.59380794702
2.85205960265
3.34252980132
3.64220529801
1.98550331126
1.16691390728
3.36156953642
4.68270860927
3.69075496689
2.13983443709
2.7581986755
3.05410596026
1.43609933775
2.80866225166
2.84797350993
3.98594701987
3.60391390728
3.56045695364
4.09891390728
2.77638410596
3.05339072848
2.0628807947
2.86095364238
2.53778145695
1.62988741722
1.76101324503
4.78556291391
4.60747019868
5.38147019868
3.65363576159
2.00544370861
1.81903311258
2.73976821192
2.33757615894
1.85294701987
3.73594701987
1.39147019868
2.20916556291
2.36869536424
1.87554966887
1.62053642384
1.70299337748
2.52192715232
2.9231192053
2.63060264901
4.00401324503
2.64517218543
2.69194039735
2.82012582781
3.61470860927
2.30345033113
1.45650993377
1.18963576159
1.76792715232
2.60259602649
3.30283443709
3.44870860927
1.92160264901
2.65306622517
4.34240397351
4.41164238411
2.60887417219
3.5391986755
4.68079470199
5.41732450331
5.40112582781
5.13658278146
4.74331125828
2.29302649007
2.07514569536
2.38747019868
2.25934437086
2.90548344371
1.84744370861
2.08181456954
2.79047019868
1.61725165563
1.80046357616
2.69647019868
2.62898013245
2.14821854305
3.44987417219
3.24854304636
3.74556291391
2.72283443709
2.82998013245
3.34591390728
2.44866225166
1.89807284768
3.00798675497
1.5581589404
1.57333774834
1.12010596026
1.11148344371
2.77662251656
4.21045695364
2.24336423841
1.7640794702
1.94874172185
2.69866887417
2.54319205298
2.22534437086
2.65330463576
1.76878807947
1.58465562914
2.31409933775
2.00847682119
1.72837748344
1.18884768212
1.46941059603
1.28945033113
1.06635099338
1.98074172185
2.30723178808
3.14473509934
3.38290066225
4.29061589404
3.76656291391
4.2138013245
3.39564238411
2.99966225166
2.53221192053
2.97019205298
2.22733774834
2.83952980132
1.32684768212
2.09939072848
3.44407284768
3.18723178808
3.80168211921
3.46431788079
2.77554304636
1.75728476821
1.80377483444
1.63403311258
3.38158278146
2.76773509934
2.92132450331
2.84223178808
2.61486092715
1.88447682119
1.88028476821
2.75415231788
2.81147019868
1.95017880795
1.20174834437
1.40942384106
2.18649668874
1.40055629139
2.19763576159
1.12731788079
1.1388013245
1.50358278146
1.78835761589
0.944476821192
2.17629139073
2.89347682119
2.84317880795
1.76294039735
2.48048344371
1.80183443709
1.34080794702
1.15779470199
2.88918543046
3.55028476821
3.89543708609
2.55547019868
1.83411258278
2.94925827815
3.15109933775
3.45672847682
1.95135761589
2.98666225166
2.33004635762
2.13838410596
2.11036423841
2.99816556291
3.62364238411
3.38450993377
2.26513245033
2.10615231788
1.69878807947
1.68506622517
2.21958278146
1.08796688742
1.23549006623
2.13209933775
3.43549006623
3.78447019868
2.08683443709
2.11942384106
1.86664900662
2.18510596026
2.49387417219
1.44858940397
1.07358940397
1.00410596026
1.77212582781
4.4829602649
6.19615231788
3.91765562914
4.42747019868
3.48238410596
4.3421192053
3.27200662252
1.47472847682
2.74725165563
2.48222516556
1.08924503311
1.11178145695
2.56647019868
5.34764238411
5.88042384106
6.35193377483
6.24674834437
3.91005960265
2.49732450331
1.33016556291
1.51498013245
2.67198675497
2.32868211921
3.07577483444
2.13644370861
2.03387417219
3.43339072848
2.1227615894
1.26707284768
0.807490066225
1.2282384106
1.73435761589
1.67496688742
2.6788013245
3.02275496689
2.2069205298
2.3711192053
1.13367549669
2.11911258278
2.48960927152
2.60723178808
1.95367549669
3.03486092715
1.9009205298
1.11229801325
1.08049668874
2.44759602649
1.93493377483
1.57725165563
1.96874834437
1.89504635762
3.24358278146
3.31078807947
2.97067549669
1.23625165563
2.1142384106
3.45332450331
2.15190066225
2.25890728477
4.02670860927
2.53291390728
2.88542384106
2.60886754967
2.54558278146
1.47684768212
1.74172847682
3.88767549669
4.42761589404
2.33882119205
2.88917880795
4.03156953642
1.85535761589
4.1910397351
4.60634437086
3.68066887417
3.58754966887
2.36654966887
2.228
2.69266887417
3.19744370861
3.80346357616
2.4140397351
3.43808609272
1.49078807947
1.52543046358
2.87613907285
3.4991986755
4.77349006623
2.80931125828
3.48805298013
3.71931788079
4.74100662252
4.89699337748
1.84731788079
2.32744370861
3.20225165563
1.53691390728
1.61106622517
2.34134437086
2.0988013245
1.55320529801
1.27636423841
2.15254304636
3.33528476821
3.28763576159
1.97762913907
2.1907615894
2.46654304636
3.29877483444
3.67418543046
1.68044370861
3.79937086093
3.16840397351
3.28778807947
4.03859602649
2.65985430464
3.30382119205
1.61747682119
1.50152317881
2.57117218543
3.63454304636
1.65026490066
2.19163576159
2.13379470199
2.61770860927
1.41030463576
1.81861589404
3.08009933775
2.54753642384
3.19819205298
2.03652980132
2.44490728477
2.51897350993
3.30413907285
3.69714569536
3.99521854305
3.71528476821
2.53918543046
1.35341721854
1.36741059603
3.16750993377
2.9850794702
3.63525827815
3.36666887417
4.28032450331
4.9631986755
3.06654304636
1.95941059603
4.35874172185
4.50260927152
3.50012582781
1.02618543046
1.87889403974
2.73948344371
1.6792384106
4.39950993377
5.35572847682
4.79452980132
3.73701324503
5.86281456954
4.00146357616
1.99409933775
2.43606622517
2.13309271523
1.80165562914
1.67160264901
2.79982119205
2.24430463576
2.4230397351
2.2138410596
2.52181456954
4.10668874172
3.97377483444
4.66209271523
2.28613245033
3.63948344371
1.30201986755
2.89577483444
2.21479470199
3.90658278146
4.5108013245
4.93221192053
6.68901324503
3.7281986755
1.45659602649
2.16391390728
2.45220529801
1.91008609272
2.35398675497
1.14880794702
3.59405298013
4.47990066225
5.33147682119
6.91626490066
5.60070198675
4.25229801325
3.56247019868
1.9502781457
2.01256291391
1.64478145695
4.1489602649
2.12884768212
2.0668410596
2.44417218543
1.99974834437
2.33151655629
3.85082119205
1.52713245033
2.58243046358
1.95925165563
1.78992715232
2.55408609272
2.36855629139
2.33401986755
1.9407615894
3.05860264901
1.81208609272
2.70080794702
2.01354304636
1.45971523179
1.54694039735
1.0730794702
1.78809271523
1.97205298013
1.5118410596
4.52227152318
2.09219205298
1.18322516556
2.59568874172
1.87220529801
2.37341059603
3.685
3.04625827815
1.4298410596
1.63968211921
1.52948344371
1.84744370861
3.15885430464
1.66102649007
2.46793377483
3.74973509934
4.95266225166
3.63818543046
2.93974172185
2.52057615894
1.17754966887
2.91833774834
2.19966225166
1.39766887417
2.18649668874
1.95553642384
1.46237086093
2.54290728477
1.95545695364
2.13080794702
2.18504635762
1.79841721854
2.40163576159
1.93949668874
1.80056953642
1.55186092715
1.83457615894
3.26386754967
3.26161589404
2.52966887417
1.78315231788
1.64047019868
2.35167549669
2.33435099338
2.80491390728
2.07452317881
1.39062913907
1.40228476821
2.20445695364
1.27364238411
1.42077483444
1.41765562914
3.21933112583
2.67892715232
3.08908609272
1.9620794702
1.92078807947
2.24750331126
3.04450331126
4.46943708609
3.67243046358
2.55730463576
2.45566887417
1.81104635762
2.26181456954
1.81774834437
2.05237748344
1.7540794702
2.12715231788
3.18511258278
2.68753642384
3.09111258278
2.38350993377
3.43251655629
2.06015231788
1.84220529801
1.38874834437
1.74029139073
1.30984768212
1.57238410596
1.1238410596
1.31349668874
2.02841059603
1.12250993377
1.58725827815
3.08807284768
3.63007284768
2.60306622517
2.66239735099
2.11649006623
2.14357615894
1.18049006623
1.31266225166
1.97314569536
1.05059602649
1.1048807947
2.16632450331
3.57555629139
2.97752980132
1.68409933775
2.52832450331
3.07070198675
2.39537748344
2.23835099338
1.405
2.12310596026
1.34288741722
1.32944370861
1.69080794702
2.27618543046
2.55956953642
2.65526490066
1.15594701987
3.57330463576
3.99439735099
2.67755629139
1.29131125828
0.905072847682
1.37893377483
1.35723178808
1.58440397351
1.56867549669
0.942430463576
1.03894701987
1.36041721854
2.58982781457
3.42091390728
2.08732450331
3.72417218543
2.93283443709
1.78079470199
3.21415231788
2.80988741722
3.15232450331
2.29932450331
2.042
2.02831125828
1.46208609272
1.25394701987
1.49866887417
1.51617880795
1.29845695364
1.44089403974
1.7209602649
1.82267549669
1.83325827815
2.01183443709
2.19056953642
2.09421854305
2.90560927152
2.49529139073
0.736880794702
1.3111192053
2.23385430464
2.88733774834
2.12639072848
1.4052384106
2.35860927152
2.71233774834
3.0430794702
4.13859602649
3.45456291391
2.29168874172
2.53068874172
1.94097350993
1.23329139073
1.45813245033
3.37386754967
4.93532450331
3.30558278146
2.51329801325
2.45860927152
2.20308609272
2.16350993377
1.8027615894
3.40084768212
4.84382119205
5.28912582781
2.626
1.77017880795
1.89313245033
1.57586754967
2.9219205298
3.16460927152
2.50866225166
2.06982119205
2.60812582781
3.1550397351
3.06425827815
1.70935761589
0.812410596026
0.92419205298
2.08433774834
2.39550993377
3.13560264901
4.00617880795
2.8449205298
1.28439735099
1.35806622517
0.836867549669
2.2320794702
2.05462913907
2.68449006623
2.1497218543
3.69590066225
3.01715231788
2.0180794702
0.88161589404
1.68649006623
0.97259602649
0.73219205298
0.558231788079
0.860728476821
1.22610596026
2.03850331126
1.85798013245
1.26765562914
1.83557615894
1.35048344371
2.73568874172
3.2701192053
4.36427152318
5.82354966887
4.42356953642
3.03550331126
5.64891390728
4.64285430464
5.30863576159
4.21455629139
6.26846357616
3.62513245033
4.31960927152
2.90344370861
2.02439072848
1.23719205298
2.23365562914
1.89199337748
2.4879602649
1.76848344371
1.65708609272
