2.18605442177
2.20556462585
1.25218367347
0.787836734694
0.91068707483
3.9767755102
4.3549047619
2.44495238095
4.25761904762
4.61606802721
3.92119727891
3.35557142857
2.74531972789
2.09361904762
2.16580272109
1.95996598639
3.7765170068
4.53713605442
3.93027210884
2.39566666667
1.82065306122
2.96659183673
3.69557142857
3.48446938776
3.87784353741
2.38134013605
2.98137414966
2.91729931973
2.38370068027
3.26819047619
5.26018367347
4.60661904762
3.50720408163
2.8945170068
2.91906122449
1.33761904762
2.64417006803
3.70057142857
1.63201360544
4.8392585034
5.5547414966
2.6629047619
1.37208843537
3.30928571429
5.54445578231
6.38184353741
5.75158503401
1.13770748299
2.94841496599
3.26102721088
1.62395238095
1.36750340136
2.23324489796
2.60413605442
1.72823129252
1.3153877551
2.60843537415
2.38583673469
3.38710204082
5.39360544218
4.11465306122
3.71363945578
1.40046258503
1.75550340136
4.18297959184
3.22134013605
6.719
3.74440816327
2.65220408163
4.05100680272
3.27314285714
3.33546258503
4.50082312925
2.85311564626
3.73458503401
3.16536054422
2.6228707483
2.32723129252
4.56227891156
5.02765306122
3.73136734694
1.41653741497
3.63336054422
4.99442857143
5.82881632653
5.37358503401
2.40969387755
3.63968707483
2.77289795918
2.57933333333
4.00453741497
4.0046462585
1.87630612245
1.48876190476
1.35427210884
3.18497278912
2.09553061224
3.34054421769
2.94869387755
3.63006802721
2.40125170068
1.58344217687
2.78421768707
2.38460544218
2.27003401361
3.16148979592
3.34202721088
1.48026530612
2.66397959184
2.8505170068
3.45172789116
5.0052585034
5.1114829932
2.64157823129
1.62706122449
2.83674829932
2.06272108844
3.71723129252
4.53170068027
3.90078911565
6.9979047619
4.46486394558
2.57468707483
2.09655102041
2.71003401361
2.25606122449
2.18865986395
1.79406122449
3.31110204082
2.39978911565
2.47767346939
1.68753741497
1.40434693878
1.32943537415
2.7201292517
4.31445578231
2.54693877551
1.59923809524
4.80593877551
4.84195918367
2.85586394558
3.02718367347
2.6715170068
4.41240816327
3.41178231293
2.72553061224
3.42523809524
2.47236734694
2.31593197279
1.58375510204
2.71042176871
3.28717687075
3.57895918367
2.20243537415
1.75493197279
1.66787755102
1.51234693878
3.19504761905
2.59317687075
2.06259183673
2.74527210884
2.32150340136
3.68118367347
3.70627891156
3.11858503401
2.61802040816
4.37610204082
3.34406802721
2.39652380952
2.17336054422
1.45005442177
1.80884353741
1.98800680272
3.3919047619
2.77991836735
2.08297959184
2.20197959184
1.82582312925
2.86040816327
3.16471428571
2.57866666667
2.11594557823
1.79969387755
2.58168707483
1.84053061224
2.28032653061
2.87108163265
3.62780272109
3.36838095238
2.47952380952
1.37121768707
2.74279591837
1.84193877551
2.62282993197
2.38529931973
2.35937414966
2.5065170068
3.43183673469
3.21221088435
3.15523129252
4.09632653061
3.77866666667
2.62491836735
2.65521768707
2.51048979592
1.97908843537
1.66436734694
1.13142176871
2.68182993197
3.53206802721
3.23395238095
4.23856462585
4.26733333333
2.40450340136
1.77304761905
1.37265986395
1.40638095238
1.50333333333
3.18693877551
3.34740136054
3.52618367347
1.75532653061
1.67778231293
1.5926122449
3.27350340136
2.78224489796
3.28102721088
2.38788435374
2.40758503401
1.78825170068
2.08896598639
3.09917006803
2.2793877551
2.25082993197
3.05263265306
3.0696462585
1.97347619048
3.30187755102
2.56801360544
1.67889795918
1.50369387755
1.92279591837
1.56284353741
2.74013605442
3.57246938776
2.6623877551
1.52652380952
2.42097959184
1.48484353741
1.34582993197
1.38986394558
1.58971428571
2.51029251701
1.55767346939
2.4721292517
2.06927891156
3.57891156463
1.82653741497
3.12226530612
4.21115646259
3.69657823129
2.70210884354
1.85804081633
3.2356122449
2.82247619048
2.24563945578
1.46436734694
2.76538095238
2.18345578231
2.91865986395
2.91106122449
2.69558503401
2.3349047619
4.00041496599
2.64457142857
2.11011564626
1.70570068027
3.71230612245
2.35363265306
1.59508163265
1.65913605442
2.10403401361
1.27713605442
3.13023129252
1.87821088435
3.12902721088
3.17344217687
1.28781632653
1.85825170068
3.72860544218
2.97275510204
1.74813605442
2.51442857143
4.00313605442
5.06082993197
3.82446258503
4.64595918367
5.4621292517
4.6100952381
2.53827891156
1.7240952381
1.38182312925
3.26421768707
2.28595918367
1.80545578231
1.72739455782
6.04053061224
4.77853741497
4.76823809524
3.22478911565
4.43287755102
3.39053061224
1.9638707483
3.18725170068
5.14163945578
1.60480272109
2.29263265306
2.12478911565
2.51380952381
1.47101360544
2.72628571429
2.52691836735
2.8035170068
2.41955102041
1.22579591837
2.42423129252
2.85566666667
3.66001360544
5.66582312925
2.02632653061
3.03183673469
3.38337414966
4.63300680272
4.41331292517
4.39336054422
3.9817414966
3.63846258503
5.5400952381
2.27627891156
3.53882993197
3.56084353741
4.34693877551
5.96270748299
6.07697278912
2.70019047619
2.92060544218
4.41478911565
6.88595238095
6.01556462585
5.6126462585
6.25669387755
2.70010884354
2.27742857143
3.35595918367
6.39397278912
4.45868027211
2.66393877551
2.77702040816
1.71095238095
3.21534693878
5.04450340136
5.17336734694
4.27019727891
3.17759183673
3.29019727891
2.97665306122
1.8251292517
3.74093197279
2.39244217687
2.72859183673
1.16970068027
1.80129931973
2.48938095238
3.30603401361
3.8031292517
5.37812244898
3.42875510204
2.28161904762
2.69647619048
4.8427414966
3.99297278912
2.63792517007
1.21247619048
2.76217687075
3.28531292517
4.44597278912
3.82896598639
1.78676870748
2.61070068027
2.71216326531
3.10336054422
1.51706802721
2.67751020408
5.29202040816
5.99005442177
4.81768027211
4.54393877551
4.70623809524
3.40179591837
4.44272108844
3.34926530612
2.7123537415
3.1377755102
2.76037414966
2.62473469388
2.67970068027
1.99797959184
1.32642176871
1.51261904762
2.07574829932
1.87174829932
1.95988435374
1.84395238095
3.55519727891
2.9945170068
2.341
1.84367346939
1.71355102041
2.30297278912
0.899088435374
2.14433333333
3.43993197279
2.38806122449
2.66833333333
2.81419047619
3.46997278912
4.23250340136
2.65742857143
2.15501360544
3.69349659864
4.60976190476
1.74368027211
2.99470068027
1.44923129252
1.66691836735
2.97829931973
3.35447619048
4.993
4.1425170068
2.21718367347
2.0846122449
5.30214965986
6.02296598639
6.39672108844
4.38710884354
2.61259863946
4.32967346939
2.53506802721
1.78453061224
2.36486394558
3.061
4.70906802721
6.15502721088
4.66423809524
2.56159863946
3.34168027211
5.8047414966
5.15017006803
4.33306802721
3.58032653061
2.71556462585
2.63202040816
3.62755782313
3.50870068027
2.74753741497
1.61430612245
2.27039455782
2.37712244898
1.50489115646
1.86163265306
1.93227210884
2.31939455782
4.07455782313
6.03744897959
3.78118367347
2.60219727891
3.00340136054
5.35815646259
6.34558503401
2.38599319728
2.40605442177
2.55876870748
3.03015646259
1.83940136054
4.34304761905
5.62242857143
5.41537414966
5.69485714286
5.28404761905
4.59138095238
3.4097414966
2.55474829932
1.89340816327
4.00621088435
3.33197278912
4.02020408163
4.53499319728
6.28127891156
6.23467346939
4.83307482993
3.44233333333
2.56270068027
3.01617687075
2.4052585034
1.88333333333
3.03528571429
4.45491836735
2.94667346939
2.5204829932
2.07919047619
1.50197959184
2.0727414966
1.49442857143
1.61519727891
2.53272108844
2.118
2.11474829932
3.56908163265
3.07946258503
3.01267346939
1.84243537415
1.8793877551
1.50651020408
1.58314965986
2.31975510204
1.70849659864
2.68378911565
1.76379591837
1.70853061224
2.82317006803
3.31845578231
3.45153741497
2.66965986395
2.8283877551
3.78713605442
4.60745578231
3.32055102041
2.71545578231
3.43029931973
3.88455782313
3.40889795918
1.94108843537
2.68102721088
3.43885714286
3.23015646259
3.63017687075
3.34417006803
2.36210884354
3.29242176871
1.90451020408
2.34884353741
1.88870748299
3.47236734694
3.52975510204
3.74940816327
3.38625170068
2.37946258503
2.84776870748
3.23596598639
2.95504081633
1.75442857143
3.28317687075
3.30272108844
4.27210884354
4.07396598639
4.14293197279
4.88470748299
2.77694557823
1.67763945578
1.70688435374
2.35249659864
2.99171428571
2.22047619048
2.40301360544
3.39025170068
2.31597278912
1.51465306122
1.46503401361
1.77748979592
2.2027414966
2.4851292517
3.83089115646
3.40757823129
2.09965306122
2.14753741497
1.74654421769
1.07721768707
1.61204081633
3.57073469388
2.51757142857
1.92751020408
3.18793197279
1.93530612245
1.59658503401
1.40149659864
1.62701360544
4.0097414966
5.61308843537
3.95366666667
3.22527210884
3.01265986395
2.14930612245
2.00084353741
1.18586394558
1.56849659864
3.05059183673
4.36347619048
4.15494557823
3.24182993197
1.42110884354
2.74865306122
2.5516122449
2.75793877551
2.65555782313
1.91289795918
2.73750340136
2.70397278912
4.5028707483
4.3766122449
4.13578231293
4.29687755102
5.11287755102
3.15669387755
1.7929047619
2.49604761905
1.51666666667
1.5862585034
1.11329931973
1.03748979592
1.65053741497
1.27415646259
1.09104761905
1.51365986395
1.44153741497
1.22289115646
0.956020408163
2.33561904762
2.9027414966
2.08881632653
2.91755782313
1.31492517007
2.13572108844
2.31930612245
3.78595918367
6.07665306122
5.30798639456
2.93989795918
2.68281632653
4.26153741497
3.66057823129
3.80696598639
1.62352380952
1.84013605442
2.3570952381
2.82708163265
2.43314965986
2.98567346939
2.25708843537
3.24057823129
2.93213605442
3.66878231293
4.52917006803
2.48106122449
2.33243537415
4.48042857143
4.24987755102
5.78742857143
3.50844217687
3.08940816327
5.09237414966
5.75129931973
5.00404081633
4.85163265306
6.15372789116
5.83314965986
1.13933333333
1.0923537415
1.77778231293
1.70134693878
3.42827891156
3.00423129252
2.68327210884
4.43723129252
6.11561904762
5.8665170068
5.21326530612
6.5329047619
4.27246938776
3.25942857143
4.19383673469
4.75673469388
4.6132244898
3.96508163265
3.69121088435
2.22795238095
2.8792244898
3.22189115646
2.57770068027
5.25724489796
2.40751020408
5.12456462585
4.88280952381
2.76504081633
2.65089115646
3.71344897959
1.61385714286
2.77597278912
6.31954421769
6.68583673469
6.01846938776
4.47148979592
7.30339455782
7.22172789116
7.05860544218
4.58625170068
4.04252380952
4.38527891156
3.29872108844
2.92847619048
4.18480952381
3.99855102041
5.73600680272
4.52785034014
5.2304829932
3.72413605442
1.80602721088
3.3632244898
4.93981632653
4.86462585034
6.52242857143
8.44461904762
6.1327755102
8.89095918367
5.88107482993
5.75702040816
2.40180952381
2.14568027211
2.02927210884
5.06131292517
2.5724829932
2.59510204082
4.85244217687
3.08201360544
9.09436054422
5.63459183673
5.75389795918
5.11145578231
2.2127755102
4.3772585034
4.56754421769
1.84331292517
1.20925170068
1.64533333333
2.51016326531
4.66516326531
2.44123129252
1.20902040816
1.57905442177
1.67328571429
1.60644897959
2.49506122449
3.41504761905
4.07305442177
8.35178911565
4.11155782313
4.62324489796
4.55924489796
5.18668027211
6.23054421769
2.98615646259
7.68918367347
4.32682312925
1.79408163265
1.18800680272
1.26721768707
1.18908163265
1.38223809524
1.63699319728
3.68457823129
2.96119727891
1.6622585034
1.61868027211
1.7102585034
1.89396598639
1.41699319728
2.38782312925
3.86626530612
3.38984353741
4.69276870748
2.35217687075
2.25219727891
2.15239455782
2.96600680272
2.34203401361
2.86494557823
7.06805442177
6.98079591837
6.26919727891
3.23303401361
7.99394557823
4.83514285714
4.33482993197
5.99678911565
3.69823809524
1.99776870748
2.54292517007
3.21144897959
6.71121088435
5.24094557823
5.17917687075
7.25140136054
4.56921768707
6.41159183673
4.21457823129
4.80121088435
3.29007482993
4.10247619048
3.80263265306
1.49878911565
3.32621768707
2.79840816327
2.29421768707
1.64095238095
2.0416462585
2.36772108844
2.20023129252
1.58470748299
1.42
1.50357823129
1.26038095238
2.62368707483
1.53392517007
2.43344897959
3.30367346939
1.76266666667
4.46278911565
4.64510884354
2.45806802721
3.72342176871
2.86391836735
4.08750340136
3.82380272109
1.5917414966
3.01002040816
3.1314829932
5.12756462585
3.3406122449
3.92733333333
3.94881632653
5.43144897959
4.18946258503
3.8806122449
1.88988435374
3.45631972789
3.15156462585
2.84659863946
2.80872108844
2.01170748299
1.87302040816
4.69063945578
5.53875510204
2.56846258503
2.01763945578
1.65159183673
1.3350952381
1.89793877551
2.07518367347
1.76023129252
1.61308843537
2.07506122449
2.33880952381
1.83340136054
2.12929251701
2.92392517007
2.77576870748
1.56857823129
3.1620952381
3.35728571429
1.50463265306
1.46053741497
1.5912585034
1.47791836735
1.38879591837
2.99920408163
2.60145578231
3.88627891156
2.67856462585
1.88596598639
3.34421088435
4.15030612245
4.02626530612
2.92839455782
3.16083673469
1.7116122449
4.0071292517
3.79076870748
4.83517687075
3.10606802721
3.2937755102
2.72525170068
1.59175510204
2.6382244898
2.85419047619
1.89394557823
1.93838095238
1.3923537415
1.3486122449
2.27478231293
1.89455782313
6.98763265306
5.4667414966
3.97789795918
2.27608843537
3.13336054422
2.41013605442
1.56123129252
1.5142585034
1.06842176871
1.79842176871
1.9016462585
1.18534013605
1.78457823129
2.78639455782
1.97019727891
2.50182993197
2.29183673469
2.43250340136
3.51561904762
1.68562585034
2.7247755102
1.78121088435
2.96046258503
2.93995918367
2.78893197279
3.41133333333
3.65502721088
3.58963945578
4.06497959184
2.52827891156
2.35548979592
2.52504081633
2.15450340136
2.30781632653
1.75583673469
1.6025170068
1.6017755102
1.6415170068
1.74082312925
1.47953061224
1.55540816327
2.05679591837
2.24386394558
1.78379591837
1.19093877551
1.0303877551
1.00136054422
0.845897959184
2.33894557823
2.92170068027
2.26195238095
2.37785714286
5.12917006803
3.7154829932
3.81498639456
2.98267346939
2.52708843537
2.07518367347
2.62934693878
4.20292517007
2.05985034014
1.52648979592
1.08136734694
0.975605442177
1.52908843537
1.72897959184
1.88359863946
2.03708163265
1.44592517007
0.665136054422
1.46941496599
1.60055102041
1.47239455782
1.61232653061
1.78344897959
1.35566666667
3.14406802721
2.49314965986
3.02027210884
2.17568027211
1.64931292517
2.51695918367
2.78444217687
5.53080272109
3.73993197279
2.81799319728
2.43514285714
1.49379591837
2.84555102041
1.72359863946
2.01318367347
1.78314285714
2.60557823129
1.29121768707
1.79270068027
1.77270748299
5.11304761905
7.68632653061
3.31845578231
3.08071428571
5.8862585034
4.62942176871
3.3489047619
6.42553741497
4.50131292517
3.73131292517
5.42421088435
3.72971428571
2.21372789116
1.20356462585
1.43497278912
2.3963877551
3.20699319728
6.20559183673
1.73404081633
1.6306462585
0.871258503401
2.01640816327
2.75093197279
1.99689795918
1.54504761905
3.74054421769
6.63810884354
3.43385034014
6.33727891156
3.41485714286
5.68682993197
1.47017687075
3.29259183673
4.24982312925
4.6547414966
2.31521088435
2.17504761905
2.18937414966
2.57898639456
5.80506802721
3.73578231293
3.98121088435
4.94756462585
1.84563265306
1.83591836735
3.45638095238
4.85993197279
3.67678231293
6.7892244898
4.83555102041
4.7050952381
5.88329931973
6.52376190476
6.26681632653
4.61582993197
7.2018707483
3.37529251701
3.59602721088
3.57508843537
3.54465306122
1.9325170068
3.0747755102
5.51985714286
5.01054421769
4.51739455782
3.9726462585
2.45395238095
4.47192517007
2.61336054422
1.69750340136
2.82049659864
3.37727210884
4.87275510204
2.81959183673
2.20357823129
2.13328571429
3.30127891156
3.66519047619
1.68985714286
2.39137414966
1.75315646259
1.21293877551
2.10261904762
2.34096598639
1.25259863946
1.7804829932
2.10275510204
3.20365986395
2.78028571429
5.04891836735
2.13045578231
3.8739047619
4.81489795918
5.6966122449
5.51106122449
6.34295918367
2.38386394558
3.70304761905
4.08627891156
1.39040816327
1.43226530612
1.50528571429
0.652870748299
1.04075510204
1.45414285714
0.939496598639
1.24319047619
2.66208843537
1.56484353741
1.40681632653
2.91421768707
2.52195238095
0.835006802721
1.35419047619
4.30882312925
7.05076190476
2.65993877551
4.44807482993
4.21463945578
5.68905442177
3.88695238095
0.962972789116
2.77411564626
2.85440136054
1.86961904762
1.3491292517
2.50597959184
2.75981632653
2.61650340136
2.39184353741
1.45491836735
1.52578911565
1.58210204082
1.27097959184
1.62106802721
1.90856462585
2.61082312925
3.84104761905
4.77870068027
6.33416326531
3.86193877551
2.83244217687
2.71885714286
2.37796598639
0.827897959184
1.31003401361
1.01337414966
2.19757823129
3.48666666667
6.35817006803
4.64715646259
8.7176122449
6.27795238095
2.95536734694
1.93126530612
4.27439455782
1.99801360544
2.18497278912
7.35079591837
6.17468707483
5.8192244898
3.71723809524
4.44792517007
5.31708843537
6.45117006803
3.23691836735
1.95654421769
1.72652380952
2.38440136054
1.32802040816
1.28119727891
2.73470068027
1.86447619048
1.04027210884
0.976591836735
1.25988435374
2.10527210884
2.75765986395
3.34268027211
5.56642176871
2.88572108844
1.37195238095
3.19230612245
1.53459183673
2.33763265306
4.20718367347
5.1012585034
6.45729931973
6.64513605442
5.02405442177
5.24812244898
4.14446258503
2.2332244898
1.30700680272
2.38904081633
2.2208707483
3.33757823129
3.3501292517
1.70194557823
2.20106802721
1.87480272109
2.60062585034
1.98879591837
3.51544897959
2.60668707483
4.37981632653
3.62111564626
2.78118367347
3.72506802721
3.95676870748
5.33954421769
4.17616326531
5.46603401361
5.20458503401
2.98117006803
2.67306802721
4.01634693878
3.05270068027
1.77304761905
1.31186394558
1.94221768707
1.07421088435
1.37519047619
1.15259183673
1.87855102041
1.72792517007
1.89417687075
1.35985034014
1.98137414966
1.65718367347
1.18718367347
3.07237414966
3.41276190476
2.9753537415
2.29566666667
2.22936054422
2.45069387755
2.30470748299
1.90326530612
4.15948979592
2.65753741497
1.27075510204
2.30191156463
1.27121088435
1.10721088435
1.26252380952
1.76597959184
1.84544217687
1.23244897959
2.152
1.93406122449
2.05332653061
3.40753061224
4.08359863946
3.64662585034
2.82319047619
1.73229251701
1.29436054422
2.23491836735
4.01236734694
2.60963265306
1.08032653061
2.1026122449
3.95816326531
3.75482993197
2.15151020408
2.7783877551
3.24549659864
3.43446258503
4.35652380952
3.51903401361
2.5930952381
1.91938095238
3.05556462585
3.80442176871
3.41182993197
1.84279591837
1.88749659864
0.986891156463
1.85093877551
1.85266666667
2.29895918367
2.09679591837
2.52102721088
2.35595238095
1.62003401361
1.98117687075
2.55867346939
2.61026530612
2.6141292517
2.24744217687
1.76853061224
2.4003537415
1.55438095238
2.02630612245
3.06065306122
1.65694557823
1.654
1.76617006803
2.58680272109
3.46082312925
3.34276190476
1.5714829932
3.29519047619
3.56780952381
1.78891156463
1.57095918367
1.33649659864
1.39344897959
1.60070748299
2.84220408163
3.03825170068
1.13771428571
3.58115646259
2.99860544218
3.48669387755
2.24854421769
2.90182312925
2.85072789116
4.64815646259
3.81279591837
3.5726122449
5.20194557823
3.34544897959
2.4522585034
1.51676870748
4.00397959184
3.7997755102
3.60940816327
1.46103401361
1.02034013605
2.53944217687
2.00431972789
2.16584353741
2.49137414966
1.98789115646
2.34795238095
1.49144897959
3.12665306122
2.1363537415
2.44171428571
1.43786394558
2.23994557823
1.28651020408
1.20575510204
1.25836734694
0.747102040816
0.825741496599
0.786979591837
0.83606122449
0.932306122449
2.07555102041
2.44065986395
5.67693197279
1.6062585034
1.61315646259
2.7286122449
2.29929931973
3.44837414966
3.22323129252
1.38008163265
1.63640816327
1.19454421769
1.34920408163
1.44942176871
0.990523809524
1.45955782313
2.7636122449
2.02705442177
2.68596598639
4.57068027211
4.48942176871
1.9124829932
2.98875510204
4.59732653061
3.71532653061
6.57461904762
5.33355102041
2.98472108844
2.29681632653
1.53948979592
1.93268027211
4.20713605442
3.21763265306
2.44091156463
1.38176190476
2.68389795918
1.40915646259
2.14800680272
1.17085714286
2.70084353741
2.63067346939
1.9092585034
3.68692517007
3.01572789116
2.68124489796
0.670380952381
1.02258503401
3.82871428571
4.06219047619
4.07421088435
2.64654421769
4.73655102041
4.55642176871
3.67756462585
3.19976870748
4.54348979592
3.04495918367
1.39766666667
4.95140136054
4.18617006803
5.69502721088
6.67259183673
6.0362585034
3.16155782313
4.63659183673
4.12687755102
5.36886394558
3.9216122449
2.98462585034
1.14592517007
1.70719727891
2.01272789116
4.46715646259
5.5451292517
2.18663945578
1.64782993197
2.14566666667
4.42285714286
2.17434013605
1.77529931973
4.61228571429
5.48721088435
7.9252244898
5.50531972789
2.61019727891
2.33229931973
2.58827210884
8.77620408163
8.45051020408
2.9536122449
1.24489115646
5.50308843537
6.82808163265
8.64937414966
3.6641292517
1.324
3.60395918367
3.09780952381
3.13176870748
4.51880952381
5.5739047619
1.78289115646
1.37778911565
2.41752380952
3.55128571429
3.80119727891
4.82195238095
7.83445578231
3.56570748299
6.12672108844
5.08087755102
4.57808843537
6.00363945578
4.47665986395
3.43202040816
4.72846938776
5.73879591837
6.9473877551
5.73380272109
7.36401360544
6.92652380952
8.29582312925
5.21812244898
3.11702721088
5.20428571429
3.43283673469
1.51824489796
1.71943537415
4.31111564626
3.14731292517
6.27391836735
5.76119047619
6.29273469388
5.53931292517
6.47110884354
10.1394081633
6.67069387755
3.85926530612
2.08824489796
5.65449659864
2.59581632653
2.44042176871
1.53891836735
2.43904081633
2.26168707483
2.87706802721
3.13111564626
2.8206122449
3.46621768707
3.53143537415
2.7737414966
2.64053061224
1.628
1.54943537415
2.37182993197
2.18378231293
1.34650340136
1.95927891156
1.78404081633
2.03331972789
3.19959183673
2.86844897959
4.21106802721
1.29719047619
1.95185714286
2.12610884354
2.04210204082
3.50519047619
4.9290952381
4.96703401361
3.56873469388
3.15308843537
3.48776870748
4.97249659864
2.97999319728
2.69759863946
3.37182312925
1.93927891156
2.1859047619
2.63953741497
2.8228707483
3.36027891156
2.5440952381
5.11150340136
8.09237414966
6.94268707483
6.6796462585
4.34434013605
4.05988435374
3.45244897959
2.10715646259
3.3278707483
5.95327891156
3.57314285714
2.01873469388
3.09897959184
2.92859183673
1.73376190476
4.21062585034
7.17267346939
4.6320952381
2.04493197279
2.59648979592
2.23626530612
3.31311564626
3.32256462585
2.86603401361
3.01395238095
2.84516326531
2.66989115646
3.91436054422
2.7385170068
2.30270068027
3.37911564626
2.54625170068
2.38549659864
1.98201360544
1.22384353741
1.67895918367
2.32617006803
4.61637414966
3.54810884354
3.02838095238
1.62976190476
2.55553061224
5.04776190476
4.75278911565
3.47805442177
1.89397278912
3.49304761905
2.22195918367
2.45285034014
2.70969387755
2.15202040816
4.61597959184
5.62500680272
3.01304081633
2.37300680272
2.29042857143
3.22317687075
2.41817006803
3.82779591837
2.20415646259
2.74393197279
3.06263265306
1.93755782313
1.98976190476
2.11636734694
1.9437755102
2.45849659864
1.73017687075
2.51285714286
3.63629251701
2.23732653061
1.72763945578
2.52615646259
3.6912585034
1.77520408163
1.85492517007
1.59384353741
3.32798639456
3.35339455782
1.87600680272
2.00144897959
1.83674829932
1.50863945578
1.41407482993
2.18373469388
1.80954421769
2.27478231293
2.47350340136
2.04894557823
1.77449659864
3.55644217687
2.78187755102
2.91920408163
3.30993877551
1.49074829932
1.52094557823
1.43167346939
1.66795918367
2.29976190476
3.1993537415
3.4796122449
4.28681632653
1.97668707483
1.58023809524
0.99456462585
1.59637414966
2.53868027211
1.60944897959
1.27520408163
1.55965306122
1.45663945578
2.10297959184
1.81919727891
2.23329931973
3.02262585034
2.42919727891
1.88850340136
2.45819047619
1.78859863946
2.60776190476
1.45769387755
3.14306802721
2.26658503401
1.49842857143
1.48759183673
1.70308163265
1.73359183673
2.5923537415
1.82346938776
2.69899319728
2.57313605442
2.66169387755
1.9223877551
4.39711564626
2.93449659864
2.457
2.71773469388
3.10217687075
2.14747619048
1.61759863946
2.19743537415
2.28474829932
1.61842857143
1.3842585034
2.16231292517
3.83797959184
1.31716326531
1.733
2.44636054422
1.41518367347
1.20821088435
1.97117687075
1.98855102041
1.66146258503
0.93080952381
1.34582993197
3.11085714286
3.5603877551
2.69044897959
1.91182993197
2.71039455782
3.0006122449
1.67663945578
1.67395918367
2.79204081633
3.13313605442
6.13985034014
4.79452380952
5.0443537415
3.19333333333
3.09714965986
2.4260952381
3.16310884354
4.23660544218
5.48093877551
5.47908163265
4.00417687075
3.97666666667
4.31353741497
5.47176870748
4.20582993197
4.19801360544
3.63305442177
2.18072789116
2.5937414966
4.27436054422
0.846537414966
2.67082312925
2.50502040816
0.940231292517
1.07097959184
1.85179591837
2.28688435374
2.18993877551
3.6591292517
2.00602721088
3.33891156463
3.24034013605
3.8724829932
4.17611564626
3.77445578231
4.65697959184
4.96899319728
4.19968027211
4.40136054422
4.80980952381
2.86053061224
3.05660544218
4.91795918367
7.30668707483
5.40589795918
4.96095238095
4.53402040816
2.76640816327
1.42032653061
0.654537414966
0.956272108844
1.49719047619
1.4472244898
2.78710884354
2.24500680272
2.2394829932
1.84040816327
1.42801360544
3.97898639456
3.74970068027
2.14650340136
2.2846122449
2.29472789116
1.22685034014
0.817054421769
1.19870068027
1.09232653061
0.607653061224
0.710027210884
1.4413877551
2.94102721088
3.45151020408
1.75657823129
3.28876870748
2.54611564626
1.26282993197
1.07471428571
2.29885034014
3.18475510204
3.11049659864
2.16167346939
3.1784829932
2.53219727891
4.02208843537
6.90585714286
9.41489115646
4.27870068027
3.03262585034
3.65742176871
1.36697959184
0.99987755102
0.806156462585
1.07007482993
1.70449659864
2.2798707483
2.17636054422
3.76716326531
5.97302040816
3.43734013605
1.89140816327
1.34530612245
1.37134013605
2.53689795918
1.78474829932
1.46189115646
1.43940816327
1.82198639456
2.02186394558
3.14111564626
1.65304081633
4.06451020408
4.83260544218
2.87683673469
5.49385714286
5.65823129252
4.79544217687
5.78740136054
3.46028571429
4.24038095238
5.21976870748
5.82515646259
6.73488435374
8.67367346939
5.43819727891
3.73393197279
3.72068707483
4.94695238095
5.717
3.12198639456
1.92010204082
7.55280272109
4.89673469388
8.88871428571
6.62249659864
6.82282312925
6.60876870748
7.83153061224
5.03212244898
1.56143537415
1.03168707483
2.48359863946
4.88751020408
4.16421088435
6.1012244898
3.16660544218
1.97424489796
2.1252244898
1.74052380952
3.75401360544
3.02868027211
3.39769387755
2.39832653061
3.87856462585
5.60745578231
3.977
4.32718367347
5.98445578231
5.64662585034
4.70571428571
4.71491836735
1.57454421769
2.90997959184
3.22734013605
2.67878231293
2.22511564626
2.01091156463
2.23092517007
0.808217687075
2.63866666667
4.6876122449
2.42566666667
2.41844217687
1.85123129252
1.54002040816
3.19463265306
4.34950340136
3.32861904762
2.37927891156
1.5167414966
0.987068027211
0.671197278912
3.6447755102
2.93773469388
1.41197278912
1.82548979592
1.53640816327
2.87170068027
3.34965986395
2.17565986395
1.62572108844
0.964829931973
1.99891156463
2.72573469388
2.30236734694
2.96195238095
3.10621088435
4.92403401361
4.47736734694
4.15713605442
2.53957142857
1.79247619048
1.97836054422
1.4168707483
3.47085714286
1.57763945578
3.42988435374
4.27325170068
5.01230612245
4.32204081633
1.93217687075
1.82893877551
2.97378911565
3.30592517007
2.27523129252
0.754523809524
1.18527210884
1.18857823129
2.04643537415
1.23942176871
1.07928571429
3.07195238095
1.54721088435
1.56968707483
1.10851020408
2.1189047619
3.33727891156
2.25196598639
1.63927891156
1.09772108844
1.14599319728
1.23165306122
1.04448979592
1.53742857143
2.89693877551
2.99653061224
1.60554421769
3.38697278912
3.01614965986
3.94417006803
3.74666666667
3.60229251701
2.38870068027
2.60259863946
1.42382312925
1.60650340136
2.67997278912
1.93008163265
3.29723809524
2.78847619048
1.88111564626
2.41144897959
4.34827210884
4.75902721088
2.72213605442
1.93042176871
1.64921088435
2.10343537415
3.28744897959
2.08843537415
2.43585714286
3.33743537415
3.37351020408
4.04071428571
1.75806122449
1.94321088435
2.14368027211
1.63802040816
1.72516326531
2.68706122449
2.59082312925
4.48192517007
1.89223809524
2.95081632653
2.43636734694
4.19193877551
2.28514285714
1.78023809524
2.79897278912
3.4780952381
2.64478911565
3.09845578231
2.07093197279
2.50136734694
1.466
3.31945578231
3.58611564626
2.84236054422
1.8540952381
1.12602721088
1.64771428571
1.18644897959
1.49071428571
2.31066666667
3.69916326531
5.28726530612
3.1997755102
4.15430612245
3.06627210884
3.3945170068
1.76589795918
2.4027755102
3.28995918367
1.75773469388
1.56753741497
3.08237414966
2.65410204082
2.72370068027
2.2757755102
1.34778231293
2.28480272109
1.78434013605
1.7817414966
2.1056462585
3.77482993197
3.64023809524
3.92792517007
2.40794557823
2.98453061224
2.71767346939
2.34881632653
2.26478231293
1.89856462585
1.79442857143
1.62257142857
1.78285034014
1.53085714286
1.72817006803
2.7823877551
2.75917687075
2.33472108844
2.38495918367
2.31496598639
2.40748979592
1.74773469388
1.9626122449
2.56392517007
1.97233333333
2.53391836735
1.93894557823
1.38891156463
3.17612244898
3.07808843537
3.66459863946
2.17891156463
1.66863945578
1.20692517007
1.21784353741
1.76365986395
1.33774829932
1.06482312925
1.09407482993
0.824462585034
0.91180952381
0.933326530612
1.91683673469
1.34919727891
1.43632653061
1.80401360544
1.94089115646
1.00849659864
0.978931972789
2.0478707483
3.10840816327
3.6055170068
4.34929931973
2.65047619048
4.42397959184
5.55806802721
2.39584353741
2.01463945578
3.59363265306
3.53663265306
4.95747619048
6.0965170068
4.61044217687
3.80821088435
1.61089115646
1.59951020408
1.46379591837
3.15943537415
1.48175510204
2.07934013605
2.54932653061
2.87431292517
3.42124489796
3.29121088435
2.38837414966
2.30581632653
3.32288435374
4.06812244898
2.36059863946
1.23840816327
0.934646258503
2.54223809524
2.76736734694
3.06857823129
1.98318367347
2.14691156463
2.11485034014
3.46437414966
3.92943537415
4.31543537415
3.91936054422
1.2637414966
2.18620408163
2.20624489796
1.52453061224
2.71095918367
2.80321768707
0.905428571429
2.57642857143
5.64607482993
4.92295238095
7.68539455782
4.33610204082
5.69268027211
5.30656462585
2.09483673469
3.90806802721
3.81465306122
1.18158503401
0.833734693878
2.38140816327
1.25872108844
1.90731292517
1.14249659864
2.00942857143
3.60427210884
1.95092517007
2.3325170068
1.72668027211
1.35572108844
1.32463265306
2.44634693878
2.05757823129
2.86266666667
3.03956462585
2.63826530612
2.55854421769
2.51721088435
4.65044217687
2.86045578231
2.57517687075
2.12025170068
2.95546938776
4.08855102041
6.38540816327
8.59288435374
9.10259863946
4.50640136054
2.41153741497
3.08191836735
3.82137414966
2.02670068027
1.3994829932
2.08414285714
1.88234013605
1.37447619048
2.76072789116
3.39670068027
4.13021088435
2.3776462585
3.31510884354
3.64692517007
3.94594557823
2.58323129252
1.55494557823
3.49174829932
2.19504761905
1.92486394558
1.84434013605
2.11184353741
3.52426530612
4.73146938776
5.65389115646
5.52746938776
2.63989115646
2.86472108844
3.7037755102
1.7743537415
2.41401360544
1.26612244898
1.91723809524
0.741775510204
1.86684353741
3.26453061224
3.98559183673
2.42453741497
1.77060544218
2.0372244898
2.37044897959
1.90503401361
2.19744897959
1.23755102041
4.22418367347
1.68840816327
1.36229931973
2.87608163265
2.594
3.19773469388
3.86082312925
2.01242176871
0.959523809524
0.681401360544
0.685047619048
1.33837414966
2.07645578231
4.26465306122
2.76762585034
4.01126530612
5.58216326531
4.19456462585
2.76024489796
2.58644217687
3.92655782313
4.01006802721
6.13543537415
5.46655782313
6.84243537415
3.3139047619
1.24656462585
0.958598639456
2.078
1.95650340136
4.74853741497
5.4654829932
3.89319047619
4.5786122449
3.61740816327
1.74597278912
1.13003401361
2.22636054422
1.39763945578
2.49148979592
2.37307482993
1.38307482993
1.58121768707
2.29399319728
1.71708163265
2.71856462585
2.78411564626
1.00057142857
1.26248979592
0.843993197279
1.01084353741
1.7332244898
2.01591836735
2.61865306122
2.81887755102
1.4213537415
1.70511564626
0.963884353741
1.02683673469
1.73972108844
1.78157823129
1.44311564626
2.79563945578
1.05384353741
2.30802721088
3.19425170068
1.79470068027
2.12353061224
4.65914965986
2.62993877551
2.89431972789
2.70960544218
1.39369387755
2.38320408163
2.17932653061
3.31978911565
6.21093197279
4.73457142857
5.28871428571
6.23184353741
5.88952380952
5.17294557823
3.52731292517
5.03882993197
3.12365306122
3.18182312925
2.15673469388
3.14380952381
4.40733333333
5.48888435374
3.06375510204
2.30556462585
3.84627210884
6.63597278912
4.71376190476
5.73210204082
3.78189115646
2.21249659864
1.06098639456
1.84778911565
1.76730612245
2.81639455782
3.61898639456
2.84228571429
3.95869387755
3.27619727891
3.24438095238
2.2202585034
4.73582993197
5.0847414966
5.01657142857
5.16476870748
4.81985714286
5.15083673469
2.76714965986
1.78589795918
1.73772108844
4.455
6.1993537415
4.54004761905
2.17746938776
1.63802040816
3.01943537415
4.47488435374
3.05662585034
3.35080272109
1.41081632653
2.15357823129
2.89730612245
3.08253741497
2.56676870748
2.10812244898
1.60202721088
1.84282993197
2.4767755102
1.81795238095
1.58989115646
1.74772108844
1.6887414966
2.04976190476
3.03536054422
2.92405442177
2.13659183673
2.08988435374
2.8112244898
2.42021768707
1.87221768707
2.24107482993
2.31001360544
3.72265306122
3.0013537415
4.39710884354
3.58092517007
3.39167346939
4.64521088435
4.79231292517
2.24903401361
4.0701292517
1.78594557823
2.61467346939
1.84791156463
2.11961904762
2.38319727891
1.99257142857
1.95370068027
2.04091156463
2.19766666667
2.4556122449
2.56704761905
3.91768707483
2.40187755102
2.97375510204
2.71882312925
1.6928707483
1.96127891156
1.49571428571
3.4655170068
2.96286394558
1.90906122449
2.22889115646
1.76004081633
1.79911564626
1.64268027211
0.854523809524
1.59647619048
1.06304081633
2.49191156463
2.84584353741
2.26214285714
1.75591836735
2.16752380952
3.2724829932
3.02666666667
2.93894557823
3.58925170068
3.24310884354
1.23023129252
1.00939455782
2.03182312925
3.19400680272
2.00333333333
3.56469387755
4.88555782313
3.21119727891
1.91256462585
2.94404761905
3.84868707483
3.49763265306
5.827
1.52555782313
1.92383673469
2.56412244898
1.62314965986
3.43614965986
2.59157823129
1.88729251701
1.48437414966
2.14519727891
1.82843537415
1.25720408163
1.84047619048
1.90767346939
1.92797278912
2.98645578231
2.72653741497
2.29895918367
2.45642176871
3.35789795918
3.28032653061
2.13319047619
1.56375510204
0.846360544218
1.1056462585
1.12368707483
2.40680272109
3.00465306122
2.96417006803
3.19360544218
3.43673469388
3.90903401361
4.15279591837
3.559
2.06895918367
2.80436054422
1.61689115646
1.60884353741
1.0072585034
2.05706122449
1.82346938776
2.86095918367
3.38101360544
4.58723809524
1.3546462585
3.10610884354
1.79154421769
2.69095238095
3.40885034014
1.21140136054
1.57093197279
1.36807482993
0.860421768707
0.684693877551
1.39005442177
1.06906802721
1.33627210884
1.69636734694
2.34749659864
3.19157823129
2.5232585034
1.20563265306
0.953163265306
2.35133333333
2.98323809524
3.98153061224
3.19740816327
3.02565986395
2.46358503401
1.94546938776
2.31880952381
2.44838095238
1.28626530612
0.817129251701
0.768299319728
1.88240816327
1.64353741497
2.2893877551
3.29663265306
4.25159863946
4.30068027211
4.21245578231
2.34626530612
1.11494557823
1.53217006803
2.48934013605
2.15254421769
2.25593197279
2.52823129252
4.25474829932
2.30606122449
1.59073469388
5.45426530612
4.98929251701
4.76517006803
2.94308843537
5.56842176871
6.27439455782
4.7066122449
2.14548979592
0.877102040816
0.609857142857
0.883428571429
1.23804081633
2.70891156463
6.17940136054
5.97386394558
4.47195238095
2.89899319728
1.34785714286
1.02110204082
1.82653741497
0.893156462585
1.56642176871
3.93116326531
3.69444217687
2.55632653061
1.22046258503
2.32710884354
3.76951020408
4.00517006803
3.33882312925
4.25211564626
6.2716462585
5.05988435374
1.30592517007
2.0203877551
2.5370952381
2.19805442177
1.27359863946
3.32144897959
3.52998639456
3.76953741497
3.78719727891
4.01348979592
4.18055102041
4.15961904762
3.9371292517
4.43170068027
2.84368707483
2.27403401361
3.42513605442
4.02221768707
4.63495238095
3.50167346939
2.9412244898
2.13821088435
1.30381632653
1.20453061224
2.77731292517
3.19399319728
3.6297414966
2.3417414966
3.9263537415
2.96881632653
0.913149659864
2.28276870748
2.11950340136
3.44158503401
3.17065306122
4.22802721088
4.50697959184
5.58142176871
4.99912244898
2.99134013605
2.96153061224
4.51072108844
6.1182585034
5.68740136054
6.12319047619
6.22947619048
5.35819047619
3.56186394558
3.30512244898
1.96920408163
3.32823809524
3.88770068027
2.74562585034
4.48663265306
6.30566666667
6.34519727891
4.44497278912
5.28895238095
4.96556462585
3.41824489796
3.98583673469
3.46291156463
2.35794557823
3.75603401361
4.29814965986
4.27453741497
4.53221768707
4.1577414966
4.20817687075
3.88055782313
3.57630612245
5.80601360544
3.11805442177
2.80108843537
1.94863945578
1.02675510204
0.997442176871
2.65363265306
1.47772789116
3.34253061224
3.95319727891
3.89566666667
5.53581632653
4.87760544218
3.95920408163
2.75282993197
3.90257142857
4.60814285714
2.17626530612
1.7825170068
2.68216326531
1.81775510204
1.36024489796
1.58192517007
2.31273469388
1.47778231293
0.466163265306
2.77002040816
2.25138095238
1.49044897959
1.60604081633
1.48240816327
2.4880952381
2.86003401361
3.54989795918
5.74210204082
4.91878231293
5.99233333333
4.14697959184
5.85926530612
5.85060544218
5.06024489796
5.39821768707
4.67938095238
5.7925170068
2.10970748299
2.23191836735
1.84625170068
1.43196598639
2.94585034014
4.87036734694
4.39617006803
5.37331292517
5.57108163265
4.15584353741
1.75315646259
1.9962244898
2.9702244898
3.45352380952
2.61341496599
2.80663945578
2.0233537415
1.70598639456
3.82795918367
3.74717687075
3.9439047619
2.63183673469
1.98297959184
1.82392517007
3.41731292517
2.45946258503
2.9557414966
3.83136054422
3.49141496599
3.18839455782
3.37265306122
2.38360544218
2.59763265306
2.48662585034
2.06669387755
2.57584353741
3.2087414966
3.02715646259
3.26476190476
3.65089115646
2.86934693878
2.80780952381
1.9154829932
3.1403877551
2.08394557823
2.30818367347
2.1513877551
1.28685034014
2.83710884354
2.54306122449
2.89771428571
2.05129931973
2.54807482993
2.68887755102
2.31861904762
2.34527210884
1.9505170068
2.05503401361
3.41889115646
1.61680272109
1.64108163265
1.30680272109
3.2923537415
2.93547619048
2.70863945578
5.20032653061
4.63211564626
2.45686394558
1.96704761905
2.84416326531
1.91680272109
2.97859183673
3.22320408163
4.3913877551
5.10428571429
3.26972108844
1.87829251701
1.65459183673
2.93828571429
3.53782993197
3.21775510204
2.15534693878
3.6173877551
2.36878911565
1.83563265306
2.10524489796
1.53214285714
2.0454829932
3.27444897959
2.47221768707
1.10870068027
0.889945578231
2.30301360544
2.05607482993
2.93232653061
2.43301360544
2.38601360544
2.0325170068
2.60757823129
2.54524489796
2.57365986395
1.97417687075
2.21057823129
2.3052585034
1.4171292517
1.23116326531
1.91963945578
3.20427891156
2.19480272109
1.48461904762
1.41643537415
2.26468027211
2.89797959184
4.18601360544
3.55039455782
2.86261904762
1.6493877551
1.34417006803
3.31836734694
1.69585714286
3.16204081633
2.06086394558
2.63898639456
2.64910204082
2.13348979592
2.94645578231
1.86275510204
2.83741496599
2.31255102041
1.11082993197
1.55521088435
1.59868027211
1.5540952381
1.16914285714
1.61691836735
2.28792517007
2.78970068027
1.88868707483
1.79936054422
2.10085034014
2.89692517007
1.48825170068
1.95606122449
2.88450340136
1.50359863946
1.6251292517
4.04925170068
5.74217687075
2.75910884354
3.02982312925
3.93140816327
2.45584353741
3.05643537415
4.0067414966
4.09615646259
2.83714285714
2.13488435374
2.57250340136
2.61016326531
2.67829251701
1.7493877551
1.07899319728
1.09415646259
1.73334693878
2.54166666667
4.564
3.55260544218
3.15976870748
4.17473469388
2.44173469388
1.19421088435
1.10327891156
2.32938095238
2.55380952381
2.049
2.45162585034
2.90597278912
1.64874829932
0.670360544218
0.79225170068
1.65151020408
1.69531972789
1.89041496599
2.2467414966
1.27783673469
1.07899319728
1.05073469388
2.24672108844
2.16085034014
1.88769387755
1.76975510204
2.04498639456
1.67340816327
2.9776122449
1.31158503401
1.37913605442
0.958632653061
1.61308843537
2.38698639456
2.77579591837
4.20062585034
6.17236054422
5.70508843537
4.33970748299
4.35586394558
3.48968707483
4.43947619048
3.85863945578
2.67146938776
4.55056462585
2.98606802721
2.15200680272
4.1786462585
4.0326122449
3.46127891156
1.05446258503
2.29880272109
3.9050952381
3.55747619048
3.33365986395
4.27406802721
2.93765306122
4.00171428571
3.46296598639
1.90303401361
1.86614965986
2.35016326531
2.53052380952
2.00546938776
2.29726530612
5.10015646259
6.09819727891
4.4716462585
2.54759863946
3.79351020408
3.92351020408
5.52578231293
4.87421768707
4.57302721088
2.48611564626
1.2294829932
1.07259863946
2.34403401361
4.45245578231
3.63684353741
4.18498639456
4.50210884354
4.7028707483
3.26203401361
2.08453061224
2.35613605442
2.12566666667
1.72993877551
1.71142176871
2.67413605442
3.85529251701
2.20678231293
3.56758503401
5.74510884354
4.38558503401
5.39330612245
7.40292517007
3.78295918367
3.85017006803
3.04914965986
2.48868707483
1.92279591837
3.85206122449
3.05460544218
3.46036734694
4.31546258503
6.23629931973
5.26919047619
5.51021088435
2.7653877551
4.53774829932
2.31479591837
3.0923537415
5.3573877551
3.63313605442
2.52355102041
3.03273469388
3.30587755102
4.76978911565
3.29341496599
2.77484353741
3.00249659864
6.87114965986
8.04154421769
4.75180952381
3.1655170068
3.62734013605
2.66623129252
1.93024489796
1.76703401361
1.81653061224
2.9370952381
2.01757142857
3.16666666667
3.51576190476
1.55186394558
3.02621768707
3.02934013605
1.29566666667
1.10917006803
1.61463265306
1.62808163265
2.03397278912
1.38869387755
1.99317006803
5.34684353741
3.80321088435
3.29848979592
2.0442585034
3.05562585034
1.73276190476
1.40668707483
1.87253061224
2.22287755102
3.36119047619
1.92971428571
1.61385714286
2.73527210884
3.13417687075
6.47489115646
3.94554421769
1.69808163265
2.5433877551
1.98794557823
2.53155782313
1.5783877551
3.45827891156
2.05925170068
2.35046938776
4.09195238095
3.45159183673
1.13926530612
0.841244897959
1.70870068027
2.71957142857
3.52480272109
4.64448979592
3.92050340136
4.30480952381
3.42702040816
3.00013605442
3.28836734694
3.05659183673
3.93428571429
3.53329931973
4.80840816327
3.2934829932
3.16428571429
3.47503401361
2.88567346939
3.42474829932
3.31063945578
2.5557414966
3.16040816327
6.2662585034
6.36108163265
3.23804081633
2.19936734694
1.47051020408
1.67989115646
2.30634693878
4.60782312925
3.944
3.22814965986
2.70259183673
2.74666666667
2.88742857143
1.21247619048
2.16118367347
3.53765986395
2.44292517007
1.27036054422
1.32728571429
1.53675510204
1.54657142857
1.48738095238
1.16263945578
1.50963945578
3.92382993197
3.27198639456
1.91891836735
1.36120408163
1.14217687075
1.56036054422
2.64443537415
3.32282312925
2.29917006803
2.36046938776
2.0294829932
2.10266666667
2.55568027211
2.527
3.76995918367
4.22927210884
4.20343537415
2.9073877551
2.35331292517
2.29346258503
3.23079591837
3.52823129252
5.20171428571
2.6987755102
4.14489115646
4.1345170068
2.94705442177
1.8043537415
1.6732244898
2.22104761905
3.50068707483
2.46172789116
1.5822585034
1.5540952381
1.92652380952
2.00497959184
1.36504761905
2.90423129252
2.64814285714
2.01091156463
1.98285034014
1.74976870748
2.53147619048
1.76714285714
2.46495238095
2.73557823129
2.76038095238
3.92816326531
4.24810884354
5.87705442177
3.12693877551
2.50265306122
2.89814285714
1.3037755102
1.77136054422
2.24305442177
3.10753741497
2.80375510204
2.9821292517
2.85491156463
2.43714285714
1.47204081633
1.93319047619
2.12065306122
2.78032653061
2.31016326531
2.24824489796
2.29108843537
3.01442857143
1.80894557823
1.55525170068
1.89317687075
2.13603401361
2.82312244898
3.17706122449
3.18963945578
3.06219727891
2.48924489796
1.79581632653
1.66179591837
2.63123809524
2.12245578231
3.09911564626
2.86836054422
1.78176870748
2.49229251701
2.73778231293
1.6383537415
3.88646938776
2.5803537415
2.58713605442
2.87295918367
2.80278231293
1.64701360544
1.97417687075
2.18721768707
2.51146938776
2.94259863946
4.39356462585
2.79531972789
2.51206802721
1.9922244898
3.15114965986
4.19439455782
2.69880952381
2.60718367347
2.70099319728
3.25410884354
2.49338095238
2.61251020408
2.94834693878
1.86028571429
2.54561904762
1.03330612245
1.33468707483
1.83697959184
2.45970748299
2.83611564626
1.63542176871
1.63851020408
1.39078911565
1.9642244898
1.03795238095
1.63836054422
1.79728571429
1.96870748299
2.29334013605
4.14249659864
5.32686394558
3.51839455782
3.085
2.34217687075
1.32620408163
1.99593197279
2.04408843537
1.68655102041
0.67580952381
1.35455782313
1.96836054422
2.92257142857
3.65127210884
1.93557823129
2.06367346939
3.33676190476
3.03863265306
4.96568707483
3.6899047619
3.86221768707
2.20593877551
0.939170068027
1.78899319728
1.67371428571
1.12839455782
2.9236122449
2.10059863946
2.13428571429
2.50612244898
3.22248979592
2.61868027211
1.47953741497
2.43725170068
1.66811564626
1.39604081633
3.02187755102
3.36192517007
3.71559863946
2.95255782313
2.06355782313
2.17029931973
4.07804761905
4.68580272109
7.06070748299
4.37604761905
2.69305442177
2.39282993197
3.21534013605
3.43670748299
3.25861904762
5.54355782313
3.92111564626
1.90804081633
1.48394557823
2.61857142857
2.48075510204
2.01229931973
0.856741496599
2.66323809524
1.65262585034
1.17128571429
3.42970068027
3.31570068027
1.85412244898
1.42580952381
1.1180952381
1.6450952381
2.15482993197
2.45411564626
2.3887414966
1.81587755102
1.15566666667
1.27196598639
1.59168707483
2.41365986395
1.86004081633
2.02780272109
3.81593877551
6.33003401361
4.91431972789
4.08451020408
4.3705170068
4.97224489796
4.2554829932
2.66836054422
4.29482993197
3.98806802721
2.79080952381
2.53823129252
2.42282312925
5.58068707483
3.71696598639
1.80698639456
1.08704081633
1.20672789116
0.750238095238
2.20829931973
4.26219727891
5.07350340136
4.0809047619
2.46934693878
1.64414285714
2.17300680272
2.77565306122
1.33070748299
1.72140136054
2.8181292517
2.70562585034
1.06998639456
2.5017755102
1.68736054422
2.52417687075
3.03672108844
3.05034013605
4.30330612245
3.21894557823
3.26243537415
2.79789115646
2.46698639456
1.32247619048
2.04768027211
3.02700680272
3.29642176871
4.26688435374
4.07872789116
4.73600680272
3.62950340136
2.70294557823
4.89919727891
7.92934693878
6.88800680272
6.49880272109
4.70416326531
5.26973469388
5.44142176871
2.2698707483
2.87934013605
2.7795170068
2.87284353741
2.07387755102
2.57927891156
1.88985714286
2.80627891156
2.20169387755
1.87041496599
1.81408163265
2.61205442177
3.26776190476
2.25359183673
3.75684353741
3.67375510204
3.91262585034
4.30880952381
5.37076190476
2.63310204082
2.43438095238
3.86614965986
3.17826530612
3.44604761905
5.46761904762
6.81456462585
5.42275510204
5.56968707483
4.18485034014
4.93672789116
2.77146258503
5.36291156463
5.72699319728
7.07315646259
5.1462585034
2.38315646259
2.25643537415
2.51059863946
2.42443537415
3.01667346939
4.26106802721
2.95233333333
4.3815170068
2.51099319728
2.39227210884
2.70889795918
3.87597278912
3.72345578231
4.46719727891
3.94304081633
4.45048979592
4.26472108844
4.60617006803
3.6952244898
2.81778231293
4.58976190476
3.29301360544
2.86942176871
4.1278707483
4.21780272109
3.81905442177
1.71868027211
3.11724489796
3.5309047619
3.98478911565
2.22106802721
1.27991836735
3.83154421769
5.00831292517
3.8356462585
2.28057142857
3.09227891156
3.27723129252
1.61410884354
2.85663945578
3.10094557823
4.23157823129
3.89330612245
3.70667346939
4.29178231293
2.92360544218
3.33739455782
2.27151020408
3.06110204082
2.74212244898
1.67474829932
1.81210204082
4.79792517007
4.65284353741
5.40204081633
3.68480952381
2.21989795918
1.99371428571
2.83668707483
2.44070748299
1.96565306122
4.08346938776
1.5303877551
2.52703401361
2.63926530612
2.03566666667
1.72031292517
1.89714965986
2.69531972789
3.03627210884
2.78675510204
4.21005442177
2.72961904762
2.77661904762
2.86855782313
3.66437414966
2.30387755102
1.60310884354
1.25576870748
1.90228571429
2.85237414966
3.54742176871
3.6749047619
2.02375510204
2.72636734694
4.44403401361
4.69814965986
2.69529251701
3.57093197279
4.79473469388
5.60031972789
5.5257755102
5.22157142857
4.85423129252
2.44440816327
2.16229251701
2.50340816327
2.32762585034
3.0238707483
1.99165306122
2.10839455782
3.04840136054
1.79702721088
1.87568707483
2.92207482993
2.8049047619
2.22206802721
3.62526530612
3.51420408163
3.91391836735
2.84118367347
2.89784353741
3.49003401361
2.50095238095
2.03957142857
3.38483673469
1.62151020408
1.708
1.14543537415
1.11195238095
2.87482993197
4.29829931973
2.32195918367
1.85939455782
2.06704761905
2.79986394558
2.68171428571
2.34350340136
2.79514965986
1.92195238095
1.69504761905
2.47959863946
2.17117006803
1.86851020408
1.2705170068
1.51789795918
1.33085714286
1.10234013605
2.00495918367
2.46321768707
3.38163945578
3.6047414966
4.5937755102
4.07739455782
4.43747619048
3.52776870748
3.07832653061
2.65996598639
3.04668707483
2.30231972789
2.94155782313
1.39173469388
2.24753061224
3.63393197279
3.33142857143
3.96843537415
3.60750340136
2.83971428571
1.86614285714
1.85382993197
1.76752380952
3.53243537415
2.95259863946
3.06123129252
3.01416326531
2.76489795918
1.93563265306
2.02446258503
2.9035170068
2.91975510204
2.04517687075
1.22801360544
1.50615646259
2.3574829932
1.41331292517
2.31944897959
1.19133333333
1.20327891156
1.59314285714
1.80663945578
1.04619047619
2.23437414966
3.04404761905
2.92693877551
1.90897278912
2.56468027211
1.89501360544
1.40598639456
1.23585714286
3.10780952381
3.76697278912
4.07655782313
2.65853061224
1.93767346939
3.11875510204
3.3522244898
3.61984353741
2.11472108844
3.27927891156
2.44172108844
2.23812244898
2.31319727891
3.25006802721
3.82334693878
3.64215646259
2.37233333333
2.33768027211
1.86684353741
1.79279591837
2.39570748299
1.21515646259
1.28314965986
2.23499319728
3.53619727891
3.85878231293
2.2430952381
2.38899319728
1.98485034014
2.3476462585
2.7060952381
1.639
1.08397959184
1.1476122449
1.98742176871
4.80341496599
6.39439455782
4.08389795918
4.62414965986
3.73682312925
4.70521768707
3.45306122449
1.59561904762
2.85378911565
2.71274829932
1.38429251701
1.35559183673
2.96055782313
5.66834013605
6.08202721088
6.51793197279
6.68817006803
4.05380952381
2.70999319728
1.33813605442
1.69931292517
2.72258503401
2.32563265306
3.12349659864
2.12999319728
1.94972108844
3.31838095238
2.16410884354
1.37233333333
0.840993197279
1.33415646259
1.83274829932
1.6620952381
3.02789795918
3.51444217687
2.43243537415
2.54283673469
1.28191836735
2.29521088435
2.58834013605
2.76321768707
2.06036054422
3.38181632653
2.24345578231
1.24888435374
1.22896598639
2.71437414966
2.23885714286
1.93493197279
2.30417006803
2.2277755102
3.53034693878
3.59754421769
3.3266462585
1.3747755102
2.43317687075
3.7142585034
2.32653061224
2.40359183673
4.25965306122
2.73931972789
3.02294557823
2.73640136054
2.73706122449
1.55896598639
1.8487755102
4.12705442177
4.63816326531
2.39478231293
2.94457823129
3.9245170068
1.97587755102
4.62151020408
4.74262585034
3.86468027211
3.89712244898
2.49542176871
2.42842857143
3.09092517007
3.35153741497
4.11497278912
2.65982993197
3.89037414966
1.72028571429
1.70507482993
3.09263945578
3.72159863946
5.02787755102
3.07721768707
3.80262585034
3.93219727891
5.01805442177
5.16231972789
2.07006802721
2.55431972789
3.45043537415
1.71958503401
1.74094557823
2.52297278912
2.22606802721
1.6607414966
1.46565986395
2.56857142857
3.81884353741
3.44048979592
2.29008163265
2.39996598639
2.59436734694
3.5094829932
3.94495238095
1.91372108844
4.2387755102
3.36773469388
3.65829931973
4.25048979592
2.86861904762
3.4729047619
1.67729931973
1.64257823129
2.81997278912
3.98170068027
1.77953741497
2.33368027211
2.30639455782
2.89232653061
1.6876122449
2.11380952381
3.34910884354
2.78070748299
3.37542857143
2.18082993197
2.70575510204
2.6607755102
3.49024489796
3.92686394558
4.34327891156
3.99306802721
2.76289115646
1.57225170068
1.56694557823
3.35814965986
3.15772108844
3.94673469388
3.6243537415
4.59692517007
5.17776870748
3.19436734694
2.15804081633
4.68244897959
4.721
3.75036054422
1.10833333333
2.20746938776
2.97019047619
1.84408843537
4.7336462585
5.63519727891
5.0854829932
3.95682993197
6.16744217687
4.22672108844
2.16863945578
2.56075510204
2.36431292517
2.10644897959
1.8851292517
3.01142857143
2.39652380952
2.74953741497
2.40676190476
2.66088435374
4.32787755102
4.09632653061
4.97274829932
2.51391156463
3.87961904762
1.39954421769
3.18129931973
2.45902721088
4.10293197279
4.77713605442
5.05996598639
7.02091836735
3.90788435374
1.5732244898
2.5129047619
2.73125170068
1.957
2.51026530612
1.24665986395
3.66036054422
4.43467346939
5.41276870748
6.92623809524
5.74695238095
4.60917687075
3.84885714286
2.13441496599
2.17653061224
1.89297959184
4.46681632653
2.33394557823
2.23204081633
2.5715170068
2.1566122449
2.34610884354
3.9929047619
1.58685034014
2.69727891156
2.07823809524
1.93827891156
2.87483673469
2.45311564626
2.62867346939
2.18758503401
3.19633333333
1.86906802721
2.99805442177
2.16633333333
1.56844897959
1.7014829932
1.15811564626
1.94013605442
2.06830612245
1.62889115646
4.77776870748
2.23603401361
1.26205442177
2.77167346939
1.93844217687
2.52026530612
3.94182312925
3.16471428571
1.48421088435
1.69128571429
1.65157823129
1.99165306122
3.22804761905
1.77640136054
2.52850340136
3.80434693878
5.01812244898
3.91601360544
3.16610884354
2.67597278912
1.28355102041
3.0679047619
2.25795238095
1.48693877551
2.3574829932
2.1023877551
1.55180952381
2.58979591837
1.99423809524
2.16266666667
2.26024489796
1.91419047619
2.59867346939
2.06234693878
1.87757823129
1.5979047619
1.93728571429
3.32319047619
3.32542857143
2.54799319728
1.82768707483
1.67654421769
2.45767346939
2.49701360544
2.90114965986
2.2553537415
1.4781292517
1.49462585034
2.33324489796
1.34823129252
1.46057823129
1.54182312925
3.39023809524
2.76168027211
3.30514965986
2.05672789116
2.04796598639
2.31789795918
3.22139455782
4.43291156463
3.64848979592
2.67976190476
2.60660544218
1.89971428571
2.3942244898
1.93240136054
2.15241496599
1.81606122449
2.24163945578
3.27387755102
2.80610884354
3.21181632653
2.50069387755
3.58755102041
2.15671428571
1.93894557823
1.4361292517
1.86884353741
1.42620408163
1.6213877551
1.17614965986
1.3472244898
2.15912244898
1.20076190476
1.67839455782
3.29310204082
3.73229251701
2.72341496599
2.77493197279
2.24753741497
2.24691156463
1.16781632653
1.34982312925
2.04863945578
1.08047619048
1.21063945578
2.36503401361
3.94033333333
3.2882244898
1.82527210884
2.72155782313
3.35285714286
2.60912244898
2.39108843537
1.53557823129
2.36572108844
1.49610884354
1.43946258503
1.8262244898
2.46112244898
2.68702721088
2.8508707483
1.25812244898
3.76098639456
4.2715170068
2.91452380952
1.38375510204
0.973095238095
1.5259047619
1.53043537415
1.84893877551
1.74236054422
1.04346938776
1.12826530612
1.45185714286
2.76901360544
3.52046938776
2.26584353741
3.74370068027
2.97719047619
2.01147619048
3.35921088435
3.00261904762
3.30534693878
2.58705442177
2.28344897959
2.18896598639
1.58929251701
1.38807482993
1.59986394558
1.61985034014
1.40480272109
1.49655102041
1.80862585034
1.99005442177
2.04657823129
2.18183673469
2.38595918367
2.32612244898
3.10366666667
2.71589115646
0.835027210884
1.49844897959
2.48207482993
3.07529251701
2.3112585034
1.5306462585
2.52892517007
2.87203401361
3.21159863946
4.35048979592
3.54829251701
2.43636734694
2.73210204082
2.10621768707
1.40453061224
1.72528571429
3.70287755102
5.31192517007
3.64323129252
2.83389115646
2.62892517007
2.44249659864
2.40880272109
1.96093197279
3.69961904762
5.15798639456
5.48560544218
2.79121768707
1.89056462585
2.14310884354
1.81817006803
3.10621768707
3.43388435374
2.69610884354
2.17057142857
2.92508163265
3.38744217687
3.43171428571
2.09470068027
1.0158707483
1.06044897959
2.27245578231
2.65448979592
3.1977414966
4.31470748299
3.10742857143
1.53946938776
1.59093197279
0.955448979592
2.5387755102
2.10627891156
2.6936122449
2.19255782313
3.79028571429
3.09836734694
2.21487755102
1.07628571429
1.92259863946
1.15534013605
0.966272108844
0.752761904762
1.01119727891
1.45818367347
2.06440816327
2.03605442177
1.36521768707
1.97062585034
1.49505442177
2.88340136054
3.61482993197
4.65756462585
6.2313537415
4.62503401361
3.33500680272
6.03015646259
5.07299319728
5.48682312925
4.65588435374
6.55031972789
4.00078911565
4.52710204082
3.23068027211
2.5323537415
1.60503401361
2.51206802721
1.9942244898
2.48004081633
1.85978911565
1.8302244898
