1.0002083333333334
0.7872916666666666
0.3804166666666666
0.02395833333333333
0.0
0.020833333333333332
0.012916666666666668
0.518125
2.9779166666666668
5.812291666666667
5.2839583333333335
1.4152083333333332
0.89125
0.5516666666666666
0.043541666666666666
0.11958333333333333
0.000625
0.0
0.035625
0.015416666666666669
0.034791666666666665
0.9179166666666667
2.8166666666666664
0.3677083333333333
0.03791666666666667
0.003958333333333334
2.2960416666666665
0.5022916666666667
1.1635416666666667
2.9039583333333336
0.4625000000000001
10.608125000000001
5.599374999999999
0.003958333333333334
1.1008333333333333
0.031041666666666665
0.20270833333333335
4.5597916666666665
0.080625
0.0
0.7545833333333333
7.9347916666666665
5.098541666666667
1.8797916666666665
4.632083333333333
0.48937500000000006
0.74625
1.515625
0.007916666666666667
0.0
0.0
0.008958333333333334
0.1875
2.9931249999999996
0.42958333333333326
0.0
0.0
0.029583333333333336
0.06166666666666667
0.3072916666666667
0.2891666666666667
1.2464583333333332
6.859791666666666
0.13729166666666667
1.67125
0.833125
1.5743749999999999
22.680208333333336
1.8722916666666667
11.772708333333334
1.9920833333333334
7.438958333333333
8.7975
0.43500000000000005
2.5693750000000004
0.094375
2.75
0.090625
0.8335416666666666
2.2008333333333336
2.48625
0.348125
0.10895833333333334
6.100416666666667
6.707083333333333
1.5833333333333333
6.129166666666666
5.556875000000001
8.315625
1.9322916666666667
2.8350000000000004
7.260625
2.8664583333333336
1.3095833333333335
1.4989583333333334
4.330416666666667
3.0472916666666663
0.123125
0.0
0.0
0.0
0.007291666666666666
0.0
0.006458333333333333
0.5754166666666666
15.131875
0.2535416666666667
0.0
0.0
2.0089583333333336
2.715833333333333
8.756874999999999
12.731875
0.6197916666666666
5.159166666666667
0.036041666666666666
0.022500000000000003
0.0425
3.94875
7.376458333333333
4.845
0.3077083333333333
1.4925
2.1922916666666667
3.674583333333333
0.74125
0.0
0.0
0.03395833333333333
0.03416666666666667
12.115
0.029375000000000002
0.0
0.011458333333333334
0.000625
0.043125000000000004
0.25791666666666674
4.1433333333333335
0.04416666666666667
0.000625
0.0
0.021875000000000002
5.86375
1.5116666666666667
4.690416666666667
0.37833333333333335
5.102916666666666
0.0
0.0
0.0
0.013125
5.588125000000001
0.11541666666666667
0.0
0.012708333333333335
6.736458333333334
1.6695833333333334
4.560416666666667
0.04770833333333333
0.0
0.0077083333333333335
0.2939583333333333
7.151666666666666
0.6035416666666666
9.811458333333334
5.192291666666667
0.9866666666666667
0.09270833333333334
0.07020833333333333
0.0031249999999999997
0.0
0.8306250000000001
13.45375
1.2970833333333334
0.3656249999999999
0.101875
0.859375
17.289791666666666
0.003541666666666667
0.20229166666666668
0.12979166666666667
0.006250000000000001
0.0
0.0
0.0
0.0
0.0
4.651666666666666
7.037916666666667
4.683541666666667
0.009583333333333334
0.0
0.21104166666666666
32.67541666666667
0.07145833333333333
0.10541666666666666
2.194375
1.1233333333333333
0.2514583333333333
1.0241666666666667
0.037083333333333336
2.4772916666666664
0.2020833333333333
0.7616666666666667
0.214375
0.048749999999999995
0.4027083333333333
0.003541666666666667
0.8004166666666667
26.192500000000006
0.4320833333333333
12.17416666666667
0.9408333333333333
8.417708333333334
0.26499999999999996
6.664999999999999
0.027499999999999997
0.0
0.004791666666666667
1.5152083333333335
17.7475
4.467291666666667
0.4458333333333333
0.7539583333333333
0.15958333333333333
0.0
0.5891666666666667
0.05645833333333333
0.051666666666666666
0.06874999999999999
8.443125
0.408125
2.6997916666666666
0.33166666666666667
1.2031250000000002
0.9539583333333334
3.8510416666666667
3.6558333333333333
0.12729166666666666
0.021666666666666667
0.0
0.0
0.0
0.0
7.436041666666665
8.692708333333334
0.17145833333333335
0.0
0.0004166666666666667
0.046250000000000006
0.06479166666666668
4.7250000000000005
0.058541666666666665
0.0
0.013125
0.0
0.075625
0.005833333333333334
0.0
0.0
0.028749999999999998
1.0206250000000001
10.708958333333333
0.06291666666666666
0.0625
0.015625
0.011250000000000001
0.0
0.0
0.06375
0.2066666666666667
0.0
0.0014583333333333334
0.0
0.0
0.004375
0.015416666666666667
2.6375000000000006
0.08812500000000001
0.014583333333333335
0.0
0.0
0.0
0.03833333333333333
0.066875
0.201875
1.2985416666666667
0.155
2.935625
0.08541666666666665
0.3610416666666667
0.0
0.0
0.0
0.0
0.0
0.0
0.048958333333333326
0.0
0.015625
0.620625
0.9508333333333333
0.016041666666666666
8.603958333333333
3.708958333333333
0.8945833333333333
0.13354166666666667
11.187291666666667
8.750625000000001
5.932708333333333
11.644375000000002
21.997500000000002
0.35791666666666666
0.9745833333333334
0.19770833333333335
9.632916666666667
1.0452083333333333
1.8804166666666664
5.895833333333333
0.045625000000000006
0.0
0.07041666666666667
0.00020833333333333335
0.004375
0.08645833333333335
0.0
0.023124999999999996
0.3531250000000001
0.010416666666666666
2.076041666666667
1.4102083333333333
0.04083333333333333
0.025833333333333333
0.7174999999999999
3.343125
0.002291666666666667
0.0
0.008333333333333333
3.5702083333333334
3.135833333333333
1.2195833333333332
2.529166666666667
9.6425
36.806875
17.882291666666664
0.15562499999999999
11.557291666666666
6.0093749999999995
8.207500000000001
1.2460416666666667
14.646666666666667
1.9616666666666667
2.1031250000000004
0.22020833333333334
0.03333333333333333
0.043125
0.15125
2.6668749999999997
0.4541666666666666
0.005625000000000001
0.138125
3.2139583333333337
9.920625000000001
3.6981249999999997
1.3291666666666666
2.749166666666667
0.6668750000000001
0.16895833333333332
4.180416666666667
1.3345833333333335
4.287083333333334
0.5364583333333334
0.006875
0.02416666666666667
0.0
0.012916666666666668
0.0
0.0
0.0
0.00020833333333333335
0.016041666666666666
0.0
0.0
0.0
0.0
4.555416666666667
4.2597916666666675
5.498125000000001
0.11125
2.2127083333333335
2.174375
1.3999999999999997
0.6479166666666667
0.7925
8.370624999999999
16.47875
3.3049999999999997
16.15125
14.271041666666667
4.913749999999999
7.818541666666667
3.981666666666667
1.2202083333333331
0.063125
0.07125
1.0941666666666665
3.332708333333333
0.12250000000000001
0.13208333333333333
0.0
2.030416666666667
0.7720833333333333
0.01
0.0
0.0
0.0
0.0
0.0
0.0
0.0
0.0
0.0
0.00375
0.13375
1.5679166666666668
0.19125
0.7564583333333333
0.8725
0.4014583333333333
0.05708333333333334
8.024166666666666
1.5441666666666667
0.26958333333333334
0.01375
1.894375
1.0435416666666668
1.8389583333333333
0.16833333333333333
0.05958333333333333
0.0
0.0
0.0
0.023750000000000004
0.41687499999999994
0.130625
0.9791666666666666
0.31187499999999996
0.0
0.016458333333333335
1.100625
2.3039583333333336
4.850208333333334
3.8425
3.8497916666666665
0.8258333333333333
8.899583333333332
8.094375
3.188333333333334
2.987916666666667
2.2089583333333334
0.09708333333333334
0.02729166666666667
0.43770833333333337
2.954583333333334
5.441666666666666
1.996875
0.0
0.0
0.0
0.0
0.0
0.0
0.002916666666666667
0.45375000000000004
3.315
2.0175
0.6297916666666666
0.8316666666666667
0.5822916666666668
6.547291666666666
12.431458333333333
0.32083333333333336
4.545833333333333
0.16604166666666664
1.1345833333333333
0.0
0.0
0.1391666666666667
9.247291666666667
0.7697916666666668
0.0
0.2170833333333333
0.25729166666666664
3.7649999999999992
0.0
0.0
0.0
0.0
0.0
0.0
0.0
0.0004166666666666667
0.006458333333333333
0.006875
0.042916666666666665
0.9429166666666666
0.031875
0.010208333333333335
0.044791666666666674
0.17791666666666664
0.012500000000000002
0.006875
2.624375
1.1010416666666667
27.051666666666666
0.6564583333333334
2.855625
3.968541666666667
0.0008333333333333334
0.00375
0.0
0.0
0.020833333333333332
12.645208333333334
0.13333333333333333
4.205416666666666
13.029375000000002
0.5227083333333333
0.004791666666666666
0.052083333333333336
17.653541666666666
0.6139583333333333
0.41020833333333334
1.176875
2.128125
2.5570833333333334
1.7733333333333334
0.5183333333333333
2.97125
0.6754166666666667
6.981041666666667
4.737083333333333
6.314166666666668
4.356041666666667
10.5675
1.6947916666666665
0.555625
12.398958333333333
7.874583333333334
8.782291666666666
0.6927083333333334
5.4643749999999995
2.8668750000000003
4.926666666666667
0.3785416666666667
0.2041666666666667
7.983958333333334
15.042708333333332
5.987708333333334
4.832708333333334
7.883958333333333
9.076041666666667
0.10354166666666668
0.04125
3.8141666666666665
5.059374999999999
6.671666666666667
14.622083333333334
0.011666666666666667
0.0
0.0
0.0
0.0
5.702291666666667
0.3539583333333333
0.009583333333333334
0.3541666666666667
0.010833333333333334
0.0
0.0
1.08
0.0010416666666666667
0.085
0.0
0.0
3.265625
0.0016666666666666668
0.007916666666666667
6.680833333333333
4.870208333333333
0.0
0.0
0.0
0.41229166666666667
3.3666666666666667
1.278125
3.2237499999999994
0.036875
0.8866666666666667
1.458125
0.5085416666666666
1.023125
0.04708333333333333
0.0
0.0
0.017291666666666667
5.058125
9.922916666666666
3.7772916666666663
1.02125
0.0
0.0
0.02416666666666667
5.204583333333333
1.4243750000000002
0.0
11.040625
3.1033333333333335
2.610625
2.7591666666666668
6.6972916666666675
4.815833333333334
0.7691666666666667
0.00875
0.02458333333333333
1.5441666666666667
0.0
0.0
0.0
0.006458333333333333
0.011041666666666667
6.333333333333333
0.7154166666666666
2.5297916666666667
0.0
0.026666666666666672
0.0004166666666666667
0.00020833333333333335
0.04812500000000001
2.00125
0.013958333333333335
0.0
0.02125
0.19666666666666668
4.185
18.514375
0.8479166666666668
0.41479166666666667
0.015
0.8560416666666667
0.023750000000000004
0.414375
0.02291666666666667
0.057083333333333326
1.3895833333333334
5.84125
0.15041666666666667
1.9572916666666667
0.0
0.005833333333333334
0.24791666666666665
8.025625
4.732708333333333
0.2820833333333333
0.07458333333333333
0.2247916666666667
0.13875
2.7137499999999997
0.0035416666666666665
0.0033333333333333335
0.0
0.0
0.07875
0.03958333333333333
0.17416666666666666
5.287916666666667
0.39875
0.18437499999999998
0.030208333333333334
0.02979166666666667
0.4447916666666667
0.056666666666666664
0.022291666666666668
1.9689583333333331
7.030625
5.05375
4.711041666666667
0.735
2.026875
0.017083333333333332
0.017916666666666668
0.01916666666666667
0.0
0.008541666666666668
6.111249999999999
0.32916666666666666
0.81875
4.936458333333333
3.9729166666666664
1.05
0.22020833333333334
2.457291666666667
2.520833333333333
2.430416666666667
7.146666666666666
1.0679166666666668
0.02854166666666667
0.07229166666666667
0.0025
0.017916666666666668
0.27541666666666664
0.25229166666666664
11.499375
9.55875
3.6479166666666667
0.07729166666666666
0.65375
4.1968749999999995
0.017499999999999998
2.8404166666666666
0.5077083333333333
1.670208333333333
1.5691666666666668
0.39000000000000007
2.889791666666666
1.3985416666666666
0.06145833333333334
0.011250000000000001
0.2114583333333333
0.42958333333333326
1.586875
3.9452083333333334
8.458541666666667
11.389791666666667
2.4141666666666666
2.825833333333333
1.0093750000000001
0.6216666666666667
0.06291666666666666
2.1089583333333333
1.7785416666666667
0.05395833333333333
2.6975000000000002
0.21416666666666664
13.390416666666667
3.360416666666667
7.113541666666666
2.1489583333333333
2.7620833333333334
3.5749999999999997
0.510625
0.017499999999999998
0.0004166666666666667
0.0
0.27520833333333333
0.4414583333333333
0.18375
0.0
0.0
0.0
0.0
0.0
0.008125
0.03270833333333333
6.477083333333333
2.8968749999999996
2.379375
2.224375
0.6008333333333334
0.28604166666666664
0.17250000000000001
1.6779166666666665
1.7550000000000001
0.9827083333333334
0.00875
0.0
0.0
0.003333333333333334
0.3641666666666667
1.138125
0.34541666666666665
0.6372916666666667
0.06770833333333333
0.0004166666666666667
0.0
0.0
0.0
0.0
0.0
2.1979166666666665
1.5095833333333333
4.630416666666666
2.5127083333333333
0.160625
0.30020833333333335
0.6966666666666667
2.7877083333333332
4.537083333333333
12.450208333333334
9.945625
3.2950000000000004
0.5833333333333334
3.295208333333333
1.9268750000000001
0.5602083333333333
2.5379166666666664
2.0964583333333335
0.0425
0.03416666666666667
0.08208333333333333
0.0008333333333333334
1.5308333333333335
15.404166666666667
1.7225000000000001
6.099375000000001
6.952708333333333
0.0
0.0
0.0
0.023333333333333334
0.0
0.0
0.015833333333333335
0.007291666666666668
0.5125000000000001
0.4529166666666667
0.002916666666666667
0.72625
0.8202083333333333
0.0004166666666666667
0.0
0.0
0.03979166666666667
0.003958333333333334
0.0
0.0062499999999999995
0.008125
0.001875
0.4604166666666667
1.6979166666666667
0.02041666666666667
0.0
0.7443750000000001
2.105208333333333
0.015208333333333332
0.0
0.014583333333333332
30.87958333333333
0.59625
2.033958333333333
8.694999999999999
4.507708333333333
0.12437500000000001
0.025208333333333333
2.1906250000000003
0.69875
1.8275
0.0031249999999999997
0.0
0.0
0.0
3.4304166666666673
4.995208333333333
4.639583333333333
0.007083333333333333
0.10124999999999999
3.522916666666667
1.05125
0.013333333333333336
0.0020833333333333333
0.0
0.07354166666666667
1.5629166666666665
1.5535416666666666
4.631458333333334
1.331875
12.308749999999998
19.942083333333333
1.3716666666666668
8.958958333333333
0.06270833333333332
2.102708333333333
1.5912499999999998
3.9091666666666662
50.158750000000005
1.5672916666666665
0.148125
0.5360416666666666
3.314791666666667
0.5747916666666667
1.3977083333333333
0.09458333333333335
0.6752083333333334
0.24229166666666666
0.0
0.007291666666666666
0.8683333333333333
0.19479166666666667
10.816875000000001
3.0079166666666666
0.19562500000000002
6.156666666666666
4.425625
0.16937499999999997
0.18437500000000004
0.0
0.8427083333333334
10.375416666666668
0.02395833333333333
15.276666666666666
3.707291666666667
0.4170833333333333
0.12
1.9754166666666668
4.2179166666666665
0.03729166666666667
0.0
0.0
0.0
0.0
0.0
0.11354166666666667
2.3345833333333332
0.31104166666666666
0.39562500000000006
0.10312500000000001
0.02041666666666667
0.9789583333333333
1.8397916666666667
4.480625
1.0775
3.1137499999999996
11.701041666666667
20.3
8.196041666666666
2.296875
8.164375
6.883749999999999
0.15458333333333332
0.37395833333333334
0.0
0.019583333333333335
0.9320833333333333
0.16
3.849166666666667
0.10520833333333333
0.0
0.0
0.0
15.374166666666667
0.10208333333333335
28.10729166666667
56.25354166666667
3.8310416666666662
0.006666666666666667
0.0
0.0
0.0
0.25354166666666667
0.0
0.0
5.198958333333334
8.72375
0.6341666666666667
0.19999999999999998
2.0385416666666667
0.018541666666666668
0.6843750000000001
2.7504166666666663
1.5641666666666667
0.010833333333333334
0.029375000000000002
0.0
0.0
0.0
0.0
0.0
0.0
0.0
0.0
0.004583333333333333
0.8747916666666665
0.00020833333333333335
0.0004166666666666667
0.234375
0.3383333333333334
0.004583333333333334
0.6002083333333333
2.518125
1.70625
0.604375
1.9010416666666667
3.172708333333333
0.34708333333333335
2.8564583333333338
10.392708333333333
1.9712500000000002
0.043333333333333335
0.41
0.03
1.243125
9.243541666666665
0.6058333333333333
0.0
0.024999999999999998
1.6277083333333333
8.475208333333333
0.45104166666666673
1.2272916666666667
0.2389583333333333
1.2254166666666666
0.0
9.794166666666667
19.33625
3.6020833333333333
5.546458333333334
2.3247916666666666
2.670833333333334
16.471458333333334
0.16583333333333336
2.5810416666666667
7.06
0.598125
6.5304166666666665
0.6989583333333332
0.036875
0.024374999999999997
0.22520833333333332
0.9297916666666667
0.012916666666666667
0.38833333333333336
4.3625
3.651666666666667
2.5389583333333334
1.2160416666666667
1.2760416666666667
1.4541666666666668
0.07625
0.033124999999999995
1.3485416666666667
1.1293749999999998
0.34229166666666666
0.7164583333333333
0.7464583333333333
0.34875000000000006
4.748333333333333
1.6702083333333333
2.8947916666666664
0.7206250000000001
0.006875
0.005
0.37770833333333337
5.373541666666667
2.1664583333333334
0.89125
1.8116666666666668
0.019791666666666666
2.3979166666666667
0.40875
4.513958333333334
5.767916666666667
8.249166666666666
0.7860416666666667
3.016875
14.36875
2.0031250000000003
0.6064583333333333
20.24416666666667
5.811458333333334
1.7391666666666667
5.846041666666667
6.881458333333334
23.517708333333335
8.021875
0.750625
11.098333333333334
0.8025000000000001
0.9527083333333334
3.5802083333333337
1.6733333333333331
0.023124999999999996
0.10458333333333332
4.668333333333333
0.470625
0.03541666666666667
1.9197916666666668
1.498125
0.42645833333333333
2.351875
1.4489583333333333
0.553125
0.12520833333333334
0.7091666666666666
1.133125
8.257291666666667
1.7045833333333336
0.08333333333333333
1.0508333333333333
1.2714583333333334
4.349166666666666
13.81541666666667
0.465
0.051875000000000004
0.15354166666666666
5.401458333333333
2.8997916666666668
8.062916666666666
0.09333333333333334
0.0
0.0
0.0
0.0
0.0
0.0
0.0
0.000625
0.3629166666666667
0.3602083333333334
1.199375
0.11125
0.4864583333333334
0.6906249999999999
0.345625
7.06375
7.010416666666667
7.512916666666666
1.06625
0.0
0.0
0.0
0.0
0.001875
1.0516666666666665
2.7493750000000006
3.125
0.07708333333333334
0.010833333333333334
0.0
0.00125
0.017291666666666667
0.019791666666666666
0.15333333333333332
0.0014583333333333334
0.0
0.0
0.0
0.0
0.0
0.7133333333333333
0.49937499999999996
0.0
0.005208333333333333
0.0
0.0
0.585
6.154583333333332
3.354791666666667
11.413125
1.0910416666666667
0.1902083333333333
0.0
0.0
0.0
0.05645833333333333
16.45
1.0741666666666667
5.654791666666667
1.1404166666666666
0.05937500000000001
0.06166666666666667
4.138541666666666
5.200625
0.44999999999999996
0.03895833333333333
0.8122916666666665
0.0075
0.4222916666666667
0.0
0.0
0.0
0.0
0.0035416666666666665
0.019583333333333335
1.1968750000000001
0.0
0.0
0.0
0.9670833333333334
0.028125
0.020833333333333332
0.0
0.4208333333333334
18.479166666666668
8.266666666666666
1.3316666666666668
1.22625
1.5902083333333332
1.4364583333333332
1.0854166666666665
0.0
0.0
0.0
0.0
0.0
0.0
0.0
0.02
0.0
14.395416666666668
3.6116666666666664
0.05437500000000001
0.22687500000000002
0.10875
0.425
3.933958333333333
2.338125
3.0814583333333334
0.022500000000000003
0.0
1.970625
1.7735416666666666
7.154374999999999
2.8972916666666664
0.0
2.0897916666666667
25.566041666666667
3.6391666666666667
0.0
0.0
0.0
0.0
0.043333333333333335
0.10541666666666667
1.0277083333333332
0.023333333333333334
0.16145833333333334
0.49208333333333326
0.14875
5.371458333333333
1.8689583333333335
0.0
0.0
0.026041666666666668
0.02541666666666667
0.0
0.0
0.0
0.0
0.0
0.007291666666666666
0.0
0.7316666666666668
2.8550000000000004
0.3885416666666666
1.2162499999999998
0.0
0.016458333333333332
11.596041666666666
3.771041666666667
4.123333333333334
0.7470833333333333
0.036875
3.829166666666667
0.03833333333333334
3.344791666666667
2.759375
0.001875
0.019791666666666666
2.483125
0.6172916666666667
0.42333333333333334
1.0991666666666666
5.712708333333334
2.7385416666666664
3.0845833333333332
5.896666666666666
0.5670833333333333
0.019375
0.2354166666666667
8.748958333333333
0.175625
0.0075
0.06770833333333333
0.0
0.0
0.0
0.0
0.0
0.0
0.0
0.0
1.1381249999999998
0.013541666666666667
0.0
0.0
0.0
0.0
8.810416666666667
8.973958333333334
0.43895833333333334
6.990416666666666
4.76125
0.1970833333333333
0.4575
4.430833333333333
0.0
0.0
0.03166666666666667
0.058958333333333335
0.005833333333333334
1.5062500000000003
0.048125
0.8072916666666666
4.163333333333333
2.175625
1.80875
0.089375
0.0
0.007916666666666667
2.660833333333333
0.7545833333333333
0.16854166666666667
0.276875
0.0
1.0475
8.007916666666667
0.34708333333333335
2.7225
0.03541666666666666
0.0
0.43083333333333335
0.6974999999999999
0.14145833333333332
2.0472916666666667
0.07041666666666667
0.046875
0.0
0.144375
0.0
0.0
0.09791666666666665
0.0
0.000625
3.331666666666667
0.5939583333333333
0.0
0.0
0.0
0.0
0.0
0.0
0.0
0.0
0.0
0.0
0.0
0.014791666666666667
0.0
0.030208333333333334
8.631666666666668
0.29250000000000004
0.470625
0.03895833333333334
0.0020833333333333333
3.87625
0.0
0.0
0.0
4.9054166666666665
0.050208333333333334
0.00020833333333333335
0.0
0.0
5.555416666666666
19.502708333333334
46.00666666666666
2.8541666666666665
1.548125
1.7477083333333336
6.847291666666666
5.273750000000001
10.187083333333334
8.299166666666666
0.33249999999999996
0.07708333333333332
2.3833333333333333
0.29583333333333334
0.06354166666666666
0.0043749999999999995
0.00875
0.0
7.291041666666666
0.7439583333333334
0.0075
0.051875000000000004
0.10229166666666667
0.015833333333333335
0.0
0.0
0.0
0.0
0.005625000000000001
0.008958333333333334
0.06708333333333334
0.0004166666666666667
0.008333333333333333
0.089375
0.3320833333333333
0.022291666666666664
0.08625
0.08083333333333333
6.36375
2.8522916666666664
5.279374999999999
0.1985416666666667
6.0356250000000005
5.303541666666667
4.969791666666667
1.2712499999999998
0.09083333333333334
0.07291666666666667
4.5616666666666665
0.20166666666666666
1.4750000000000003
0.38562500000000005
0.0004166666666666667
3.0977083333333333
0.003541666666666667
0.0
0.0
0.0
0.007291666666666666
0.006874999999999999
0.05958333333333333
0.9831249999999999
2.6377083333333338
6.982291666666666
1.8222916666666666
8.917708333333334
6.521249999999999
0.9647916666666667
10.227291666666666
0.20479166666666662
1.9866666666666666
16.621458333333333
2.421041666666667
1.4279166666666667
0.55625
5.800416666666666
12.986041666666667
3.8320833333333333
1.904375
1.1743750000000002
1.275625
0.20666666666666667
0.9935416666666667
4.227916666666666
1.5770833333333334
0.0
0.0
0.0
0.8827083333333334
0.8920833333333333
6.209583333333332
8.253958333333335
4.2725
3.2485416666666667
1.2979166666666666
1.210625
1.4645833333333333
0.30083333333333334
0.08812500000000001
0.0008333333333333334
1.8108333333333333
6.920208333333332
6.226666666666667
1.5520833333333333
0.225625
2.4620833333333336
3.5814583333333334
0.9389583333333333
0.2652083333333333
0.009375
0.0
0.015
0.9445833333333334
0.405
1.6591666666666667
4.642708333333334
1.7572916666666665
6.779791666666667
5.955208333333334
9.291875
1.0770833333333334
2.2970833333333336
0.23666666666666666
5.320416666666667
4.595
0.7547916666666667
0.25833333333333336
0.08187499999999999
0.09604166666666665
0.2427083333333334
0.49750000000000005
0.006666666666666667
0.0
0.0
0.0
0.022083333333333333
0.0
0.08270833333333333
0.40479166666666666
0.0
0.0
0.0
0.0
1.3193750000000002
2.354375
5.39375
1.8656250000000003
3.419166666666667
0.050208333333333334
0.00875
0.0
0.0
0.02125
0.055625
0.0020833333333333333
0.0
0.0
0.0077083333333333335
0.0
0.36895833333333333
2.6166666666666667
2.2285416666666666
0.043541666666666666
2.52
2.8275
3.9741666666666666
1.298125
4.58125
13.033958333333333
5.384166666666666
5.421666666666667
4.281458333333333
2.9010416666666665
3.266458333333334
3.6754166666666666
0.27791666666666665
2.1725
2.3668750000000003
6.721041666666667
13.9975
0.07666666666666667
0.65
6.582708333333334
4.583333333333333
4.787083333333334
16.985416666666666
0.5966666666666667
5.992083333333333
4.06625
8.655416666666666
1.0985416666666665
3.0283333333333338
1.1135416666666667
0.0
0.0
0.09916666666666667
11.607083333333335
0.007916666666666667
0.07854166666666668
0.014166666666666666
8.250208333333333
0.12708333333333335
1.6397916666666668
3.4943750000000002
1.0585416666666667
0.6397916666666666
0.9720833333333333
1.8779166666666667
2.4266666666666663
5.234583333333333
1.0285416666666667
1.4408333333333332
0.015
0.003333333333333334
5.811458333333334
1.8412499999999998
0.3789583333333333
1.46875
0.9797916666666667
2.0502083333333334
2.267916666666667
3.5029166666666662
2.01625
0.10916666666666668
0.5254166666666666
0.045000000000000005
2.689583333333333
0.0
0.6385416666666667
0.9247916666666667
28.20895833333333
7.570833333333334
20.065208333333334
2.658125
6.544583333333333
2.948333333333333
1.671875
0.08395833333333332
0.0
4.416666666666667
0.29625000000000007
0.0
0.009791666666666666
0.02020833333333333
0.013541666666666667
0.023333333333333334
0.4008333333333334
0.8133333333333335
0.0
0.0
0.0004166666666666667
0.276875
0.4191666666666667
0.36375
0.06541666666666666
0.0
0.00020833333333333335
0.0
0.0
7.951666666666667
0.002916666666666667
0.0
0.0
9.9075
0.5897916666666667
1.6241666666666665
0.02270833333333333
0.14625
1.7910416666666666
1.9795833333333335
0.020833333333333332
0.0
0.0
0.013958333333333335
0.42583333333333334
1.0408333333333335
1.871875
0.0
0.0
0.0
0.0
0.0
0.0
0.012916666666666667
9.997916666666667
0.22374999999999998
10.4475
9.421875
0.0
0.0
0.0
0.018541666666666668
0.065
0.0
0.0
0.05104166666666667
0.015625
0.0
0.0
0.0
3.2262500000000003
2.174375
1.20625
5.515416666666667
17.725416666666664
8.019166666666665
0.03270833333333333
0.050208333333333334
0.005625000000000001
0.0025
0.6477083333333333
0.0
0.013958333333333335
0.0
0.0
0.10166666666666668
2.4993749999999997
0.0
0.0
0.0
2.685625
1.814375
0.8745833333333333
0.0004166666666666667
0.0
0.0
0.0
0.0
0.0
0.0
0.0
1.0677083333333333
0.31416666666666665
4.918333333333333
0.0275
0.0
0.0
0.0
0.6339583333333333
8.670625000000001
16.149375
2.2087499999999998
1.4925
3.4783333333333335
5.023124999999999
13.557916666666666
2.0577083333333333
0.9049999999999999
0.035
6.366041666666668
0.171875
5.062083333333333
0.020625
0.000625
1.4974999999999998
0.0
0.0
0.0
0.0
0.044583333333333336
0.0
0.08958333333333333
3.544583333333333
0.06229166666666667
0.0
0.0
0.0
0.45125
8.591666666666667
3.4158333333333335
1.8527083333333334
1.4895833333333333
0.016458333333333335
0.041666666666666664
3.0833333333333335
2.040625
10.436041666666666
0.3541666666666667
1.3747916666666669
2.6714583333333337
0.0022916666666666667
0.0
0.0
0.0
0.0
0.03166666666666667
0.009583333333333334
0.0
1.7406249999999999
0.4691666666666667
0.015416666666666667
0.7235416666666666
0.025416666666666667
0.02125
0.0004166666666666667
0.0004166666666666667
0.022500000000000003
0.014374999999999999
0.0033333333333333335
0.007291666666666666
0.019375
0.011666666666666667
0.0
0.0
0.0
0.04770833333333333
0.5495833333333333
0.08625000000000001
0.31
0.22125000000000003
0.10604166666666666
0.27625
0.47708333333333336
0.0
0.0
1.2922916666666666
10.248750000000001
20.296666666666667
12.441250000000002
3.8022916666666666
2.0395833333333333
2.2547916666666663
0.100625
0.0
0.0
0.007291666666666666
0.494375
3.67375
1.08
0.8052083333333334
1.4254166666666668
1.903125
0.9989583333333334
0.0
0.002916666666666667
0.0
0.0
0.0
0.08458333333333334
2.8406249999999997
0.7216666666666667
0.7716666666666666
0.2427083333333333
3.620208333333333
0.5070833333333333
1.9041666666666668
9.5
6.08625
0.044375000000000005
0.042083333333333334
0.003958333333333334
0.010416666666666666
0.0
1.67875
9.88375
9.194375
4.162083333333333
2.1185416666666668
0.3066666666666667
1.8927083333333334
3.36875
1.1502083333333333
0.3464583333333333
0.7616666666666667
1.0622916666666666
10.310625
23.906666666666666
3.53125
20.36583333333333
4.413958333333333
0.5656249999999999
0.023749999999999997
0.5322916666666667
0.03208333333333333
6.086458333333333
5.432291666666667
6.231041666666666
0.30187500000000006
0.7258333333333332
0.41687499999999994
1.12
2.6925000000000003
1.7922916666666666
6.241458333333334
3.921875
1.6914583333333333
9.615625
0.7627083333333333
3.519166666666667
42.416041666666665
2.127708333333333
9.001875
0.6722916666666666
1.3620833333333333
0.8066666666666666
0.018541666666666668
0.0
0.0004166666666666667
0.0
0.0
0.0
0.0
0.0
0.004375
1.3775000000000002
1.3258333333333334
0.0
0.005208333333333333
0.39125000000000004
0.644375
2.3072916666666665
0.005416666666666667
0.0
0.0
5.13875
0.17375
0.0
0.064375
0.030416666666666665
0.1225
0.32479166666666665
0.056041666666666656
0.0
0.0
0.017708333333333333
0.0020833333333333333
0.0
0.0
0.0
0.0
0.0
0.0
0.0
0.0
0.0
0.004791666666666666
1.5518750000000001
1.6427083333333332
2.1279166666666662
7.46875
4.915
1.7125000000000001
0.2504166666666667
3.591458333333333
10.527291666666667
8.197708333333333
1.9572916666666664
2.8579166666666667
0.25875
0.9314583333333332
0.08083333333333334
0.16291666666666668
0.6633333333333333
0.00020833333333333335
0.036875
2.165
0.0
0.0
0.005416666666666667
2.7716666666666665
0.0
0.0
0.0
0.0
0.0
0.0
0.0
0.0
0.0
0.0
0.0
0.0025
0.00020833333333333335
2.7145833333333336
0.31020833333333336
0.16770833333333335
0.831875
0.034999999999999996
2.345
0.022500000000000003
0.093125
0.14291666666666666
0.0
0.49625
1.5285416666666667
2.6179166666666664
1.7697916666666664
6.416041666666666
0.06645833333333333
3.218125
0.6475000000000001
0.0425
15.722291666666665
3.187708333333333
34.41791666666666
0.5683333333333334
16.437291666666667
9.412083333333333
7.125416666666666
3.7304166666666667
19.974375000000002
14.524791666666667
13.609791666666666
6.288333333333334
0.3927083333333334
0.984375
0.703125
0.005208333333333333
0.4139583333333334
9.731458333333334
10.0525
0.211875
24.262916666666666
0.02354166666666667
0.4835416666666667
0.0
0.0
0.014166666666666668
3.203958333333333
0.05854166666666668
0.0004166666666666667
0.0020833333333333333
0.0
0.0
0.5279166666666667
4.073958333333334
3.7247916666666665
0.012083333333333335
0.061250000000000006
4.413125
0.0010416666666666667
0.31416666666666665
2.2354166666666666
0.8189583333333333
3.09625
1.0595833333333333
8.775208333333333
2.9295833333333334
0.27
0.0027083333333333334
0.0
0.0
0.0
0.0
0.0
4.221041666666667
0.29666666666666663
3.9574999999999996
18.875208333333333
16.024583333333336
6.788958333333333
0.20999999999999996
2.863541666666667
0.2629166666666667
0.000625
0.0
0.0
0.0
0.0
0.012708333333333334
1.7954166666666664
3.7060416666666662
1.47875
0.014166666666666668
0.9585416666666667
6.762083333333334
2.6797916666666666
0.309375
0.08145833333333334
3.449583333333333
0.7202083333333333
1.538125
0.02020833333333333
0.020625
0.4475
7.641249999999999
10.525
0.27520833333333333
0.027083333333333334
0.005
0.006041666666666667
0.005833333333333333
0.06645833333333334
0.0
0.0
0.0
0.0
0.0
0.0
0.7904166666666667
43.090833333333336
0.21916666666666665
0.0
0.0
0.0
0.0
0.0
0.0020833333333333333
0.0
0.0
7.913125
1.3022916666666666
11.557916666666666
6.831041666666667
13.322083333333332
17.19395833333333
4.92375
10.905625
1.3795833333333334
0.401875
4.902083333333334
2.3106250000000004
0.069375
0.25
0.018541666666666668
1.8470833333333332
0.10020833333333333
3.735625
2.301458333333333
3.935833333333333
3.6339583333333336
3.4858333333333333
3.6616666666666666
0.000625
0.030625
1.4525
1.3327083333333334
4.896458333333334
0.5439583333333333
1.8504166666666666
6.9925
1.4487499999999998
0.9045833333333334
0.7135416666666666
1.4277083333333334
2.3679166666666664
1.0720833333333333
0.030625
0.008125
0.005416666666666667
0.01625
0.0
0.0
0.0
7.883749999999999
1.5237500000000004
4.1397916666666665
0.08041666666666666
3.6647916666666664
3.091875
0.11895833333333333
5.272083333333334
5.993958333333333
0.17312500000000006
0.0
0.012083333333333335
0.0060416666666666665
0.004791666666666666
0.012708333333333335
0.005625000000000001
0.019791666666666666
0.0
0.0
0.0
0.0
0.0
0.0
0.0
0.005625000000000001
0.0
0.0
0.0
0.11020833333333334
3.825625
2.1179166666666664
0.07979166666666666
0.02125
0.3764583333333333
5.421666666666667
36.25729166666667
20.328125
12.693958333333335
2.3110416666666667
0.08374999999999999
0.006666666666666667
0.004166666666666667
0.0
0.0
0.0
0.02791666666666667
0.0025
0.0025
0.034583333333333334
0.012500000000000002
0.0022916666666666667
0.08479166666666667
1.2631249999999998
0.06333333333333334
0.0
0.0
0.006875
6.433125
0.02291666666666667
6.610833333333333
4.805833333333333
7.735416666666666
1.3095833333333333
4.853958333333334
2.4360416666666667
0.0075
0.0031250000000000006
0.0
0.7177083333333334
0.07791666666666668
0.0
0.009583333333333333
0.06479166666666668
0.01
1.8166666666666667
9.643541666666666
1.7202083333333331
2.3785416666666666
1.0075
0.8283333333333333
0.7002083333333333
0.29541666666666666
0.9925
1.0756249999999998
0.2895833333333333
2.2202083333333333
2.2916666666666665
0.10833333333333334
0.007083333333333333
0.005208333333333333
0.0
0.0
0.02
2.5933333333333333
1.235
1.6864583333333334
2.803125
0.23729166666666668
1.6739583333333334
5.162916666666667
4.325833333333334
0.02729166666666667
0.012500000000000002
2.2047916666666665
0.7956249999999999
3.3331250000000003
2.3491666666666666
0.25625000000000003
0.0
0.0
0.0
0.08645833333333335
0.0
11.524583333333334
4.2225
0.011250000000000001
0.0
0.0
0.0
0.0325
0.014374999999999999
0.0
0.005833333333333333
0.0
0.0004166666666666667
0.0016666666666666668
0.10979166666666668
0.025000000000000005
0.22729166666666667
0.0
0.0
0.0
0.0
0.0
0.9720833333333333
0.6879166666666666
0.005
0.0
0.5004166666666667
0.0
0.0
0.016874999999999998
0.0
0.001875
0.0025
0.0
0.0
2.3077083333333333
3.2010416666666663
2.52875
2.017291666666667
4.705625
0.2972916666666667
0.014166666666666668
0.0
0.0060416666666666665
0.21458333333333335
1.1577083333333333
0.253125
11.277499999999998
7.444375000000001
1.9091666666666667
1.00875
0.8177083333333334
3.4433333333333334
2.2285416666666666
0.24979166666666666
0.0
0.0
5.577500000000001
2.236875
2.8793749999999996
0.08187499999999999
0.6
0.875625
5.569166666666668
6.782499999999999
5.780416666666667
3.8550000000000004
1.8097916666666667
0.47479166666666667
0.0
0.0
0.0
0.0
0.0
0.0
0.11979166666666667
0.006875
0.44875
0.9745833333333334
8.524166666666666
1.8829166666666666
0.7389583333333333
0.986875
2.1358333333333333
2.4685416666666664
0.38562499999999994
0.7693750000000001
0.0
0.0
0.05958333333333334
0.9533333333333333
6.840416666666667
0.26395833333333335
3.4579166666666663
0.07770833333333334
0.029375
0.0
1.3495833333333334
0.034374999999999996
0.0
0.0
5.116458333333333
4.063958333333333
28.478958333333335
8.468333333333334
3.9481249999999997
0.0
0.0
0.017916666666666668
1.8891666666666669
10.656458333333335
6.873333333333332
0.0
0.0
0.0
0.0
0.0
0.00020833333333333335
9.261666666666665
2.08125
4.856458333333333
2.8977083333333336
9.0425
3.4370833333333333
3.918541666666666
7.334166666666666
1.5885416666666667
1.3277083333333335
0.09749999999999999
0.11562499999999999
0.091875
0.006041666666666667
4.278958333333333
17.9075
1.7089583333333334
3.5822916666666664
0.25
5.69125
4.631666666666667
11.223125000000001
3.091041666666667
3.8216666666666668
0.69
0.0
16.107083333333332
0.0
0.0
0.0
0.0
11.04125
0.008333333333333333
1.1987500000000002
5.6049999999999995
0.7366666666666667
0.04854166666666667
0.0
0.0
0.06770833333333333
0.0
0.004166666666666667
0.0
13.437708333333333
1.0864583333333333
3.046041666666666
3.4112500000000003
1.8870833333333337
0.004375
0.0
0.0
6.179375
0.0
18.716041666666666
8.222291666666665
0.8133333333333335
5.509583333333334
13.216875
0.01
1.8179166666666664
0.11083333333333334
2.31625
2.5925
0.36354166666666665
0.105
0.165625
4.168541666666667
0.08833333333333333
4.964583333333334
0.8741666666666666
0.3222916666666667
0.6627083333333333
3.8185416666666665
4.344375
0.035
6.666875
0.0014583333333333334
0.008125
14.540625
0.012916666666666668
6.111666666666667
0.13354166666666667
0.026875
0.04770833333333333
0.0
0.0
0.0
0.02625
0.9006250000000001
0.41562499999999997
20.317708333333332
5.307708333333333
2.4881249999999997
0.725625
2.8872916666666666
5.945208333333333
0.29354166666666665
0.0
0.0008333333333333334
0.0035416666666666665
0.6558333333333333
0.07041666666666667
3.125625
0.094375
4.90625
0.008125
0.0
0.0
0.0
1.588125
0.07229166666666666
0.0
0.0
0.0
0.0
0.0
0.0
0.0
0.000625
3.053125
0.02354166666666667
2.1816666666666666
2.46
0.4714583333333333
1.1185416666666665
3.574791666666666
2.1037500000000002
0.12791666666666668
0.1585416666666667
0.0
0.0
0.45062500000000005
0.49208333333333326
0.15625
0.10916666666666668
0.22916666666666666
0.02
0.001875
0.0
0.0
0.0
0.0
0.0
0.0
0.0
0.0
0.0
0.0
0.0
1.6954166666666666
1.5247916666666665
0.013333333333333334
1.0429166666666667
13.245416666666666
1.8914583333333335
1.6918750000000002
1.8383333333333336
19.37
3.5679166666666666
0.22083333333333333
0.0008333333333333334
0.0
0.0014583333333333334
0.0
0.0
0.0
0.7635416666666668
0.11104166666666666
1.1314583333333335
7.515833333333333
0.30541666666666667
0.12645833333333334
0.03291666666666667
0.06333333333333334
0.19812500000000002
4.435208333333333
1.3002083333333334
3.9549999999999996
9.340000000000002
0.314375
0.11208333333333335
0.29583333333333334
0.13812500000000003
3.9147916666666664
1.6368749999999999
3.1504166666666666
0.879375
2.3133333333333335
0.038125
0.009375000000000001
0.09687499999999999
3.605833333333333
0.6710416666666666
0.9304166666666666
0.9222916666666667
1.9014583333333335
5.798333333333332
1.2658333333333334
1.8381249999999998
0.0
0.0
0.012500000000000002
0.4593749999999999
2.598125
7.0112499999999995
7.209583333333334
4.254791666666666
0.36104166666666665
0.0
0.0
1.20125
1.7589583333333334
5.484166666666667
1.055
0.5116666666666667
2.4897916666666666
0.044791666666666674
0.0
0.0004166666666666667
3.6520833333333336
3.2862500000000003
2.31375
5.801874999999999
6.563333333333333
2.0947916666666666
1.9968750000000002
1.9487499999999998
13.925416666666665
12.018958333333332
0.22854166666666664
6.794375
10.131041666666667
8.020416666666668
4.235
3.7420833333333334
0.10645833333333334
0.3335416666666666
0.4795833333333333
0.0
0.0
0.0004166666666666667
0.011875000000000002
2.1514583333333337
0.007291666666666666
0.028125
0.22583333333333333
0.55125
0.16937500000000003
1.0260416666666667
7.251249999999999
0.12062500000000002
0.0020833333333333333
0.0
0.0
0.0008333333333333334
0.0
0.023750000000000004
0.023333333333333334
0.41916666666666663
0.43375
0.16437500000000002
0.011041666666666667
0.43708333333333327
0.0
0.01625
0.0
0.0
0.0
0.0
0.0
0.0
0.0008333333333333334
13.250833333333333
4.229375
10.239375
0.04395833333333334
3.1356249999999997
0.19229166666666667
0.027916666666666673
0.04541666666666667
0.0
0.019375
0.015
0.012916666666666668
0.0
0.0
0.0
0.008541666666666668
7.550416666666667
1.8710416666666667
0.9445833333333332
8.825416666666667
23.936666666666664
0.9541666666666666
1.2870833333333334
0.6931249999999999
0.7514583333333333
4.3
23.73645833333333
22.03895833333333
0.36062500000000003
2.1420833333333333
7.038541666666667
2.330416666666667
0.5804166666666667
0.0004166666666666667
0.0
0.008125
1.9783333333333335
5.425416666666667
0.32145833333333335
0.030833333333333334
0.0010416666666666667
2.0733333333333333
0.017916666666666668
5.900833333333334
1.4412500000000001
5.399375
2.8154166666666662
1.9185416666666668
4.629583333333334
2.7252083333333332
0.47
0.9183333333333333
0.19458333333333333
5.1025
0.0010416666666666667
0.0
0.0
0.0
0.0
0.0
0.381875
0.1052083333333333
0.5168750000000001
11.910833333333334
0.7835416666666668
2.5212499999999998
1.444791666666667
5.858541666666667
0.022291666666666668
0.0
8.711458333333333
2.668125
0.9864583333333332
0.09666666666666666
0.080625
3.30625
0.4895833333333333
0.009583333333333334
0.3622916666666667
0.0
5.0285416666666665
2.896875
0.0
0.00020833333333333335
3.5031250000000007
0.8885416666666667
4.668333333333334
4.703541666666667
0.21624999999999997
1.7485416666666669
3.2881250000000004
18.516875
6.499583333333334
3.1491666666666664
13.209166666666667
6.550625
1.145625
0.023750000000000004
0.165
1.8920833333333331
0.018125000000000002
0.0035416666666666665
0.0
0.0
1.1543750000000002
15.278125000000001
0.5604166666666667
0.006666666666666667
0.0
0.0
0.12229166666666669
0.34833333333333333
0.0077083333333333335
0.0
0.0
0.0
0.0
0.0
0.0
0.0
0.0
0.0022916666666666667
0.020833333333333332
4.435208333333333
4.353958333333334
7.5424999999999995
4.376458333333333
5.094791666666667
0.43687499999999996
0.053125
0.0
0.0
0.0
0.0
0.0
16.908125
0.057708333333333334
0.0
0.0010416666666666667
0.007916666666666667
9.858541666666666
6.426041666666667
1.4629166666666666
0.7170833333333334
5.577291666666667
0.00875
0.0
0.0
0.0
0.4945833333333333
0.0
0.0
0.0
1.0164583333333332
0.0
0.0
0.0
0.0
0.0
4.499375
0.6708333333333334
8.930625
0.03479166666666667
0.01916666666666667
1.7291666666666667
0.005625000000000001
1.658125
3.0847916666666664
7.256666666666668
0.8627083333333333
0.11333333333333333
2.504583333333333
2.6318750000000004
7.559583333333333
1.1114583333333332
2.761041666666666
0.584375
0.15312499999999998
0.6189583333333334
1.2777083333333332
0.9141666666666666
0.37333333333333335
0.19958333333333333
9.77625
0.029583333333333333
0.0
3.902708333333333
0.13208333333333336
0.004583333333333333
0.0
0.0
0.0
14.926666666666668
3.2583333333333333
0.07187500000000001
8.24875
15.72375
6.625833333333333
0.3670833333333334
0.006041666666666667
0.0
0.0
0.0
0.0
0.0
0.0
0.0
0.08541666666666665
0.0
0.0
0.0
0.0
0.0
0.0
0.0
0.0
0.0
1.564375
0.0016666666666666668
0.0
0.0
0.0
0.0
0.0
0.0
0.0
0.034791666666666665
0.004375
0.4345833333333333
6.1222916666666665
21.429375000000004
19.66541666666667
28.551875
5.239999999999999
0.16916666666666666
6.413333333333333
0.14229166666666668
0.02395833333333333
2.5085416666666664
2.3116666666666665
0.6320833333333333
2.3345833333333332
8.149166666666666
0.05916666666666667
0.08229166666666667
0.23687499999999997
1.4014583333333335
0.4575
0.04270833333333333
0.274375
0.010625
0.014791666666666668
0.0
0.010208333333333333
0.01375
0.1775
0.18541666666666665
1.3370833333333334
2.1889583333333333
1.3102083333333334
2.610208333333333
3.2322916666666663
1.9777083333333334
4.402708333333333
0.28229166666666666
0.3333333333333333
0.07166666666666667
1.091875
0.000625
0.0
0.0
0.0
0.6195833333333333
0.2529166666666667
0.014791666666666668
0.01916666666666667
0.17479166666666668
7.299166666666667
0.6470833333333333
0.013333333333333336
0.034583333333333334
0.0014583333333333334
0.0
0.0014583333333333334
1.181875
0.185625
8.57375
0.625625
7.956874999999999
10.495624999999999
2.1714583333333333
5.385833333333333
3.776666666666667
0.9220833333333335
2.670625
0.3658333333333334
3.330208333333333
1.4829166666666669
2.5989583333333335
3.173125
7.077083333333333
12.185833333333335
9.286458333333334
18.602708333333336
1.8960416666666664
0.783125
5.412916666666667
4.88375
5.330625
0.19729166666666664
1.5227083333333333
0.6120833333333333
1.1483333333333332
0.5725
0.6249999999999999
0.08437500000000002
1.47625
7.224166666666666
0.06458333333333333
0.0
0.06354166666666666
0.14645833333333333
0.10791666666666666
0.017916666666666668
0.42458333333333337
1.95125
0.11375
0.2635416666666667
3.4810416666666675
0.32125
1.2558333333333334
0.03125
0.0
0.0
0.0
0.0
0.02125
0.045000000000000005
0.07125
2.889583333333333
0.31979166666666664
1.9227083333333335
1.930625
3.1820833333333334
0.20145833333333332
3.6939583333333332
1.1854166666666668
0.7285416666666666
1.7375
1.1335416666666667
1.6875
2.1339583333333336
0.270625
3.67
0.57625
0.49145833333333333
0.03229166666666667
0.0
0.0
2.8875000000000006
8.609791666666666
6.729166666666667
9.626041666666667
20.116458333333334
0.0
0.040625
0.0
0.0
0.0
0.0
0.0
0.0
0.0
0.0
0.0
0.0
1.0910416666666667
0.7283333333333334
5.019583333333333
4.426666666666667
6.247916666666666
0.4437499999999999
2.310833333333333
2.040208333333333
9.514791666666666
5.690833333333334
4.689375
0.07916666666666666
4.2725
2.6389583333333335
0.3885416666666666
0.15645833333333334
0.004166666666666667
1.1383333333333334
0.020208333333333335
0.0
0.121875
0.019583333333333335
2.315
0.2889583333333334
0.04666666666666667
0.4791666666666667
1.000625
5.81
6.390833333333333
0.018125
0.0008333333333333334
0.0
0.06145833333333334
0.0
0.1416666666666667
1.673125
2.4220833333333336
0.20249999999999999
0.0
0.0
0.0
0.046250000000000006
0.0
0.0
0.0
0.0
0.18708333333333335
0.009166666666666668
0.14708333333333332
15.306041666666665
1.7722916666666666
0.20833333333333334
0.025208333333333333
0.0
0.0
0.0
4.052291666666666
0.06916666666666667
18.697916666666668
0.6379166666666666
9.678125000000001
2.252291666666667
0.5252083333333334
0.004791666666666666
0.0675
0.012500000000000002
3.0072916666666667
10.356875
7.323958333333333
0.10145833333333333
0.04229166666666667
0.0
0.0
5.386041666666666
0.16374999999999998
3.2827083333333333
3.950208333333333
9.95875
0.6295833333333333
4.774583333333333
6.1120833333333335
1.9741666666666664
0.7864583333333334
4.310208333333334
3.99875
0.08104166666666666
0.12541666666666665
0.09604166666666668
2.702291666666667
2.0566666666666666
15.667291666666666
2.424375
16.69
0.623125
5.981875
2.799375
4.53875
3.093541666666667
0.010833333333333334
8.826875000000001
4.0406249999999995
12.2475
0.7458333333333332
0.16270833333333334
0.5925
0.2635416666666667
0.0
0.011458333333333334
0.0
0.00020833333333333335
0.4102083333333333
0.0
0.0
0.0
6.474374999999999
13.649166666666666
0.0
0.0
0.0027083333333333334
0.004375
0.0
0.0
0.005416666666666667
12.644583333333335
4.0062500000000005
10.622916666666667
0.36791666666666667
6.041458333333334
3.663541666666667
4.251874999999999
0.033124999999999995
0.08479166666666667
0.8616666666666667
0.26791666666666664
8.020208333333334
1.0066666666666666
7.727499999999999
21.903541666666666
1.6702083333333337
4.156458333333333
0.8964583333333334
9.834999999999999
4.527291666666666
2.3354166666666667
0.19833333333333333
0.23458333333333328
0.020625
3.6337500000000005
0.27958333333333335
0.00125
0.017291666666666667
0.9835416666666665
0.11374999999999998
0.046875
0.005208333333333333
0.055000000000000014
10.527291666666665
0.03958333333333334
0.0
0.0
0.9733333333333333
8.0075
0.3695833333333334
0.45583333333333337
1.3835416666666667
3.605625
0.8997916666666667
0.9733333333333333
0.0
0.0
1.8922916666666667
0.0
0.0
4.509166666666666
0.6445833333333334
0.633125
25.727291666666662
0.0
0.005625000000000001
1.6787500000000002
0.4914583333333334
0.0
0.03375
3.389791666666667
0.002916666666666667
0.0022916666666666667
0.07375
6.339166666666667
0.009375000000000001
0.009791666666666667
0.0
13.726041666666667
11.434791666666664
6.457083333333333
0.022291666666666668
0.0004166666666666667
0.062083333333333345
0.0062499999999999995
0.038125
0.0
0.0
0.0
0.0
0.0022916666666666667
0.00020833333333333335
3.0693749999999995
2.5652083333333335
3.53
0.0
0.0
3.048125
4.66125
5.2508333333333335
6.610416666666666
5.543958333333333
1.7491666666666665
0.23749999999999996
0.008541666666666668
0.0008333333333333334
0.06458333333333334
17.26125
9.643333333333333
4.347291666666667
1.264375
0.05166666666666666
0.0
0.0
0.18541666666666667
0.3310416666666666
0.0014583333333333334
0.06458333333333334
3.2641666666666667
0.8812500000000001
0.0075
0.015208333333333332
0.03666666666666666
0.004166666666666667
0.0
0.006250000000000001
0.0004166666666666667
2.9324999999999997
1.3627083333333332
11.365
12.78416666666667
1.6810416666666665
3.3839583333333327
2.5004166666666667
1.235
0.3095833333333334
8.22125
6.3549999999999995
4.198333333333333
3.2539583333333333
0.025208333333333333
0.06604166666666667
7.62125
0.01979166666666667
0.007291666666666666
0.000625
0.0
0.0
0.0
0.0
0.0
0.0
0.0
0.0
0.1383333333333333
0.0
0.0
1.1575
0.27770833333333333
0.016666666666666666
0.0
0.19333333333333333
0.7837500000000001
7.18625
22.265833333333333
13.498958333333333
5.200208333333333
1.2714583333333334
0.35749999999999993
0.12
0.0
0.008541666666666668
0.4114583333333333
0.48895833333333333
0.008125
0.02125
1.1741666666666666
0.048749999999999995
0.2804166666666667
3.3697916666666665
8.758958333333334
4.905
5.940625
2.3710416666666667
2.4704166666666665
4.702916666666667
0.04020833333333333
0.028333333333333335
1.5372916666666665
2.139375
0.000625
0.000625
0.0016666666666666668
2.3397916666666667
2.0089583333333336
1.1291666666666667
0.006875
0.000625
0.04416666666666667
0.23145833333333332
6.155833333333334
2.326875
12.048125
4.622916666666667
3.8864583333333336
1.233125
2.040625
2.3085416666666667
1.414375
0.634375
9.807083333333333
9.159374999999999
1.7852083333333333
3.7504166666666667
6.850833333333334
4.238125
4.479791666666666
4.161666666666666
8.52875
5.426041666666666
2.69125
9.714583333333334
0.021666666666666667
0.0
0.0
0.06166666666666667
1.8379166666666666
0.8458333333333332
3.917083333333333
0.5552083333333334
0.006875
0.08854166666666667
4.0147916666666665
1.8747916666666669
5.5995833333333325
1.37
0.8806249999999999
3.1304166666666666
3.3845833333333335
2.2108333333333334
0.3489583333333333
0.5516666666666666
1.29625
0.21437499999999998
8.403333333333332
1.6485416666666666
0.5008333333333334
0.18833333333333332
2.8862500000000004
5.508541666666667
5.020625
15.928333333333335
3.810416666666667
10.553749999999999
3.846458333333333
0.274375
0.016041666666666666
0.085
7.45
4.440833333333333
0.12791666666666665
3.269375
2.343125
15.573333333333332
11.015833333333333
3.56625
1.6329166666666666
0.956875
0.07895833333333334
20.580416666666665
2.0935416666666664
0.371875
0.0
0.0
0.14125000000000001
0.0
1.3493750000000002
1.4487500000000002
1.7491666666666668
0.0
0.014791666666666667
1.8643750000000001
1.3960416666666664
0.0008333333333333334
0.0
0.0077083333333333335
0.3679166666666666
0.24520833333333333
0.0
2.388125
0.0
0.0
0.0
0.0
0.0
0.0
3.215833333333333
9.496041666666667
0.16791666666666663
0.012500000000000002
0.31104166666666666
10.000416666666666
0.2197916666666667
1.9481249999999999
0.013958333333333331
0.0
0.0
0.0
0.0
0.0
0.0
0.0
0.0
0.0
0.27666666666666667
4.631458333333334
2.1427083333333337
5.780833333333334
4.076875
0.19062500000000002
0.0
0.0
0.0004166666666666667
0.1754166666666667
0.0
0.0
3.9470833333333335
0.43062500000000004
0.1729166666666667
2.9168749999999997
3.095208333333334
5.281041666666667
0.71625
0.0014583333333333334
0.08229166666666667
0.148125
11.277083333333332
0.155
0.336875
0.004166666666666666
0.017708333333333336
0.4283333333333334
0.008333333333333333
0.0
0.0
0.0
0.0
0.0
0.0
0.00020833333333333335
0.0
0.8339583333333334
2.7783333333333338
0.09999999999999999
0.015416666666666667
0.000625
0.0
1.3535416666666666
1.2760416666666667
3.6112499999999996
3.594791666666666
6.478750000000001
1.5637500000000004
0.9731249999999999
0.4872916666666667
0.05479166666666666
5.070416666666667
0.24583333333333335
0.9733333333333333
0.013333333333333334
0.005
1.5912499999999998
0.017291666666666667
4.889375
8.259166666666667
6.377083333333334
15.699583333333335
2.705833333333333
0.7022916666666666
0.01625
0.13479166666666667
1.0485416666666667
0.014166666666666666
8.900833333333333
2.762916666666667
0.004166666666666667
2.6387499999999995
0.053541666666666675
0.006875
2.950625
0.0
0.0
0.012291666666666666
0.46875
0.14729166666666668
0.0
0.0
0.0
0.0
9.561041666666666
0.0008333333333333334
0.007083333333333334
0.4135416666666667
0.0022916666666666667
0.0
0.0
0.0
0.0
0.0
0.0
4.372083333333333
2.0516666666666667
1.3656250000000003
1.2189583333333331
0.018541666666666668
5.478750000000001
3.4722916666666666
0.21562500000000004
0.07666666666666667
0.15125
0.5593750000000001
0.0
0.0
7.521666666666667
0.19729166666666664
7.405416666666667
0.08458333333333333
13.925416666666669
0.0
0.0
0.005416666666666667
0.0
0.0
0.1729166666666667
1.4170833333333333
2.263958333333333
11.713333333333333
1.1612500000000001
0.774375
0.10895833333333334
0.41770833333333335
0.09854166666666665
0.0
0.0
0.07041666666666667
6.139375
1.6527083333333332
2.33
0.12770833333333334
0.0
2.095625
0.04145833333333333
0.0
0.0
0.0
0.010833333333333334
0.02020833333333333
2.218125
15.960833333333332
11.32125
0.9635416666666666
2.8539583333333334
0.08166666666666667
5.836458333333333
0.9081250000000001
0.0
0.03
0.0075
0.0
0.0010416666666666667
0.16458333333333333
0.8285416666666667
0.3245833333333334
0.023333333333333334
0.0004166666666666667
0.0010416666666666667
5.184166666666666
0.1475
0.011666666666666667
1.153125
0.04479166666666667
0.011666666666666667
0.0035416666666666665
0.006458333333333333
0.028124999999999997
2.93875
0.01625
0.0
0.0
0.0
0.0
0.0
0.0
0.026875
0.2625
0.45937500000000003
3.7760416666666665
4.047499999999999
0.8939583333333333
0.023750000000000004
1.6466666666666667
4.5562499999999995
4.5722916666666675
11.181875
0.3141666666666667
4.156875
1.500625
1.6845833333333333
0.8568749999999999
0.08104166666666666
0.32125000000000004
0.4585416666666667
6.5249999999999995
17.85979166666667
0.13520833333333335
1.703541666666667
7.609791666666666
14.118333333333334
0.5583333333333335
3.528958333333333
0.22645833333333334
4.757291666666666
2.6858333333333335
2.265
4.525
3.051666666666667
0.8114583333333334
1.8687500000000001
0.0
0.01
2.448125
7.395416666666667
18.753541666666667
0.20562500000000003
2.1218749999999997
0.470625
9.508541666666666
9.385
0.44208333333333333
0.03916666666666666
0.27645833333333336
0.008749999999999999
0.013541666666666669
0.03354166666666667
0.158125
0.253125
0.008125
0.026458333333333334
2.1975000000000002
12.374166666666667
7.272083333333332
1.595
0.425
0.20479166666666668
1.3537499999999998
0.07354166666666667
2.2116666666666664
0.016874999999999998
0.20479166666666668
0.015625
0.0004166666666666667
0.7285416666666666
0.021666666666666667
0.0008333333333333334
0.003541666666666667
0.2916666666666667
0.043541666666666666
0.0004166666666666667
0.0
0.0
0.0
0.0
0.0
0.10479166666666666
0.012708333333333335
0.023541666666666666
0.0
0.0
0.0
0.05145833333333333
1.095
0.015625
0.012708333333333334
0.02
0.0
0.0
0.0
4.0616666666666665
3.6481250000000003
0.5229166666666667
4.577708333333334
0.47833333333333333
1.0722916666666666
1.5627083333333331
1.4491666666666667
2.2724999999999995
0.007083333333333334
0.25458333333333333
0.7320833333333333
1.3047916666666668
1.030625
6.103958333333334
8.204791666666667
7.881875000000001
5.051875
9.098125000000001
2.073125
0.006666666666666665
0.035208333333333335
0.0
1.0183333333333333
1.5991666666666668
0.120625
0.02854166666666667
5.218125
0.11249999999999999
0.43291666666666667
1.09875
4.569375
10.92
2.7172916666666667
0.0
0.005
0.04270833333333333
0.9495833333333333
1.0883333333333332
1.068125
14.266458333333333
0.01
0.0
0.0
0.0
0.15229166666666666
0.0
3.144166666666667
0.006250000000000001
0.031874999999999994
1.6808333333333334
0.390625
14.988958333333334
0.80875
2.829375
0.1466666666666667
0.0
0.0
0.00020833333333333335
4.685208333333334
1.3025
4.958541666666666
0.30375
3.9587499999999998
3.1637500000000003
1.1583333333333334
6.702708333333334
0.017291666666666667
27.250208333333333
12.666041666666667
0.058125
0.0
0.0
1.0172916666666667
0.7733333333333333
2.1322916666666667
0.0075
0.0
0.0
0.0
0.0
0.0
0.16333333333333333
0.0
0.0
0.0
0.0425
18.72875
7.9472916666666675
5.2718750000000005
0.7191666666666667
2.6189583333333335
0.0
0.0
0.0
0.0
0.18958333333333333
0.0
0.0
0.0
0.0
0.0
0.0
0.0
0.0
0.0
3.945
4.984166666666667
0.0
0.00020833333333333335
0.06416666666666666
7.079166666666666
1.1975
1.576458333333333
1.5341666666666667
2.9958333333333336
0.48125
0.026458333333333334
4.251875
0.9695833333333334
0.0
0.0
0.0
0.339375
0.0
0.0
0.0
0.0
0.0
2.7245833333333334
1.7433333333333334
18.863125
0.0
0.0
0.7816666666666666
1.9579166666666665
0.7081249999999999
3.045625
0.10583333333333333
31.514791666666667
0.8460416666666667
0.06458333333333334
0.0
0.0
0.0
3.7304166666666667
6.348333333333334
3.5620833333333337
0.0
0.0
0.0
0.17729166666666665
0.12020833333333332
0.08437499999999999
0.0
0.04270833333333333
0.0
0.0
0.0
0.0
0.014583333333333332
5.42625
9.194791666666667
4.008541666666667
5.837291666666668
0.012500000000000002
0.0
0.030208333333333337
1.0702083333333332
4.17875
4.0275
0.3941666666666667
0.08645833333333335
0.0
0.0
0.6041666666666666
5.207916666666667
14.576250000000002
0.0
0.0
0.36895833333333333
0.19520833333333332
0.0
0.0
0.017291666666666667
5.394166666666666
0.07458333333333332
0.0
0.0
0.0
2.2764583333333337
6.194791666666667
0.0
0.0004166666666666667
0.7518750000000001
3.00125
8.960833333333333
2.4654166666666666
0.004791666666666666
0.0
0.0
0.5054166666666666
0.17104166666666668
0.22999999999999998
0.0
0.0
0.0
0.0
0.0
0.0
0.0
5.082708333333334
0.0
10.77875
5.369583333333334
7.499166666666667
0.3454166666666667
0.0
0.0
2.0258333333333334
0.022083333333333333
0.0
0.0
9.285208333333333
12.473125000000001
0.07770833333333334
0.8612500000000001
0.38395833333333335
0.05104166666666667
0.0075
0.7795833333333334
0.3572916666666666
1.035625
0.034166666666666665
0.0
0.0
8.078333333333333
17.37625
1.6164583333333333
7.745416666666666
1.1045833333333333
0.8810416666666666
0.3845833333333333
1.3760416666666668
1.3535416666666666
0.9152083333333335
0.009375000000000001
0.0
0.0
0.0
4.830625
0.0
0.0
0.0
0.0
0.000625
0.0
0.003958333333333334
2.1975000000000002
6.63375
6.763125
5.716458333333333
31.61708333333333
11.737916666666665
7.117708333333333
5.436875
0.34437500000000004
1.4649999999999999
0.01979166666666667
0.598125
0.004791666666666667
0.0
0.0
0.0
0.0
0.0
0.0
0.0
0.0
0.0
0.0
0.0
2.218958333333333
3.7745833333333327
0.3477083333333333
1.8575
0.034374999999999996
0.47020833333333334
1.3512499999999996
0.008125
0.0
0.0
0.003958333333333334
0.0027083333333333334
0.0
0.039375
0.19437500000000005
0.9104166666666668
0.051666666666666666
0.2629166666666667
0.32125
0.02020833333333333
0.20479166666666668
3.688333333333333
15.393125
15.339583333333332
27.71875
9.748541666666666
3.775208333333333
11.785625000000001
6.041875
20.633541666666666
2.417291666666667
24.553125000000005
2.5654166666666667
1.625
0.0
0.0025
0.0004166666666666667
0.0004166666666666667
0.0
0.0
0.00020833333333333335
