1.0874626865671642
1.1327611940298505
0.586492537313433
0.02126865671641791
0.0
0.016865671641791046
0.01567164179104478
0.47119402985074615
2.672014925373135
6.760149253731344
5.045223880597015
1.6680597014925371
0.8212686567164179
0.6520149253731343
0.048134328358208966
0.056716417910447764
0.0007462686567164179
0.0
0.030298507462686565
0.014253731343283583
0.043283582089552235
0.7927611940298507
3.532985074626866
0.4639552238805969
0.03880597014925373
0.004850746268656716
2.0727611940298507
0.6208208955223881
1.5017910447761194
3.281417910447761
0.8722388059701492
11.789253731343283
6.384850746268657
0.002835820895522388
1.1551492537313433
0.032835820895522394
0.44313432835820904
4.736716417910448
0.1478358208955224
0.0
0.5582089552238807
7.952238805970149
3.8594029850746274
1.9579850746268657
4.009253731343284
0.7650746268656715
1.0153731343283583
1.262313432835821
0.009402985074626868
0.0
0.0
0.009850746268656719
0.4445522388059701
2.895149253731343
0.4152238805970149
0.0
0.0
0.029999999999999995
0.1669402985074627
0.28067164179104476
0.41895522388059697
1.2854477611940298
8.062388059701492
0.19723880597014926
1.6444029850746267
0.75
1.3739552238805974
22.982761194029848
2.156492537313433
13.441940298507463
2.251716417910448
7.190522388059702
8.740671641791044
0.4614925373134328
2.7845522388059702
0.0867910447761194
3.030298507462687
0.0874626865671642
1.2685074626865673
2.4929850746268656
2.4652238805970152
0.4501492537313433
0.1797014925373134
6.8638059701492535
7.508805970149254
2.150820895522388
7.032462686567165
6.320298507462687
8.757014925373134
2.368582089552239
3.515298507462687
8.289626865671641
2.6708955223880597
1.5308208955223885
1.4912686567164177
4.428955223880596
3.4435074626865676
0.10470149253731345
0.0
0.0
0.0
0.007462686567164179
0.0
0.006865671641791045
0.7841791044776119
15.607388059701496
0.31604477611940307
0.0
0.0
2.0167910447761193
3.4151492537313435
9.351119402985072
12.066567164179105
0.6394776119402985
4.094477611940299
0.03776119402985075
0.019776119402985078
0.041567164179104464
5.620522388059702
7.508283582089551
5.211268656716418
0.29119402985074627
1.3419402985074629
2.7191044776119404
4.2835074626865675
0.7446268656716418
0.0
0.0
0.03395522388059702
0.03261194029850746
13.171492537313432
0.03410447761194029
0.0
0.008507462686567165
0.00029850746268656717
0.041044776119402986
0.3693283582089552
3.943582089552239
0.03626865671641791
0.00029850746268656717
0.0
0.03895522388059702
6.509701492537314
1.7600746268656717
4.329179104477612
0.4707462686567164
5.958358208955223
0.0
0.0
0.0
0.013507462686567164
8.721492537313432
0.10776119402985074
0.0
0.014626865671641792
5.936194029850746
1.4532089552238807
4.733731343283582
0.03970149253731342
0.0
0.007238805970149255
0.2922388059701493
8.336865671641792
0.7383582089552239
9.68776119402985
6.398731343283581
0.8620149253731345
0.06955223880597015
0.16201492537313433
0.005000000000000001
0.0
0.8393283582089551
12.54716417910448
1.4308955223880597
0.4501492537313433
0.08917910447761193
0.9161940298507464
17.12402985074627
0.02194029850746269
0.201044776119403
0.18037313432835822
0.007686567164179104
0.0
0.0
0.0
0.0
0.0
5.32223880597015
7.873059701492537
5.174029850746268
0.010522388059701494
0.0
0.2385074626865672
32.56873134328358
0.2593283582089552
0.0776865671641791
2.366716417910448
1.3908208955223882
0.1985820895522388
1.0874626865671642
0.028134328358208952
1.8004477611940297
0.2144029850746269
0.551865671641791
0.25731343283582087
0.03291044776119404
0.34559701492537315
0.00671641791044776
1.429626865671642
26.32365671641791
0.4835074626865672
11.512835820895521
0.9286567164179105
11.294253731343282
0.227910447761194
6.8680597014925375
0.033432835820895526
0.0
0.003507462686567165
2.1609701492537314
17.183880597014927
4.234925373134328
0.5611194029850746
0.9718656716417912
0.12305970149253732
0.0
0.47791044776119396
0.09917910447761194
0.04462686567164179
0.04425373134328358
8.12044776119403
0.5533582089552239
2.5970895522388058
0.433955223880597
1.4717164179104476
1.536641791044776
3.7935820895522383
3.7808955223880596
0.14917910447761196
0.015597014925373137
0.0
0.0
0.0
0.0
8.275746268656716
8.602164179104477
0.16649253731343286
0.0
0.00029850746268656717
0.02111940298507463
0.034999999999999996
5.490223880597015
0.06731343283582089
0.0
0.013507462686567164
0.0
0.13268656716417912
0.011044776119402985
0.0
0.0
0.0341044776119403
0.7585820895522388
11.594104477611939
0.06828358208955222
0.06365671641791044
0.01582089552238806
0.015597014925373137
0.0
0.0
0.031044776119402987
0.19238805970149256
0.0
0.0011940298507462687
0.0
0.0
0.005597014925373135
0.01567164179104478
2.5545522388059707
0.07925373134328359
0.018880597014925376
0.0
0.0
0.0
0.032313432835820895
0.2558955223880596
0.14843283582089556
1.4073880597014923
0.1498507462686567
3.604328358208955
0.15380597014925373
0.6309701492537313
0.0
0.0
0.0
0.0
0.0
0.0
0.18559701492537312
0.0
0.023656716417910447
0.6882089552238806
0.7865671641791047
0.014029850746268658
8.95
3.5978358208955226
1.1683582089552238
0.12694029850746266
12.139999999999999
9.810223880597013
7.029477611940298
12.515
22.225373134328358
0.4062686567164179
1.0257462686567163
0.21283582089552242
10.27320895522388
1.1908955223880595
1.8685074626865674
6.927238805970149
0.06514925373134328
0.0
0.04559701492537313
0.0006716417910447761
0.003955223880597015
0.10604477611940298
0.0
0.026641791044776115
0.5526119402985075
0.01246268656716418
2.3234328358208955
1.3108955223880598
0.04783582089552239
0.023656716417910447
1.0377611940298508
3.812313432835821
0.0020895522388059704
0.0
0.007611940298507463
3.847910447761194
3.702835820895522
1.29044776119403
2.7907462686567164
11.8260447761194
39.741567164179095
15.23007462686567
0.19791044776119404
12.983134328358211
6.764402985074627
8.531044776119403
1.6026865671641788
15.914552238805971
2.236716417910448
1.9358955223880594
0.2921641791044777
0.027985074626865676
0.0385820895522388
0.28119402985074626
2.3667910447761193
0.5779850746268657
0.02343283582089552
0.2228358208955224
3.8834328358208965
10.964925373134326
3.4899999999999998
1.4307462686567167
2.556567164179105
0.6114179104477611
0.183955223880597
4.758582089552239
1.4143283582089552
4.833582089552239
0.8704477611940298
0.007985074626865672
0.02492537313432836
7.462686567164179e-05
0.013283582089552241
0.0
0.0
0.0
0.00014925373134328358
0.014925373134328358
0.0
0.0
0.0
0.0
5.138134328358209
4.4886567164179105
5.7657462686567165
0.14283582089552238
2.3203731343283582
2.4449253731343283
1.210223880597015
1.0020149253731343
0.8939552238805971
8.949850746268657
18.16910447761194
3.4005223880597018
15.875522388059702
15.253805970149253
5.812985074626866
8.996641791044775
4.1002985074626865
1.7499253731343285
0.10850746268656716
0.07813432835820895
1.28
3.510074626865672
0.15149253731343285
0.12283582089552239
0.0
1.8644029850746267
0.9300746268656717
0.009328358208955223
0.0
0.0
0.0
0.0
0.0
0.0
0.0
0.0
0.0
0.0029850746268656717
0.2638805970149254
1.575597014925373
0.2024626865671642
1.061641791044776
0.9061940298507464
0.5082089552238805
0.0641044776119403
8.567985074626867
1.6679850746268656
0.3041044776119403
0.011716417910447764
1.6675373134328357
1.1768656716417911
1.8826865671641788
0.27246268656716416
0.04410447761194029
0.0
0.0
0.0
0.014850746268656718
0.3133582089552238
0.12902985074626866
0.695373134328358
0.3049253731343284
0.0
0.0158955223880597
0.7928358208955224
3.032014925373134
6.021641791044777
4.24634328358209
4.442462686567164
0.9965671641791046
8.829253731343282
8.68589552238806
3.345522388059701
3.145671641791045
1.5387313432835823
0.08977611940298508
0.024626865671641796
0.5375373134328358
2.958134328358209
5.583507462686567
2.1587313432835824
0.0
0.0
0.0
0.0
0.0
0.0
0.004701492537313433
0.5055223880597015
2.976119402985075
2.2118656716417915
0.6828358208955224
1.0069402985074627
0.6023134328358208
7.438955223880598
13.034328358208956
0.3591044776119403
4.87820895522388
0.2498507462686567
1.6232835820895521
0.0
0.0
0.15492537313432833
9.72313432835821
0.6149253731343284
0.0
0.17992537313432835
0.25716417910447764
3.726641791044776
0.0
0.0
0.0
0.0
0.0
0.0
0.0
0.0005223880597014926
0.005373134328358209
0.007761194029850747
0.032985074626865674
1.3871641791044775
0.024701492537313432
0.008432835820895523
0.037611940298507465
0.13388059701492538
0.010522388059701494
0.005298507462686568
1.8517910447761192
1.6333582089552239
27.068283582089553
0.6069402985074627
3.4250746268656718
3.6685820895522383
0.0008955223880597015
0.003507462686567164
0.0
0.0
0.02544776119402985
10.242910447761195
0.1758955223880597
4.108507462686567
13.983358208955224
0.3964179104477612
0.004701492537313434
0.06343283582089553
18.904477611940298
0.6302238805970148
0.5091044776119403
1.5236567164179107
2.650373134328358
2.9029104477611942
2.2307462686567163
0.5638059701492537
3.32
1.0256716417910448
7.750298507462684
5.142686567164178
7.238432835820896
4.582611940298507
11.466791044776118
2.708582089552239
0.6763432835820896
14.180970149253731
8.806417910447761
8.333731343283581
0.7094029850746268
5.669925373134329
2.975223880597015
5.737761194029852
0.4330597014925373
0.3424626865671641
9.036492537313432
16.010597014925374
6.810223880597015
5.514402985074628
9.354776119402985
10.070597014925374
0.10970149253731344
0.02134328358208955
4.33455223880597
5.324179104477612
6.294477611940299
16.975671641791042
0.012388059701492538
0.0
0.0
0.0
0.0
3.5888805970149256
0.33291044776119405
0.01582089552238806
0.4775373134328358
0.013059701492537313
0.0
0.0
1.1017164179104477
0.0006716417910447762
0.14044776119402985
0.0
0.0
2.3847761194029853
0.0008208955223880598
0.007014925373134329
7.948955223880597
5.827611940298508
0.0
0.0
0.0
0.5983582089552237
5.255597014925372
1.5792537313432835
3.4246268656716414
0.04186567164179104
1.0559701492537314
1.5049253731343282
0.5771641791044775
1.1096268656716417
0.034999999999999996
0.0
0.0
0.012164179104477611
6.2297014925373135
11.801268656716417
4.4176119402985075
0.87955223880597
0.0
0.0
0.02611940298507463
4.188134328358209
1.8307462686567164
0.0
11.584402985074627
3.426641791044776
2.875746268656717
2.1861940298507467
6.995597014925373
4.534029850746268
1.2152985074626868
0.00619402985074627
0.022238805970149256
1.9882089552238806
0.0
0.0
0.0
0.005373134328358209
0.009477611940298511
6.3056716417910454
0.5865671641791045
2.6482835820895523
7.462686567164179e-05
0.010970149253731345
0.00029850746268656717
0.00014925373134328358
0.051194029850746274
2.037611940298507
0.015671641791044775
0.0
0.035
0.14507462686567166
4.525522388059702
19.427388059701492
1.0261194029850746
0.4919402985074627
0.018582089552238806
0.772089552238806
0.02917910447761194
0.6482835820895523
0.026119402985074626
0.07656716417910447
1.4641791044776118
6.148059701492537
0.4350746268656716
1.9833582089552237
0.00014925373134328358
0.005223880597014925
0.16462686567164175
9.050746268656717
5.4665671641791045
0.3044776119402985
0.0721641791044776
0.3485820895522388
0.11529850746268656
3.0292537313432835
0.002611940298507463
0.004626865671641792
0.0
0.0
0.07686567164179105
0.05126865671641791
0.15291044776119406
5.349029850746269
0.3647014925373135
0.20835820895522386
0.027238805970149254
0.03604477611940298
0.4871641791044775
0.04425373134328358
0.025000000000000005
1.768507462686567
8.289402985074629
6.854253731343284
5.1538805970149255
0.8937313432835821
2.0017910447761196
0.014029850746268658
0.017985074626865674
0.0173134328358209
0.0
0.009328358208955223
6.628805970149254
0.33791044776119405
0.9661940298507464
4.984029850746269
4.014626865671642
0.9540298507462687
0.2224626865671642
2.5743283582089553
2.627910447761194
2.84589552238806
8.709776119402987
1.305597014925373
0.03992537313432836
0.1188059701492537
0.0038059701492537323
0.016119402985074627
0.3458955223880597
0.2752238805970149
13.069328358208955
10.70768656716418
4.7388805970149255
0.08582089552238806
0.7695522388059701
4.334850746268656
0.015970149253731344
2.981791044776119
0.6517910447761194
1.6971641791044778
2.115820895522388
0.38992537313432835
3.11044776119403
1.558134328358209
0.09955223880597015
0.009253731343283583
0.21895522388059702
0.608134328358209
1.6234328358208954
5.170820895522388
11.068805970149253
12.613955223880597
2.5735074626865675
2.972462686567164
1.0213432835820897
0.8167164179104477
0.07708955223880595
2.5846268656716416
1.8120895522388059
0.07500000000000001
3.2625373134328357
0.26910447761194034
15.102910447761193
3.4304477611940296
7.849999999999999
2.7851492537313436
3.0170149253731346
4.462313432835821
0.45910447761194034
0.014328358208955224
0.00014925373134328358
0.0
0.28500000000000003
0.6142537313432836
0.18298507462686564
0.0
0.0
0.0
0.0
0.0
0.007313432835820896
0.027164179104477618
8.26097014925373
3.0799253731343286
2.3436567164179105
2.7388059701492535
0.7363432835820896
0.2591044776119403
0.15186567164179104
1.9120895522388062
1.9417164179104474
1.0760447761194034
0.008208955223880599
0.0
0.0
0.0026865671641791043
0.364179104477612
1.1725373134328358
0.3205970149253731
0.8180597014925374
0.040895522388059706
0.00014925373134328358
0.0
0.0
0.0
0.0
0.0
2.3505223880597015
1.4658208955223881
5.128582089552239
2.8962686567164173
0.2661940298507463
0.47537313432835815
0.9791044776119402
3.950746268656717
5.499850746268657
13.911044776119402
10.433731343283583
3.7602985074626867
0.5971641791044777
4.132089552238806
1.9428358208955225
0.7148507462686567
2.8536567164179103
1.8248507462686567
0.03395522388059701
0.04320895522388059
0.06089552238805969
0.0006716417910447761
1.677089552238806
17.063880597014926
1.9866417910447765
6.196716417910448
6.776492537313433
7.462686567164179e-05
0.0
0.0
0.021567164179104478
0.0
0.0
0.013208955223880598
0.006492537313432837
0.5261194029850746
0.5761194029850746
0.0035820895522388064
0.49492537313432833
0.6097014925373134
0.00014925373134328358
0.0
0.0
0.03865671641791044
0.003582089552238806
0.0
0.028208955223880595
0.033955223880597005
0.001716417910447761
0.5451492537313433
1.2726119402985074
0.030223880597014925
0.0
0.6771641791044777
1.9921641791044775
0.011119402985074626
0.0
0.014701492537313435
30.335447761194033
0.8341044776119403
2.564179104477612
9.845074626865673
4.812985074626865
0.12798507462686567
0.028283582089552232
2.1075373134328355
0.8994776119402985
1.7730597014925376
0.0031343283582089564
0.0
0.0
0.0
3.684029850746269
4.827537313432836
5.54455223880597
0.018955223880597016
0.08395522388059701
4.209029850746268
1.4436567164179104
0.01335820895522388
0.0014925373134328358
0.0
0.07902985074626866
1.749179104477612
1.5782835820895522
3.649328358208954
1.5355223880597013
12.276492537313432
20.846716417910446
1.4226119402985073
11.165223880597015
0.04574626865671642
2.145597014925373
2.2214925373134324
2.5567910447761193
48.483507462686575
1.2272388059701491
0.1417910447761194
0.3977611940298507
4.188358208955224
0.5684328358208957
1.7789552238805968
0.1179850746268657
0.33805970149253733
0.34253731343283583
0.0
0.0066417910447761205
1.245223880597015
0.228955223880597
11.431567164179103
3.587388059701493
0.19455223880597014
6.808582089552238
5.459850746268656
0.2006716417910448
0.1646268656716418
0.0
0.612686567164179
11.424776119402985
0.02417910447761194
16.507985074626863
4.980746268656717
0.505223880597015
0.08910447761194029
2.115149253731343
4.713731343283581
0.07611940298507462
0.0
0.0
0.0
0.0
0.0
0.16888059701492536
3.73589552238806
0.293955223880597
0.4699253731343284
0.1033582089552239
0.015223880597014926
1.2377611940298507
1.790298507462687
3.8052238805970147
1.1723880597014922
2.6377611940298507
14.392910447761194
18.36201492537313
6.700671641791044
1.6007462686567164
8.788432835820895
8.072761194029852
0.15813432835820898
0.3798507462686568
0.0
0.07552238805970149
0.620223880597015
0.14940298507462685
4.147313432835821
0.08873134328358209
0.0
0.0
0.0
12.060820895522387
0.36701492537313446
29.229477611940297
52.18641791044776
5.317462686567164
0.006194029850746269
0.0
0.0
0.0
0.20656716417910448
0.0
0.0
5.725820895522388
9.887686567164177
0.6558955223880597
0.2641791044776119
1.8210447761194029
0.019402985074626868
0.491865671641791
3.690149253731343
1.6568656716417909
0.01843283582089552
0.03037313432835821
0.0
0.0
0.0
0.0
0.0
0.0
0.0
0.0
0.004253731343283581
0.8327611940298508
0.00022388059701492538
0.0005223880597014926
0.1767910447761194
0.43634328358208957
0.009776119402985076
0.7158955223880595
2.568955223880597
1.892537313432836
0.7160447761194029
2.188582089552239
3.5299253731343283
0.2974626865671642
3.0241044776119406
9.865522388059702
1.862462686567164
0.052164179104477605
0.5615671641791045
0.03671641791044776
1.1178358208955226
9.958507462686567
0.7661940298507462
7.462686567164179e-05
0.02447761194029851
1.9248507462686568
9.05455223880597
0.7869402985074626
1.4900746268656715
0.33895522388059696
1.3967910447761196
0.0
10.969402985074627
20.567985074626865
4.514477611940299
6.054477611940298
2.332238805970149
3.294701492537314
16.5594776119403
0.25753731343283576
2.6732089552238807
7.134328358208955
0.9443283582089551
8.378805970149253
0.4301492537313433
0.032164179104477615
0.025820895522388063
0.1666417910447761
1.3188059701492538
0.011417910447761196
0.4322388059701492
4.999029850746268
4.1317164179104475
3.0593283582089557
1.6645522388059701
1.6902985074626864
1.8550000000000002
0.0771641791044776
0.04694029850746268
1.5026119402985072
0.9589552238805971
0.4512686567164179
0.7804477611940299
0.77
0.36447761194029854
4.554253731343285
1.9623134328358212
2.9187313432835817
0.6920149253731342
0.006194029850746269
0.004850746268656715
0.5034328358208956
7.126343283582088
2.326940298507463
1.137686567164179
2.7310447761194028
0.023582089552238807
2.6555223880597016
0.38134328358208963
4.852611940298507
6.713805970149254
10.342910447761195
1.0123880597014925
3.037238805970149
13.408059701492537
2.3101492537313435
0.7811194029850745
18.50283582089552
6.720074626865672
1.9409701492537317
7.139701492537314
7.470149253731343
25.58179104477612
8.373283582089554
0.7964925373134328
10.480298507462688
0.4709701492537313
1.16544776119403
4.453134328358209
1.636417910447761
0.020746268656716416
0.11716417910447761
4.9312686567164175
0.5529850746268657
0.03462686567164179
1.9850746268656716
1.4920895522388062
0.6157462686567163
2.3809701492537316
1.545373134328358
0.4675373134328358
0.0923134328358209
0.9176119402985076
0.8758208955223882
8.85813432835821
1.823731343283582
0.16544776119402985
1.2526119402985076
1.7067164179104477
5.052462686567164
14.710223880597015
0.5654477611940297
0.06589552238805971
0.12119402985074629
5.520149253731344
3.3443283582089554
8.430149253731342
0.04358208955223881
0.0
0.0
0.0
0.0
0.0
0.0
0.0
0.00029850746268656717
0.2674626865671642
0.5797761194029849
1.22
0.15082089552238806
0.6907462686567164
0.7116417910447761
0.3888805970149254
7.072910447761195
7.907014925373134
9.182835820895523
0.7522388059701494
0.0
0.0
0.0
0.0
0.0018656716417910447
1.805373134328358
2.741268656716418
3.591119402985075
0.05694029850746269
0.009253731343283583
0.0
0.0008955223880597016
0.013955223880597016
0.03514925373134328
0.183134328358209
0.0019402985074626867
0.0
0.0
0.0
0.0
0.0
0.8261940298507463
0.6245522388059701
0.0
0.008880597014925374
0.0
0.0
1.0797761194029851
7.196865671641792
3.7042537313432837
13.382985074626864
1.5361194029850749
0.21567164179104475
0.0
0.0
0.0
0.08089552238805969
16.623805970149256
1.6602238805970146
5.6670149253731354
1.6376119402985074
0.055895522388059705
0.06955223880597014
4.2746268656716415
5.179477611940298
0.3645522388059701
0.041343283582089545
1.0938059701492537
0.006716417910447762
0.3632835820895523
0.0
0.0
0.0
0.0
0.0026865671641791047
0.07649253731343283
1.1042537313432836
0.0
0.0
0.0
1.7769402985074625
0.05432835820895522
0.08141791044776119
0.0
0.7447761194029852
21.32246268656716
9.34358208955224
1.4160447761194028
1.2013432835820894
1.6615671641791048
1.5550746268656717
0.9597761194029851
0.0
0.0
0.0
0.0
0.0
0.0
0.0
0.005149253731343283
0.0
14.407611940298509
4.131641791044776
0.05298507462686567
0.2754477611940298
0.1473134328358209
0.4838805970149254
4.056417910447761
3.026716417910447
3.4543283582089543
0.01044776119402985
7.462686567164179e-05
2.373358208955224
1.9574626865671638
7.321865671641791
2.897835820895522
0.0
2.333432835820896
24.737985074626867
3.9605970149253733
0.0
0.0
0.0
0.0
0.03679104477611941
0.24373134328358206
0.6555970149253731
0.018507462686567167
0.32037313432835823
0.7145522388059703
0.3671641791044776
6.323358208955224
1.939179104477612
0.0
0.0
0.03059701492537313
0.04276119402985075
0.0
0.0
0.0
0.0
0.0
0.007238805970149254
0.0
0.4879104477611941
2.1433582089552243
0.4355970149253731
1.320223880597015
0.0
0.013582089552238807
13.226044776119405
4.409029850746268
3.9934328358208946
0.9369402985074627
0.048880597014925364
4.1982835820895525
0.05164179104477613
3.6817910447761197
2.6470149253731345
0.0026119402985074623
0.01455223880597015
1.9962686567164178
0.7380597014925374
0.5097014925373133
1.4115671641791043
4.6808208955223884
3.3161940298507466
2.762014925373134
6.8317910447761205
0.6318656716417911
0.026044776119402976
0.26656716417910453
9.135298507462688
0.14701492537313435
0.006343283582089553
0.09037313432835821
0.0
0.0
0.0
0.0
0.0
0.0
0.0
0.0
1.5353731343283583
0.016791044776119403
0.0
0.0
0.0
0.0
6.211567164179104
9.88589552238806
0.5
7.940671641791043
7.8417164179104475
0.2919402985074627
0.3675373134328358
5.035970149253732
0.0
0.0
0.04455223880597015
0.041044776119402986
0.005746268656716418
1.9291791044776119
0.052611940298507465
0.8336567164179105
5.656119402985076
2.7140298507462686
3.09589552238806
0.09574626865671641
0.00022388059701492538
0.007164179104477613
2.530522388059701
0.8504477611940298
0.3675373134328358
0.28805970149253735
0.0
1.2417910447761193
7.999029850746268
0.5220149253731342
3.34589552238806
0.042686567164179096
0.0
0.6012686567164178
0.743134328358209
0.26776119402985077
2.115298507462687
0.2694776119402985
0.05738805970149255
0.0
0.17544776119402983
0.0
0.0
0.231044776119403
0.0
0.0004477611940298508
3.166865671641791
0.6417164179104478
7.462686567164179e-05
0.0
0.0
0.0
0.0
0.0
0.0
0.0
0.0
0.0
0.0
0.032238805970149255
0.0
0.03059701492537313
10.353805970149255
0.5280597014925372
0.5446268656716418
0.052164179104477605
0.002985074626865672
4.290820895522387
0.0
0.0
0.0
3.8533582089552234
0.06097014925373134
0.00014925373134328358
7.462686567164179e-05
0.0
5.705
21.718432835820895
49.55977611940299
4.201567164179105
2.07
2.674402985074627
8.041044776119403
6.723358208955224
12.054328358208958
9.789402985074629
0.34820895522388057
0.09358208955223882
2.405746268656717
0.23895522388059703
0.04805970149253731
0.0027611940298507462
0.015597014925373137
0.0
7.977761194029851
0.8909701492537313
0.006268656716417911
0.05402985074626865
0.1904477611940298
0.019179104477611942
0.00029850746268656717
0.0
0.0
0.00014925373134328358
0.006417910447761195
0.008582089552238806
0.06970149253731343
0.00029850746268656717
0.007686567164179104
0.07977611940298507
0.34753731343283584
0.031417910447761196
0.10970149253731346
0.10888059701492536
7.302164179104477
3.1120149253731344
4.540820895522388
0.2771641791044776
6.584253731343283
7.090223880597016
6.188059701492537
1.587462686567164
0.09082089552238808
0.06537313432835819
5.360522388059701
0.16492537313432837
1.5170895522388057
0.3781343283582091
0.0013432835820895521
3.188358208955224
0.005000000000000001
0.0
0.0
0.0
0.007089552238805971
0.007761194029850747
0.07985074626865671
1.296268656716418
3.068283582089552
8.422835820895521
2.185298507462687
8.660522388059702
7.139850746268657
1.34544776119403
10.457985074626869
0.32664179104477614
2.4038805970149255
18.8694776119403
2.9226119402985073
1.6764179104477608
0.5546268656716419
6.469701492537313
13.287014925373134
4.481343283582089
2.1455223880597014
1.3707462686567162
1.327089552238806
0.22671641791044772
1.3638805970149255
5.33865671641791
1.618582089552239
0.00014925373134328358
0.0
0.0
0.8178358208955224
1.0161194029850746
9.129776119402985
8.386194029850746
5.565223880597015
3.2367910447761195
1.412686567164179
1.2794776119402986
2.1997014925373133
0.514776119402985
0.1001492537313433
0.0009701492537313431
2.3101492537313435
6.577462686567164
6.361194029850745
2.158358208955224
0.2902238805970149
2.935074626865671
2.947835820895522
1.2004477611940298
0.286268656716418
0.011940298507462687
0.00029850746268656717
0.04805970149253731
0.8984328358208954
0.6241791044776118
1.871865671641791
6.407014925373134
1.6688059701492532
7.351791044776119
7.241343283582089
10.524701492537313
1.2729104477611939
2.313208955223881
0.2777611940298508
5.489701492537312
4.525298507462687
1.1217910447761195
0.20417910447761192
0.09253731343283582
0.1067910447761194
0.26716417910447765
0.6896268656716418
0.0049253731343283595
0.0
0.0
0.0
0.02574626865671642
0.0
0.10253731343283583
0.419179104477612
0.0
0.0
0.0
0.0
2.1147014925373133
3.414328358208955
5.821119402985074
2.1112686567164176
2.7001492537313436
0.04694029850746268
0.011940298507462687
0.0
7.462686567164179e-05
0.01664179104477612
0.04291044776119403
0.0029850746268656717
0.0
0.0
0.010522388059701494
0.0007462686567164178
0.4523880597014926
2.7930597014925374
1.9589552238805974
0.03895522388059701
2.917388059701492
3.8317910447761196
4.625
1.756716417910448
4.774253731343284
12.42910447761194
6.162164179104478
5.58044776119403
4.269925373134328
3.276343283582089
3.0873134328358214
3.701716417910448
0.2037313432835821
2.63044776119403
2.746417910447761
6.763805970149253
14.302537313432836
0.0808955223880597
0.8079850746268655
7.128059701492538
5.587537313432836
6.124925373134328
17.56126865671642
0.8193283582089552
6.1278358208955215
3.9239552238805975
9.087388059701492
1.268731343283582
3.558805970149254
1.3735074626865673
0.0
0.0
0.13388059701492536
13.049999999999999
0.007238805970149254
0.11902985074626866
0.023880597014925373
8.436641791044774
0.07111940298507463
1.9425373134328359
2.8661194029850745
1.1192537313432838
0.9932835820895521
1.1426865671641788
1.9918656716417913
2.986865671641791
5.467089552238806
1.3523134328358208
1.923955223880597
0.01656716417910448
0.0020895522388059704
6.327014925373135
1.2456716417910447
0.488955223880597
1.703134328358209
1.2498507462686563
2.5329104477611937
2.573880597014925
3.8492537313432833
1.9887313432835823
0.12149253731343285
0.46761194029850744
0.014925373134328358
2.9460447761194026
0.0
0.6633582089552238
0.909776119402985
28.730298507462685
7.6889552238805985
20.742910447761194
3.310970149253732
7.027761194029851
3.558358208955225
2.543582089552239
0.21559701492537314
0.0
4.971268656716417
0.15865671641791046
0.0
0.009701492537313432
0.030298507462686572
0.015597014925373137
0.02574626865671642
0.1951492537313433
0.571044776119403
0.0
0.0
0.001716417910447761
0.16477611940298506
0.4411940298507463
0.44731343283582087
0.08455223880597014
0.0
0.00029850746268656717
0.0
0.0
5.850970149253731
0.006492537313432835
0.0
0.0
8.888805970149255
1.3543283582089554
1.7785074626865671
0.019104477611940302
0.18977611940298508
2.0049253731343284
1.8501492537313433
0.015970149253731344
0.0
0.0
0.05216417910447761
0.28611940298507466
0.6631343283582088
3.161791044776119
0.0
0.0
0.0
0.0
0.0
0.0
0.010746268656716417
10.734253731343282
0.27089552238805975
13.148731343283583
9.882537313432838
0.0
0.0
0.0
0.027985074626865666
0.12820895522388062
0.0
0.0
0.1241044776119403
0.018656716417910446
0.0
0.0
0.0
3.3509701492537314
2.1023880597014926
1.4436567164179104
5.766791044776119
18.27261194029851
8.93365671641791
0.026417910447761195
0.04164179104477611
0.00455223880597015
0.004104477611940299
0.8497761194029851
0.0
0.012537313432835822
0.0
0.0
0.12417910447761195
1.2772388059701492
0.0
0.0
0.0
3.0683582089552237
2.8929850746268655
1.4838805970149251
0.0008208955223880597
0.0
0.0
0.0
0.0
0.0
0.0
0.0
1.2975373134328358
0.38835820895522394
5.206567164179104
0.0341044776119403
0.0
0.0
0.0
0.8220895522388061
10.034179104477612
16.83477611940299
2.4142537313432837
1.9955970149253732
4.0161940298507455
5.52865671641791
15.23261194029851
2.6976119402985077
0.8397014925373133
0.035820895522388055
7.268656716417911
0.14380597014925375
5.083955223880597
0.023432835820895528
0.0016417910447761193
1.5184328358208956
0.0
0.0
0.0
0.0
0.014626865671641792
0.0
0.11649253731343287
4.3552238805970145
0.04970149253731343
0.0
0.0
0.0
0.6878358208955225
9.184402985074625
2.2818656716417913
2.167089552238806
1.4182835820895523
0.024776119402985075
0.06701492537313432
3.536268656716418
2.184925373134328
10.826119402985075
0.40597014925373137
1.7956716417910448
2.828507462686567
0.0010447761194029852
0.0
0.0
0.0
0.0
0.029179104477611933
0.009776119402985077
0.0
1.6635074626865674
0.4711194029850746
0.010074626865671642
0.8016417910447761
0.05007462686567164
0.008582089552238806
0.0011940298507462689
0.00029850746268656717
0.017686567164179108
0.010671641791044777
0.0025373134328358212
0.006119402985074627
0.017985074626865674
0.010223880597014927
0.0
0.0
0.0
0.04723880597014925
0.6943283582089553
0.1344029850746269
0.241044776119403
0.33298507462686566
0.11499999999999999
0.23970149253731346
0.4969402985074627
7.462686567164179e-05
0.0
1.5147014925373137
12.844850746268657
22.261044776119405
12.958134328358208
3.9816417910447757
2.185820895522388
2.2243283582089557
0.13597014925373133
0.0
0.0
0.006119402985074627
0.5078358208955225
3.847910447761194
1.2538805970149254
0.9397014925373134
1.8434328358208956
2.07634328358209
1.098582089552239
0.0
0.003955223880597015
0.0
0.0
0.0
0.0896268656716418
3.1573880597014923
1.0101492537313435
0.8177611940298509
0.18119402985074629
3.3347014925373135
0.5271641791044775
2.206268656716418
10.829925373134328
7.149402985074627
0.02686567164179104
0.05425373134328358
0.003358208955223881
0.034477611940298504
0.0
1.847910447761194
11.607313432835822
10.00044776119403
4.3794776119403
2.8087313432835823
0.2897761194029851
2.3913432835820894
3.945970149253733
1.091641791044776
0.2885820895522388
1.022313432835821
1.1612686567164179
11.852835820895525
24.99723880597015
3.672164179104477
20.565149253731345
4.512985074626866
0.6861940298507464
0.0326865671641791
0.6294029850746269
0.03544776119402985
5.4308955223880595
5.857537313432836
6.470671641791045
0.17432835820895523
0.8868656716417911
0.5013432835820896
1.1161940298507462
3.45955223880597
2.2714925373134327
7.397835820895523
4.213059701492537
1.9044029850746265
10.181268656716417
1.2088805970149255
4.2476119402985075
46.09164179104478
2.4137313432835823
9.222313432835822
0.8217910447761194
1.682910447761194
1.1041044776119402
0.019328358208955225
0.0
0.0008208955223880597
0.0
0.0
0.0
0.0
0.0
0.00335820895522388
1.3464179104477614
1.2301492537313432
0.0
0.003955223880597015
0.5264925373134328
0.8514925373134328
2.236567164179105
0.007761194029850747
0.0
0.0
5.046417910447762
0.25007462686567167
0.0
0.05701492537313433
0.022313432835820896
0.18746268656716422
0.4420149253731343
0.06149253731343282
0.0
0.0
0.01507462686567164
0.003059701492537314
0.0
0.0
0.0
0.0
0.0
0.0
0.0
0.0
0.0
0.004701492537313434
1.6349253731343285
2.0122388059701493
1.636044776119403
8.81007462686567
5.387761194029851
1.7480597014925374
0.2341044776119403
3.9343283582089557
10.59768656716418
8.472835820895524
1.7617164179104476
2.9326119402985076
0.587910447761194
0.9397014925373134
0.08186567164179104
0.20335820895522388
0.7617910447761195
0.00044776119402985075
0.015149253731343286
2.5294029850746265
0.0
0.0
0.006343283582089553
2.7692537313432832
0.0
0.0
0.0
0.0
0.0
0.0
0.0
0.0
0.0
0.0
0.0
0.002611940298507463
0.0006716417910447761
1.7071641791044776
0.2467910447761194
0.1433582089552239
0.8913432835820895
0.031417910447761196
1.659328358208955
0.02156716417910448
0.07940298507462687
0.14246268656716418
0.0
0.33044776119402985
1.6342537313432837
2.9545522388059697
2.290223880597015
6.870746268656717
0.0617910447761194
3.4888805970149255
0.5673880597014924
0.03970149253731343
16.690447761194033
3.4705970149253735
34.29910447761194
1.0244029850746268
16.94298507462687
10.338507462686568
8.35723880597015
3.840522388059702
19.26597014925373
15.309925373134327
13.61955223880597
6.889402985074627
0.3175373134328358
1.1102985074626865
0.9065671641791047
0.004626865671641792
0.4114179104477612
10.142089552238806
11.282462686567163
0.20305970149253733
26.5055223880597
0.025074626865671645
0.6121641791044777
0.0
0.0
0.013955223880597016
3.434925373134328
0.08014925373134327
0.0008208955223880597
0.003059701492537314
0.0
0.0
0.4347761194029851
5.052313432835821
4.197761194029851
0.012313432835820896
0.07231343283582091
4.930223880597015
0.0020149253731343284
0.4326865671641791
2.414477611940298
0.9614925373134326
2.908805970149254
1.0484328358208956
8.668880597014926
3.224626865671642
0.35164179104477616
0.0031343283582089556
0.0
0.0
0.0
0.0
0.0
4.418059701492537
0.2927611940298508
3.263507462686567
21.68044776119403
18.204626865671642
6.707014925373134
0.20485074626865674
2.901940298507463
0.3564179104477612
0.00022388059701492538
0.0
0.0
0.0
0.0
0.01082089552238806
1.7600746268656713
4.085373134328359
1.9085820895522387
0.018582089552238806
1.0716417910447762
9.452014925373135
3.0690298507462686
0.4338059701492537
0.09313432835820896
3.541044776119403
0.7649253731343284
0.9825373134328358
0.019253731343283585
0.019925373134328364
0.526044776119403
6.8152238805970144
9.372985074626866
0.3188805970149254
0.021417910447761195
0.008507462686567165
0.00455223880597015
0.00798507462686567
0.06753731343283581
0.0
0.0
0.0
0.0
0.0
0.0
0.772686567164179
36.36932835820896
0.26895522388059695
0.0
0.0
0.0
0.0
0.0
0.002985074626865672
0.0
0.0
8.632537313432836
0.8291044776119403
10.700671641791043
7.501268656716419
14.642537313432836
20.358432835820892
5.754925373134328
11.556417910447761
1.7123880597014927
0.5650000000000001
4.901417910447761
3.0016417910447757
0.05395522388059701
0.2785820895522388
0.0072388059701492535
2.0735074626865675
0.11089552238805968
3.2776865671641793
3.094402985074627
4.4847014925373125
3.227462686567164
4.0691791044776116
4.300149253731344
0.001417910447761194
0.028134328358208956
1.7087313432835824
1.1706716417910448
5.6894776119402986
0.8238059701492537
1.6534328358208952
6.687611940298506
1.6682835820895523
1.2286567164179107
1.058955223880597
1.9611194029850743
2.7509701492537313
0.9068656716417911
0.031492537313432836
0.007462686567164179
0.004925373134328359
0.02111940298507463
0.0
0.0
0.0
7.410597014925373
1.5319402985074624
4.40776119402985
0.08276119402985076
4.352835820895523
3.0946268656716414
0.09985074626865673
6.13731343283582
6.367686567164179
0.1626865671641791
0.0
0.009925373134328359
0.005671641791044776
0.004104477611940299
0.008432835820895523
0.006492537313432837
0.026417910447761195
0.0
0.0
0.0
0.0
0.0
0.0
0.0
0.004701492537313434
0.0
0.0
0.0
0.10298507462686568
3.624850746268657
1.876044776119403
0.09462686567164177
0.019402985074626868
0.40156716417910443
6.533432835820894
36.448432835820896
20.895000000000003
12.949776119402985
2.7652238805970146
0.10216417910447761
0.01037313432835821
0.005746268656716419
0.0
0.0
0.0
0.03835820895522388
0.0038805970149253734
0.0029850746268656717
0.048656716417910445
0.014850746268656718
0.002238805970149254
0.07440298507462687
1.4164179104477612
0.0796268656716418
0.00037313432835820896
0.0
0.005970149253731343
6.394776119402985
0.021268656716417915
7.114253731343283
4.729253731343284
8.165522388059703
1.850223880597015
6.173358208955224
2.2886567164179104
0.00701492537313433
0.002313432835820896
0.0
0.8423880597014926
0.04932835820895523
0.0
0.0091044776119403
0.08873134328358209
0.012238805970149255
2.0615671641791047
10.61686567164179
2.057686567164179
2.6818656716417912
1.252313432835821
0.8324626865671643
0.6552985074626866
0.28708955223880595
1.071492537313433
1.0376119402985073
0.26179104477611936
2.2916417910447766
2.1152238805970147
0.12694029850746266
0.0158955223880597
0.008731343283582093
0.0
0.0
0.005149253731343283
2.6807462686567165
1.4432089552238807
2.118731343283582
2.8182089552238807
0.29111940298507466
2.2451492537313436
5.167388059701493
4.941119402985076
0.03223880597014924
0.018507462686567167
2.812089552238806
1.2974626865671641
3.832761194029851
3.7179104477611937
0.23522388059701496
0.0
0.0
0.0
0.12738805970149256
0.0
10.899253731343284
4.788955223880597
0.01037313432835821
0.0
0.0
0.0
0.03194029850746269
0.020223880597014927
0.0
0.007313432835820896
0.0
0.0005223880597014926
0.0024626865671641797
0.10022388059701492
0.031492537313432836
0.3052238805970149
0.0
0.0
0.0
0.0
0.0
1.1644776119402982
0.873731343283582
0.004626865671641791
0.0
0.6027611940298508
0.0
0.0
0.01283582089552239
0.0
0.0006716417910447762
0.0010447761194029852
0.0
0.0
2.448208955223881
3.5348507462686563
2.800671641791045
2.5862686567164177
4.867686567164179
0.3617910447761194
0.015223880597014926
0.0
0.004850746268656715
0.24223880597014932
1.652985074626866
0.3855970149253731
10.602313432835821
7.6182089552238805
2.6500000000000004
1.41955223880597
1.4405223880597011
3.9930597014925366
2.465895522388059
0.27134328358208953
0.0
0.0
5.730970149253731
2.9979104477611944
3.099179104477612
0.16537313432835823
1.0937313432835825
1.1548507462686568
4.406791044776119
7.956492537313434
6.3416417910447755
4.5561194029850745
1.782686567164179
0.787089552238806
0.0
0.0
0.0
0.0
0.0
0.0
0.15194029850746268
0.006865671641791045
0.6985820895522388
1.3463432835820894
8.67455223880597
2.5761194029850745
0.7776119402985074
1.1407462686567165
2.206119402985075
2.895522388059702
0.49679104477611946
0.6835074626865671
0.0
0.0
0.0608955223880597
1.727313432835821
7.930597014925372
0.20552238805970152
3.760671641791045
0.11052238805970148
0.028731343283582095
0.0
1.8655223880597018
0.13350746268656716
0.0
0.0
6.519104477611941
4.674776119402985
29.475895522388058
9.166268656716419
4.18634328358209
0.0
0.0
0.03410447761194029
2.627164179104478
10.203731343283584
7.794850746268659
0.0
0.0
0.0
0.0
0.0
0.00029850746268656717
9.31313432835821
2.3563432835820897
4.119402985074626
3.151194029850746
10.192910447761195
3.6697761194029845
4.467761194029851
6.974179104477613
1.925074626865672
1.200597014925373
0.12895522388059702
0.08044776119402985
0.09395522388059702
0.00664179104477612
4.852164179104477
18.006194029850747
1.8214179104477612
2.9549253731343286
0.4115671641791045
6.59410447761194
4.353731343283582
11.05455223880597
4.120970149253732
4.240597014925373
0.6776865671641791
0.0
16.81537313432836
0.0
0.0
0.0
0.0
6.727761194029851
0.007611940298507463
0.8317910447761194
5.4529104477611945
0.46619402985074626
0.04902985074626865
0.0
0.0
0.10947761194029851
0.0
0.005746268656716419
0.0
13.485597014925373
1.639626865671642
3.31455223880597
4.069402985074627
2.440074626865672
0.001417910447761194
0.0
0.0
6.695223880597015
0.0
19.190820895522386
8.92179104477612
0.8317910447761193
5.457985074626866
14.800895522388055
0.009328358208955225
2.0978358208955226
0.11514925373134328
1.8261940298507462
2.898208955223881
0.33111940298507464
0.12194029850746271
0.14753731343283583
4.003582089552239
0.06716417910447761
4.877611940298507
0.763955223880597
0.34111940298507465
0.7522388059701492
4.126417910447762
3.350223880597015
0.039999999999999994
7.13731343283582
0.0009701492537313433
0.004477611940298508
9.857537313432834
0.04022388059701492
6.436044776119403
0.12350746268656716
0.039776119402985075
0.1726119402985075
0.0
0.0
0.0
0.027611940298507463
0.9944029850746269
0.21671641791044777
21.522985074626867
4.866567164179106
2.9173880597014925
0.8349253731343285
2.9704477611940296
6.183283582089552
0.530820895522388
0.0
0.0012686567164179106
0.0035074626865671645
0.6874626865671642
0.08567164179104476
3.8547761194029846
0.1071641791044776
4.407313432835821
0.01082089552238806
0.0
0.0
0.0
1.9352238805970148
0.09746268656716418
0.0
0.0
0.0
0.0
0.0
0.0
0.0
0.001417910447761194
3.929626865671642
0.02328358208955224
2.46455223880597
2.7911940298507463
0.663134328358209
1.6863432835820897
3.5501492537313433
2.4164179104477608
0.16738805970149254
0.12761194029850748
0.0
0.0
0.519776119402985
0.3870149253731343
0.16962686567164179
0.10111940298507464
0.35276119402985073
0.03977611940298507
0.001417910447761194
0.0
0.0
0.0
0.0
0.0
0.0
0.0
0.0
0.0
0.0
0.0
2.0264179104477615
1.9967164179104477
0.01
1.2632089552238808
14.48044776119403
1.8237313432835824
1.8445522388059707
2.0070895522388064
21.508880597014922
4.141343283582089
0.19
0.0018656716417910452
7.462686567164179e-05
0.002238805970149254
0.0
0.0
0.0
0.8228358208955224
0.11171641791044779
1.2473880597014924
7.48597014925373
0.3028358208955224
0.21305970149253728
0.029552238805970153
0.033432835820895526
0.1303731343283582
5.017537313432835
1.5199253731343285
4.325522388059702
9.47074626865672
0.2244776119402985
0.1087313432835821
0.24753731343283583
0.1288059701492537
3.81410447761194
2.039626865671642
3.98044776119403
1.0359701492537312
2.842686567164179
0.04858208955223881
0.01447761194029851
0.07171641791044776
3.2941791044776116
1.0065671641791047
1.2688805970149253
0.9055970149253731
2.547761194029851
5.58365671641791
1.6202985074626866
2.4065671641791044
0.0
0.0
0.01201492537313433
0.8984328358208957
2.5164179104477618
8.06492537313433
7.309328358208955
4.46276119402985
0.35873134328358214
0.0
0.0
1.339776119402985
1.830223880597015
5.336940298507462
1.2822388059701493
0.48462686567164176
2.8153731343283583
0.018059701492537317
0.0
0.0005223880597014926
4.35179104477612
3.18544776119403
3.331716417910448
8.606044776119404
7.187611940298508
2.3673880597014927
2.0426865671641794
2.091791044776119
16.57328358208955
12.279253731343283
0.24582089552238803
7.932910447761196
10.441940298507461
8.871119402985075
4.291492537313433
3.873134328358209
0.1058955223880597
0.3920149253731343
0.44373134328358205
0.0
0.0
0.0005223880597014926
0.009626865671641791
1.7929850746268658
0.006567164179104477
0.032835820895522394
0.23574626865671638
0.512089552238806
0.1951492537313433
1.26455223880597
7.535298507462687
0.11447761194029851
0.0007462686567164178
0.0
0.0
0.0018656716417910452
0.0
0.01955223880597015
0.018432835820895523
0.4465671641791045
0.3937313432835821
0.22865671641791044
0.018134328358208957
0.27738805970149255
0.0
0.01738805970149254
0.0
0.0
0.0
0.0
0.0
0.0
0.0011940298507462689
12.503432835820895
4.685373134328359
11.004552238805969
0.06985074626865671
3.0251492537313434
0.16761194029850746
0.01791044776119403
0.023955223880597013
0.0
0.021343283582089555
0.017238805970149255
0.009626865671641791
0.0
0.0
0.0
0.009253731343283583
8.462014925373134
1.7974626865671643
1.592985074626866
10.22507462686567
23.59873134328358
1.0086567164179105
1.1111194029850748
0.6934328358208957
0.8392537313432836
4.622910447761194
27.57626865671642
25.097686567164182
0.35328358208955224
2.3843283582089554
7.427910447761193
2.2244029850746267
0.7085820895522388
0.00022388059701492538
0.0
0.008134328358208955
1.5882089552238807
4.958880597014925
0.2901492537313433
0.02813432835820896
0.0005223880597014926
2.294402985074627
0.017462686567164182
6.5113432835820895
2.196268656716418
5.186940298507462
2.5423880597014925
2.2697761194029855
4.483582089552239
3.2500746268656715
0.44350746268656727
1.0563432835820896
0.15223880597014924
5.584776119402984
0.0006716417910447762
0.0
0.0
0.0
0.0
0.0
0.6045522388059703
0.09649253731343284
0.21776119402985075
11.843880597014927
1.1134328358208954
1.713134328358209
1.6627611940298508
5.571119402985074
0.02365671641791045
0.0
9.291865671641792
3.1547761194029853
1.1735074626865671
0.12761194029850748
0.05664179104477612
3.866194029850746
0.665
0.01701492537313433
0.41
0.0
4.507388059701492
2.961865671641791
0.0
0.0012686567164179106
2.964253731343284
0.8941791044776118
3.8579104477611943
4.538059701492537
0.21417910447761193
1.7261194029850746
4.264776119402986
19.935000000000002
6.217462686567165
3.859850746268657
16.51768656716418
7.846865671641791
0.7375373134328359
0.02328358208955224
0.16895522388059703
1.748880597014925
0.023208955223880598
0.0058955223880597036
0.0
0.0
1.4329104477611938
17.814328358208954
1.619179104477612
0.00582089552238806
0.0
0.0
0.46544776119402975
0.4764179104477612
0.011567164179104479
0.0
0.0
0.0
0.0
0.0
0.0
0.0
0.0
0.003582089552238807
0.048358208955223886
5.071343283582089
5.5153731343283585
8.957388059701492
3.9946268656716417
5.0692537313432835
0.5753731343283582
0.05746268656716418
0.0
0.0
0.0
0.0
0.0
15.424402985074629
0.11373134328358209
0.0
0.0010447761194029852
0.007537313432835821
11.011268656716416
6.159776119402986
1.614776119402985
1.0196268656716418
6.039701492537315
0.009402985074626868
0.0
0.0
0.0
0.9646268656716417
0.0
0.0
0.0
1.1180597014925373
0.0
0.0
0.0
0.0
0.0
3.4104477611940296
0.8954477611940299
10.329179104477612
0.0544776119402985
0.033582089552238806
1.8161194029850747
0.004477611940298508
1.5745522388059703
3.6925373134328354
8.052835820895524
1.216716417910448
0.13134328358208958
2.4825373134328355
3.2873880597014926
6.206268656716418
0.8147014925373135
3.2494776119402986
0.516641791044776
0.12111940298507463
0.6201492537313433
2.0660447761194027
0.9835074626865669
0.4362686567164179
0.2262686567164179
10.609850746268657
0.05499999999999999
0.0
4.218283582089552
0.1341044776119403
0.006417910447761196
0.0
0.0
0.0
15.763656716417909
3.5264925373134326
0.07962686567164177
7.463208955223882
16.294328358208954
7.75544776119403
0.37895522388059705
0.01791044776119403
0.0
0.0
0.0
0.0
0.0
0.0
0.0
0.03783582089552239
0.0
0.0
0.0
0.0
0.0
0.0
0.0
0.0
0.0
1.6041791044776117
0.002611940298507463
0.0
0.0
0.0
0.0
0.0
0.0
0.0
0.03686567164179104
0.005671641791044777
0.4358208955223882
4.9314179104477605
23.937835820895522
24.929552238805968
31.396343283582095
5.94589552238806
0.5152985074626867
6.744402985074626
0.35694029850746267
0.012388059701492538
2.5474626865671643
2.4117164179104478
0.8247014925373134
2.8208955223880596
9.417985074626868
0.11447761194029851
0.06298507462686567
0.29126865671641794
1.509179104477612
0.4712686567164179
0.04977611940298507
0.2567164179104478
0.011865671641791045
0.016641791044776123
0.0
0.010149253731343285
0.013283582089552241
0.23179104477611942
0.2435820895522388
0.9091791044776119
2.180746268656716
1.6871641791044776
3.837388059701493
3.5167164179104473
2.3494029850746263
5.093283582089552
0.3487313432835821
0.7623134328358209
0.10246268656716419
1.3190298507462686
0.0038059701492537314
0.0
0.0
0.0
0.5811194029850745
0.3273880597014926
0.019701492537313427
0.025597014925373134
0.22574626865671646
8.534701492537314
0.6634328358208954
0.013582089552238807
0.03925373134328359
0.0011940298507462687
0.0
0.0019402985074626867
1.581567164179104
0.26037313432835824
8.829776119402984
0.5314925373134328
8.154552238805971
11.711791044776119
2.235223880597015
5.956492537313433
4.4088059701492535
1.072238805970149
2.1811194029850745
0.4852985074626866
3.187462686567164
1.859776119402985
2.553283582089552
4.342611940298507
8.345970149253732
14.146417910447761
10.071268656716418
19.973582089552238
1.892462686567164
0.8029104477611939
5.768059701492538
5.925597014925374
5.630671641791046
0.18462686567164174
1.6920895522388057
0.45805970149253733
1.2430597014925373
0.5436567164179105
0.6290298507462686
0.11358208955223878
1.744328358208955
6.8414179104477615
0.06664179104477612
0.0
0.019402985074626865
0.0441044776119403
0.03470149253731344
0.013731343283582092
0.43843283582089554
1.923955223880597
0.11223880597014925
0.3338059701492538
3.82634328358209
0.3382835820895522
1.4299253731343282
0.03164179104477612
0.0
0.0
0.0
0.0
0.007014925373134329
0.020223880597014927
0.09037313432835821
4.007462686567165
0.29626865671641783
2.9526119402985076
2.4938059701492534
3.4752985074626865
0.2526865671641791
3.814328358208955
1.1567910447761196
0.711044776119403
2.125074626865672
1.1223134328358209
1.6924626865671641
2.123134328358209
0.2824626865671641
3.884701492537314
0.5929850746268658
0.5226119402985074
0.038432835820895524
0.0
0.0
3.096641791044776
10.256716417910448
7.480597014925373
10.268208955223882
20.08514925373134
0.0
0.01044776119402985
0.0
0.0
0.0
0.0
0.0
0.0
0.0
0.0
0.0
0.0
1.2672388059701494
1.1438059701492538
5.994925373134329
4.74134328358209
5.216119402985075
0.40656716417910443
2.546641791044776
2.398208955223881
14.269328358208954
6.523283582089552
6.632686567164179
0.09388059701492538
4.305149253731343
3.233134328358209
0.2920149253731343
0.1714925373134328
0.002313432835820896
1.091268656716418
0.02686567164179104
0.0
0.12947761194029853
0.018582089552238806
3.0956716417910446
0.13559701492537313
0.04432835820895522
0.22925373134328356
1.2840298507462684
5.278880597014925
7.762761194029849
0.018358208955223887
0.0016417910447761195
0.0
0.06395522388059702
0.0
0.13865671641791047
1.9890298507462685
2.598955223880597
0.2435820895522388
0.0
0.0
0.0
0.07358208955223881
0.0
0.0
0.0
0.0
0.2702985074626866
0.008507462686567165
0.23417910447761192
16.25462686567164
2.0399999999999996
0.2570895522388059
0.04679104477611941
0.0
0.0
0.0
4.36955223880597
0.05708955223880597
20.725522388059705
0.7907462686567165
10.296119402985074
2.4723134328358207
0.9042537313432837
0.021865671641791044
0.08507462686567163
0.011567164179104477
3.1914179104477616
11.089402985074628
7.299701492537314
0.12395522388059702
0.0317910447761194
0.0
0.0
6.264179104477613
0.1438805970149254
3.60544776119403
3.937164179104478
11.189179104477612
0.8364179104477613
5.129253731343283
6.702388059701493
2.0828358208955224
1.1035074626865673
4.733880597014926
4.239701492537312
0.0692537313432836
0.11619402985074626
0.1417910447761194
2.066194029850746
2.1632089552238805
13.715522388059702
2.516417910447761
19.0334328358209
0.832089552238806
6.364253731343283
3.0234328358208953
4.123955223880597
2.1311194029850746
0.010000000000000002
9.136194029850746
3.2402238805970143
14.816194029850745
0.790223880597015
0.2744029850746269
0.405223880597015
0.5876119402985075
0.0
0.010074626865671642
0.0
0.0006716417910447761
0.7388059701492538
0.0
0.0
0.0
5.314626865671642
15.415522388059701
0.0
0.0
0.0013432835820895521
0.001791044776119403
0.0
0.0
0.0077611940298507485
13.70126865671642
4.423507462686567
9.998358208955223
0.4632835820895522
6.387611940298508
4.015597014925373
4.646641791044776
0.02171641791044776
0.06634328358208956
0.9999999999999998
0.27492537313432835
9.392089552238806
1.0959701492537315
7.451044776119402
25.059328358208955
1.7858208955223882
4.465
1.37455223880597
10.831119402985074
3.549925373134328
2.8570149253731345
0.17350746268656717
0.2501492537313433
0.018582089552238806
4.462537313432836
0.19634328358208958
0.0012686567164179106
0.020746268656716416
0.6529850746268657
0.13955223880597012
0.04350746268656716
0.010746268656716417
0.04805970149253732
9.195671641791046
0.04843283582089552
0.0
0.0
0.9855223880597015
8.47231343283582
0.46529850746268653
0.680223880597015
1.397089552238806
4.35813432835821
1.1849999999999998
1.311492537313433
0.0
0.0
2.1212686567164174
0.0
0.0
4.390671641791045
0.6490298507462686
1.2365671641791045
30.021567164179107
0.0
0.005149253731343284
1.8353731343283584
0.5442537313432836
0.0
0.04701492537313433
2.9881343283582087
0.0016417910447761193
0.0014925373134328358
0.06977611940298507
6.553283582089551
0.008134328358208955
0.01164179104477612
0.0
11.30537313432836
11.594104477611939
7.074626865671642
0.022462686567164176
0.0005970149253731343
0.0687313432835821
0.01828358208955224
0.03761194029850746
0.0
0.0
0.0
0.0
0.0011940298507462687
0.00014925373134328358
2.8988059701492532
3.1764925373134325
2.9588059701492537
0.00014925373134328358
0.0
3.1541791044776115
5.8900746268656725
6.027761194029851
7.806194029850745
6.347985074626865
1.6479850746268658
0.1813432835820896
0.007611940298507463
0.001791044776119403
0.019776119402985074
17.46731343283582
9.617164179104476
4.2244029850746285
1.6435820895522386
0.03813432835820895
0.0
0.0
0.17902985074626868
0.381044776119403
0.0008955223880597016
0.06843283582089552
2.956940298507462
1.3364179104477611
0.007238805970149254
0.011119402985074626
0.04947761194029851
0.005597014925373134
0.0
0.006044776119402986
0.0005223880597014926
2.681492537313433
1.703582089552239
10.787014925373134
12.380895522388059
2.0444029850746266
3.9189552238805976
3.2431343283582095
1.403134328358209
0.4035820895522389
8.713582089552238
7.152388059701493
4.866343283582091
3.667611940298508
0.02962686567164179
0.07283582089552239
7.828805970149253
0.01947761194029851
0.008208955223880599
0.0008955223880597014
0.0
0.0
0.0
0.0
0.0
0.0
0.0
7.462686567164179e-05
0.17119402985074628
0.0
0.0
1.1835820895522389
0.30000000000000004
0.013880597014925373
0.0
0.1364179104477612
1.3703731343283583
7.789179104477612
21.801492537313433
15.861641791044777
6.167537313432836
1.6708208955223882
0.41238805970149256
0.13567164179104474
0.0
0.005597014925373134
0.3674626865671642
0.5670149253731342
0.007611940298507463
0.02283582089552239
1.1578358208955224
0.05716417910447761
0.4005223880597015
4.55320895522388
8.369328358208957
4.245298507462687
5.68223880597015
2.754477611940298
2.8652238805970147
5.7694776119402995
0.1373134328358209
0.10156716417910447
1.983582089552239
2.302611940298508
0.0008955223880597014
0.0008955223880597014
0.002313432835820896
2.937537313432836
2.1812686567164175
1.34044776119403
0.016791044776119406
0.0038059701492537314
0.03582089552238806
0.2194776119402985
6.586940298507463
2.5167910447761193
13.605895522388058
4.025820895522388
3.665149253731343
1.2655223880597013
2.29955223880597
2.6841791044776118
1.8452985074626864
0.8644776119402984
9.991641791044778
10.233582089552238
1.9064925373134327
4.16455223880597
7.663582089552239
4.134253731343284
4.987164179104478
4.168955223880598
8.748208955223882
5.591940298507462
2.6038059701492533
8.972238805970148
0.02126865671641791
0.0
0.0
0.18268656716417908
1.7281343283582091
1.2429104477611939
3.932910447761194
0.62
0.009701492537313434
0.08940298507462686
4.668805970149254
2.047164179104478
6.040149253731342
1.6429104477611938
1.0317164179104477
3.524850746268657
4.47320895522388
2.0672388059701494
0.5395522388059701
0.7770149253731342
1.8682089552238803
0.2547014925373134
9.151268656716418
1.7155970149253734
0.5047014925373136
0.2527611940298507
3.3327611940298505
6.910970149253733
5.198582089552238
14.938507462686568
3.5791044776119403
11.396641791044777
4.586119402985076
0.33985074626865663
0.01686567164179105
0.10962686567164177
8.469402985074627
4.550597014925373
0.19164179104477613
4.11313432835821
2.7920895522388056
16.495671641791045
12.376268656716416
3.848582089552239
2.019701492537313
1.0555223880597016
0.08261194029850748
23.97253731343284
2.5850746268656715
0.12156716417910447
0.0
0.0
0.24738805970149252
0.0
1.1882089552238808
2.3944776119402986
1.9470149253731346
0.00022388059701492538
0.01462686567164179
1.9394776119402983
0.9093283582089552
0.0006716417910447761
0.0
0.007611940298507463
0.37574626865671645
0.2911194029850746
0.0
2.7036567164179104
0.0
0.0
0.0
0.0
0.0
0.0
2.2456716417910445
10.35768656716418
0.19082089552238804
0.013955223880597016
0.3807462686567164
9.373432835820894
0.295
1.9173880597014925
0.0072388059701492535
0.0
0.0
0.0
0.0
0.0
0.0
0.0
0.0
0.0
0.3199253731343284
3.9141791044776117
2.207388059701492
5.661044776119402
4.6089552238805975
0.2563432835820895
0.0
0.0
0.0005223880597014926
0.17186567164179106
0.0
0.0
5.639477611940297
0.3233582089552239
0.34664179104477616
3.334776119402985
3.2078358208955224
5.389402985074628
0.8064179104477611
0.0020149253731343284
0.06783582089552238
0.14149253731343284
12.703432835820896
0.17029850746268657
0.22589552238805974
0.01552238805970149
0.013656716417910449
0.6028358208955223
0.008134328358208955
0.0
0.0
0.0
0.0
0.0
0.0
0.00014925373134328358
0.0
0.7020895522388061
2.873955223880597
0.095
0.0158955223880597
0.0005223880597014926
0.0
2.04865671641791
2.8702985074626866
3.8952238805970154
5.905373134328357
6.758880597014925
1.693731343283582
1.197238805970149
0.43216417910447763
0.08052238805970148
6.366044776119404
0.547910447761194
1.065
0.01402985074626866
0.004626865671641791
1.6924626865671641
0.0173134328358209
5.169850746268657
9.727462686567165
7.184328358208955
19.59417910447761
3.4850746268656723
0.8658208955223881
0.020447761194029853
0.0676865671641791
0.6336567164179104
0.011417910447761196
8.112910447761195
2.5514925373134325
0.003507462686567165
3.491641791044776
0.04917910447761193
0.008805970149253732
3.31955223880597
0.0
0.0
0.013059701492537313
0.5585820895522388
0.20738805970149252
0.0
0.0
0.0
0.0
11.326641791044777
0.0009701492537313431
0.006343283582089553
0.41104477611940304
0.005522388059701493
0.0
0.0
0.0
0.0
0.0
0.0
5.622761194029851
1.969925373134328
1.4135820895522386
1.7014925373134333
0.02186567164179105
6.0560447761194025
4.348731343283582
0.3726119402985075
0.09537313432835821
0.1525373134328358
0.6971641791044777
0.0
0.0
7.9750746268656725
0.13335820895522385
8.111791044776119
0.08522388059701491
13.664253731343281
0.0
0.0
0.004925373134328359
0.0
0.0
0.12447761194029851
1.1334328358208954
2.1502985074626864
9.284328358208954
1.442686567164179
1.1819402985074627
0.1552238805970149
0.5720149253731344
0.07231343283582091
0.0
0.0
0.04626865671641791
7.281641791044775
2.4288059701492535
4.306567164179104
0.1644776119402985
0.0
1.96544776119403
0.02738805970149254
0.0
0.0
0.0
0.011343283582089556
0.027014925373134324
2.8987313432835817
18.59223880597015
13.86858208955224
1.2667910447761195
3.1129850746268657
0.07813432835820897
5.6000746268656725
1.082238805970149
0.00022388059701492538
0.03462686567164179
0.007462686567164179
0.0
0.0019402985074626871
0.08813432835820896
0.5638059701492537
0.5198507462686567
0.023880597014925373
0.0005223880597014926
0.0020895522388059704
5.795223880597016
0.10917910447761194
0.012388059701492538
1.3429850746268654
0.04298507462686567
0.011343283582089555
0.00582089552238806
0.010522388059701494
0.02492537313432836
3.1066417910447757
0.01119402985074627
0.0
0.0
0.0
0.0
0.0
0.0
0.02246268656716418
0.2838805970149253
0.41358208955223874
3.5722388059701493
4.59820895522388
1.3620149253731342
0.029402985074626867
2.2406716417910446
5.53268656716418
5.312014925373134
12.06917910447761
0.309776119402985
3.6226865671641795
1.4103731343283583
1.8564179104477612
0.7713432835820897
0.08835820895522387
0.3697014925373135
0.8838805970149254
6.746716417910448
18.886567164179105
0.18104477611940303
1.9746268656716415
7.338059701492538
16.635447761194026
0.726865671641791
3.959253731343284
0.29716417910447757
5.47589552238806
3.0332835820895525
2.4635820895522387
4.712313432835821
3.1925373134328354
0.8299253731343285
1.9067164179104477
0.0
0.012388059701492538
2.621865671641791
7.8100746268656716
20.03082089552239
0.1235820895522388
2.7724626865671644
0.64
10.850746268656716
10.426641791044776
0.4973880597014926
0.04522388059701493
0.4105223880597014
0.014626865671641794
0.010522388059701493
0.042388059701492536
0.20358208955223883
0.22470149253731342
0.01164179104477612
0.0341044776119403
2.471268656716418
12.63358208955224
7.522388059701494
1.868731343283582
0.5135820895522387
0.18059701492537314
1.6182835820895525
0.07492537313432836
2.293059701492538
0.019776119402985078
0.22686567164179103
0.01835820895522388
0.0005223880597014926
0.7238805970149254
0.03208955223880596
0.00029850746268656717
0.0024626865671641793
0.3646268656716418
0.053955223880597016
0.00037313432835820896
0.0
0.0
0.0
0.0
0.0
0.11761194029850748
0.018208955223880597
0.024104477611940303
0.0
0.0
0.0
0.040895522388059706
1.0808955223880596
0.020522388059701493
0.012238805970149255
0.018507462686567163
0.0
0.0
0.0
4.4978358208955225
4.572089552238806
0.5021641791044776
5.276044776119403
0.47589552238805966
1.4616417910447765
2.5544776119402988
2.1628358208955225
2.3163432835820896
0.005746268656716418
0.2553731343283582
0.8994029850746267
1.2605970149253733
1.4647014925373132
6.859029850746266
8.53738805970149
7.45820895522388
5.254850746268656
10.031268656716419
2.66455223880597
0.007537313432835822
0.03970149253731343
0.0
1.3027611940298507
1.5900746268656718
0.10932835820895521
0.034925373134328364
5.067611940298509
0.13544776119402985
0.46261194029850744
1.3674626865671642
5.302985074626866
11.449776119402987
2.412014925373134
0.0
0.0027611940298507462
0.05022388059701493
1.2204477611940299
1.2693283582089554
1.3979104477611939
15.580298507462688
0.021791044776119404
0.0
0.0
0.0
0.20723880597014924
0.0
3.23820895522388
0.0049253731343283595
0.04395522388059702
1.4399253731343282
0.43425373134328354
16.524701492537314
0.8100746268656716
2.7711194029850748
0.1917910447761194
0.0
0.0
0.0006716417910447761
4.58544776119403
1.2858955223880597
5.161567164179104
0.37761194029850753
3.4949253731343286
2.7086567164179107
0.9652238805970149
6.815447761194029
0.02552238805970149
29.60208955223881
14.326716417910449
0.03194029850746269
0.0
0.0
0.9752985074626865
0.8947014925373136
2.5406716417910453
0.007014925373134329
0.00014925373134328358
0.0
0.0
0.0
0.0
0.26768656716417916
0.0
0.0
0.0
0.06544776119402984
19.195149253731344
8.305149253731344
5.3691791044776105
0.522910447761194
3.2338059701492536
0.00022388059701492538
0.0
0.0
0.0
0.20208955223880595
0.0
0.0
0.0
0.0
0.0
0.0
0.0
0.0
0.0
4.624626865671641
5.54865671641791
0.0
0.00029850746268656717
0.058208955223880594
7.387164179104476
0.8720149253731343
2.111716417910448
2.029850746268657
3.6197761194029856
0.6113432835820894
0.029999999999999995
4.4572388059701495
1.278731343283582
0.0
0.0
0.0
0.24067164179104478
0.0
0.0
0.0
0.0
0.0
3.475298507462686
3.082985074626866
24.73574626865672
0.0
0.0
1.0116417910447761
1.9988805970149255
0.9714925373134329
3.4506716417910446
0.1733582089552239
37.37194029850746
1.1182835820895525
0.07843283582089554
0.0
0.0
0.0
3.1065671641791046
6.556194029850746
3.634029850746269
0.0
0.0
0.0
0.18932835820895522
0.14410447761194026
0.11970149253731342
0.0
0.07992537313432835
0.00029850746268656717
0.0
0.0
0.0
0.02402985074626866
5.147761194029851
8.370223880597015
6.404402985074628
6.194402985074627
0.011194029850746268
0.0
0.023880597014925373
0.775
4.70634328358209
4.561417910447761
0.5534328358208956
0.1326865671641791
0.0
0.0
0.395820895522388
4.807537313432835
16.192238805970153
0.0
0.0
0.42134328358208956
0.22925373134328358
0.0
0.0
0.014328358208955227
4.320074626865671
0.09641791044776121
0.0
0.0
0.0
1.2805223880597014
5.934328358208956
0.0
0.0006716417910447762
0.796865671641791
3.3232835820895517
8.089850746268656
2.947238805970149
0.004626865671641791
0.0
0.0
0.5623134328358208
0.12097014925373135
0.42813432835820897
0.0
0.0
0.0
0.0
0.0
0.0
0.0
7.128059701492538
0.0
13.595522388059699
6.141567164179104
11.064402985074627
0.4855223880597015
0.0
0.0
2.0911940298507465
0.02574626865671642
0.00014925373134328358
0.0
10.746268656716419
12.104552238805972
0.08500000000000002
0.8738059701492538
0.44276119402985076
0.05917910447761193
0.009029850746268659
0.7049253731343285
0.4071641791044776
1.1989552238805972
0.10694029850746271
0.0
0.0
8.400820895522388
17.51589552238806
1.6341791044776122
7.63089552238806
1.1548507462686568
1.0891791044776118
0.5476119402985073
1.4981343283582091
1.9931343283582088
0.8226119402985074
0.015149253731343286
0.0
0.0
0.00029850746268656717
4.934776119402985
0.0
0.0
0.0
0.0
0.0004477611940298508
0.00022388059701492538
0.002313432835820896
2.318955223880597
7.034104477611941
6.995373134328357
5.311268656716418
31.852014925373133
11.970895522388059
7.692835820895524
5.293059701492537
0.3132089552238806
2.0238059701492537
0.021791044776119404
0.9221641791044776
0.007238805970149254
0.0
0.0
0.0
0.0
0.0
7.462686567164179e-05
0.0
0.0
0.0
0.0
0.0
2.472611940298507
3.2206716417910446
0.32895522388059706
1.693283582089552
0.0308955223880597
0.658134328358209
1.3898507462686567
0.007164179104477614
0.00014925373134328358
0.0
0.004402985074626866
0.0038805970149253734
0.0
0.031119402985074627
0.2728358208955224
0.9256716417910448
0.056417910447761184
0.1767910447761194
0.2717910447761194
0.02111940298507463
0.22880597014925372
3.906865671641791
16.695820895522388
14.24776119402985
30.933208955223883
9.83820895522388
3.9500746268656712
12.342462686567165
6.891567164179106
24.13268656716418
2.808283582089553
21.11813432835821
2.5926119402985073
1.686268656716418
0.0
0.0014925373134328358
0.0005223880597014926
0.0005223880597014926
0.0
0.0
0.00037313432835820896
