1.068455882352941
1.0777941176470587
0.5413970588235294
0.019999999999999997
0.0
0.009779411764705884
0.005588235294117647
0.6645588235294119
2.6075735294117646
7.5755882352941155
5.748676470588235
1.486029411764706
0.9122058823529412
0.7488235294117648
0.0799264705882353
0.05867647058823529
0.0008823529411764706
0.0005147058823529412
0.018823529411764708
0.01375
0.051470588235294115
0.8994852941176471
3.5972794117647062
0.49183823529411763
0.029852941176470586
0.0032352941176470593
2.2858088235294116
0.7316176470588235
1.8137500000000002
3.2470588235294118
0.9872058823529412
12.467647058823529
6.109926470588236
0.0016911764705882352
1.1421323529411764
0.043308823529411754
0.49367647058823527
4.76110294117647
0.25397058823529417
0.0
0.8695588235294118
8.001911764705882
3.2614705882352943
1.979558823529412
4.09889705882353
0.8498529411764707
1.0907352941176471
1.2690441176470588
0.018014705882352943
0.0
0.0
0.014632352941176471
0.5447794117647059
2.869558823529412
0.4638235294117647
0.0
0.0
0.022132352941176468
0.20801470588235293
0.3310294117647059
0.42507352941176474
1.6616176470588238
8.041250000000002
0.17691176470588235
1.8124999999999998
0.6536764705882353
2.072720588235294
22.34470588235294
2.496691176470588
12.989411764705883
2.5342647058823533
6.95514705882353
8.723455882352942
0.5918382352941176
2.6953676470588235
0.12514705882352942
2.416102941176471
0.09330882352941176
1.4923529411764707
2.551985294117647
2.3617647058823534
0.4184558823529412
0.17948529411764702
7.185
7.085514705882353
2.35125
7.084779411764706
5.651838235294118
8.139191176470588
2.307352941176471
3.3170588235294116
8.265367647058824
3.0875
1.8944117647058822
1.4119117647058823
3.9480882352941182
3.4185294117647054
0.15316176470588233
0.0
0.0
0.0
0.009117647058823529
0.0
0.005367647058823529
0.8742647058823529
15.423235294117646
0.3986764705882353
0.0
0.0
2.147279411764706
3.5027205882352943
10.146470588235294
12.047132352941178
0.8311764705882352
3.585073529411765
0.06161764705882352
0.025882352941176474
0.04610294117647059
6.3876470588235295
7.268823529411765
5.2891176470588235
0.3706617647058823
1.4505882352941177
2.7290441176470592
3.5449264705882353
0.8795588235294118
0.0
0.0
0.054264705882352944
0.04742647058823529
13.831249999999999
0.054705882352941174
0.0
0.0034558823529411767
0.00014705882352941178
0.04213235294117647
0.3750735294117647
4.0649999999999995
0.02095588235294118
0.00014705882352941178
0.0
0.035882352941176476
6.728529411764705
1.7741176470588236
4.239044117647059
0.5776470588235294
5.84
0.0
0.0
0.0
0.010514705882352942
8.096764705882352
0.10014705882352941
0.0005882352941176471
0.013676470588235295
5.568529411764706
1.6508823529411762
5.058308823529411
0.022205882352941176
0.0
0.008970588235294119
0.1932352941176471
8.09985294117647
0.7901470588235293
10.749485294117648
5.828823529411765
0.7178676470588234
0.10242647058823529
0.15051470588235294
0.013970588235294118
0.0
0.9707352941176471
12.024191176470588
1.8494117647058825
0.43455882352941183
0.1372058823529412
0.9144117647058824
16.482720588235296
0.005808823529411765
0.19919117647058823
0.2605882352941176
0.019999999999999997
0.0
0.0
0.0
0.0
0.0
5.317426470588236
8.03669117647059
5.121397058823529
0.01610294117647059
0.0
0.12713235294117647
28.333823529411763
0.2864705882352941
0.12382352941176471
2.703235294117647
1.1433088235294118
0.21330882352941177
1.0796323529411764
0.045294117647058825
1.6617647058823528
0.20455882352941174
0.45764705882352935
0.32316176470588237
0.02816176470588236
0.23022058823529412
0.0013970588235294116
1.3250000000000002
25.829485294117642
0.7030147058823529
11.361764705882353
1.2437500000000001
11.669117647058824
0.14536764705882355
6.161176470588236
0.03044117647058824
0.0
0.003823529411764706
2.203823529411765
17.483602941176468
3.8956617647058818
0.5560294117647059
0.9151470588235293
0.08977941176470589
0.0
0.4067647058823529
0.10198529411764705
0.06544117647058824
0.06779411764705882
9.757279411764706
0.6932352941176471
2.3573529411764707
0.4987500000000001
1.5544852941176472
1.556029411764706
3.659411764705882
3.354191176470589
0.21433823529411763
0.007941176470588236
0.0
0.0
0.0
0.0
8.116470588235295
8.746985294117646
0.18102941176470586
0.0
0.00029411764705882356
0.015
0.056029411764705876
6.001544117647059
0.10308823529411765
0.0
0.010514705882352942
0.0
0.1160294117647059
0.03345588235294118
0.0
0.0
0.035220588235294115
1.1904411764705884
11.27514705882353
0.09529411764705883
0.07044117647058823
0.01801470588235294
0.03639705882352942
0.0
0.0
0.02713235294117647
0.18272058823529413
0.0
0.0005882352941176471
0.0
0.0
0.011397058823529413
0.019117647058823527
2.7261029411764706
0.0726470588235294
0.03713235294117647
0.0
0.0
0.0
0.04367647058823529
0.27375000000000005
0.23382352941176468
1.370514705882353
0.14470588235294118
3.4288970588235292
0.4109558823529411
0.7103676470588235
0.0
0.0
0.0
0.0
0.0
0.0
0.19875
0.0
0.021176470588235293
0.7321323529411764
1.1483088235294119
0.016176470588235296
8.04955882352941
3.417279411764706
1.2711764705882354
0.1325
12.50639705882353
10.650661764705882
5.95139705882353
13.974779411764704
22.204558823529414
0.5053676470588235
1.0414705882352941
0.2925
10.554705882352941
1.3940441176470588
1.734264705882353
7.1298529411764715
0.13294117647058823
0.0
0.039264705882352945
7.352941176470589e-05
0.003161764705882353
0.1674264705882353
0.0
0.04272058823529412
0.6241911764705881
0.019558823529411767
2.1110294117647057
1.2363970588235293
0.07669117647058823
0.02676470588235294
1.3442647058823531
3.498308823529412
0.0010294117647058824
0.0
0.004999999999999999
3.493455882352941
3.2018382352941175
1.278529411764706
3.061470588235294
12.466838235294118
41.89448529411764
14.458897058823528
0.3656617647058824
13.046102941176471
7.714852941176469
8.804264705882353
1.9425735294117652
15.589632352941177
2.197426470588235
2.0807352941176473
0.32698529411764704
0.04066176470588235
0.03573529411764706
0.3336029411764706
2.275
0.6925735294117646
0.03551470588235294
0.21477941176470589
4.340882352941176
12.336617647058825
3.7301470588235293
1.6079411764705882
2.4302941176470587
0.6465441176470588
0.2655882352941177
4.470882352941176
1.4488235294117648
4.54235294117647
0.8788235294117647
0.011323529411764706
0.035220588235294115
0.0016176470588235296
0.01720588235294118
0.0
0.0
0.0
0.0
0.017058823529411765
0.0
0.0
0.0
0.0
5.176911764705882
4.701838235294118
5.774705882352941
0.15933823529411764
2.602279411764706
2.7775735294117645
1.165
1.0436029411764707
0.9550735294117646
8.972205882352942
18.827426470588236
3.442573529411764
16.218676470588235
16.043529411764705
5.981838235294117
9.655
4.5641911764705885
1.9547058823529415
0.09227941176470587
0.10573529411764705
1.4517647058823528
3.520294117647059
0.17455882352941177
0.17198529411764707
0.0
2.0066176470588233
0.8816911764705884
0.008676470588235294
0.0
0.0
0.0
0.0
0.0
0.0
0.0
0.0
0.0
0.0013970588235294118
0.2873529411764706
1.4616911764705882
0.24191176470588235
1.175514705882353
1.02
0.533014705882353
0.1038235294117647
9.060367647058824
1.6660294117647059
0.3322794117647059
0.009117647058823529
1.6056617647058824
1.189485294117647
2.2186029411764707
0.22308823529411767
0.06889705882352941
0.0
0.0
0.0
0.028308823529411768
0.4742647058823529
0.14323529411764704
0.6203676470588235
0.2954411764705882
0.0
0.01727941176470588
0.6861029411764706
3.041470588235294
6.468161764705881
4.418014705882353
4.62264705882353
1.1134558823529412
8.329485294117646
8.732426470588237
3.744558823529412
3.324779411764706
1.252205882352941
0.15875000000000003
0.025882352941176474
0.5580147058823528
3.196764705882353
5.943014705882353
2.104117647058824
0.0
0.0
0.0
0.0
0.0
0.0
0.006029411764705883
0.5517647058823529
3.0244852941176474
2.273308823529412
0.75
1.1708088235294118
0.7261764705882352
6.882647058823529
12.715588235294117
0.3255882352941177
4.63264705882353
0.24110294117647063
1.7172794117647059
0.0
0.0
0.14029411764705882
9.266176470588235
0.6757352941176471
0.0
0.19080882352941178
0.25823529411764706
3.791544117647059
0.0
0.0
0.0
0.0
0.0
0.0
0.0
0.0008823529411764706
0.008676470588235296
0.010294117647058825
0.019705882352941177
1.6553676470588234
0.009044117647058824
0.004705882352941177
0.047058823529411764
0.11904411764705883
0.005588235294117647
0.0025735294117647063
1.8675735294117648
1.2858088235294118
26.85404411764706
0.6101470588235294
3.306029411764706
3.1095588235294116
0.001764705882352941
0.0041911764705882355
0.0
0.0
0.014117647058823528
9.116764705882353
0.27169117647058827
4.085808823529412
14.208823529411765
0.3406617647058824
0.006544117647058824
0.08816176470588234
18.688823529411764
0.6811029411764705
0.51375
1.4852941176470589
2.5774999999999997
2.9371323529411764
2.4038235294117647
0.5772794117647059
3.4374264705882354
1.1875735294117646
7.858088235294116
5.115514705882354
6.433602941176471
5.167426470588235
11.852058823529411
2.24125
0.8549264705882352
14.934779411764703
8.17389705882353
8.237279411764705
1.0318382352941176
5.814926470588236
2.9562500000000003
5.926911764705883
0.5153676470588235
0.29455882352941176
8.97294117647059
15.078676470588235
7.402867647058823
5.571911764705882
9.527867647058825
10.081764705882353
0.13941176470588235
0.012573529411764707
4.871691176470589
5.9344117647058825
6.415441176470588
16.129338235294117
0.007426470588235294
0.0
0.0
0.0
0.0
2.2285294117647063
0.3155147058823529
0.014411764705882353
0.5016911764705883
0.022794117647058822
0.0
0.0
1.25875
0.00022058823529411763
0.18470588235294116
0.0
0.0
2.0844117647058824
0.0008088235294117647
0.007573529411764708
8.082720588235293
5.032794117647059
0.0
0.0
0.0
0.5750000000000001
5.9025735294117645
2.612279411764706
3.655514705882353
0.06404411764705882
1.1641176470588235
1.6115441176470588
0.6833088235294117
1.2993382352941174
0.05382352941176471
0.0
0.0
0.004264705882352941
6.894632352941177
11.706617647058822
5.284117647058824
0.8535294117647059
0.0
0.0
0.033897058823529405
4.361544117647059
1.7275735294117647
0.0
11.45779411764706
3.0298529411764705
3.2631617647058824
2.295735294117647
7.033676470588236
4.456323529411765
1.3749264705882354
0.0048529411764705885
0.02066176470588235
1.8752205882352944
0.0
0.0
0.0
0.008676470588235296
0.013602941176470588
5.884926470588234
0.7545588235294118
2.584411764705882
0.0
0.00838235294117647
0.00029411764705882356
0.0
0.05220588235294117
2.0229411764705882
0.010367647058823528
0.0
0.06411764705882352
0.22845588235294118
4.866985294117647
19.52580882352941
0.996764705882353
0.5033823529411764
0.019999999999999997
0.8218382352941176
0.049411764705882356
0.3274264705882353
0.022279411764705884
0.08823529411764706
1.5833088235294117
5.951691176470589
0.5841911764705883
2.123823529411765
0.0
0.0016911764705882354
0.14352941176470588
9.404485294117647
5.436764705882353
0.486764705882353
0.07808823529411765
0.4380882352941176
0.11029411764705882
2.796470588235294
0.0022794117647058822
0.0075
0.0
0.0
0.08919117647058823
0.08698529411764706
0.2222794117647059
5.464117647058823
0.3274264705882353
0.22573529411764706
0.023676470588235292
0.05029411764705882
0.5954411764705881
0.03720588235294118
0.039191176470588236
1.7144852941176472
8.828161764705882
7.2781617647058825
5.253455882352942
0.9911764705882353
1.8897058823529411
0.00786764705882353
0.019705882352941174
0.01632352941176471
0.0
0.013823529411764705
6.604926470588235
0.37058823529411766
1.0733823529411766
5.033676470588236
4.285367647058824
1.0855147058823529
0.25308823529411767
2.5268382352941177
2.748455882352941
3.161764705882353
8.578161764705882
1.5821323529411766
0.07963235294117646
0.11875
0.00963235294117647
0.016029411764705882
0.27889705882352944
0.3356617647058824
13.93470588235294
11.197132352941177
4.6255147058823525
0.10213235294117647
1.010220588235294
4.560441176470588
0.013308823529411765
3.5541176470588236
0.7377205882352942
1.7004411764705882
2.416764705882353
0.4838970588235294
3.0830882352941176
1.7482352941176469
0.16588235294117645
0.0058823529411764705
0.28375
0.6589705882352942
1.4631617647058823
5.522058823529412
12.830220588235294
13.162132352941176
2.95639705882353
3.224264705882353
1.1539705882352942
0.6427941176470587
0.07205882352941177
2.6836029411764706
1.9716176470588234
0.09558823529411764
3.1087499999999997
0.3316911764705882
15.320514705882355
3.6098529411764706
8.873235294117647
2.6067647058823527
2.8770588235294117
4.585073529411765
0.5228676470588235
0.007794117647058824
0.0
0.0
0.355
0.7189705882352941
0.175
0.0
0.0
0.0
0.0
0.0
0.003970588235294118
0.01838235294117647
9.377205882352943
3.402647058823529
2.4339705882352938
2.4683088235294117
0.7800735294117648
0.3275
0.1703676470588235
2.037941176470588
2.1636029411764706
1.1397794117647058
0.00625
0.0
0.0
0.0013970588235294118
0.4077205882352941
1.3446323529411766
0.38713235294117654
0.9157352941176471
0.03058823529411765
0.0
0.0
0.0
0.0
0.0
0.0
2.2461029411764706
1.517720588235294
4.713897058823529
3.0739705882352943
0.29205882352941176
0.5060294117647058
0.935
4.28125
6.013014705882353
15.157720588235293
10.495000000000001
4.352426470588235
0.6529411764705881
4.857867647058823
1.9373529411764707
0.7469852941176471
2.7878676470588237
1.7618382352941175
0.049779411764705885
0.05286764705882353
0.0974264705882353
0.0028676470588235295
1.9243382352941174
17.59073529411765
2.0230882352941175
6.333750000000001
6.9308088235294125
0.0
0.0
0.0
0.025441176470588238
0.0
0.0
0.00889705882352941
0.005661764705882353
0.40264705882352947
0.5533823529411764
0.008308823529411764
0.4297794117647059
0.7008088235294118
0.0
0.0
0.0
0.04139705882352941
0.006691176470588235
0.0
0.03007352941176471
0.03735294117647059
0.0003676470588235294
0.5880147058823529
1.1583088235294117
0.05889705882352941
0.0
0.7593382352941177
2.2591176470588237
0.01764705882352941
0.0
0.01860294117647059
30.587352941176473
0.6957352941176471
2.5462499999999997
9.09389705882353
3.906470588235294
0.14125000000000001
0.04316176470588236
1.9418382352941175
1.1102205882352942
1.833308823529412
0.002205882352941177
0.0
0.0
0.0
3.773161764705882
4.189705882352941
5.650882352941176
0.00698529411764706
0.07691176470588235
4.444705882352942
1.3655882352941175
0.016397058823529414
0.003823529411764706
0.0
0.08926470588235293
1.9397794117647056
1.6509558823529409
3.5098529411764705
1.6324999999999998
12.150808823529413
19.24279411764706
1.9857352941176472
11.062426470588235
0.06999999999999999
2.0704411764705886
3.595735294117647
2.5987500000000003
49.30676470588236
0.951764705882353
0.14691176470588238
0.2800735294117647
3.9358088235294115
0.6397794117647059
1.8911029411764706
0.1202205882352941
0.3105147058823529
0.36919117647058824
0.0
0.005294117647058823
1.32375
0.3441911764705883
11.192867647058824
3.5309558823529414
0.16904411764705882
6.503602941176471
5.22625
0.24147058823529413
0.19139705882352942
0.0
0.9449264705882352
10.619632352941176
0.03022058823529412
17.320735294117647
4.978382352941177
0.6551470588235294
0.14198529411764707
2.0442647058823527
4.835441176470589
0.06397058823529411
0.0
0.0
0.0
0.0
0.0
0.3861029411764706
3.7513970588235295
0.32683823529411765
0.1948529411764706
0.10610294117647058
0.023529411764705882
1.3940441176470586
1.8275735294117645
3.253308823529412
1.2279411764705883
2.723970588235294
14.532426470588236
17.761617647058824
6.809411764705882
1.5225735294117646
8.56110294117647
8.72764705882353
0.18669117647058825
0.30227941176470585
0.0
0.08066176470588236
0.6151470588235294
0.1926470588235294
3.959926470588235
0.05176470588235294
0.0
0.0
0.0
12.028014705882352
0.3980882352941176
29.62
50.737352941176475
4.940441176470588
0.006838235294117648
0.0
0.0
0.0
0.2240441176470588
0.0
0.0
5.734338235294118
10.153897058823528
0.6841176470588235
0.2986764705882353
2.176176470588235
0.024999999999999994
0.4776470588235295
3.7872058823529406
2.1136764705882354
0.004264705882352941
0.04639705882352941
0.0
0.0
0.0
0.0
0.0
0.0
0.0
0.0
0.007867647058823528
1.0641911764705883
7.352941176470589e-05
0.0023529411764705885
0.26676470588235296
0.4213235294117647
0.005661764705882353
0.6621323529411764
2.625
2.025441176470588
0.8848529411764706
2.4511029411764707
3.6147058823529408
0.3189705882352941
2.607720588235294
10.244485294117647
1.9672794117647054
0.08441176470588235
0.5958823529411765
0.04477941176470588
1.1000735294117647
9.328382352941176
0.83375
0.0
0.024926470588235296
2.1855882352941176
9.328897058823529
0.829485294117647
1.2621323529411763
0.39338235294117646
1.3020588235294117
0.0
11.575955882352941
20.83404411764706
4.241323529411765
6.318676470588236
2.281838235294118
3.33625
16.06352941176471
0.2723529411764706
2.8099999999999996
7.164411764705882
1.0675735294117648
8.923970588235292
0.5549264705882353
0.04926470588235294
0.041249999999999995
0.2647058823529412
1.5705882352941178
0.012720588235294117
0.44499999999999995
5.506838235294118
4.267941176470589
3.191470588235294
1.8716911764705884
2.0259558823529416
2.3091911764705877
0.11522058823529412
0.07095588235294117
1.5963235294117646
0.97375
0.5072058823529412
0.8769852941176471
0.7627205882352941
0.39529411764705885
4.001911764705882
2.003602941176471
2.652647058823529
0.7476470588235294
0.00823529411764706
0.004264705882352941
0.5777205882352942
7.988602941176471
2.8623529411764705
1.2171323529411766
3.1694852941176475
0.030955882352941177
2.7069117647058825
0.6722794117647058
5.612720588235295
7.4841911764705875
10.536176470588236
1.0266911764705882
3.093235294117647
12.379999999999999
2.7694117647058825
0.925735294117647
17.439852941176472
6.915073529411765
2.2928676470588236
7.7970588235294125
8.015073529411765
25.013749999999998
8.49705882352941
0.9433088235294117
10.375
0.4213970588235294
1.4616911764705882
4.770808823529412
1.91
0.021838235294117648
0.14580882352941177
5.076470588235295
0.62
0.03926470588235294
1.9920588235294119
1.4294117647058824
0.6355882352941176
2.2819852941176473
1.646764705882353
0.59
0.1408823529411765
0.9938235294117647
0.8733088235294117
9.201102941176472
1.811764705882353
0.18426470588235294
1.7834558823529412
2.198014705882353
4.713749999999999
14.768235294117645
0.7719117647058824
0.08676470588235295
0.11750000000000001
5.582132352941177
3.6049264705882353
8.355073529411765
0.028897058823529415
0.0
0.0
0.0
0.0
0.0
0.0
0.0
0.0
0.24698529411764708
0.6552941176470588
1.0994117647058823
0.16808823529411765
0.8310294117647059
0.7480882352941177
0.3925735294117647
7.464926470588235
7.975073529411766
9.095073529411764
0.6756617647058825
0.0
0.0
0.0
0.0
0.0008088235294117647
1.8627941176470586
2.830514705882353
3.2925000000000004
0.08933823529411763
0.008308823529411766
0.0
0.00029411764705882356
0.008676470588235296
0.03595588235294118
0.22161764705882353
0.0029411764705882353
0.0005882352941176471
0.0
0.0
0.0
0.0
0.8081617647058823
0.5408823529411765
0.0
0.02198529411764706
0.0
0.0
0.9577205882352942
7.133823529411764
3.909044117647059
14.465955882352942
1.6214705882352942
0.24794117647058822
0.0
0.0
0.0
0.08147058823529411
15.978088235294118
1.691985294117647
5.632720588235294
1.8871323529411763
0.058529411764705885
0.0974264705882353
4.233161764705883
4.894264705882352
0.3277941176470588
0.05970588235294117
1.117720588235294
0.004779411764705883
0.5330882352941176
0.0
0.0
0.0
0.0
0.0021323529411764706
0.05205882352941177
1.0004411764705883
0.0
0.0
0.0
1.3689705882352943
0.05073529411764706
0.08661764705882352
0.0
0.7452941176470589
22.274044117647055
8.78794117647059
1.6789705882352939
1.07625
1.7752205882352943
1.6174264705882355
0.8424999999999999
0.0
0.0
0.0
0.0
0.0
0.0
0.0
0.0008823529411764706
0.0
14.842058823529412
4.3820588235294125
0.08205882352941177
0.30624999999999997
0.16772058823529412
0.5891911764705882
4.384926470588234
3.2233088235294116
3.7652941176470582
0.012941176470588237
0.0
2.429044117647059
2.1613970588235287
6.106985294117647
3.1360294117647065
0.0
2.2594852941176473
24.836323529411768
3.887720588235294
0.0
0.0
0.0
0.0
0.03985294117647059
0.35794117647058826
0.5272058823529413
0.027573529411764705
0.33852941176470586
0.8430882352941176
0.3785294117647059
6.2747794117647056
1.9536029411764706
0.0
0.0
0.04919117647058823
0.08183823529411764
0.0
0.0
0.0
0.0
0.0
0.008529411764705883
0.0
0.40338235294117647
2.374632352941177
0.37117647058823533
1.6481617647058824
0.0
0.008088235294117648
12.574558823529411
4.998161764705882
4.140441176470589
1.267279411764706
0.04610294117647058
4.645882352941176
0.05779411764705883
3.7924264705882353
2.5443382352941173
0.003823529411764706
0.01088235294117647
2.320294117647059
1.0150000000000001
0.4127941176470588
1.2825735294117648
5.015735294117648
3.787941176470588
2.4244117647058827
6.6328676470588235
0.7811029411764706
0.024926470588235296
0.29963235294117646
9.029044117647059
0.21985294117647058
0.004338235294117648
0.1036764705882353
0.0
0.0
0.0
0.0
0.0
0.0
0.0
0.0
1.3491176470588235
0.029044117647058824
0.0
0.0
0.0
0.0
5.696544117647059
10.794926470588235
0.6746323529411765
7.950661764705882
7.416249999999999
0.1798529411764706
0.36816176470588236
5.332352941176471
0.0
0.0
0.03176470588235294
0.08294117647058823
0.00786764705882353
2.1346323529411766
0.04455882352941176
1.0956617647058824
6.843823529411765
2.7761764705882355
2.8600000000000003
0.11720588235294119
7.352941176470589e-05
0.007794117647058824
2.5677205882352943
0.9308088235294117
0.36683823529411763
0.3366176470588235
0.0
1.3298529411764708
8.175294117647057
0.44066176470588236
3.6616911764705886
0.04867647058823529
0.0
0.6216176470588236
0.873529411764706
0.27257352941176466
1.8751470588235293
0.2572058823529412
0.09470588235294117
0.0
0.1799264705882353
0.0
0.0
0.2772058823529412
0.0
0.00029411764705882356
3.378088235294118
0.6999264705882353
0.0
0.0
0.0
0.0
0.0
0.0
0.0
0.0
0.0
0.0
0.0
0.07080882352941177
0.0
0.030955882352941177
10.58764705882353
0.5406617647058823
0.6230147058823529
0.058676470588235295
0.008602941176470588
4.498382352941176
0.0
0.0
0.0
3.625294117647059
0.05661764705882352
0.0
0.0005882352941176471
0.0
5.705808823529412
22.721102941176472
51.24088235294118
5.062720588235294
2.1500735294117646
2.882132352941176
8.692867647058824
7.630147058823528
12.629779411764707
10.127500000000001
0.4735294117647059
0.15632352941176472
2.304779411764706
0.23830882352941174
0.03595588235294118
0.004264705882352941
0.03397058823529412
0.0
8.23985294117647
1.0053676470588238
0.007647058823529412
0.06161764705882352
0.2039705882352941
0.031617647058823535
0.0011029411764705884
0.0
0.0
7.352941176470589e-05
0.010588235294117647
0.01
0.08727941176470588
0.00029411764705882356
0.008897058823529412
0.09088235294117647
0.3241176470588235
0.03676470588235294
0.12352941176470589
0.1213970588235294
8.085661764705883
3.414338235294118
4.340441176470589
0.37183823529411764
6.874338235294117
7.790220588235294
7.316985294117647
1.8571323529411767
0.09955882352941176
0.09838235294117646
5.619558823529411
0.18691176470588233
1.6191911764705882
0.4305147058823529
0.00029411764705882356
3.320367647058824
0.008676470588235296
0.0
0.0
0.0
0.008897058823529412
0.010147058823529412
0.1011764705882353
1.308970588235294
3.1547058823529412
9.074705882352943
2.2886029411764706
9.033088235294118
7.482720588235295
1.7836029411764704
10.550367647058822
0.3753676470588236
2.724411764705882
20.604852941176468
3.1502941176470585
1.7043382352941177
0.46948529411764706
7.17610294117647
13.390220588235294
4.858676470588235
2.2586029411764703
1.491470588235294
1.194264705882353
0.29470588235294115
1.4605147058823529
5.969411764705883
1.5822794117647059
0.0
0.0
0.0
0.7691911764705881
0.9420588235294118
10.464705882352941
8.672647058823529
6.011911764705881
3.534117647058824
1.3167647058823528
1.5224264705882353
2.614117647058823
0.64375
0.11830882352941176
0.0025
2.2625735294117644
7.031029411764706
6.327647058823529
2.5723529411764705
0.5054411764705883
3.25485294117647
2.5504411764705885
1.0536764705882353
0.3453676470588235
0.021911764705882353
0.0011029411764705884
0.05198529411764706
1.0133823529411765
0.6416911764705882
1.530735294117647
7.099926470588236
1.9016176470588235
7.7875
7.843897058823529
11.419632352941177
1.527205882352941
2.509264705882353
0.37073529411764705
5.668235294117648
4.749411764705883
1.087058823529412
0.26897058823529413
0.15183823529411763
0.12867647058823528
0.30735294117647055
0.8841176470588236
0.001911764705882353
0.0
0.0
0.0
0.03970588235294118
0.0
0.12154411764705883
0.5326470588235294
0.0
0.0
0.0
0.0
2.3883088235294117
3.8750735294117646
6.187573529411765
2.1829411764705884
3.0107352941176475
0.04073529411764705
0.010220588235294118
0.0
0.0
0.04058823529411765
0.0524264705882353
0.006397058823529413
0.0
0.0
0.02095588235294118
7.352941176470589e-05
0.5016911764705883
2.7955147058823524
1.9890441176470588
0.0413235294117647
2.7924264705882353
3.728970588235294
4.782573529411765
1.7334558823529411
5.0687500000000005
11.878529411764706
6.7021323529411765
5.890588235294119
4.701029411764705
3.4881617647058825
3.1990441176470585
3.6254411764705883
0.3201470588235294
2.914044117647059
2.94125
7.083161764705882
14.193970588235295
0.10477941176470587
0.8602941176470589
7.341764705882353
5.879191176470588
6.528823529411765
17.26036764705882
0.7048529411764706
6.444044117647059
4.311691176470588
8.219485294117646
1.5711029411764708
3.047279411764706
1.4526470588235294
0.0
0.0
0.15948529411764703
13.452573529411765
0.008308823529411766
0.14838235294117647
0.014632352941176471
8.373235294117649
0.06558823529411764
2.0027941176470594
2.6744117647058823
1.1016176470588237
1.3215441176470588
1.1068382352941175
2.039044117647059
2.7986764705882354
6.016102941176471
1.536029411764706
2.2356617647058825
0.02316176470588235
0.004779411764705884
6.855073529411765
1.1365441176470588
0.5747058823529412
1.7683823529411764
1.4013235294117645
2.632279411764706
2.7977205882352942
3.9238970588235293
1.9902205882352941
0.14588235294117644
0.49426470588235294
0.009191176470588236
2.745294117647059
0.0
0.8852941176470589
1.0131617647058824
29.126544117647057
7.709264705882354
20.814044117647057
3.5111029411764707
6.807499999999999
3.6627205882352944
2.7070588235294117
0.19676470588235292
0.0
4.802426470588236
0.20720588235294118
0.0
0.008970588235294117
0.056911764705882356
0.023676470588235292
0.039999999999999994
0.12742647058823528
0.48624999999999996
0.0
0.0
0.00411764705882353
0.3436764705882353
0.511985294117647
0.40566176470588233
0.12014705882352941
0.0
0.0008088235294117648
0.0
0.0
5.678455882352941
0.0007352941176470588
0.0
0.0
8.135000000000002
0.9916176470588234
1.9269117647058824
0.009779411764705884
0.17808823529411763
2.0833088235294115
1.8773529411764707
0.02375
0.0
0.0
0.05588235294117647
0.3230147058823529
0.29602941176470593
4.59639705882353
0.0
0.0
0.0
0.0
0.0
0.0
0.006029411764705883
8.160882352941176
0.333014705882353
13.273088235294116
10.463382352941176
0.0
0.0
0.0
0.03345588235294118
0.058750000000000004
0.0
0.0
0.12073529411764707
0.027573529411764705
0.0
0.0
0.0
3.6400735294117648
1.8570588235294119
1.4463235294117647
5.959411764705883
18.592426470588233
8.386176470588236
0.015294117647058824
0.02448529411764706
0.001764705882352941
0.00044117647058823526
1.0675735294117648
0.0
0.010588235294117647
0.0
0.0
0.1733088235294118
0.9991176470588234
0.0
0.0
0.0
2.7893382352941174
3.38125
1.3225735294117646
0.0017647058823529412
0.0
0.0
0.0
0.0
0.0
0.0
0.0
1.2081617647058824
0.4475
4.782794117647059
0.04485294117647059
0.0
0.0
0.0
1.0033088235294116
10.64875
16.40514705882353
2.7428676470588234
2.5255147058823533
4.455808823529412
5.645220588235294
15.437941176470588
3.012941176470588
0.865
0.043382352941176476
7.332720588235294
0.22463235294117648
5.105220588235294
0.036397058823529414
0.00014705882352941178
1.6319117647058823
0.0
0.0
0.0
0.0
0.007647058823529412
0.0
0.12022058823529413
5.023235294117647
0.05632352941176471
0.0
0.0
0.0
0.7429411764705882
10.109264705882353
2.03610294117647
2.533602941176471
1.710220588235294
0.05536764705882352
0.09132352941176472
3.610147058823529
2.2454411764705884
11.026691176470587
0.5063235294117647
2.195
2.978970588235294
0.0011029411764705884
0.0
0.0
0.0
0.0
0.02808823529411765
0.014558823529411765
0.0
1.57625
0.5913235294117646
0.011911764705882354
0.7662500000000001
0.07014705882352941
0.010367647058823528
0.00014705882352941178
0.00029411764705882356
0.02683823529411765
0.008382352941176471
0.0011764705882352942
0.0036029411764705883
0.015367647058823528
0.008970588235294119
0.0
0.0
0.0
0.03213235294117647
0.8077941176470588
0.18088235294117647
0.2440441176470588
0.33448529411764705
0.13544117647058823
0.28191176470588236
0.4897794117647058
0.0
0.0
1.5914705882352942
14.281691176470588
23.939485294117645
14.244485294117647
4.423897058823529
2.2716176470588234
2.424191176470589
0.12904411764705884
0.0
0.0
0.003161764705882353
0.47580882352941184
4.090367647058823
1.2866176470588235
1.0752205882352943
2.15625
2.172794117647059
0.8562500000000001
0.0
0.007794117647058824
0.0
0.0
0.0
0.10102941176470588
3.437279411764706
1.087794117647059
0.9001470588235294
0.19794117647058826
3.324705882352941
0.5974264705882353
2.6932352941176467
11.007867647058823
8.26264705882353
0.025073529411764706
0.07080882352941176
0.0055147058823529415
0.03779411764705882
0.0
2.092941176470588
12.029191176470587
9.715367647058823
4.713970588235293
2.854264705882353
0.31058823529411766
2.575808823529412
4.613161764705883
1.1889705882352941
0.3849264705882353
1.009264705882353
1.3483088235294118
12.839485294117647
26.31125
3.9972794117647057
21.954264705882355
4.582867647058824
1.0808088235294118
0.06492647058823528
0.611764705882353
0.05235294117647058
5.546029411764706
6.117720588235294
7.337941176470588
0.16058823529411764
1.1135294117647059
0.5403676470588236
1.1511029411764706
4.338676470588235
2.645
7.786250000000001
4.83375
2.0280147058823528
10.48639705882353
1.7386764705882356
5.034411764705883
46.71360294117647
2.7522058823529414
9.29308823529412
1.2651470588235294
1.3915441176470589
1.0479411764705884
0.024999999999999994
0.0
0.0017647058823529412
0.0
0.0
0.0
0.0
0.0
0.0008823529411764705
1.4669117647058822
1.1831617647058825
0.0
0.0027941176470588237
0.703529411764706
0.9643382352941177
2.4602205882352943
0.015441176470588236
0.0
0.0
5.073308823529412
0.3116911764705882
0.0
0.06610294117647057
0.015
0.23602941176470585
0.5829411764705883
0.09441176470588235
0.0
0.0
0.021544117647058825
0.009117647058823529
0.0
0.0
0.0
0.0
0.0
0.0
0.0
0.0
0.0
0.006544117647058824
1.8846323529411766
1.7206617647058824
1.6641176470588235
8.755808823529412
5.742647058823529
1.823014705882353
0.2909558823529412
4.121176470588235
11.834338235294117
8.653235294117648
1.7599264705882351
2.748529411764706
0.8659558823529413
0.996764705882353
0.08397058823529412
0.2200735294117647
0.7422794117647059
7.352941176470589e-05
0.0034558823529411767
2.636911764705882
0.0
0.0
0.002573529411764706
2.660441176470588
0.0
0.0
0.0
0.0
0.0
0.0
0.0
0.0
0.0
0.0
0.0
0.004117647058823529
0.0005147058823529411
1.1624264705882354
0.42985294117647055
0.14698529411764705
0.9089705882352942
0.033823529411764704
1.613014705882353
0.05919117647058824
0.08419117647058823
0.21941176470588236
0.0
0.2350735294117647
1.741176470588235
3.191323529411765
2.441029411764706
7.308970588235295
0.06426470588235293
4.143750000000001
0.6307352941176471
0.03691176470588235
16.288161764705883
3.6468382352941178
33.78169117647059
0.8794117647058824
16.56808823529412
9.743676470588234
8.795808823529413
3.827794117647059
18.55955882352941
14.585882352941177
13.791250000000002
7.022720588235295
0.21066176470588235
1.3034558823529412
0.8775000000000001
0.007205882352941177
0.416764705882353
10.092867647058824
11.079117647058823
0.215
27.95860294117647
0.03470588235294118
0.8805147058823529
0.0
0.0
0.012867647058823527
3.6380882352941177
0.09323529411764704
0.0017647058823529412
0.006691176470588236
0.0
0.0
0.4394117647058824
5.25625
4.568529411764706
0.026102941176470586
0.07058823529411765
4.861617647058824
0.0008823529411764706
0.35838235294117643
2.9302205882352945
0.9768382352941178
2.6426470588235293
1.0266911764705882
8.71375
3.015
0.3943382352941176
0.008308823529411766
0.0
0.0
0.0
0.0
0.0
4.700073529411765
0.3260294117647059
3.3991911764705884
23.084558823529413
18.542132352941174
6.708455882352942
0.17558823529411763
2.8580882352941175
0.5541911764705882
0.00014705882352941178
0.0
0.0
0.0
0.0
0.005735294117647059
1.7971323529411762
4.670441176470589
2.2741911764705884
0.03713235294117648
1.4383088235294117
10.651617647058822
3.0463235294117648
0.41625
0.125
3.7243382352941174
0.7969852941176471
0.6308823529411764
0.029926470588235297
0.03139705882352941
0.6206617647058823
6.2575
9.438455882352942
0.35801470588235296
0.006985294117647058
0.0014705882352941176
0.001764705882352941
0.007647058823529412
0.05345588235294117
0.0
0.0
0.0
0.0
0.0
0.0
0.8107352941176471
33.78933823529412
0.46095588235294116
0.0
0.0
0.0
0.0
0.0
0.008602941176470588
0.0
0.0
9.509852941176472
0.7798529411764706
10.749117647058823
8.441323529411765
15.186617647058824
21.72536764705882
6.2437499999999995
12.589485294117647
2.317205882352941
0.576764705882353
4.961764705882352
3.067352941176471
0.07889705882352942
0.3509558823529412
0.010220588235294117
2.1631617647058823
0.16588235294117645
3.450220588235294
3.4798529411764707
4.715955882352941
3.3067647058823533
4.343235294117647
3.5391911764705877
0.0003676470588235294
0.029558823529411762
2.060955882352941
1.0661029411764706
5.825367647058823
0.8858088235294117
1.5866911764705884
7.1450000000000005
1.887794117647059
1.4204411764705882
0.54375
2.135073529411765
3.033014705882353
0.9623529411764705
0.038308823529411756
0.01735294117647059
0.003235294117647059
0.03727941176470589
0.0
0.0
0.0
7.495441176470588
1.5226470588235292
4.458088235294118
0.09999999999999999
4.665294117647059
3.38375
0.14977941176470586
6.534852941176471
6.25985294117647
0.2515441176470588
0.0
0.006544117647058824
0.004485294117647059
0.0029411764705882353
0.00661764705882353
0.01338235294117647
0.02514705882352941
0.0
0.0
0.0
0.0
0.0
0.0
0.0
0.007352941176470588
0.0
0.0
0.0
0.09132352941176469
3.494044117647059
2.009264705882353
0.10235294117647058
0.028602941176470588
0.4469852941176471
7.306764705882352
38.058749999999996
20.968970588235294
13.689264705882353
2.6587500000000004
0.13301470588235292
0.025220588235294123
0.013676470588235293
0.0
0.0
0.0
0.03
0.00786764705882353
0.0058823529411764705
0.058529411764705885
0.028823529411764706
0.005073529411764706
0.08080882352941175
1.3459558823529412
0.08816176470588234
0.0
0.0
0.0027941176470588237
6.451691176470589
0.031838235294117646
6.852058823529411
4.993308823529412
8.293823529411766
2.2122058823529414
6.773382352941176
2.1305882352941174
0.006691176470588236
0.004852941176470588
0.0
0.9573529411764707
0.051838235294117636
0.0
0.012352941176470587
0.11198529411764706
0.024705882352941175
2.0832352941176473
12.186985294117646
2.0592647058823528
2.8601470588235296
1.2604411764705883
0.8027941176470589
0.7286029411764706
0.38455882352941173
1.084485294117647
1.11625
0.285
2.3565441176470587
1.9480882352941176
0.1446323529411765
0.03147058823529412
0.016176470588235292
0.0
0.0
0.0008823529411764706
2.695
1.6107352941176472
2.346544117647059
3.017352941176471
0.3910294117647059
2.3430882352941174
5.355294117647059
5.127867647058824
0.04308823529411765
0.025
2.9626470588235296
1.35625
4.2634558823529405
4.487867647058824
0.21044117647058824
0.0
0.0
0.0
0.13227941176470587
0.0
10.640073529411765
4.958750000000001
0.012941176470588234
0.0
0.0
0.0
0.03558823529411764
0.003676470588235294
0.0
0.011249999999999998
0.0
0.0008823529411764706
0.0072058823529411765
0.11860294117647058
0.05360294117647059
0.33639705882352944
0.0
0.0
0.0
0.0
0.0
1.3241911764705883
1.0473529411764706
0.004779411764705883
0.0
0.6291176470588236
0.0
0.0
0.006470588235294119
0.0
0.0008823529411764706
0.0030882352941176473
0.0
0.0
2.3724264705882354
3.925367647058824
3.0358823529411763
2.863970588235294
4.9282352941176475
0.4449264705882353
0.017058823529411765
0.0
0.001985294117647059
0.2688970588235295
1.6939705882352942
0.42933823529411763
10.768308823529411
7.809264705882354
3.1211029411764706
1.7348529411764706
2.1186764705882353
4.386544117647059
2.5972794117647062
0.3066176470588235
0.0
0.0
5.696470588235294
3.0916911764705883
3.155735294117647
0.14242647058823527
1.2083823529411764
1.3461764705882353
4.57985294117647
8.60044117647059
5.844705882352941
4.601911764705882
2.000514705882353
0.8446323529411764
0.0
0.0
0.0
0.0
0.0
0.0
0.18602941176470586
0.011764705882352941
0.7895588235294119
1.6000735294117645
9.095220588235295
2.3839705882352944
0.8937499999999999
1.194485294117647
2.3072794117647057
3.787279411764706
0.6394852941176471
0.6781617647058824
0.0
0.0
0.07220588235294118
1.8603676470588235
7.928823529411765
0.32242647058823526
4.163161764705883
0.04051470588235294
0.029485294117647057
0.0
2.1700735294117646
0.14308823529411765
0.0
0.0
6.573897058823529
4.579558823529411
31.252279411764707
9.272132352941176
4.2387500000000005
0.0
0.0
0.03022058823529412
3.708382352941176
11.005514705882353
8.207499999999998
0.0
0.0
0.0
0.0
0.0
0.0005147058823529412
9.481102941176472
2.2830882352941178
4.319705882352942
3.182058823529412
10.897132352941176
3.868308823529411
4.569191176470588
6.971764705882354
2.418014705882353
1.077794117647059
0.16058823529411761
0.07786764705882353
0.11544117647058823
0.0021323529411764706
5.174191176470589
18.540073529411764
2.018529411764706
2.6874264705882354
0.39448529411764705
7.553823529411765
4.420514705882353
11.521176470588236
4.2556617647058825
4.508970588235294
0.7034558823529412
0.0
17.493529411764705
0.0
0.0
0.0
0.0
6.325808823529412
0.004999999999999999
0.7681617647058824
5.14
0.3988235294117647
0.06110294117647058
0.0
0.0
0.10102941176470588
0.0
0.01338235294117647
0.0
13.2225
1.8267647058823528
3.264117647058823
4.076470588235294
2.7053676470588237
0.0015441176470588236
0.0
0.0
6.795000000000001
0.0
18.078088235294118
8.59654411764706
0.8088235294117646
5.418014705882353
15.228529411764706
0.013676470588235293
2.1502205882352943
0.15985294117647061
1.7748529411764706
3.6346323529411766
0.33661764705882347
0.15999999999999998
0.20669117647058824
3.871029411764706
0.05536764705882353
4.955588235294117
0.7823529411764706
0.47095588235294117
0.8447058823529412
4.66235294117647
2.8238970588235297
0.046911764705882354
6.974558823529412
0.001838235294117647
0.0034558823529411767
9.144264705882353
0.04286764705882354
6.399558823529412
0.1225
0.07272058823529412
0.18529411764705883
0.0
0.0
0.0
0.039044117647058826
1.1151470588235295
0.2299264705882353
21.790367647058826
4.69375
3.151544117647059
0.9086029411764707
3.007941176470588
6.57110294117647
0.4742647058823529
0.0
0.004338235294117647
0.0024999999999999996
0.6970588235294117
0.08794117647058823
4.0560294117647056
0.14911764705882352
4.20639705882353
0.00926470588235294
0.0
0.0
0.0
2.1583823529411763
0.06933823529411766
0.0
0.0
0.0
0.0
0.0
0.0
0.0
0.0005147058823529412
3.828823529411765
0.02441176470588235
2.7500735294117646
2.261544117647059
0.6947794117647059
1.8009558823529412
3.4049999999999994
2.844044117647059
0.20139705882352943
0.16801470588235295
0.0
0.0
0.5159558823529411
0.386764705882353
0.22933823529411765
0.13801470588235293
0.45183823529411765
0.04470588235294118
0.0003676470588235294
0.0
0.0
0.0
0.0
0.0
0.0
0.0
0.0
0.0
0.0
0.0
2.229411764705883
2.0630147058823525
0.01661764705882353
1.5682352941176472
15.014191176470588
1.9840441176470591
2.329044117647059
2.0331617647058824
21.970294117647057
4.339411764705882
0.20801470588235293
0.006029411764705883
0.0
0.004338235294117648
0.0
0.0
0.0
0.9475735294117648
0.1565441176470588
1.467941176470588
7.590514705882352
0.37301470588235297
0.1925735294117647
0.03507352941176471
0.028529411764705883
0.11125
5.698235294117646
1.57125
4.558088235294117
8.943529411764706
0.19191176470588237
0.13713235294117646
0.28977941176470584
0.14676470588235294
3.7626470588235295
2.5430882352941175
4.485514705882353
1.1608088235294118
2.7586029411764703
0.08124999999999999
0.03139705882352942
0.11080882352941178
3.2675
1.0724264705882351
1.3661029411764707
0.9114705882352941
2.8011029411764703
4.955661764705883
1.8925735294117647
2.729044117647059
0.0
0.0
0.012941176470588235
1.0266176470588235
2.898970588235294
8.539411764705884
7.272132352941177
4.809411764705882
0.4741176470588235
0.0
0.0
1.6003676470588235
2.1475735294117646
5.832647058823531
1.5754411764705882
0.6294852941176471
2.9178676470588236
0.01801470588235294
0.0
0.0013970588235294118
5.00875
3.380441176470588
3.9202941176470594
9.103308823529414
8.024999999999999
2.38625
2.022205882352941
2.515073529411765
16.766764705882352
13.365588235294117
0.3633088235294118
8.594117647058825
10.467647058823529
9.5325
4.604632352941176
4.276176470588235
0.14080882352941176
0.5124264705882353
0.5779411764705882
0.0
0.0
0.0008823529411764706
0.002647058823529412
1.7291911764705883
0.0029411764705882353
0.0425735294117647
0.30257352941176474
0.5829411764705883
0.23926470588235293
1.4598529411764707
7.448823529411764
0.14419117647058824
0.0016911764705882352
0.0
0.0
0.006029411764705883
0.0
0.013970588235294117
0.008602941176470588
0.47433823529411767
0.5121323529411764
0.2686764705882353
0.01772058823529412
0.2222794117647059
0.0
0.023161764705882354
0.0
0.0
0.0
0.0
0.0
0.0
0.0033823529411764713
12.153897058823528
4.854264705882353
10.41264705882353
0.058970588235294115
3.217720588235294
0.13948529411764704
0.011249999999999998
0.015073529411764708
0.0
0.02441176470588235
0.01926470588235294
0.021838235294117644
0.0
0.0
0.0
0.013088235294117647
8.690000000000001
2.0706617647058825
1.9396323529411763
10.602132352941176
24.226691176470588
1.1941176470588235
1.1504411764705882
0.7448529411764707
0.8541911764705883
4.959338235294118
28.980514705882353
25.631176470588237
0.38713235294117654
2.1646323529411764
7.446323529411765
2.316470588235294
0.8221323529411765
7.352941176470589e-05
0.0
0.011323529411764706
1.7302205882352941
4.951985294117647
0.35389705882352945
0.03360294117647059
0.00125
2.6111029411764703
0.02088235294117647
6.5470588235294125
2.5702205882352938
4.8643382352941185
2.656544117647059
2.55375
4.991323529411765
3.109779411764706
0.46007352941176477
0.9068382352941178
0.21419117647058825
5.213161764705882
0.00022058823529411763
0.0
0.0
0.0
0.0
0.0
0.6038235294117648
0.14580882352941174
0.11772058823529413
11.265367647058824
1.1715441176470587
1.4530882352941177
1.8808823529411764
5.2437499999999995
0.036838235294117644
0.0
9.053823529411764
2.781911764705882
1.2919117647058822
0.14860294117647058
0.04779411764705882
4.951985294117647
0.6975735294117648
0.007352941176470588
0.4641176470588236
0.0
4.5475
2.910294117647059
0.0
0.0022058823529411764
3.6366911764705883
0.9166176470588235
3.694191176470588
4.234044117647058
0.18808823529411764
1.929044117647059
4.896029411764705
21.095882352941175
6.183602941176471
3.9186764705882355
18.643823529411765
6.969779411764706
0.5809558823529413
0.02625
0.17463235294117646
1.7663235294117645
0.042499999999999996
0.014705882352941176
0.0
0.0
1.7092647058823527
18.204191176470587
1.356544117647059
0.006838235294117648
0.0
0.0
0.49698529411764697
0.4742647058823529
0.02514705882352941
0.0
0.0
0.0
0.0
0.0
0.0
0.0
0.0
0.00926470588235294
0.07897058823529411
4.9802205882352935
6.2108823529411765
10.172573529411764
4.074485294117646
5.289264705882353
0.5772794117647059
0.061838235294117645
0.0
0.0
0.0
0.0
0.0
15.651250000000001
0.12352941176470589
0.0
0.0016911764705882357
0.00411764705882353
11.242132352941175
6.21875
1.7574264705882352
0.984264705882353
7.0275735294117645
0.013308823529411765
0.0
0.0
0.0
0.9427205882352939
0.0
0.0
0.0
1.1183823529411765
0.0
0.0
0.0
0.0
0.0
3.5537499999999995
1.1395588235294116
11.92705882352941
0.1286029411764706
0.02198529411764706
1.6383088235294119
0.002058823529411765
1.5756617647058826
3.5000735294117646
8.468455882352941
1.4146323529411764
0.22220588235294117
2.412352941176471
3.5370588235294114
6.237867647058823
0.7802205882352942
3.5469117647058823
0.5819852941176471
0.18808823529411764
0.5863235294117648
1.878235294117647
1.2013235294117646
0.6364705882352941
0.2666176470588235
10.944485294117646
0.030808823529411767
0.0
4.276764705882352
0.1425735294117647
0.013897058823529412
0.0
0.0
0.0
16.258750000000003
3.6980882352941173
0.07882352941176471
7.511029411764706
17.03058823529412
7.560588235294118
0.3574264705882353
0.013308823529411765
0.0
0.0
0.0
0.0
0.0
0.0
0.0
0.02198529411764706
0.0
0.0
0.0
0.0
0.0
0.0
0.0
0.0
0.0
1.6104411764705884
0.007794117647058824
0.0
0.0
0.0
0.0
0.0
0.0
0.0
0.051323529411764705
0.011911764705882353
0.5147794117647059
4.8927941176470595
24.98125
28.271176470588234
32.362647058823526
6.358161764705883
0.5615441176470588
7.469485294117646
0.3788235294117647
0.02375
2.4447058823529413
2.5315441176470586
1.005294117647059
2.903455882352941
9.55625
0.16676470588235293
0.039117647058823535
0.32830882352941176
1.4495588235294117
0.6459558823529411
0.055735294117647056
0.309485294117647
0.01875
0.023455882352941177
0.0
0.010147058823529412
0.012205882352941174
0.23691176470588235
0.2663235294117647
0.927279411764706
1.9511029411764707
2.1106617647058825
4.543749999999999
3.643382352941177
2.476176470588235
5.491838235294118
0.44566176470588237
0.8491911764705883
0.09838235294117648
1.4833823529411765
0.0022794117647058822
0.0
0.0
0.0
0.6163970588235294
0.39235294117647057
0.014044117647058825
0.029852941176470593
0.2499264705882353
8.741176470588234
0.7939705882352941
0.016838235294117647
0.05073529411764706
0.0005882352941176471
0.0
0.003676470588235294
1.7580882352941178
0.29955882352941177
9.625
0.5188970588235293
8.56014705882353
12.256764705882354
2.477426470588235
6.63125
4.375
1.2711764705882354
2.2104411764705882
0.5272058823529411
3.400294117647059
1.8702941176470589
2.6625735294117643
5.253750000000001
9.330588235294117
14.933088235294118
10.715514705882352
19.792499999999997
2.179044117647059
0.8292647058823529
6.451544117647058
6.508823529411765
5.557573529411765
0.19367647058823526
1.5006617647058822
0.4710294117647058
1.3278676470588235
0.5519117647058823
0.5661764705882353
0.12183823529411765
2.0073529411764706
7.083823529411766
0.06794117647058824
0.0
0.009779411764705884
0.018235294117647058
0.01919117647058824
0.007132352941176471
0.5029411764705882
1.8644117647058824
0.12823529411764703
0.4821323529411765
3.695
0.41125000000000006
1.6036764705882354
0.03404411764705883
0.0
0.0
0.0
0.0
0.0065441176470588235
0.0125
0.10470588235294118
4.252352941176471
0.35455882352941176
2.864117647058823
2.7136764705882355
3.5258823529411765
0.26735294117647057
3.6408823529411762
1.1260294117647058
0.7744117647058824
2.2293382352941182
1.145808823529412
1.7985294117647062
2.414264705882353
0.4099264705882353
4.559338235294117
0.6175735294117647
0.6302205882352941
0.08213235294117648
0.0
0.0
3.6203676470588237
9.495
7.273676470588235
10.436470588235295
19.74139705882353
0.0
0.001911764705882353
0.0
0.0
0.0
0.0
0.0
0.0
0.0
0.0
0.0
0.0
1.2802941176470588
1.2081617647058824
6.276176470588235
4.554779411764706
5.490367647058824
0.4530882352941176
2.8755882352941176
2.4028676470588235
15.296764705882351
7.120661764705883
7.128382352941177
0.12323529411764707
4.42014705882353
3.6711764705882355
0.3356617647058824
0.2498529411764706
0.0027205882352941174
1.3071323529411762
0.054852941176470583
0.0
0.21389705882352944
0.018970588235294118
2.7469117647058825
0.07433823529411765
0.06919117647058824
0.2261029411764706
1.611911764705882
5.332426470588235
8.200441176470589
0.03595588235294118
0.0025
0.0
0.08610294117647059
0.0
0.1527205882352941
2.2058823529411766
2.5786764705882352
0.3978676470588236
0.0
0.0
0.0
0.018308823529411766
0.0
0.0
0.0
0.0
0.2570588235294118
0.012279411764705882
0.17360294117647057
16.747867647058825
2.354338235294118
0.3135294117647059
0.07875
0.0
0.0
0.0
4.534411764705883
0.059705882352941185
22.404485294117645
0.8119117647058822
11.073308823529413
2.528161764705882
0.8206617647058824
0.02345588235294118
0.12198529411764705
0.01625
3.369485294117647
11.185441176470588
7.485514705882354
0.11411764705882353
0.024117647058823532
0.0
0.0
6.5375000000000005
0.14463235294117646
3.4152205882352944
4.01360294117647
11.746323529411764
0.8703676470588235
5.166029411764706
6.564558823529412
2.141985294117647
1.2557352941176472
4.805882352941176
4.317867647058824
0.0974264705882353
0.07176470588235294
0.25316176470588236
2.0983088235294116
2.9191176470588234
12.978382352941177
2.5750735294117644
19.92529411764706
0.7865441176470588
6.636544117647059
3.253382352941177
4.2025
1.9641911764705882
0.018823529411764704
10.180147058823529
2.9053676470588234
15.702205882352942
0.7931617647058824
0.19999999999999998
0.4555882352941176
0.5150735294117647
0.0
0.011397058823529413
0.0
0.0005147058823529411
0.8769117647058823
0.0
0.0
0.0
4.956029411764706
15.343308823529412
0.0
0.0
0.0011764705882352944
0.00411764705882353
0.0
0.0
0.01727941176470588
14.508088235294117
3.945514705882353
9.741911764705883
0.5640441176470589
6.307867647058823
3.9577941176470586
3.974999999999999
0.05330882352941176
0.13066176470588237
1.2113235294117648
0.2672794117647059
10.168161764705882
1.0950735294117648
7.205661764705883
24.71279411764706
1.5379411764705881
4.557279411764705
1.6279411764705882
10.58845588235294
2.8036029411764707
3.2631617647058824
0.1886029411764706
0.2977941176470588
0.04330882352941177
4.557573529411764
0.1873529411764706
0.00014705882352941178
0.04794117647058824
0.8327941176470589
0.19441176470588234
0.039044117647058826
0.028676470588235296
0.10036764705882352
9.053676470588234
0.013749999999999998
0.0
0.0
1.2043382352941177
8.628970588235294
0.5241176470588236
1.3142647058823531
1.378455882352941
4.425367647058823
1.4311764705882355
1.418235294117647
0.0
0.0
2.2658088235294116
0.0
0.0
4.662573529411765
0.6376470588235295
1.5123529411764705
29.526544117647056
0.0
0.008749999999999999
2.0652205882352943
0.5839705882352941
0.0
0.0961764705882353
2.8793382352941173
0.0015441176470588236
0.0010294117647058824
0.07014705882352942
7.659338235294118
0.008161764705882354
0.01926470588235294
0.0
11.102132352941178
11.662058823529412
7.034852941176471
0.025441176470588234
0.0003676470588235294
0.08492647058823527
0.005735294117647059
0.09264705882352942
0.0
0.0
0.0
0.0
0.0009558823529411765
7.352941176470589e-05
3.269338235294118
3.4992647058823527
2.930073529411765
0.0
0.0
3.543161764705882
5.925735294117647
6.275441176470588
8.421691176470588
6.799632352941176
1.6936764705882352
0.1502941176470588
0.008455882352941178
0.0005882352941176471
0.009485294117647059
18.23639705882353
9.544558823529412
4.467720588235294
1.9733088235294118
0.051544117647058824
0.0
0.0
0.2135294117647059
0.3524264705882353
0.0003676470588235294
0.0911029411764706
2.7664705882352942
1.4755882352941176
0.00911764705882353
0.01764705882352941
0.05029411764705882
0.00875
0.0
0.007573529411764706
0.0008823529411764706
2.628529411764706
1.9327941176470589
10.749044117647058
12.891397058823529
2.0624264705882354
4.215735294117647
3.3324264705882354
1.5823529411764705
0.43933823529411764
9.18279411764706
7.733235294117647
5.182058823529411
3.8302941176470586
0.048014705882352945
0.07911764705882353
7.894191176470589
0.019338235294117646
0.009338235294117647
0.002205882352941177
0.0
0.0
0.0
0.0
0.0
0.0
0.0
0.0
0.21036764705882352
0.0
0.0
1.1473529411764705
0.3577205882352942
0.009117647058823529
0.0
0.11066176470588236
1.4696323529411766
8.358235294117648
20.871102941176474
16.72404411764706
6.716764705882353
1.8369117647058824
0.4675
0.14161764705882351
0.0
0.0048529411764705885
0.31323529411764706
0.5458088235294118
0.008676470588235296
0.030220588235294114
1.3627941176470588
0.10301470588235295
0.45507352941176477
5.57360294117647
8.904558823529412
4.844191176470588
6.171544117647059
2.654485294117647
3.0477205882352942
5.487867647058823
0.115
0.10941176470588236
2.145514705882353
2.431985294117647
0.002205882352941177
0.002205882352941177
0.007058823529411765
2.724558823529412
2.2751470588235296
1.298529411764706
0.038014705882352944
0.0022794117647058822
0.023382352941176476
0.2011764705882353
6.4310294117647056
3.0136029411764707
14.331029411764705
4.0325
4.153088235294117
1.2931617647058824
2.421764705882353
3.0708088235294118
1.86625
0.9126470588235295
10.443970588235295
10.47080882352941
2.042720588235294
4.605367647058823
7.729264705882353
3.973602941176471
5.611838235294118
4.684264705882352
8.537573529411766
6.047573529411765
2.8320588235294117
8.972573529411765
0.025808823529411763
0.0
0.0
0.18588235294117647
1.8764705882352943
1.2381617647058822
4.390661764705881
0.6141176470588237
0.02448529411764706
0.08477941176470588
5.04610294117647
2.1476470588235297
6.081838235294119
1.8178676470588238
1.1223529411764706
3.325
5.153529411764706
2.163088235294117
0.5397058823529413
0.9258088235294116
2.177279411764706
0.2497058823529412
9.678235294117645
2.002794117647059
0.5966911764705882
0.30382352941176466
3.245073529411765
6.614779411764705
5.0275
14.879632352941176
3.603235294117647
11.931029411764705
5.006764705882354
0.3776470588235294
0.034779411764705885
0.10272058823529412
8.774117647058823
4.338529411764706
0.08477941176470588
4.254338235294117
2.9850000000000003
17.149632352941175
12.721029411764706
3.929852941176471
2.184485294117647
1.156764705882353
0.10301470588235292
24.663676470588236
2.7561764705882354
0.058750000000000004
0.0
0.0
0.22264705882352942
0.0
1.73625
1.6400735294117648
2.1653676470588237
7.352941176470589e-05
0.016176470588235296
1.990955882352941
0.827720588235294
0.0028676470588235295
0.0
0.008970588235294117
0.5267647058823529
0.4722794117647059
0.0
2.7744852941176474
0.0
0.0
0.0
0.0
0.0
0.0
2.4394117647058824
10.680294117647058
0.2366911764705882
0.025735294117647058
0.6003676470588236
9.226544117647059
0.3410294117647059
1.7780882352941179
0.008455882352941176
0.0
0.0
0.0
0.0
0.0
0.0
0.0
0.0
0.0
0.24080882352941177
3.7063235294117645
1.745735294117647
5.419485294117647
4.845735294117647
0.2510294117647059
0.0
0.0
0.0011029411764705884
0.14198529411764707
0.0
0.0
5.814338235294118
0.25779411764705884
0.27639705882352944
3.3639705882352944
3.107647058823529
4.94720588235294
0.8888970588235295
0.005808823529411765
0.0863235294117647
0.2265441176470588
13.449558823529413
0.21955882352941175
0.19308823529411764
0.010220588235294118
0.036029411764705886
0.7469852941176471
0.009411764705882354
0.0
0.0
0.0
0.0
0.0
0.0
0.0
0.0
0.7775000000000001
2.7089705882352937
0.14073529411764707
0.017647058823529415
7.352941176470589e-05
0.0
2.2526470588235297
3.0044117647058823
3.6558088235294113
5.349779411764707
6.7130882352941175
1.918529411764706
1.4311029411764706
0.49382352941176466
0.07
6.305661764705883
0.9563970588235293
1.1161764705882353
0.02139705882352941
0.004779411764705883
2.1075735294117646
0.02661764705882353
5.37875
10.203088235294118
8.06125
19.457867647058823
3.5692647058823526
1.023970588235294
0.02338235294117647
0.055808823529411765
0.533235294117647
0.016838235294117647
8.28279411764706
2.4101470588235294
0.0008823529411764705
4.04625
0.04977941176470588
0.02448529411764706
3.304485294117647
0.0
0.0
0.009411764705882354
0.5791911764705882
0.3281617647058823
0.0
0.0
0.0
0.0
11.575955882352941
0.0025
0.008014705882352941
0.43470588235294116
0.0045588235294117645
0.0
0.0
0.0
0.0
0.0
0.0
5.375661764705882
2.0134558823529414
1.3769117647058824
1.6966911764705883
0.03441176470588235
6.036764705882353
4.653897058823529
0.39625
0.14316176470588235
0.2554411764705882
0.7930882352941176
0.0
0.0
8.388823529411766
0.1501470588235294
9.104852941176471
0.08632352941176469
13.145441176470587
0.0
0.0
0.0029411764705882353
0.0
0.0
0.17426470588235293
1.0801470588235293
2.3388235294117647
8.616911764705883
1.525294117647059
1.409779411764706
0.21338235294117644
0.6526470588235295
0.08529411764705884
0.0
0.0
0.05220588235294117
7.6525735294117645
3.0228676470588236
4.781544117647059
0.3059558823529412
0.0
1.7590441176470588
0.045147058823529415
0.0
0.0
0.0
0.010955882352941176
0.02801470588235294
3.236911764705882
20.48830882352941
14.332647058823529
1.480808823529412
3.3722794117647057
0.06544117647058824
6.194926470588236
1.0818382352941176
7.352941176470589e-05
0.04389705882352941
0.008970588235294119
0.0
0.006029411764705883
0.08242647058823528
0.4568382352941177
0.6429411764705882
0.029705882352941176
0.0008823529411764706
0.006397058823529413
6.191838235294117
0.11779411764705883
0.01889705882352941
1.3613970588235293
0.04044117647058824
0.012867647058823529
0.014338235294117646
0.02897058823529412
0.026838235294117645
3.114191176470588
0.018088235294117648
0.0
0.0
0.0
0.0
0.0
0.0
0.019411764705882358
0.27933823529411766
0.5103676470588236
3.3424264705882356
5.455147058823529
1.7046323529411764
0.05014705882352941
2.1602941176470587
6.074485294117646
6.220808823529412
12.6925
0.34691176470588236
3.510220588235294
1.45
1.9213235294117643
0.7327941176470588
0.09235294117647058
0.3839705882352941
1.0414705882352941
7.036176470588236
19.146764705882354
0.16375
2.142132352941177
7.548529411764705
17.35977941176471
0.7765441176470589
4.239264705882353
0.3266911764705882
5.810882352941177
3.343823529411765
2.4660294117647057
4.902794117647058
3.184705882352941
0.9845588235294118
1.9824264705882353
0.0
0.02713235294117647
2.6209558823529413
9.041323529411764
21.23014705882353
0.11669117647058824
2.6601470588235294
0.7144852941176469
11.363455882352941
10.826176470588235
0.5241911764705882
0.04794117647058823
0.43375
0.03242647058823529
0.005588235294117647
0.0611764705882353
0.21477941176470586
0.24117647058823527
0.01088235294117647
0.060367647058823526
2.6993382352941175
12.997941176470588
7.123529411764706
1.9597794117647056
0.7541176470588236
0.22382352941176473
1.7505147058823531
0.07845588235294118
2.2613970588235297
0.018088235294117648
0.2931617647058824
0.027205882352941177
0.0008823529411764706
0.6877941176470589
0.04632352941176471
0.0003676470588235294
0.0008823529411764706
0.39485294117647063
0.06220588235294118
0.0
0.0
0.0
0.0
0.0
0.0
0.15683823529411764
0.01816176470588235
0.022205882352941176
0.0
0.0
0.0
0.03720588235294118
1.1578676470588236
0.024264705882352938
0.014411764705882353
0.016911764705882355
0.0
0.0
0.0
4.518602941176471
5.214117647058823
0.6361029411764705
5.345220588235294
0.5526470588235294
1.6053676470588234
2.8261029411764707
2.4711764705882353
2.48625
0.00375
0.29044117647058826
1.0878676470588236
1.4561764705882352
1.512573529411765
7.363823529411765
8.716029411764705
7.794632352941176
5.635735294117647
10.67014705882353
2.9954411764705884
0.006838235294117648
0.04323529411764705
0.0
1.0327205882352941
1.5354411764705882
0.12713235294117647
0.04919117647058823
5.119999999999999
0.1552941176470588
0.42374999999999996
1.7254411764705881
5.588823529411765
12.072352941176472
2.278235294117647
0.0
0.0051470588235294126
0.07286764705882354
1.269264705882353
1.4649264705882354
1.6068382352941175
16.41029411764706
0.022794117647058826
0.0
0.0
0.0
0.23264705882352943
0.0
3.3994117647058824
0.002058823529411765
0.07727941176470587
1.4982352941176469
0.4713970588235295
16.65919117647059
0.9483088235294117
2.9958088235294116
0.32088235294117645
0.0
0.0
0.00014705882352941178
4.653382352941176
1.1333823529411764
5.410808823529412
0.35374999999999995
3.6933088235294114
2.690073529411765
0.9466911764705882
6.892573529411766
0.05227941176470588
30.967058823529413
13.98279411764706
0.02558823529411765
0.0
0.0
0.9250735294117647
1.0722794117647059
2.641323529411765
0.004264705882352941
0.0
0.0
0.0
0.0
0.0
0.3558823529411765
0.0
0.0
0.0
0.0663235294117647
18.731176470588235
8.89529411764706
5.55279411764706
0.5003676470588236
2.446764705882353
7.352941176470589e-05
0.0
0.0
0.0
0.2765441176470589
0.0
0.0
0.0
0.0
0.0
0.0
0.0
0.0
0.0
5.335955882352941
6.19360294117647
0.0
0.0008088235294117648
0.06367647058823529
7.690441176470589
0.871764705882353
2.201691176470588
2.4625
3.625661764705882
0.4863235294117647
0.039338235294117646
4.568235294117647
1.4039705882352942
0.0
0.0
0.0
0.22330882352941175
0.0
0.0
0.0
0.0
0.0
2.7585294117647057
2.347720588235294
26.27926470588235
0.0
0.0005882352941176471
1.496764705882353
2.4124264705882354
1.0588235294117647
3.720220588235294
0.1822058823529412
39.07544117647059
1.3812499999999999
0.14845588235294116
0.0
0.0
0.0
2.9642647058823535
7.040073529411765
3.672279411764706
0.0
0.0
0.0
0.2336764705882353
0.23676470588235296
0.10904411764705882
0.0
0.05955882352941176
0.0012499999999999998
0.0
0.0
0.0
0.06044117647058823
4.510441176470588
8.56375
8.978970588235294
5.299632352941177
0.008308823529411764
0.0
0.010073529411764707
0.729264705882353
5.152279411764706
4.576470588235294
0.4431617647058823
0.13963235294117646
0.0
0.0
0.4230882352941177
5.197132352941177
17.127573529411762
0.0
0.0
0.49573529411764705
0.34573529411764703
0.0
0.0
0.005073529411764706
3.9985294117647054
0.1351470588235294
0.0
0.0
0.0
0.9974999999999999
5.63610294117647
0.0
0.0
1.0468382352941177
3.3210294117647057
8.814779411764706
3.1828676470588237
0.005588235294117648
0.0
0.0
0.6683088235294117
0.2054411764705882
0.4533088235294118
0.0
0.0
0.0
0.0
0.0
0.0
0.0
9.784264705882354
0.0
14.600955882352942
6.660514705882353
11.16235294117647
0.5647058823529413
0.0
0.0
2.1361029411764707
0.03970588235294118
0.0
0.0
12.446838235294118
11.321470588235293
0.11485294117647059
0.8388235294117647
0.5336029411764706
0.07073529411764706
0.016544117647058824
0.7546323529411765
0.49250000000000005
1.477205882352941
0.12860294117647061
0.0
0.0
8.108529411764707
16.96580882352941
1.8593382352941177
7.423088235294117
1.3483088235294118
1.221985294117647
0.6954411764705882
1.556470588235294
2.1207352941176474
0.7511029411764705
0.01161764705882353
0.0
0.0
0.0023529411764705885
5.091617647058824
0.0
0.0
0.0
0.0
0.00029411764705882356
0.00014705882352941178
0.0017647058823529412
2.673529411764706
7.685955882352941
6.879558823529413
4.921911764705883
31.777867647058823
12.06375
8.13639705882353
5.5375000000000005
0.2745588235294118
1.7279411764705885
0.03147058823529412
1.0698529411764706
0.009926470588235295
0.0
0.0
0.0
0.0
0.0
0.0
0.0
0.0
0.0
0.0
0.0
2.619852941176471
2.9893382352941176
0.3089705882352941
1.5387499999999998
0.04029411764705883
0.7169117647058824
1.3839705882352942
0.007720588235294118
0.0
0.0
0.006985294117647058
0.007132352941176472
0.0
0.04051470588235294
0.26235294117647057
0.9757352941176469
0.07154411764705883
0.13786764705882354
0.27999999999999997
0.024999999999999998
0.19669117647058826
4.011985294117648
17.633676470588235
15.032867647058822
33.25205882352941
10.002573529411764
3.995808823529412
12.535220588235296
7.847647058823529
26.35860294117647
3.386985294117647
20.44
2.644705882352941
1.8227941176470588
0.0
0.0006617647058823529
0.0008823529411764706
0.0008823529411764706
0.0
0.0
0.0
