1.3001265822784813
0.9887341772151896
0.6988607594936708
0.003291139240506329
0.00037974683544303797
0.000759493670886076
0.0005063291139240507
2.311392405063292
5.642151898734178
9.431772151898734
7.523037974683543
4.76987341772152
3.0886075949367093
1.4682278481012658
0.24164556962025321
0.10531645569620253
0.0
0.0079746835443038
0.001392405063291139
0.001139240506329114
0.03240506329113923
2.3043037974683545
2.239493670886076
0.5367088607594938
0.04468354430379746
0.005696202531645569
3.611012658227849
1.0356962025316454
4.666329113924052
6.003797468354431
3.074303797468354
7.578481012658227
6.457848101265823
0.0037974683544303805
1.218860759493671
0.06734177215189872
0.7531645569620252
6.043291139240506
0.999746835443038
0.0
3.82126582278481
5.734556962025317
2.7677215189873414
2.2807594936708857
5.083164556962026
1.6615189873417724
1.4429113924050634
2.7325316455696202
0.1339240506329114
0.0
0.0
0.027721518987341764
0.998860759493671
3.625063291139241
0.8370886075949364
0.003417721518987342
0.006708860759493672
0.028354430379746838
0.25367088607594934
0.27443037974683554
0.1753164556962025
4.031392405063292
7.035189873417719
0.014177215189873419
2.087088607594936
1.0767088607594935
7.865949367088607
10.845696202531645
3.1067088607594937
27.15113924050633
4.741392405063291
8.497594936708863
9.65987341772152
0.5465822784810125
2.960632911392405
0.5060759493670887
3.0420253164556974
0.03215189873417721
3.453417721518988
3.2737974683544304
1.898101265822785
0.13278481012658225
0.17443037974683542
6.842025316455698
6.621645569620253
1.240253164556962
9.695443037974682
7.175696202531644
7.179493670886076
3.984936708860759
4.541772151898734
8.053291139240507
5.615949367088607
2.507721518987341
2.50379746835443
6.4226582278481015
4.864303797468354
0.728481012658228
0.0
0.0
0.0
0.01
0.0
0.0064556962025316455
3.7827848101265826
13.457341772151898
0.8543037974683544
0.0
0.0
3.7781012658227846
4.916962025316456
10.38873417721519
9.794303797468354
2.164303797468354
5.029873417721518
0.12341772151898732
0.045316455696202525
0.02721518987341772
5.20620253164557
8.79101265822785
5.210379746835443
1.4740506329113923
1.1726582278481013
3.864936708860759
4.389620253164558
1.4125316455696202
0.0
0.0
0.12215189873417721
0.08962025316455698
17.35329113924051
0.13164556962025314
0.0
0.0
0.0
0.011645569620253165
1.2618987341772152
6.476455696202532
0.0018987341772151902
0.0
0.0
0.12101265822784811
5.7821518987341785
3.121139240506329
5.759367088607595
1.3570886075949369
6.4117721518987345
0.0
0.0
0.0
0.013291139240506329
7.322025316455697
0.007594936708860759
0.0
0.031139240506329113
1.577594936708861
1.0567088607594937
5.907088607594937
0.0006329113924050633
0.0
0.015316455696202535
0.2167088607594937
12.947215189873418
0.2973417721518987
4.991012658227849
6.846962025316457
1.6383544303797468
0.4288607594936708
0.41632911392405053
0.07151898734177214
0.0
0.37873417721518987
8.172784810126581
2.3310126582278485
0.3262025316455696
0.6082278481012657
2.4550632911392407
14.343417721518986
0.4016455696202531
0.44734177215189885
0.608860759493671
0.03531645569620252
0.0
0.004810126582278481
0.0
0.0
0.0
7.112784810126583
9.187215189873417
9.090379746835444
0.03037974683544303
0.0
0.5156962025316457
33.70506329113924
0.15544303797468356
0.5443037974683543
5.564810126582281
1.3548101265822785
0.48696202531645566
2.364683544303797
0.1978481012658228
1.0144303797468355
0.3718987341772152
1.0358227848101265
0.91
0.03177215189873418
0.44240506329113927
0.016962025316455697
0.6296202531645569
21.685949367088604
2.451772151898734
10.90772151898734
5.008354430379747
10.859113924050632
0.14759493670886076
2.6891139240506328
0.018734177215189877
0.0
0.0
2.7610126582278482
21.45582278481013
3.501139240506329
0.4727848101265823
0.6227848101265823
0.004556962025316456
0.0
0.029746835443037977
0.20696202531645566
0.30569620253164553
0.3956962025316456
5.656582278481011
1.3118987341772155
2.8984810126582286
1.58
2.6901265822784812
4.126708860759495
4.21886075949367
3.176962025316456
0.5870886075949366
0.00025316455696202533
0.0
0.0
0.0
0.0
8.41113924050633
11.719620253164559
0.12987341772151897
0.0
0.0
0.0
0.1731645569620253
8.415189873417722
0.2277215189873418
0.0
0.013291139240506329
0.0
0.09645569620253165
0.06886075949367089
0.003417721518987342
0.0
0.04886075949367088
5.218101265822784
14.92683544303797
0.17025316455696204
0.061265822784810124
0.013037974683544304
0.028860759493670878
0.0
0.0
0.0006329113924050633
0.016708860759493675
0.0
0.0
0.0
0.0
0.0441772151898734
0.019113924050632912
3.1120253164556964
0.010379746835443038
0.13721518987341771
0.0
0.0
0.0
0.10481012658227848
0.09886075949367087
1.0353164556962027
0.6805063291139242
0.02962025316455696
3.049367088607595
0.4512658227848102
1.1439240506329114
0.0
0.0
0.0
0.0
0.0
0.0
0.07215189873417721
0.0
0.07962025316455697
0.41291139240506325
4.4436708860759495
0.0460759493670886
7.905822784810129
4.998734177215189
2.5045569620253163
0.03379746835443037
12.689620253164556
12.121898734177217
8.143544303797468
15.147974683544302
19.765063291139235
0.7355696202531645
0.9775949367088608
0.4953164556962026
11.399493670886079
2.038481012658228
0.3759493670886076
8.2
0.4629113924050633
0.0
0.010000000000000002
0.00025316455696202533
0.0
0.47658227848101264
0.0
0.008227848101265825
0.4165822784810127
0.0031645569620253173
4.015822784810126
1.720253164556962
0.17924050632911392
0.004177215189873418
0.5879746835443037
2.7773417721518983
0.0
0.0
0.00012658227848101267
7.054430379746835
6.7982278481012655
1.3035443037974683
4.048734177215191
19.33810126582279
36.87620253164557
12.770379746835445
0.7903797468354432
14.396202531645573
4.540632911392405
8.043924050632912
2.90746835443038
18.815569620253168
4.241898734177216
0.9167088607594936
0.6777215189873417
0.1110126582278481
0.021139240506329114
0.33
1.5424050632911392
0.19518987341772154
0.005949367088607595
0.07569620253164558
3.9635443037974682
13.359620253164556
5.2521518987341755
2.334430379746835
2.487848101265823
0.8801265822784808
0.61
4.202784810126583
1.872405063291139
6.7668354430379765
0.6292405063291139
0.02468354430379747
0.06632911392405061
0.0031645569620253173
0.02544303797468354
0.0
0.0
0.0
0.0
0.009746835443037975
0.0
0.0
0.0
0.0
6.956708860759496
3.720886075949366
5.562151898734178
0.33683544303797475
3.497215189873418
3.0031645569620258
1.1077215189873417
0.6575949367088608
1.3092405063291142
10.775063291139244
25.86607594936709
5.552784810126583
18.097594936708855
18.401898734177212
9.14088607594937
10.36126582278481
5.550632911392405
4.277341772151899
0.5156962025316456
0.16797468354430378
2.128987341772152
5.578734177215192
0.2867088607594936
0.007974683544303798
0.0
2.271645569620253
2.606582278481013
0.001139240506329114
0.0
0.0
0.0
0.0
0.0
0.0
0.0
0.0
0.0
0.0
0.28101265822784804
1.8775949367088602
0.4562025316455698
1.951772151898734
2.186835443037975
1.8122784810126584
0.21506329113924053
14.33860759493671
0.7207594936708861
0.2378481012658228
0.001139240506329114
1.6608860759493669
1.6587341772151898
2.456835443037975
0.49379746835443034
0.30354430379746833
0.0
0.0
0.0
0.027594936708860752
0.22962025316455692
0.09620253164556963
0.5520253164556962
0.04784810126582278
0.0
0.0037974683544303805
0.24594936708860762
4.535822784810125
9.87354430379747
4.309113924050633
5.238607594936709
1.6034177215189875
10.483291139240507
9.450632911392406
4.421645569620253
8.779113924050632
2.4886075949367084
0.46139240506329116
0.012278481012658231
0.8187341772151898
4.3605063291139246
9.553670886075947
2.2603797468354427
0.0
0.0
0.0
0.0
0.0
0.0
0.00620253164556962
1.2145569620253163
4.359367088607596
3.3920253164556966
1.359873417721519
1.6522784810126583
1.560379746835443
14.128734177215192
10.614303797468356
0.2279746835443038
5.468607594936708
0.1278481012658228
3.5256962025316465
0.0
0.0
0.005443037974683544
5.12139240506329
0.41481012658227845
0.0
0.2974683544303797
0.3148101265822784
4.9630379746835445
0.0
0.0
0.0
0.0
0.0
0.0
0.0
0.008987341772151899
0.03860759493670885
0.02037974683544304
0.004683544303797469
4.638987341772151
0.0005063291139240507
0.00012658227848101267
0.08708860759493671
0.23481012658227854
0.00012658227848101267
0.0
1.4251898734177215
1.1159493670886076
31.02455696202533
0.3917721518987341
5.460126582278481
2.1684810126582277
0.00012658227848101267
0.006329113924050633
0.0
0.0
0.13544303797468354
8.5873417721519
0.7958227848101266
4.061392405063291
10.113164556962023
0.09088607594936708
0.0006329113924050633
0.17417721518987345
18.679113924050633
0.40240506329113923
0.6386075949367089
4.627974683544305
4.083291139240507
5.187848101265822
3.032025316455696
0.8259493670886074
2.8193670886075948
1.320126582278481
8.474177215189874
4.0915189873417726
9.890126582278482
8.123417721518987
13.491265822784806
6.3127848101265815
0.8472151898734176
21.89278481012658
17.61911392405063
10.347974683544304
3.06746835443038
5.972784810126583
3.479240506329114
9.949113924050634
0.8837974683544305
0.8015189873417722
11.771898734177212
18.51075949367089
10.024430379746835
6.486962025316456
14.05481012658228
11.771772151898736
0.1505063291139241
0.005569620253164558
7.7498734177215205
8.359367088607597
7.319240506329112
38.537974683544306
0.011139240506329114
0.0
0.0
0.0
0.0
1.251139240506329
0.03215189873417721
0.03215189873417721
0.9415189873417723
0.060886075949367076
0.0
0.0
2.5970886075949364
0.0
0.4074683544303797
0.0
0.005569620253164558
0.28860759493670884
0.0
0.0
10.231898734177214
8.19848101265823
0.0
0.0
0.0
0.11430379746835442
3.302151898734177
7.639746835443037
3.8800000000000012
0.13860759493670882
1.6132911392405063
3.841518987341773
0.8698734177215192
2.2953164556962027
0.2326582278481012
0.0
0.0
0.0005063291139240507
9.817088607594936
10.471012658227847
14.557215189873418
1.2698734177215192
0.0
0.0
0.057594936708860754
5.400886075949367
2.4611392405063293
0.0
12.007215189873419
4.529746835443039
3.7286075949367095
3.4211392405063283
10.39848101265823
6.056455696202532
1.9386075949367092
0.012658227848101269
0.07873417721518987
3.7032911392405063
0.0
0.0
0.0
0.03860759493670885
0.03151898734177215
8.407088607594938
0.060886075949367076
1.999620253164557
0.0
0.0
0.0
0.0
0.04645569620253164
3.47240506329114
0.007088607594936708
0.0
0.27772151898734176
1.001645569620253
1.772405063291139
19.995696202531647
0.7088607594936708
0.9143037974683547
0.02126582278481013
0.541139240506329
0.1279746835443038
3.078354430379747
0.029493670886075938
0.13759493670886075
1.4186075949367087
7.625443037974683
0.30987341772151894
2.238860759493672
0.0
0.0006329113924050633
0.06632911392405064
11.508481012658228
10.164430379746836
1.4251898734177215
0.02886075949367089
0.4000000000000001
0.13139240506329114
3.481012658227848
0.005316455696202533
0.011265822784810128
0.0
0.0
0.07835443037974682
0.28481012658227844
0.969620253164557
5.41
0.33227848101265817
0.26582278481012656
0.0005063291139240507
0.15063291139240506
0.8949367088607592
0.06772151898734176
0.11367088607594937
1.2153164556962022
12.494303797468355
11.391518987341772
2.916708860759494
0.8536708860759495
2.3426582278481014
0.0005063291139240507
0.011012658227848103
0.0015189873417721519
0.0
0.0031645569620253164
7.490253164556961
0.4925316455696203
1.0094936708860762
6.400126582278481
6.3273417721518985
2.2153164556962026
0.809873417721519
2.780506329113924
4.977848101265822
5.796962025316455
8.71746835443038
2.723417721518987
0.24810126582278488
0.18063291139240503
0.03835443037974682
0.0035443037974683548
0.7086075949367088
0.49405063291139234
14.238607594936704
12.578354430379749
6.306835443037975
0.12329113924050636
0.37974683544303794
5.268860759493671
0.003037974683544304
3.731898734177214
1.9097468354430376
2.225443037974684
4.167215189873418
1.0646835443037972
4.2032911392405055
2.09632911392405
0.12708860759493668
0.000759493670886076
0.4663291139240505
1.2491139240506333
1.4934177215189877
5.853544303797469
13.011139240506331
15.450000000000003
4.054683544303797
4.115569620253164
1.6977215189873422
1.7818987341772157
0.04481012658227849
4.386835443037975
2.535063291139241
0.14316455696202535
3.5239240506329126
0.4975949367088606
13.567848101265824
3.861645569620253
8.893797468354432
4.271012658227847
2.5882278481012655
6.914177215189873
0.7456962025316457
0.001139240506329114
0.0
0.0
0.6250632911392405
1.1294936708860759
0.32126582278481014
0.0
0.0
0.0
0.0
0.0
0.00012658227848101267
0.0017721518987341774
7.495063291139241
8.577088607594938
4.454303797468355
6.979240506329113
3.2932911392405058
1.1074683544303798
0.07898734177215189
2.508101265822785
3.0132911392405064
1.422151898734177
0.0006329113924050633
0.0
0.0
0.0
0.439746835443038
1.5074683544303797
0.6994936708860761
0.480253164556962
0.012025316455696204
0.006329113924050633
0.0
0.0
0.0
0.0
0.0
1.9203797468354429
1.6801265822784806
6.836708860759494
4.215189873417721
0.5779746835443038
0.7973417721518987
2.5872151898734184
4.766835443037975
9.256962025316454
20.272531645569618
14.485696202531647
5.005696202531644
3.423544303797468
2.057974683544304
1.6400000000000001
1.3378481012658228
2.358607594936709
1.0955696202531646
0.21367088607594936
0.11999999999999998
0.42797468354430374
0.008227848101265825
1.4153164556962023
20.91354430379747
2.8729113924050633
4.481392405063291
9.122151898734177
0.0
0.0
0.0
0.08797468354430381
0.0
0.0
0.0006329113924050633
0.001139240506329114
0.35620253164556964
0.8916455696202528
0.021518987341772156
0.6116455696202532
0.06531645569620254
0.0
0.0
0.0
0.01556962025316456
0.060000000000000005
0.0
0.01088607594936709
0.012911392405063291
0.0
1.5950632911392404
1.8741772151898735
0.2065822784810127
0.0
1.3192405063291137
3.546582278481013
0.07746835443037976
0.0
0.02126582278481013
23.44151898734177
2.225316455696202
3.9718987341772154
18.192151898734178
8.012151898734176
0.18063291139240506
0.012784810126582277
2.5335443037974685
2.913291139240506
2.308101265822785
0.002784810126582278
0.0
0.0
0.0
3.94126582278481
3.6931645569620244
6.616455696202532
0.04291139240506329
0.03962025316455696
5.8612658227848105
2.654683544303798
0.009620253164556962
0.004177215189873419
0.0
0.06962025316455696
1.698481012658228
1.3770886075949367
3.362151898734177
2.511139240506329
14.713797468354432
22.745569620253164
4.305443037974683
8.129746835443038
0.30417721518987345
1.6822784810126583
12.753164556962025
1.498101265822785
36.045316455696195
1.9272151898734178
0.26227848101265816
0.061645569620253145
4.839240506329115
0.6235443037974684
2.7950632911392406
0.32025316455696196
0.2070886075949367
1.1044303797468353
0.0
0.0
1.7531645569620253
0.7464556962025316
10.894430379746836
5.788101265822785
0.20240506329113925
8.941898734177217
8.647721518987339
0.2459493670886076
0.21734177215189876
0.0
4.301645569620253
5.1346835443037975
0.1450632911392405
13.962405063291136
6.711265822784809
1.30873417721519
0.6243037974683544
0.7605063291139239
6.922531645569622
0.27620253164556957
0.0
0.003417721518987342
0.0
0.0
0.0
1.4999999999999998
6.694556962025317
0.6616455696202532
0.08822784810126583
0.09759493670886077
0.08860759493670885
2.402025316455696
0.8146835443037974
11.39354430379747
2.3863291139240506
3.9655696202531634
19.698227848101265
14.444936708860764
2.202911392405064
1.0246835443037976
17.742911392405063
14.882658227848102
0.2994936708860759
0.3553164556962025
0.0
0.029493670886075945
1.6526582278481012
0.2564556962025316
5.13506329113924
0.0608860759493671
0.0
0.0
0.0
21.38949367088608
0.11354430379746837
49.49063291139241
38.9446835443038
4.013164556962025
0.0008860759493670887
0.0
0.0
0.0
0.24443037974683543
0.0
0.0
7.6597468354430385
11.864050632911393
0.52126582278481
0.7362025316455696
5.764556962025317
0.025696202531645566
0.03341772151898734
4.491265822784811
4.202531645569621
0.0016455696202531645
0.08835443037974686
0.0
0.0
0.0
0.0
0.0
0.0
0.0
0.0
0.07189873417721519
1.7346835443037973
0.0
0.0
1.1493670886075946
1.009367088607595
0.0005063291139240507
0.6708860759493671
3.804430379746835
1.628101265822785
1.0187341772151899
3.298101265822784
2.9002531645569616
0.20569620253164558
3.057721518987341
6.1246835443037995
4.761139240506329
0.034050632911392396
1.5108860759493672
0.0760759493670886
0.6217721518987342
16.47443037974683
2.9224050632911394
0.0
0.005949367088607596
3.0478481012658225
8.299240506329113
0.9182278481012659
2.0789873417721525
0.25139240506329114
0.8672151898734178
0.0
13.026202531645568
17.6873417721519
6.55607594936709
8.365443037974684
3.2306329113924046
4.684177215189874
17.801772151898735
0.2922784810126582
1.9054430379746838
13.19746835443038
1.3513924050632913
8.891518987341772
0.4255696202531645
0.22974683544303795
0.09848101265822784
1.1640506329113922
1.0974683544303798
0.014936708860759495
0.7629113924050632
4.35632911392405
6.30873417721519
4.228101265822786
3.0415189873417723
4.062911392405064
4.945949367088608
0.46886075949367095
0.22607594936708855
1.6582278481012658
1.8182278481012664
0.9944303797468353
1.808860759493671
1.5150632911392408
0.49417721518987334
2.5660759493670886
2.074050632911393
4.525822784810128
1.7910126582278478
0.013670886075949368
0.0
0.6455696202531646
8.146455696202532
4.086835443037975
2.3470886075949373
5.612405063291138
0.060000000000000005
2.2456962025316454
1.1454430379746836
7.195822784810127
11.598860759493672
11.103291139240504
0.9954430379746834
5.785822784810126
20.780506329113926
5.003164556962026
1.6677215189873418
17.267341772151898
7.440126582278483
3.4902531645569623
9.762658227848103
7.922025316455695
31.57607594936709
8.429493670886075
0.8564556962025316
11.04746835443038
0.5931645569620252
1.7291139240506332
5.904810126582278
3.395949367088608
0.06974683544303796
0.3987341772151899
4.023544303797468
0.8950632911392404
0.1293670886075949
1.9091139240506332
1.5607594936708864
0.7324050632911392
2.080759493670886
2.514556962025316
2.3602531645569615
0.6213924050632912
0.7126582278481012
0.7241772151898734
7.946835443037977
1.7353164556962029
0.2643037974683544
1.6353164556962025
1.5551898734177216
9.698227848101267
18.991898734177216
1.857341772151899
0.20582278481012656
0.12632911392405063
4.826582278481012
2.166962025316456
8.15
0.00012658227848101267
0.0
0.0
0.0
0.0
0.0
0.0
0.0
0.0
0.18620253164556966
0.12443037974683545
0.929113924050633
0.05746835443037974
0.09886075949367089
0.8396202531645569
0.6841772151898735
6.984683544303797
11.412911392405062
11.136075949367088
1.110632911392405
0.0
0.0
0.0
0.0
0.0007594936708860759
0.6687341772151897
2.9179746835443034
4.998101265822786
0.38911392405063294
0.0012658227848101264
0.0
0.0
0.0008860759493670887
0.08924050632911393
0.18202531645569622
0.002025316455696203
0.0
0.0
0.0
0.0
0.0
1.177974683544304
0.9893670886075949
0.0
0.13645569620253165
0.0
0.0
0.7703797468354431
9.192911392405065
2.3569620253164554
15.552025316455698
2.0306329113924053
0.2735443037974683
0.0
0.0
0.0
0.07898734177215187
15.882784810126582
1.707341772151899
5.413164556962025
1.999746835443038
0.18341772151898736
0.17949367088607596
2.7498734177215187
9.46658227848101
0.08291139240506329
0.10670886075949369
1.6355696202531647
0.00025316455696202533
0.0369620253164557
0.0
0.0
0.0
0.0
0.006202531645569622
0.5574683544303798
0.5869620253164557
0.0
0.0
0.0
2.4943037974683544
0.1620253164556962
0.031392405063291134
0.0
0.29405063291139244
24.218987341772152
11.270759493670889
2.6712658227848105
1.2007594936708863
1.5388607594936712
1.8449367088607596
0.5024050632911391
0.0
0.0
0.0
0.0
0.0
0.0
0.0
0.0
0.0
15.058101265822783
1.1360759493670884
0.3560759493670886
0.5140506329113924
0.024810126582278484
1.129240506329114
4.705696202531645
4.479746835443039
5.977468354430378
0.02531645569620253
0.003291139240506329
2.471898734177216
6.027594936708861
13.677215189873415
3.408101265822785
0.0
0.9758227848101263
20.50506329113924
3.599367088607595
0.0
0.0
0.0
0.0
0.09493670886075949
0.17417721518987342
0.5529113924050632
0.11784810126582282
1.2232911392405064
0.2734177215189873
0.16000000000000003
7.382531645569619
3.0499999999999994
0.0
0.0
0.13835443037974682
0.2920253164556962
0.0
0.0
0.0
0.0
0.0
0.004556962025316456
0.0
0.09759493670886076
2.429873417721519
0.28607594936708863
1.4436708860759497
0.0
0.0005063291139240507
17.350253164556957
5.620253164556963
7.6451898734177215
2.769620253164557
0.009873417721518988
5.957088607594936
0.0063291139240506345
2.1213924050632915
4.611518987341772
0.002025316455696203
0.0024050632911392406
0.22164556962025314
2.9159493670886083
0.17594936708860762
1.6607594936708867
2.5772151898734177
6.017594936708861
1.7970886075949364
12.613037974683545
1.3762025316455697
0.0013924050632911392
0.37303797468354427
10.086962025316458
1.0008860759493672
0.0
0.04999999999999999
0.0
0.0
0.0
0.0
0.0
0.0
0.0
0.0
4.750126582278481
0.07797468354430377
0.0
0.0
0.0
0.0
5.756075949367089
13.28987341772152
1.658607594936709
7.924177215189873
11.167468354430381
0.27455696202531643
0.3560759493670886
3.929367088607594
0.0
0.0
0.07113924050632911
0.13898734177215188
0.011645569620253166
4.764936708860758
0.6459493670886076
1.4269620253164557
1.7979746835443038
2.863291139240506
5.0684810126582285
0.11658227848101263
0.0
0.00037974683544303797
1.3789873417721519
0.8697468354430379
0.5274683544303796
0.4062025316455696
0.0
1.3824050632911393
10.585443037974683
1.3164556962025318
7.129367088607595
0.03455696202531645
0.003417721518987342
1.5934177215189873
1.412278481012658
0.3959493670886075
1.0146835443037976
0.03835443037974684
0.22784810126582286
0.0
0.190632911392405
0.0
0.0
0.7946835443037973
0.0
0.0
3.269746835443038
0.7084810126582277
0.0010126582278481013
0.0
0.0
0.0
0.0
0.0
0.0
0.0
0.0
0.0
0.0
0.02873417721518987
0.0
0.05873417721518987
11.752784810126583
0.589873417721519
0.2758227848101266
0.02405063291139241
0.03379746835443037
4.684683544303798
0.0
0.0
0.0
1.667974683544304
0.040886075949367086
0.0
0.00037974683544303797
0.0
5.2720253164556965
22.031772151898732
71.4960759493671
7.918987341772151
3.9600000000000004
4.079493670886075
12.678227848101265
11.626329113924047
12.254177215189873
12.884556962025316
1.368227848101266
0.12050632911392407
2.6232911392405067
0.24493670886075952
0.2611392405063291
0.028987341772151884
0.07379746835443037
0.0
8.988987341772152
2.6550632911392404
0.007594936708860761
0.0618987341772152
0.5439240506329114
0.07582278481012657
0.0037974683544303796
0.0
0.0
0.011772151898734179
0.008354430379746836
0.008734177215189876
0.09367088607594935
0.0
0.00329113924050633
0.03151898734177216
0.046708860759493674
0.021392405063291136
0.06430379746835443
0.007215189873417721
7.110759493670887
3.090632911392405
5.40632911392405
0.6105063291139241
8.097974683544304
8.143291139240505
9.83025316455696
2.042151898734178
0.1070886075949367
0.429873417721519
3.759493670886076
0.17607594936708862
1.2974683544303796
0.410126582278481
0.035063291139240504
4.202784810126582
0.024177215189873418
0.0
0.0
0.0
0.0018987341772151902
0.014936708860759495
0.018734177215189877
0.7634177215189873
2.848607594936709
10.473037974683546
0.9560759493670884
9.586962025316456
10.250759493670886
2.6116455696202534
10.844683544303795
0.40417721518987343
3.6196202531645567
24.356962025316456
4.293544303797469
1.7213924050632912
0.4330379746835444
7.936582278481014
13.949493670886076
5.174936708860759
3.3053164556962025
1.3481012658227849
1.0130379746835443
0.3560759493670886
1.4089873417721523
5.637848101265823
0.9891139240506329
0.00012658227848101267
0.0
0.0
1.1859493670886077
0.9587341772151896
12.00848101265823
10.29784810126582
7.853291139240506
3.1120253164556964
2.6118987341772155
2.210379746835443
2.4712658227848103
0.9703797468354431
0.4327848101265823
0.010632911392405065
4.473924050632911
7.850632911392404
9.269240506329114
6.450759493670887
1.3205063291139243
3.025569620253165
6.404430379746836
4.522911392405064
0.8679746835443041
0.05822784810126582
0.0037974683544303796
0.025569620253164557
2.434050632911392
1.1327848101265825
3.135443037974683
10.143417721518988
2.828227848101266
8.519746835443037
7.0902531645569615
11.688227848101265
1.4592405063291138
4.4250632911392405
0.6660759493670886
7.577974683544305
2.8169620253164553
0.34531645569620256
0.190253164556962
0.16493670886075948
0.051645569620253164
0.3632911392405063
2.227974683544304
0.0
0.0
0.0
0.0
0.08670886075949367
0.0
0.19987341772151898
1.3627848101265825
0.0
0.0
0.0
0.0
1.5859493670886076
5.633797468354429
5.380886075949367
3.312911392405063
1.0897468354430377
0.0008860759493670887
0.012911392405063291
0.0
0.003291139240506329
0.08734177215189874
0.1421518987341772
0.008227848101265825
0.0
0.0
0.08658227848101263
0.0
0.08075949367088607
3.734810126582278
2.2483544303797474
0.022278481012658235
3.9721518987341766
6.744683544303798
7.875569620253164
1.8318987341772153
6.745949367088609
12.116962025316456
5.506455696202531
6.816075949367089
6.422151898734176
6.502278481012658
3.022658227848101
4.4117721518987345
1.3891139240506332
2.6421518987341766
2.7950632911392406
9.596835443037973
18.875189873417725
0.15708860759493673
1.1260759493670884
8.92126582278481
7.052911392405064
9.469367088607596
22.64481012658228
1.2103797468354434
7.194050632911393
4.616962025316455
15.566962025316453
2.5450632911392406
11.584556962025315
3.618354430379747
0.0
0.0
0.019620253164556962
17.226582278481015
0.0012658227848101264
0.21392405063291137
0.004556962025316456
7.794303797468353
0.019746835443037975
1.6939240506329116
2.0735443037974686
0.9536708860759492
1.101518987341772
1.6279746835443036
1.0040506329113925
6.222658227848101
6.829367088607594
2.250253164556962
3.284810126582279
0.026962025316455696
0.0021518987341772157
8.702025316455698
1.2132911392405064
0.8105063291139241
1.9218987341772147
0.9101265822784809
3.8846835443037975
4.122278481012658
6.157468354430381
1.8134177215189873
0.3436708860759494
0.8913924050632912
0.0
4.6367088607594935
0.0
0.9224050632911391
2.800506329113924
32.9632911392405
12.429367088607595
29.88151898734178
5.298481012658227
14.70240506329114
4.651392405063293
3.419240506329114
0.5112658227848101
0.0
6.842784810126582
0.04594936708860759
0.0
0.0006329113924050633
0.08202531645569619
0.0460759493670886
0.07886075949367087
0.02632911392405064
0.3263291139240507
0.0
0.0
0.006962025316455697
0.5486075949367089
0.49481012658227835
0.7018987341772152
0.3086075949367089
0.0
0.0
0.0
0.0
8.501518987341772
0.000759493670886076
0.0
0.0
2.94253164556962
1.9365822784810127
2.3213924050632913
0.00037974683544303797
0.5446835443037975
4.637341772151899
2.624303797468354
0.10898734177215191
0.0
0.0
0.020126582278481013
0.030759493670886078
0.6229113924050633
12.046962025316454
0.0
0.0
0.0
0.0
0.0
0.0
0.00012658227848101267
6.760253164556962
0.7992405063291139
12.885569620253163
9.24886075949367
0.0
0.0
0.0
0.03873417721518987
0.006835443037974684
0.0
0.0
0.22392405063291138
0.06037974683544303
0.0
0.0
0.0
3.5208860759493668
0.570632911392405
2.423291139240506
8.465063291139241
21.27848101265823
11.847468354430381
0.0008860759493670885
0.0017721518987341774
0.0
0.0006329113924050633
1.8336708860759496
0.0
0.0
0.0
0.0
0.13683544303797468
1.0441772151898734
0.0
0.0
0.0
5.732278481012658
1.7367088607594943
0.561392405063291
0.018607594936708865
0.0
0.0
0.0
0.0
0.0
0.0
0.0
2.482658227848101
0.6350632911392404
6.6669620253164545
0.18101265822784812
0.0
0.0
0.0
0.6727848101265823
16.666455696202533
11.696962025316454
4.729620253164556
4.535822784810126
4.57759493670886
6.669367088607596
16.283924050632912
4.402658227848102
0.6537974683544302
0.056202531645569605
10.568101265822785
1.0153164556962027
3.695443037974683
0.08025316455696202
0.00012658227848101267
1.8178481012658225
0.0
0.0
0.0
0.0
0.0
0.0
0.03113924050632911
6.04632911392405
0.0689873417721519
0.0
0.0
0.0
0.9772151898734179
13.80354430379747
3.0046835443037976
3.82113924050633
4.131265822784809
0.22101265822784807
0.023924050632911396
4.90620253164557
1.936075949367089
10.881645569620252
0.8273417721518987
4.873164556962025
4.489367088607595
0.000759493670886076
0.0
0.0
0.0
0.0
0.0026582278481012663
0.030379746835443044
0.0
1.100253164556962
3.0024050632911394
0.025443037974683547
1.4220253164556966
0.24898734177215193
0.03848101265822785
0.0
0.0
0.12734177215189874
0.008227848101265825
0.0
0.0
0.00012658227848101267
0.0
0.0
0.0
0.0
0.002784810126582278
0.8830379746835444
0.3770886075949368
0.3686075949367088
0.8536708860759495
0.37481012658227847
0.7897468354430379
0.6334177215189871
0.0063291139240506345
0.0
1.6854430379746836
17.344683544303802
25.730379746835442
15.602151898734174
6.5558227848101245
3.021392405063291
2.8506329113924047
0.07772151898734177
0.0
0.0
0.0
0.05
4.641265822784811
1.5359493670886075
2.4381012658227847
1.860759493670886
2.7055696202531645
2.9191139240506336
0.003417721518987342
0.016708860759493675
0.0
0.0
0.0
0.08911392405063291
1.9664556962025312
1.1669620253164554
0.14822784810126582
0.2827848101265823
4.588481012658226
0.4012658227848101
2.1987341772151896
12.227848101265824
13.546202531645571
0.02177215189873418
0.1529113924050633
0.05835443037974683
0.020253164556962026
0.0
2.65746835443038
8.23493670886076
13.90405063291139
6.492658227848101
4.317974683544304
0.17468354430379746
5.313037974683543
6.138481012658227
1.3611392405063292
1.0721518987341774
1.1344303797468356
1.6251898734177217
10.516708860759495
27.77962025316456
3.948481012658228
23.320759493670888
6.76
2.6540506329113924
0.19658227848101267
0.957848101265823
0.09759493670886076
5.37493670886076
10.205822784810126
10.050253164556961
0.2286075949367088
0.7635443037974684
0.5529113924050633
1.4740506329113925
5.605063291139241
4.6964556962025314
10.406835443037973
7.932278481012661
2.80746835443038
8.564683544303797
1.308860759493671
7.2600000000000025
55.09734177215189
4.684556962025317
10.501898734177214
3.4532911392405072
3.004177215189874
1.1177215189873415
0.02632911392405063
0.0
0.018607594936708865
0.0
0.0
0.0
0.0
0.0
0.0008860759493670887
1.4059493670886076
2.659620253164557
0.0
0.004177215189873419
0.8739240506329113
1.0158227848101267
2.861012658227848
0.009367088607594939
0.0
0.0
4.144810126582279
0.4751898734177215
0.0
0.10392405063291138
0.020126582278481017
0.6773417721518986
0.5672151898734178
0.20126582278481014
0.0
0.0
0.09822784810126584
0.044430379746835426
0.0
0.0
0.0
0.0
0.0
0.0
0.0
0.0
0.0
0.0006329113924050633
2.2354430379746835
3.0287341772151897
2.3129113924050633
10.70658227848101
5.42379746835443
2.404936708860759
0.6262025316455695
4.66506329113924
12.088354430379747
9.35227848101266
1.91873417721519
2.1007594936708864
0.5565822784810126
0.8755696202531644
0.05316455696202531
0.026455696202531645
1.3643037974683543
0.0
0.00025316455696202533
3.5558227848101267
0.0
0.0
0.003417721518987342
2.7821518987341776
0.0
0.0
0.0
0.0
0.0
0.0
0.0
0.0
0.0
0.0
0.0
0.026582278481012654
0.006075949367088608
1.290506329113924
0.3188607594936709
0.08063291139240508
0.24329113924050635
0.05088607594936708
1.8886075949367094
0.1253164556962026
0.03443037974683544
0.6617721518987342
0.0
0.5469620253164557
2.317088607594936
3.7230379746835442
1.7172151898734174
10.235189873417722
0.007341772151898735
6.317974683544304
0.8992405063291138
0.00240506329113924
19.28189873417722
4.055949367088607
38.012278481012665
2.488354430379747
25.970000000000006
12.261772151898736
12.869240506329113
3.6482278481012664
23.14645569620253
14.675949367088606
15.404810126582278
7.261518987341773
1.7503797468354434
1.5594936708860763
2.2944303797468355
0.01708860759493671
0.46379746835443036
18.5873417721519
15.757974683544303
0.4453164556962026
22.502278481012656
0.06582278481012657
2.2335443037974687
0.0
0.0
0.000759493670886076
6.827215189873418
0.1508860759493671
0.018607594936708865
0.008987341772151899
0.0
0.0
0.279873417721519
5.536455696202532
6.562784810126582
0.05544303797468353
0.11367088607594937
8.72493670886076
0.0007594936708860759
1.1605063291139242
4.508101265822785
0.6754430379746836
3.6615189873417715
1.9070886075949367
8.185949367088607
8.813924050632913
0.5579746835443038
0.030632911392405055
0.0
0.0
0.0
0.0
0.0
3.5193670886075954
0.21759493670886076
3.566835443037975
22.405696202531647
26.16797468354431
9.125949367088609
0.24177215189873416
4.963164556962024
1.1489873417721517
0.0
0.004810126582278481
0.0
0.0
0.0
0.0
2.3682278481012657
8.430632911392404
4.7340506329113925
0.1140506329113924
4.340886075949366
6.568607594936708
4.5013924050632905
0.13417721518987344
0.14835443037974685
4.511645569620253
1.6149367088607596
0.20632911392405065
0.062405063291139234
0.06468354430379746
0.15784810126582283
5.182658227848101
10.093670886075948
0.5506329113924052
0.0010126582278481013
0.00025316455696202533
0.00012658227848101267
0.008607594936708861
0.06759493670886076
0.0
0.0
0.0
0.0
0.0
0.0
0.31354430379746834
29.209493670886072
1.2540506329113925
0.0
0.0
0.0
0.0
0.0
0.03379746835443037
0.0
0.0
9.092784810126583
1.2934177215189875
8.516835443037975
9.939493670886076
17.654936708860763
21.87708860759494
8.28987341772152
16.997215189873415
5.015443037974683
0.9992405063291139
6.227215189873418
4.357721518987342
0.3331645569620253
0.4953164556962025
0.00025316455696202533
3.3074683544303793
0.42784810126582273
1.154177215189873
6.2506329113924055
5.07113924050633
5.076329113924051
7.645696202531646
7.419240506329116
0.02544303797468354
0.0021518987341772157
1.2751898734177212
1.082405063291139
13.330379746835442
1.8540506329113928
1.0537974683544302
3.443037974683545
3.6392405063291147
3.19253164556962
3.8218987341772155
4.218354430379748
5.541139240506328
1.3139240506329113
0.06037974683544302
0.030506329113924043
0.0
0.12025316455696203
0.0
0.0
0.0005063291139240507
4.931139240506328
2.4945569620253165
5.0356962025316445
0.11556962025316458
5.412658227848101
4.597341772151899
0.7002531645569621
8.210379746835443
7.718607594936708
0.5643037974683545
0.0
0.000759493670886076
0.0
0.0064556962025316455
0.009113924050632913
0.0951898734177215
0.04037974683544304
0.0
0.0
0.0
0.0
0.0
0.0
0.0
0.03468354430379746
0.0
0.0
0.0
0.003417721518987342
3.4815189873417722
3.5065822784810123
0.05088607594936708
0.16658227848101267
0.5435443037974684
5.97632911392405
33.0446835443038
20.536835443037983
10.433544303797468
3.4926582278481013
0.2743037974683544
0.10278481012658229
0.05708860759493672
0.0
0.0
0.0
0.0
0.052278481012658216
0.05455696202531643
0.06291139240506329
0.07721518987341773
0.03848101265822784
0.13936708860759492
2.394556962025317
0.16746835443037975
0.0
0.0
0.0
7.274556962025314
0.06734177215189872
9.006582278481014
5.847974683544304
7.700379746835442
1.1275949367088605
4.898860759493672
2.90746835443038
0.0
0.010000000000000002
0.0
2.215443037974684
0.08113924050632912
0.0
0.03455696202531645
0.10088607594936708
0.109746835443038
2.5162025316455696
12.248481012658228
2.560759493670886
4.218607594936709
1.1845569620253165
0.6324050632911392
1.0872151898734177
0.24936708860759502
1.0284810126582278
1.2636708860759494
0.16886075949367088
2.1360759493670884
2.8332911392405062
0.14215189873417716
0.14594936708860762
0.05734177215189875
0.0
0.0
0.0
3.2844303797468357
1.5389873417721518
2.3053164556962025
3.602405063291139
0.7518987341772152
2.4640506329113925
6.138227848101266
3.2059493670886074
0.1292405063291139
0.044556962025316456
3.4600000000000004
1.5384810126582278
6.393037974683545
5.948101265822785
0.4843037974683544
0.0
0.0
0.0
0.24278481012658226
0.0
8.571518987341772
4.9173417721518975
0.03164556962025316
0.0
0.0
0.0
0.036075949367088606
0.00037974683544303797
0.0
0.026075949367088607
0.0
0.008987341772151899
0.017341772151898735
0.270506329113924
0.16746835443037972
0.8683544303797468
0.0
0.0
0.0
0.0
0.0
1.4791139240506328
2.17126582278481
0.0
0.0
0.1531645569620253
0.0
0.0
0.00037974683544303797
0.0
0.009493670886075951
0.030759493670886068
0.0
0.0
3.2158227848101264
6.736455696202532
3.4289873417721517
4.7053164556962015
6.086962025316456
0.7029113924050633
0.03278481012658228
0.0
0.0005063291139240507
0.3826582278481012
1.7905063291139238
0.3058227848101266
9.519999999999998
8.488481012658232
2.98506329113924
0.7918987341772152
1.2443037974683544
5.352911392405063
3.779113924050634
0.4545569620253164
0.0
0.0
6.53240506329114
3.6175949367088602
3.1649367088607594
0.11215189873417723
0.7846835443037974
1.844430379746836
5.172025316455697
10.647974683544302
7.594177215189876
5.517088607594936
3.2765822784810124
1.5464556962025318
0.0
0.0
0.0
0.0
0.0
0.0
0.41924050632911397
0.10772151898734177
1.1159493670886074
0.24012658227848097
13.61025316455696
4.214936708860759
1.309620253164557
1.0722784810126578
3.6107594936708844
7.5397468354430375
1.5024050632911392
0.3622784810126582
0.0
0.0
0.07594936708860758
1.1430379746835444
5.447088607594937
1.4278481012658228
2.289620253164557
0.010253164556962025
0.0070886075949367095
0.0
1.2134177215189872
0.05215189873417723
0.0
0.0
7.887721518987338
4.532278481012658
29.65037974683545
9.939873417721516
3.092278481012659
0.0
0.0
0.006582278481012658
3.752911392405064
6.474303797468354
10.580632911392406
0.0
0.0
0.0
0.0
0.0
0.006075949367088608
5.583164556962025
5.226455696202531
4.491518987341772
6.143291139240508
10.76873417721519
4.437974683544304
2.8455696202531646
7.295569620253162
3.6735443037974687
2.044430379746835
0.35468354430379745
0.10734177215189872
0.14367088607594938
0.00012658227848101267
4.473924050632911
25.336202531645572
3.2968354430379745
2.1865822784810125
0.7834177215189874
15.635316455696195
5.975696202531646
14.138607594936706
5.644683544303797
6.337974683544305
1.1521518987341774
0.0
19.529620253164552
0.0
0.0
0.0
0.0
3.7221518987341775
0.00012658227848101267
1.2326582278481013
6.871772151898733
0.12455696202531648
0.07177215189873419
0.0
0.0
0.006962025316455697
0.0
0.046329113924050626
0.0
8.639240506329113
1.0031645569620251
3.24620253164557
4.309620253164557
3.2749367088607593
0.0
0.0
0.0
9.821518987341774
0.0
22.199493670886078
8.906582278481014
0.7318987341772152
10.329113924050631
13.20645569620253
0.021898734177215193
2.2069620253164555
0.4060759493670886
2.515316455696203
8.80012658227848
0.3821518987341772
0.34468354430379744
0.09974683544303796
3.797088607594936
0.17050632911392408
5.488354430379748
0.4968354430379746
0.6522784810126582
1.57
4.124936708860759
1.8699999999999999
0.041139240506329104
7.27367088607595
0.011139240506329116
0.00025316455696202533
10.13987341772152
0.021139240506329114
11.16240506329114
0.16835443037974684
0.22797468354430378
0.07113924050632912
0.0
0.0
0.0
0.09101265822784811
2.0217721518987344
0.09734177215189872
25.89316455696203
6.1649367088607585
4.290379746835443
1.279113924050633
3.0460759493670886
10.635696202531644
0.6201265822784812
0.0
0.008607594936708863
0.002278481012658228
0.11481012658227849
0.02645569620253165
4.126329113924052
0.30291139240506326
5.6824050632911405
0.01468354430379747
0.0
0.0
0.0
4.766708860759493
0.16265822784810124
0.0
0.0
0.0
0.0
0.0
0.0
0.0
0.00012658227848101267
4.704430379746836
0.007341772151898735
1.9644303797468359
3.006455696202532
1.6713924050632913
0.8378481012658225
4.389746835443038
3.374556962025317
0.42101265822784806
0.44430379746835447
0.0
0.0
1.2672151898734176
1.2817721518987342
0.38999999999999996
0.2855696202531645
1.3425316455696206
0.16139240506329114
0.0
0.0
0.0
0.0
0.0
0.0
0.0
0.0
0.0
0.0
0.0
0.0
3.2994936708860765
2.417848101265823
0.07316455696202531
2.1055696202531644
16.638860759493667
1.7511392405063295
3.452405063291139
1.7307594936708863
20.53493670886076
2.757721518987342
0.2281012658227848
0.017215189873417726
0.0026582278481012663
0.0016455696202531645
0.0
0.0
0.0
1.438607594936709
0.3016455696202531
2.8072151898734177
7.124936708860759
0.4891139240506329
0.12088607594936712
0.04367088607594935
0.01506329113924051
0.08379746835443039
6.220253164556961
3.1935443037974682
4.100632911392405
13.279367088607595
0.045822784810126575
0.2935443037974684
0.38721518987341774
0.17898734177215184
4.254936708860758
2.9000000000000004
9.537721518987341
2.071139240506329
3.4439240506329107
0.34721518987341776
0.1321518987341772
0.48708860759493666
2.5034177215189874
1.752151898734177
2.3321518987341765
2.305189873417721
3.5640506329113926
6.578860759493673
3.2373417721518987
4.064556962025317
0.0
0.0
0.006455696202531647
0.6491139240506331
4.436708860759493
9.923417721518986
6.938987341772153
6.3500000000000005
1.0865822784810124
0.0
0.0
2.127848101265823
2.406708860759493
6.932405063291138
2.0262025316455694
1.0481012658227848
4.224430379746836
0.04493670886075949
0.003417721518987342
0.008860759493670888
6.290759493670887
4.3402531645569615
4.504683544303798
12.897088607594936
9.765189873417723
5.064050632911393
3.2613924050632916
3.9739240506329128
23.62481012658228
13.126202531645568
0.8879746835443039
8.756708860759494
10.476582278481013
12.443291139240506
5.768987341772151
3.6853164556962033
0.3225316455696202
0.7358227848101268
0.9668354430379748
0.0
0.0
0.008987341772151899
0.002784810126582279
0.7474683544303797
0.00012658227848101267
0.08860759493670886
0.4346835443037974
0.9145569620253164
0.36189873417721513
2.3596202531645565
8.608101265822784
0.5425316455696203
0.0026582278481012663
0.0
0.003417721518987342
0.01860759493670886
0.0
0.0012658227848101264
0.008734177215189872
0.4767088607594938
0.6243037974683544
0.31860759493670887
0.02544303797468354
0.3172151898734177
0.0
0.02962025316455695
0.0
0.0
0.0
0.0
0.0
0.0
0.018227848101265823
14.078481012658228
6.149240506329115
12.011772151898736
0.13215189873417726
2.7317721518987343
0.03253164556962026
0.02784810126582278
0.014556962025316457
0.0
0.02696202531645569
0.028101265822784802
0.08430379746835444
0.0
0.0
0.0
0.0179746835443038
9.246962025316456
3.877341772151898
1.6199999999999999
9.593924050632914
22.90430379746836
1.6913924050632916
0.7283544303797469
1.110886075949367
0.8831645569620257
4.17253164556962
27.78582278481012
28.17962025316455
0.2224050632911392
4.4901265822784815
6.813797468354432
1.4318987341772151
1.2574683544303797
0.0
0.0
0.011012658227848103
1.0074683544303797
5.047721518987342
0.39873417721518994
0.04607594936708861
0.0035443037974683548
2.257341772151899
0.023797468354430383
5.356708860759493
1.392278481012658
4.438354430379746
5.217594936708862
2.044810126582278
4.899746835443039
4.70886075949367
0.710379746835443
2.101139240506329
1.0497468354430382
7.199493670886074
0.0
0.0
0.0
0.0
0.0
0.0
0.050379746835443044
0.2203797468354431
0.008101265822784812
10.04493670886076
1.48
1.315316455696203
0.9754430379746836
5.421392405063291
0.06936708860759494
0.0
8.729367088607596
6.777848101265823
1.5330379746835445
0.016329113924050634
0.10936708860759496
15.331392405063292
1.732911392405063
0.07924050632911392
0.9772151898734179
0.0
0.7654430379746835
3.963037974683544
0.0
0.0
1.7996202531645569
1.0260759493670886
8.003417721518987
4.730759493670885
0.7341772151898733
2.637341772151899
10.902151898734177
26.450632911392404
7.426835443037975
5.145949367088607
20.523797468354427
18.774430379746832
0.5859493670886075
0.017848101265822786
0.0016455696202531645
1.5036708860759491
0.110126582278481
0.06721518987341772
0.0
0.0
2.542658227848101
21.45493670886076
0.5045569620253164
0.011012658227848103
0.0
0.0
0.17936708860759495
0.16848101265822785
0.08924050632911393
0.0
0.0
0.0
0.0
0.0
0.0
0.0
0.0
0.054050632911392414
0.44696202531645574
4.592531645569619
9.839493670886077
11.37126582278481
3.2463291139240504
7.382658227848101
0.9436708860759493
0.13518987341772154
0.0
0.0
0.0
0.0
0.0
6.024430379746836
0.2920253164556962
0.0
0.0008860759493670887
0.0
14.736329113924054
7.4573417721519
2.744556962025316
3.8112658227848106
7.676455696202531
0.026455696202531638
0.0
0.0
0.0
0.5426582278481012
0.0
0.0
0.0
3.016708860759494
0.0
0.0
0.0
0.0
0.0
4.6048101265822785
3.63772151898734
29.11987341772152
0.6907594936708861
0.16443037974683541
2.459367088607595
0.0
1.8056962025316452
6.787215189873418
14.005949367088613
1.97
0.030886075949367087
2.5759493670886076
5.534430379746836
6.4016455696202526
0.3630379746835443
2.3948101265822785
1.1345569620253162
0.03810126582278481
0.6597468354430381
4.282784810126583
2.193417721518988
1.1502531645569618
0.29037974683544304
13.15291139240506
0.10037974683544303
0.0
6.066329113924051
0.24075949367088617
0.05455696202531645
0.003417721518987342
0.003417721518987342
0.0
17.12037974683544
4.078354430379748
0.0739240506329114
5.622911392405063
20.126962025316455
9.623291139240507
0.2978481012658228
0.009240506329113924
0.0
0.0
0.003417721518987342
0.003417721518987342
0.0
0.0
0.003417721518987342
0.00012658227848101267
0.0
0.0
0.0
0.0
0.0
0.0
0.0
0.0
0.0
4.731518987341771
0.022025316455696203
0.0
0.0
0.0
0.0
0.0
0.0
0.0
0.11126582278481013
0.03987341772151898
0.6896202531645569
6.25253164556962
27.934556962025322
25.334810126582283
35.34367088607595
8.314050632911393
0.3007594936708861
7.29240506329114
1.0691139240506329
0.047721518987341775
2.5917721518987342
3.2264556962025313
1.240886075949367
3.1958227848101264
15.513164556962025
0.4296202531645568
0.20556962025316458
0.5884810126582278
2.6069620253164563
1.0651898734177219
0.023417721518987345
0.38215189873417726
0.03974683544303797
0.049113924050632904
0.0013924050632911395
0.009113924050632912
0.000759493670886076
0.006708860759493672
0.032784810126582284
0.6343037974683544
0.7691139240506331
2.127848101265823
2.411139240506329
4.44620253164557
1.630253164556962
5.9505063291139235
0.8558227848101265
1.7994936708860758
0.07417721518987343
2.3368354430379745
0.017721518987341773
0.0
0.0
0.0
0.6188607594936709
0.43848101265822775
0.0006329113924050633
0.003417721518987342
0.05974683544303796
8.04493670886076
1.4451898734177215
0.02164556962025316
0.15759493670886074
0.0
0.0
0.011645569620253166
1.4667088607594938
0.3977215189873418
9.835696202531645
0.5074683544303797
7.520253164556961
13.932784810126583
2.93746835443038
10.580126582278481
7.248354430379749
1.8611392405063292
3.086708860759494
0.17531645569620255
3.900126582278481
4.02379746835443
4.997974683544304
7.247468354430379
8.437215189873418
20.107341772151898
12.478734177215191
22.91873417721519
3.470126582278481
1.1159493670886078
8.50139240506329
6.205063291139241
11.201898734177215
0.22999999999999998
2.7881012658227853
0.469493670886076
1.2363291139240504
1.0445569620253163
0.9425316455696205
0.10658227848101264
2.1351898734177213
11.43898734177215
0.030000000000000002
0.003417721518987342
0.00025316455696202533
0.0018987341772151902
0.008734177215189876
0.01
0.5086075949367089
3.2648101265822778
0.11797468354430378
1.249873417721519
7.82126582278481
0.6554430379746835
3.5962025316455706
0.020253164556962026
0.0
0.0
0.0
0.0
0.009113924050632912
0.0018987341772151902
0.019367088607594937
4.9036708860759495
0.5479746835443038
7.659620253164555
3.7011392405063295
3.6981012658227845
0.01683544303797468
5.021772151898734
1.0887341772151902
0.6744303797468355
3.1870886075949367
1.1772151898734178
1.9787341772151898
3.2734177215189875
0.8150632911392407
7.62240506329114
0.2659493670886076
1.0481012658227848
0.13569620253164555
0.0
0.0
5.350379746835443
16.66569620253165
11.770632911392404
9.684936708860759
20.696075949367092
0.008354430379746838
0.0
0.0
0.0
0.0
0.0
0.0
0.0
0.0
0.0
0.0
0.0
2.4524050632911387
1.5645569620253166
8.998354430379747
5.033037974683543
2.0268354430379745
0.3889873417721519
1.6446835443037973
2.201139240506329
17.568227848101266
10.268101265822784
9.56151898734177
0.2626582278481013
4.376455696202532
3.9699999999999998
0.5494936708860758
0.3670886075949367
0.00012658227848101267
1.5739240506329115
0.17620253164556965
0.0
0.1256962025316456
0.0035443037974683548
3.00746835443038
0.04860759493670886
0.09531645569620253
0.36734177215189884
3.256708860759494
6.871898734177214
7.171518987341772
0.12759493670886077
0.004556962025316456
0.0
0.1562025316455696
0.0
0.08455696202531646
2.8413924050632913
5.310126582278482
0.9383544303797466
0.0
0.0
0.0
0.0025316455696202528
0.0
0.0
0.0
0.0
0.15037974683544306
0.02291139240506329
0.21012658227848102
20.256582278481016
2.973164556962025
0.66126582278481
0.2853164556962025
0.0
0.0
0.0
4.53620253164557
0.07151898734177214
25.84417721518987
1.0224050632911392
8.657215189873417
4.159873417721518
1.060379746835443
0.009113924050632912
0.23189873417721515
0.02594936708860759
5.670506329113923
11.741518987341772
7.813924050632914
0.012025316455696204
0.011139240506329116
0.0
0.0
10.288227848101265
0.04544303797468355
5.473037974683544
4.568354430379746
11.005822784810123
1.9272151898734173
5.713544303797469
9.779493670886074
4.432911392405064
0.5607594936708862
4.50354430379747
4.8636708860759486
0.1883544303797468
0.4522784810126583
0.6518987341772153
1.0701265822784811
8.605063291139242
12.100253164556962
1.3520253164556961
26.08316455696202
0.8874683544303797
6.860253164556961
1.6505063291139241
6.457974683544304
1.7351898734177216
0.046582278481012644
11.301772151898733
2.2373417721518982
26.962658227848102
0.14822784810126582
0.7031645569620252
1.142784810126582
1.5440506329113926
0.0
0.00025316455696202533
0.0
0.006075949367088608
1.930253164556962
0.003417721518987342
0.0
0.0
2.2446835443037974
22.531012658227848
0.0
0.0
0.0011392405063291138
0.005316455696202533
0.0
0.0
0.07240506329113923
11.856202531645572
4.751518987341772
9.526708860759495
0.5574683544303798
3.6206329113924056
6.557088607594936
1.3812658227848102
0.0960759493670886
0.2758227848101265
3.8989873417721523
0.7160759493670885
12.670126582278481
2.140506329113924
6.091139240506329
15.482151898734179
2.4584810126582273
6.6294936708860766
1.4915189873417722
15.768860759493665
6.470000000000001
5.358101265822785
0.14518987341772155
1.3260759493670886
0.11696202531645569
8.177215189873417
0.4722784810126582
0.0
0.10481012658227848
2.289746835443039
0.39708860759493675
0.002025316455696203
0.009493670886075951
0.538227848101266
7.119493670886077
0.0330379746835443
0.0
0.0
1.77493670886076
10.273417721518987
0.08620253164556962
2.3573417721518988
0.6069620253164558
7.7200000000000015
3.9815189873417722
5.451518987341772
0.0
0.0
1.9758227848101273
0.0
0.0
2.741898734177215
1.027594936708861
1.2712658227848104
37.10860759493671
0.0
0.0036708860759493674
3.790253164556962
0.6737974683544303
0.0
0.20291139240506326
3.1259493670886074
0.0
0.0
0.011645569620253166
8.448354430379748
0.0
0.0470886075949367
0.0
14.524303797468352
13.096582278481014
7.382151898734178
0.009620253164556964
0.0017721518987341774
0.14556962025316453
0.06860759493670886
0.19177215189873423
0.0
0.0
0.0
0.0
0.0
0.0
3.914177215189874
3.7648101265822795
2.9602531645569616
0.0
0.0
2.8972151898734175
10.003037974683545
8.600632911392406
10.548607594936708
6.112151898734178
0.9663291139240505
0.08911392405063291
0.0008860759493670887
0.07417721518987343
0.0
12.99367088607595
10.060253164556961
3.0326582278481014
1.0926582278481014
0.2018987341772152
0.0
0.0
0.25177215189873414
0.2960759493670886
0.0
0.1349367088607595
3.426075949367088
3.154683544303797
0.003291139240506329
0.07746835443037976
0.049746835443037964
0.013037974683544304
0.006708860759493672
0.0010126582278481013
0.008987341772151899
3.19873417721519
1.5418987341772157
8.465949367088609
10.561898734177216
3.723164556962025
3.3577215189873417
6.605822784810127
2.2415189873417725
0.23860759493670888
9.70506329113924
12.50025316455696
8.867341772151898
5.500126582278481
0.10974683544303795
0.04113924050632911
9.227088607594936
0.009240506329113924
0.009240506329113924
0.009113924050632912
0.0
0.0
0.0
0.0
0.0
0.0
0.0
0.0029113924050632916
0.37974683544303794
0.0
0.0
1.4159493670886076
0.23164556962025318
0.0006329113924050633
0.0
0.005822784810126582
0.7746835443037974
10.310379746835443
33.26240506329115
21.751898734177217
11.730506329113924
3.48759493670886
0.92126582278481
0.4017721518987342
0.0
0.03189873417721519
0.4241772151898734
0.49810126582278474
0.0010126582278481013
0.008101265822784812
1.9688607594936707
0.2686075949367088
0.18797468354430377
4.45620253164557
8.751012658227848
5.26873417721519
5.07873417721519
2.6030379746835446
3.81632911392405
9.977974683544305
0.017974683544303798
0.04949367088607594
1.9088607594936706
2.4024050632911393
0.009113924050632912
0.009113924050632912
0.013291139240506329
2.974683544303797
2.4060759493670885
1.8345569620253168
0.20430379746835445
0.017721518987341773
0.002278481012658228
0.0970886075949367
11.683291139240506
3.621518987341772
12.620759493670883
7.360000000000002
3.42
0.9797468354430382
2.5929113924050635
2.1175949367088616
3.208607594936709
2.3997468354430382
10.36721518987342
14.508227848101264
1.9374683544303797
3.425569620253164
11.599240506329114
2.9054430379746834
3.3448101265822787
7.5644303797468355
10.57012658227848
7.251645569620253
2.9305063291139244
6.488354430379746
0.02177215189873418
0.0
0.0
0.048354430379746835
2.589493670886076
3.5677215189873426
6.272911392405064
0.8277215189873419
0.10443037974683549
0.023544303797468354
8.022658227848103
4.233417721518987
9.810886075949368
3.7070886075949367
0.7082278481012658
6.766835443037976
5.326582278481012
3.8702531645569622
0.9869620253164558
0.8865822784810123
2.4486075949367088
0.22645569620253161
10.521518987341771
4.3867088607594935
0.8237974683544304
0.0370886075949367
5.925949367088608
9.898227848101266
6.526075949367088
18.071772151898735
3.56392405063291
12.972151898734177
6.271772151898734
0.8950632911392407
0.139620253164557
0.12177215189873417
8.142278481012658
5.439367088607594
0.2975949367088608
6.554810126582279
2.6999999999999997
19.351645569620256
12.402151898734175
5.067594936708861
2.8222784810126584
0.5950632911392404
0.0949367088607595
28.76177215189874
4.521645569620252
0.008734177215189874
0.0
0.0
1.0883544303797468
0.0
7.032405063291138
11.935949367088607
3.296582278481013
0.0
0.004556962025316457
2.276835443037975
1.2243037974683542
0.008227848101265825
0.0
0.008101265822784812
2.0226582278481007
1.3162025316455699
0.0
4.243164556962024
0.0
0.0
0.0
0.0
0.0
0.0
2.271898734177215
10.786075949367088
0.42063291139240505
0.0720253164556962
0.4372151898734178
5.929746835443039
0.7840506329113924
1.009873417721519
0.004177215189873418
0.0
0.0
0.0
0.0
0.0
0.0
0.0
0.0
0.0
0.4041772151898734
2.2320253164556965
3.2822784810126584
5.469367088607596
7.474430379746834
0.3054430379746836
0.0
0.0
0.007468354430379747
0.28443037974683544
0.0
0.0
2.3674683544303803
0.3507594936708861
0.29860759493670885
2.6736708860759495
1.8922784810126587
8.54898734177215
1.6144303797468358
0.027594936708860752
0.33759493670886076
1.0408860759493672
20.764177215189875
0.3783544303797468
0.3506329113924051
0.020506329113924048
0.04810126582278482
0.9087341772151899
0.008607594936708863
0.0
0.0
0.0
0.0
0.0
0.0
0.0
0.0
1.6160759493670886
4.197974683544304
0.45354430379746835
0.007468354430379747
0.0
0.0
4.735316455696203
6.308354430379747
3.557721518987341
2.809240506329114
4.2275949367088606
1.0594936708860756
0.896835443037975
0.700506329113924
0.09658227848101265
6.947088607594937
0.2708860759493671
0.6379746835443038
0.04341772151898734
0.0
5.686708860759493
0.05392405063291139
9.268860759493672
11.8326582278481
11.467341772151897
35.62316455696203
4.460886075949366
1.6148101265822783
0.04734177215189872
0.008734177215189876
0.5491139240506329
0.07835443037974685
9.399999999999999
2.399620253164557
0.00025316455696202533
6.604050632911393
0.0017721518987341774
0.07050632911392404
5.343291139240506
0.0
0.0
0.07911392405063292
0.49202531645569625
0.4941772151898734
0.0
0.0
0.0
0.0
7.589493670886075
0.010632911392405065
0.005569620253164558
1.532911392405063
0.0
0.0
0.0
0.0
0.0
0.0
0.0
8.035696202531645
1.2886075949367093
2.2951898734177214
3.452911392405064
0.07417721518987341
6.303417721518987
7.13481012658228
0.48797468354430384
0.3559493670886076
0.7022784810126582
1.82
0.0
0.0
10.702784810126586
0.5345569620253163
11.955696202531646
0.038987341772151886
21.056962025316455
0.0
0.0
0.0
0.0
0.0
0.48810126582278485
1.7018987341772154
2.049873417721518
8.63101265822785
2.2220253164556967
3.016582278481012
0.4606329113924051
1.6392405063291136
0.25113924050632913
0.0
0.0
0.15392405063291142
7.735696202531646
2.474810126582278
9.468987341772152
0.4392405063291139
0.0
0.8973417721518987
0.14810126582278477
0.0
0.0
0.0
0.012658227848101266
0.019620253164556962
5.253164556962025
21.964810126582282
13.07101265822785
1.7910126582278483
3.583797468354432
0.006075949367088608
4.707974683544303
1.679493670886076
0.0
0.0611392405063291
0.008734177215189876
0.0
0.026329113924050632
0.15126582278481013
0.5826582278481013
0.6935443037974682
0.0391139240506329
0.008987341772151899
0.036582278481012656
6.822151898734178
0.22924050632911397
0.038481012658227835
2.397848101265823
0.1106329113924051
0.0063291139240506345
0.05518987341772151
0.07240506329113923
0.018607594936708865
3.094177215189874
0.07253164556962023
0.0
0.0
0.0
0.0
0.0
0.0
0.0005063291139240507
0.20240506329113925
0.6545569620253163
4.951265822784809
13.12012658227848
4.3422784810126585
0.15987341772151897
3.233417721518988
7.702151898734176
8.938860759493672
15.419113924050638
0.3355696202531645
3.2240506329113927
1.676835443037975
3.8927848101265825
1.3083544303797467
0.04569620253164557
0.11658227848101269
0.6777215189873418
8.22481012658228
20.258354430379747
0.4015189873417722
1.1336708860759492
8.76
16.56911392405063
0.49202531645569636
7.529873417721518
0.4720253164556962
9.445822784810126
4.7978481012658225
6.214556962025318
7.096455696202532
4.4715189873417724
1.8687341772151895
3.476708860759494
0.0
0.05012658227848102
3.243164556962026
9.396582278481011
21.518734177215187
0.13177215189873423
4.321139240506329
1.0459493670886078
12.328481012658226
14.571898734177212
0.7945569620253164
0.048860759493670886
0.86253164556962
0.17329113924050632
0.006708860759493672
0.1543037974683544
0.2421518987341772
0.5924050632911394
0.027974683544303797
0.1639240506329114
4.408481012658229
11.288734177215192
11.35392405063291
5.193544303797468
2.1936708860759495
0.46316455696202524
2.6973417721518986
0.05012658227848101
2.4793670886075945
0.00037974683544303797
0.5043037974683545
0.0691139240506329
0.008987341772151899
1.1260759493670887
0.1291139240506329
0.0
0.0
1.518227848101266
0.08139240506329115
0.0
0.0
0.0
0.0
0.0
0.0
0.2583544303797468
0.035949367088607596
0.0079746835443038
0.0
0.0
0.0
0.033544303797468346
1.792278481012658
0.05354430379746836
0.02924050632911392
0.000759493670886076
0.0
0.0
0.0
5.847848101265823
4.285822784810128
1.9410126582278482
5.547974683544303
0.6483544303797468
0.999113924050633
4.533924050632912
4.7324050632911385
3.0002531645569612
0.0
0.5184810126582278
1.6968354430379744
0.8197468354430381
2.3502531645569618
5.277341772151899
7.966962025316457
6.543924050632912
7.987468354430376
11.90772151898734
5.364177215189873
0.05670886075949366
0.06367088607594935
0.0
2.777721518987341
2.0013924050632914
0.014430379746835444
0.13582278481012658
5.346582278481012
0.3718987341772152
1.0149367088607595
0.9405063291139242
5.008354430379747
10.983924050632911
1.771012658227848
0.0
0.0
0.04316455696202531
1.6168354430379743
2.845316455696203
0.7026582278481013
14.902405063291148
0.07936708860759495
0.003417721518987342
0.0
0.0
0.10999999999999997
0.0
1.9598734177215191
0.0
0.21265822784810123
1.207341772151899
0.6173417721518986
16.688101265822787
0.3030379746835443
1.5712658227848102
0.3812658227848101
0.0
0.0
0.00037974683544303797
3.8831645569620257
1.2315189873417722
5.1875949367088605
0.5191139240506328
6.165189873417722
2.48379746835443
1.2560759493670888
6.384556962025316
0.10075949367088609
31.35113924050633
21.41025316455696
0.000759493670886076
0.0
0.0
1.966835443037974
2.0435443037974683
3.8182278481012655
0.0
0.0
0.0
0.0
0.0
0.0
1.108354430379747
0.0
0.0
0.0
0.01
15.496708860759497
10.632784810126584
5.599999999999999
0.14101265822784811
6.518101265822784
0.0
0.0
0.0
0.0
0.7025316455696203
0.0
0.0
0.0
0.0
0.0
0.0
0.0
0.0
0.0
1.428101265822785
5.830759493670885
0.003417721518987342
0.0
0.03354430379746834
8.191898734177215
1.8283544303797472
2.3348101265822785
4.721139240506329
7.4768354430379755
0.8884810126582278
0.06493670886075947
4.14379746835443
2.1840506329113922
0.0
0.0
0.0
0.02734177215189873
0.0
0.0
0.0
0.0
0.0
7.018101265822784
1.6181012658227847
8.27379746835443
0.0
0.0
0.9010126582278482
2.6886075949367094
3.3001265822784807
6.009873417721519
0.36772151898734184
28.833797468354433
2.3267088607594935
0.3720253164556962
0.0
0.0
0.0
3.1625316455696204
6.018101265822785
6.279620253164558
0.0
0.0
0.0
0.4250632911392406
0.5656962025316455
0.6040506329113925
0.0
0.22164556962025314
0.0015189873417721519
0.0
0.0
0.0
0.4060759493670886
7.10873417721519
11.091518987341773
9.987594936708861
3.847721518987342
0.00037974683544303797
0.0
0.00037974683544303797
0.23810126582278485
6.623797468354431
6.445189873417721
1.066329113924051
0.92253164556962
0.0
0.0
0.9310126582278483
7.48126582278481
19.21594936708861
0.0
0.0
0.9431645569620254
0.9505063291139243
0.0
0.0
0.00037974683544303797
2.931898734177215
0.36810126582278485
0.0
0.0
0.0
1.0879746835443036
5.715949367088609
0.0
0.0
4.144430379746836
4.761645569620254
10.361772151898734
5.631265822784811
0.0
0.0
0.0
0.45822784810126577
0.31569620253164554
0.761645569620253
0.0
0.0
0.0
0.0
0.0
0.0
0.0
1.4135443037974684
0.0
13.698227848101267
10.217088607594938
19.678607594936704
0.7386075949367088
0.0
0.0
2.1920253164556964
0.08670886075949367
0.0
0.0
9.581012658227849
12.165949367088606
0.23329113924050632
1.213164556962025
1.6505063291139241
0.11126582278481013
0.09455696202531645
1.7716455696202524
0.7908860759493671
2.4454430379746834
0.09468354430379747
0.003417721518987342
0.0
13.4526582278481
23.49962025316456
2.108227848101266
9.288481012658231
2.770506329113924
2.499113924050633
1.610759493670886
1.30873417721519
2.7967088607594937
1.4613924050632912
0.03278481012658228
0.0
0.0
0.0
5.324556962025317
0.0
0.0
0.0
0.0
0.0
0.0
0.0
3.3697468354430375
7.384050632911391
10.215949367088607
7.1844303797468365
35.10088607594936
7.151012658227847
6.03493670886076
7.547215189873418
0.40886075949367096
5.568987341772151
0.0581012658227848
1.211645569620253
0.017468354430379748
0.0
0.0
0.0
0.0
0.0
0.003291139240506329
0.0
0.0
0.0
0.0
0.0
2.488481012658228
5.212025316455696
0.05126582278481012
2.1478481012658226
0.20088607594936708
1.9074683544303797
2.0245569620253163
0.0
0.0
0.0
0.005822784810126583
0.007848101265822785
0.003924050632911393
0.09670886075949366
0.5201265822784811
1.2278481012658227
0.09658227848101265
0.1549367088607595
0.28886075949367085
0.02455696202531646
0.3924050632911392
3.9236708860759504
15.204430379746837
15.012784810126583
34.58417721518987
8.041012658227848
3.9817721518987335
14.785316455696204
8.868607594936707
25.578101265822784
4.654810126582278
22.170126582278478
2.817721518987342
2.936329113924051
0.0
0.001518987341772152
0.008987341772151899
0.008987341772151899
0.003417721518987342
0.0
0.005443037974683545
