1.2030097087378642
1.3334951456310682
0.7628155339805825
0.023398058252427172
0.0
0.019029126213592235
0.01233009708737864
1.0637864077669903
3.2430097087378638
7.114174757281552
5.51883495145631
2.2632038834951453
1.3594174757281552
0.74
0.07485436893203883
0.02951456310679612
0.0014563106796116507
0.0
0.033300970873786404
0.015728155339805826
0.05135922330097087
1.1622330097087379
3.526019417475729
0.8218446601941748
0.0875728155339806
0.004271844660194175
2.46873786407767
0.816990291262136
2.413883495145631
3.7201941747572818
1.233883495145631
11.22388349514563
6.761747572815535
0.0036893203883495156
1.1080582524271843
0.03718446601941747
0.768252427184466
4.893300970873787
0.22854368932038835
0.0
1.519417475728155
7.495436893203883
3.523300970873786
2.0560194174757287
3.7874757281553397
0.8597087378640776
0.9750485436893205
1.4825242718446598
0.009902912621359224
0.0
0.0
0.012038834951456311
0.8223300970873787
2.775728155339805
0.440388349514563
0.0
0.0
0.06679611650485437
0.2727184466019417
0.2914563106796117
0.5281553398058254
2.180291262135922
8.059902912621359
0.15621359223300968
1.6850485436893208
0.8007766990291265
3.324563106796116
20.453786407766987
2.325436893203883
15.320097087378642
2.5003883495145627
6.866407766990291
8.779708737864077
0.5400970873786407
2.8169902912621367
0.20009708737864085
2.9285436893203887
0.09174757281553396
1.4374757281553396
2.5679611650485437
2.4897087378640776
0.5398058252427186
0.2193203883495146
6.986407766990291
7.998446601941746
2.5349514563106794
8.126601941747571
6.154854368932037
7.916019417475728
2.8426213592233007
4.301067961165049
8.373495145631066
3.7897087378640775
1.9354368932038837
1.5709708737864079
4.701553398058253
3.4766019417475733
0.28805825242718447
0.0
0.0
0.0
0.007864077669902913
0.0
0.015436893203883499
1.3631067961165046
15.108349514563109
0.3580582524271846
0.0
0.0
2.1666990291262134
4.332718446601942
9.733398058252428
11.698543689320392
0.8558252427184468
4.229223300970874
0.04893203883495146
0.025922330097087377
0.042912621359223295
6.758349514563106
7.646796116504855
5.3187378640776695
0.6068932038834952
1.3563106796116504
3.431456310679611
4.477864077669902
0.8985436893203883
0.0
0.0
0.04407766990291262
0.04145631067961164
14.164077669902909
0.04407766990291261
0.0
0.008932038834951457
0.0003883495145631068
0.04058252427184466
0.49902912621359236
4.088446601941747
0.04174757281553397
0.0003883495145631068
0.0
0.042524271844660184
6.6062135922330105
1.4837864077669904
4.716796116504854
0.6347572815533982
6.805825242718447
0.0
0.0
0.0
0.029708737864077666
7.9876699029126215
0.1087378640776699
9.70873786407767e-05
0.021359223300970877
4.972038834951458
1.3186407766990291
4.944854368932039
0.044174757281553394
0.0
0.007864077669902913
0.6556310679611651
9.891844660194177
0.9419417475728155
8.895339805825241
7.183592233009708
0.8322330097087378
0.17427184466019421
0.17572815533980587
0.010679611650485438
0.0
0.6997087378640777
12.547572815533982
1.6663106796116498
0.518252427184466
0.21747572815533983
1.4187378640776698
15.951553398058252
0.05339805825242718
0.1870873786407767
0.230873786407767
0.007184466019417478
0.0
0.0
0.0
0.0
0.0
5.8406796116504855
8.709417475728156
5.722135922330097
0.01320388349514563
0.0
0.5440776699029126
29.49825242718447
0.4188349514563106
0.21106796116504856
2.644563106796116
1.83252427184466
0.29776699029126213
0.8959223300970875
0.07533980582524272
1.168349514563107
0.23475728155339806
0.43077669902912624
0.32669902912621357
0.03553398058252426
0.2568932038834952
0.017669902912621358
1.9304854368932043
23.812718446601945
0.8544660194174757
11.481747572815536
2.024757281553398
11.699514563106797
0.2852427184466019
5.530194174757281
0.031941747572815524
0.0
0.0012621359223300972
2.0332038834951454
17.069708737864076
3.7193203883495145
0.5151456310679612
0.8040776699029125
0.14796116504854367
0.0
0.4280582524271845
0.10660194174757281
0.12300970873786406
0.09203883495145632
5.425436893203884
0.6411650485436893
2.4159223300970876
0.5137864077669904
1.623592233009709
2.304854368932039
4.126504854368932
3.4146601941747567
0.176504854368932
0.019708737864077668
0.0
0.0
0.0
0.0
8.186796116504857
9.088446601941747
0.17407766990291262
0.0
0.00048543689320388353
0.010679611650485438
0.04766990291262136
5.850970873786408
0.0836893203883495
0.0
0.029708737864077666
0.0
0.11776699029126211
0.010970873786407768
0.0
0.0
0.039805825242718446
2.063300970873786
11.173980582524273
0.08126213592233009
0.06961165048543687
0.016504854368932037
0.020679611650485437
0.0
0.0
0.03126213592233009
0.18466019417475726
0.0
0.0015533980582524275
0.0
0.0
0.009029126213592234
0.017766990291262136
2.4778640776699032
0.08699029126213591
0.028349514563106797
0.0
0.0
0.0
0.04174757281553398
0.4057281553398058
0.40514563106796125
1.2163106796116507
0.14689320388349517
3.995825242718447
0.18563106796116505
0.9871844660194176
0.0
0.0
0.0
0.0
0.0
0.0
0.29543689320388344
0.0
0.03611650485436894
0.6910679611650486
1.8571844660194177
0.0296116504854369
8.73757281553398
3.430194174757281
1.3910679611650485
0.1320388349514563
12.803106796116507
10.971553398058253
7.698834951456309
13.838737864077668
22.195436893203883
0.48203883495145644
1.0654368932038834
0.24912621359223305
11.14854368932039
1.6560194174757275
1.7941747572815532
7.126893203883493
0.1059223300970874
0.0
0.041650485436893196
0.002330097087378641
0.0043689320388349525
0.13310679611650483
0.0
0.029417475728155333
0.6600970873786407
0.014563106796116507
2.7741747572815534
1.2441747572815534
0.0616504854368932
0.027766990291262138
1.146019417475728
3.880679611650485
0.0019417475728155341
0.0
0.009126213592233012
4.186310679611651
3.6593203883495136
1.4897087378640779
3.0312621359223297
13.969708737864076
41.29242718446602
14.187184466019417
0.37359223300970873
14.136990291262137
6.423592233009709
8.314563106796117
2.1134951456310676
18.25766990291262
2.9507766990291255
1.8505825242718443
0.3481553398058252
0.03640776699029126
0.04145631067961165
0.4053398058252426
2.247378640776699
0.5497087378640776
0.029708737864077666
0.24184466019417475
4.483980582524272
11.416699029126214
3.707961165048544
1.5734951456310682
2.485339805825243
0.6558252427184466
0.22640776699029128
4.723398058252427
1.499805825242718
5.357087378640776
1.2875728155339807
0.00941747572815534
0.029999999999999995
9.70873786407767e-05
0.015145631067961166
0.0
0.0
0.0
0.0001941747572815534
0.016601941747572818
0.0
0.0
0.0
0.0
6.028058252427185
4.618834951456312
6.231747572815533
0.1658252427184466
2.4169902912621355
2.5809708737864074
1.1798058252427184
1.0891262135922328
0.9259223300970876
10.297087378640773
20.79378640776699
3.618543689320389
16.766601941747574
17.141359223300974
7.635825242718448
9.248252427184465
4.522038834951456
2.036893203883495
0.24456310679611648
0.09310679611650487
1.2940776699029128
3.736504854368932
0.20660194174757282
0.07650485436893203
0.0
1.936019417475728
1.1675728155339804
0.010776699029126214
0.0
0.0
0.0
0.0
0.0
0.0
0.0
0.0
0.0
0.003592233009708738
0.35592233009708746
1.401067961165049
0.2331067961165048
1.1804854368932038
0.989902912621359
0.6197087378640778
0.12174757281553403
10.250873786407768
1.57495145631068
0.3031067961165048
0.013300970873786408
1.5893203883495144
1.3954368932038832
2.2201941747572818
0.452135922330097
0.1196116504854369
0.0
0.0
0.0
0.019417475728155338
0.1853398058252427
0.1345631067961165
0.7178640776699029
0.23009708737864076
0.0
0.016116504854368933
0.6742718446601941
4.274077669902914
7.483009708737863
4.4847572815533985
4.798640776699029
1.3384466019417478
8.836601941747572
8.580194174757281
3.523203883495146
3.7846601941747577
1.2958252427184462
0.12203883495145633
0.028349514563106783
0.5405825242718447
3.206310679611651
5.920485436893202
2.2092233009708737
0.0
0.0
0.0
0.0
0.0
0.0
0.004951456310679612
0.5711650485436893
3.0348543689320393
2.583689320388349
0.7843689320388347
1.1254368932038834
0.7656310679611651
8.249902912621359
13.25019417475728
0.3375728155339805
5.19388349514563
0.20970873786407754
1.770873786407767
0.0
0.0
0.14019417475728158
9.40621359223301
0.49776699029126215
0.0
0.17504854368932032
0.30893203883495146
3.839417475728156
0.0
0.0
0.0
0.0
0.0
0.0
0.0
0.0010679611650485435
0.014660194174757283
0.008155339805825243
0.04145631067961164
1.6948543689320386
0.029708737864077663
0.009514563106796117
0.048446601941747575
0.13932038834951457
0.011553398058252428
0.006601941747572816
1.7898058252427185
1.4506796116504856
28.04233009708738
0.38932038834951443
4.084854368932039
3.0798058252427185
0.0017475728155339808
0.008058252427184468
0.0
0.0
0.02650485436893204
8.37621359223301
0.20300970873786411
4.0596116504854365
14.292233009708736
0.25621359223300977
0.0051456310679611665
0.07485436893203884
18.806213592233007
0.6491262135922331
0.5853398058252426
2.2145631067961165
2.6432038834951452
3.486310679611651
2.7192233009708744
0.639514563106796
3.1226213592233014
1.1083495145631066
8.212135922330098
4.662233009708737
6.953398058252429
5.722912621359224
11.08310679611651
3.6016504854368923
0.7901941747572814
16.889223300970876
9.446310679611653
8.388058252427184
1.450873786407767
5.7326213592233
2.5133980582524265
7.176699029126213
0.5230097087378641
0.643495145631068
10.096504854368934
15.599223300970877
7.647184466019417
5.279514563106795
11.341941747572816
10.694466019417478
0.11961165048543691
0.010388349514563106
4.8757281553398055
6.293592233009709
6.313398058252425
18.360970873786407
0.016407766990291263
0.0
0.0
0.0
0.0
4.79873786407767
0.3179611650485437
0.020873786407766992
0.6414563106796116
0.017864077669902913
0.0
0.0
1.402621359223301
0.0008737864077669903
0.1578640776699029
0.0
0.0
1.6263106796116507
0.0018446601941747578
0.007572815533980583
8.210388349514563
6.49233009708738
0.0
0.0
0.0
0.4906796116504853
7.144854368932038
2.097184466019417
3.7230097087378637
0.052233009708737864
1.1768932038834952
1.670970873786408
0.6016504854368931
1.142621359223301
0.09174757281553397
0.0
0.0
0.013689320388349515
7.711359223300972
12.708737864077673
6.231747572815533
0.9071844660194177
0.0
0.0
0.03155339805825243
3.7879611650485434
1.9740776699029128
0.0
11.644466019417472
3.568932038834951
3.2725242718446603
2.3449514563106795
7.135825242718446
4.418155339805827
1.3932038834951457
0.012330097087378642
0.059902912621359224
1.9693203883495145
0.0
0.0
0.0
0.014660194174757283
0.013203883495145634
6.2453398058252425
0.4481553398058252
2.5192233009708738
0.0
0.009223300970873786
0.00048543689320388353
9.70873786407767e-05
0.055436893203883494
1.9730097087378644
0.015533980582524275
0.0
0.052912621359223304
0.3939805825242718
3.722815533980583
19.619611650485435
0.9112621359223302
0.7527184466019416
0.018446601941747572
0.8215533980582523
0.038737864077669895
1.023009708737864
0.03388349514563106
0.07689320388349513
1.5908737864077673
6.303980582524272
0.602621359223301
2.0837864077669903
0.0
0.007087378640776699
0.15572815533980583
10.31242718446602
6.461067961165048
0.41398058252427195
0.0766019417475728
0.4545631067961165
0.12252427184466019
3.1784466019417477
0.0039805825242718446
0.005825242718446603
0.0
0.0
0.0884466019417476
0.07378640776699028
0.36155339805825243
5.002718446601942
0.4410679611650487
0.22029126213592234
0.024563106796116504
0.05300970873786407
0.5370873786407766
0.05611650485436894
0.031650485436893194
1.6775728155339802
9.28242718446602
8.850388349514564
4.913786407766992
0.8992233009708737
2.0788349514563107
0.015922330097087378
0.018155339805825243
0.018446601941747576
0.0
0.01
6.731844660194175
0.3718446601941747
1.0411650485436894
5.165436893203884
4.299223300970874
1.1234951456310678
0.41194174757281554
2.7080582524271852
3.130291262135922
3.4823300970873796
9.443203883495146
1.4742718446601941
0.059805825242718456
0.14592233009708738
0.007572815533980583
0.01737864077669903
0.5390291262135922
0.3048543689320388
14.323592233009713
12.275339805825244
5.4221359223300984
0.09660194174757278
0.7630097087378642
4.6976699029126205
0.01679611650485437
3.1724271844660206
0.7580582524271845
1.684757281553398
2.616310679611651
0.4857281553398057
3.037281553398058
1.606504854368932
0.10029126213592233
0.011747572815533982
0.25242718446601936
0.6840776699029125
1.8671844660194175
6.251844660194175
12.824951456310682
13.484854368932039
2.8577669902912612
3.147669902912621
1.134368932038835
0.9396116504854367
0.14475728155339807
3.270388349514563
1.8937864077669904
0.10009708737864075
3.61504854368932
0.3052427184466019
16.222427184466017
3.552427184466019
9.143980582524271
3.5816504854368936
2.7041747572815535
5.734466019417476
0.494368932038835
0.01572815533980583
0.0003883495145631068
0.0
0.31893203883495147
0.7636893203883494
0.20106796116504855
0.0
0.0
0.0
0.0
0.0
0.008640776699029127
0.030776699029126216
10.053300970873787
4.318543689320388
2.7690291262135927
3.9596116504854373
1.207766990291262
0.3907766990291262
0.16165048543689323
2.0355339805825237
2.1074757281553396
1.1122330097087376
0.009320388349514565
0.0
0.0
0.003106796116504855
0.38000000000000006
1.2714563106796117
0.41135922330097086
0.761359223300971
0.036213592233009705
0.00048543689320388353
0.0
0.0
0.0
0.0
0.0
2.5727184466019417
1.428640776699029
6.336213592233011
3.1290291262135925
0.29019417475728154
0.5694174757281552
1.545145631067961
4.729223300970873
6.257669902912621
15.259126213592236
11.120582524271846
3.8833009708737865
1.3239805825242719
3.742815533980583
1.9044660194174756
0.9249514563106794
2.9546601941747572
1.7235922330097087
0.08883495145631067
0.055631067961165036
0.16592233009708737
0.0022330097087378646
1.6375728155339804
19.264757281553397
2.3043689320388347
6.228834951456311
6.893009708737864
0.0
0.0
0.0
0.05417475728155341
0.0
0.0
0.014854368932038835
0.007961165048543689
0.4385436893203885
0.5164077669902913
0.00592233009708738
0.47126213592233
0.358252427184466
0.00029126213592233006
0.0
0.0
0.039999999999999994
0.0043689320388349525
0.0
0.045728155339805815
0.0549514563106796
0.0009708737864077671
0.8071844660194175
1.251747572815534
0.04388349514563106
0.0
0.6307766990291264
2.466407766990291
0.030097087378640773
0.0
0.017184466019417477
29.132135922330097
1.0555339805825243
2.794854368932038
10.810097087378645
5.237184466019417
0.15019417475728156
0.031359223300970865
2.198252427184466
1.1498058252427186
1.9641747572815533
0.007572815533980584
0.0
0.0
0.0
3.7551456310679616
4.298543689320389
6.291650485436891
0.034077669902912625
0.10300970873786407
4.549320388349516
1.6413592233009708
0.014368932038834952
0.002038834951456311
0.0
0.08097087378640774
1.7566019417475722
1.512427184466019
3.0254368932038838
1.8595145631067957
12.236796116504857
21.399126213592233
2.221844660194175
11.624174757281551
0.1203883495145631
2.129417475728155
3.6529126213592233
2.040388349514563
45.21077669902912
1.062621359223301
0.22
0.23825242718446604
4.978932038834952
0.6128155339805825
1.9766990291262132
0.15048543689320387
0.15417475728155336
0.46912621359223294
0.0
0.0077669902912621365
1.748349514563107
0.27980582524271846
10.930485436893205
3.927766990291262
0.23504854368932043
6.764466019417476
5.917766990291262
0.1960194174757282
0.20446601941747564
0.0
1.6966019417475728
9.607281553398058
0.06737864077669903
16.29970873786408
5.64155339805825
0.5768932038834952
0.2415533980582524
2.073980582524272
5.221747572815535
0.14475728155339807
0.0
0.0
0.0
0.0
0.0
0.29640776699029125
3.9790291262135926
0.3924271844660194
0.7162135922330098
0.11689320388349513
0.022524271844660198
1.5208737864077668
1.7681553398058252
5.150776699029126
1.1710679611650485
2.7756310679611653
15.57504854368932
16.81252427184466
5.4845631067961165
1.5415533980582525
11.223398058252432
8.56893203883495
0.18466019417475735
0.3364077669902914
0.0
0.12
0.724757281553398
0.16689320388349516
4.437961165048543
0.18563106796116505
0.0
0.0
0.0
12.145145631067964
0.5679611650485439
31.042427184466018
48.44145631067962
5.534563106796116
0.00679611650485437
0.0
0.0
0.0
0.24009708737864077
0.0
0.0
6.111941747572814
11.376504854368934
0.6640776699029125
0.4068932038834952
2.5841747572815534
0.02194174757281552
0.36009708737864066
4.113203883495146
1.893203883495146
0.03815533980582525
0.03922330097087378
0.0
0.0
0.0
0.0
0.0
0.0
0.0
0.0
0.0052427184466019424
1.1580582524271845
0.00048543689320388353
0.0014563106796116507
0.4767961165048544
0.5009708737864079
0.010776699029126214
0.7231067961165047
2.5730097087378643
1.739514563106796
0.9567961165048545
2.6783495145631067
3.6238834951456322
0.29640776699029125
3.0408737864077673
8.632815533980583
2.415339805825243
0.057766990291262144
0.8862135922330098
0.05601941747572816
0.9243689320388349
10.518252427184464
0.9627184466019418
0.0
0.024077669902912612
2.035922330097087
9.523300970873786
1.2951456310679612
1.7913592233009707
0.4400000000000001
1.5371844660194178
0.0
11.076407766990295
21.80281553398058
5.441844660194175
6.486601941747573
2.375339805825242
4.38621359223301
16.707572815533982
0.27611650485436884
2.6963106796116514
8.071067961165047
1.4781553398058256
9.384660194174756
0.42980582524271843
0.08631067961165047
0.03300970873786407
0.45300970873786406
1.47495145631068
0.015048543689320392
0.4576699029126214
5.549126213592232
4.49242718446602
3.3683495145631075
1.6667961165048548
1.8413592233009706
2.29
0.1815533980582524
0.06330097087378642
1.5665048543689322
0.9870873786407766
0.49145631067961165
0.8867961165048543
0.8184466019417476
0.439514563106796
4.062621359223302
2.157961165048544
3.0826213592233014
0.780873786407767
0.007087378640776701
0.0034951456310679616
0.6210679611650486
8.755631067961165
2.6024271844660194
1.869126213592233
3.6710679611650487
0.02922330097087378
2.562815533980582
0.3957281553398059
5.240388349514562
7.813106796116507
12.569611650485438
1.033106796116505
3.3167961165048543
14.505436893203884
2.6966019417475735
0.9379611650485435
17.383009708737866
7.030291262135924
2.1351456310679615
8.884660194174756
8.117669902912622
29.56184466019417
8.401359223300972
0.8994174757281553
10.412135922330096
0.46728155339805816
1.4633009708737863
5.254368932038834
2.149126213592233
0.042038834951456314
0.22174757281553398
5.010776699029126
0.6032038834951456
0.06475728155339806
2.050097087378641
1.4933009708737857
1.09378640776699
2.1488349514563105
1.645922330097087
0.8657281553398058
0.2510679611650485
0.9992233009708738
0.8463106796116505
9.012330097087379
1.8879611650485437
0.29699029126213594
1.446019417475728
1.7728155339805827
5.7327184466019405
16.108737864077668
0.7015533980582526
0.09029126213592233
0.10126213592233009
5.438349514563107
3.6140776699029122
8.675728155339808
0.020388349514563107
0.0
0.0
0.0
0.0
0.0
0.0
0.0
0.0008737864077669904
0.23922330097087377
0.6711650485436893
1.0936893203883493
0.14854368932038833
0.6805825242718445
0.6974757281553399
0.4634951456310679
7.647378640776698
8.824368932038835
10.71902912621359
0.6565048543689321
0.0
0.0
0.0
0.0
0.0015533980582524273
2.0358252427184467
2.8058252427184467
3.7329126213592234
0.15242718446601944
0.011165048543689321
0.0
0.0009708737864077671
0.016407766990291263
0.04233009708737864
0.1932038834951456
0.0011650485436893203
9.70873786407767e-05
0.0
0.0
0.0
0.0
0.8116504854368931
0.841359223300971
0.0
0.01679611650485437
0.0
0.0
1.3083495145631068
8.270291262135922
3.7493203883495148
15.56922330097087
2.030776699029126
0.23077669902912623
0.0
0.0
0.0
0.08524271844660192
17.38572815533981
2.1191262135922333
5.807281553398057
1.9393203883495145
0.07805825242718446
0.08165048543689318
4.395145631067961
5.828155339805826
0.3036893203883495
0.05067961165048543
1.3133980582524272
0.008155339805825243
0.2312621359223301
0.0
0.0
0.0
0.0
0.0043689320388349525
0.11514563106796118
0.8263106796116504
0.0
0.0
0.0
2.027087378640777
0.07174757281553397
0.12893203883495144
0.0
0.96621359223301
23.554271844660192
10.91291262135922
1.5055339805825243
0.9486407766990294
1.6496116504854375
1.60495145631068
0.7930097087378641
0.0
0.0
0.0
0.0
0.0
0.0
0.0
0.002330097087378641
0.0
14.412038834951453
3.761941747572816
0.13145631067961167
0.3041747572815534
0.12825242718446606
0.5362135922330097
4.305533980582524
3.3906796116504854
4.136019417475728
0.008640776699029126
0.00029126213592233006
2.6509708737864086
3.0148543689320384
7.638737864077671
2.934368932038835
0.0
2.3903883495145632
24.49378640776699
4.096116504854368
0.0
0.0
0.0
0.0
0.07902912621359223
0.24155339805825246
0.6639805825242718
0.0466019417475728
0.5297087378640777
0.6824271844660195
0.5555339805825243
7.1667961165048535
1.8804854368932042
0.0
0.0
0.039320388349514554
0.06456310679611652
0.0
0.0
0.0
0.0
0.0
0.007475728155339806
0.0
0.4133980582524271
2.199417475728155
0.436504854368932
1.3463106796116504
0.0
0.015436893203883495
14.301262135922327
5.214466019417475
4.07271844660194
1.0926213592233012
0.04495145631067961
4.531747572815533
0.049611650485436885
3.4497087378640776
2.7810679611650486
0.000679611650485437
0.018737864077669905
1.2964077669902914
1.2844660194174753
0.575631067961165
1.5091262135922336
3.3554368932038843
4.322718446601941
2.653300970873786
8.097572815533981
0.879611650485437
0.022815533980582517
0.27893203883495143
9.283203883495144
0.40223300970873777
0.007961165048543689
0.08854368932038838
0.0
0.0
0.0
0.0
0.0
0.0
0.0
0.0
2.657766990291263
0.02233009708737864
0.0
0.0
0.0
0.0
6.2546601941747575
10.45087378640777
0.6760194174757281
7.549708737864079
8.09640776699029
0.31951456310679616
0.40582524271844655
5.675825242718446
0.0
0.0
0.059126213592233016
0.05398058252427185
0.006116504854368933
3.064466019417476
0.1533009708737864
0.9835922330097087
5.761165048543688
3.1702912621359225
3.26864077669903
0.10330097087378634
0.0003883495145631068
0.0077669902912621365
1.8841747572815533
0.9567961165048543
0.5638834951456311
0.30456310679611653
0.0
1.6432038834951455
8.580873786407768
0.6932038834951458
4.9551456310679605
0.03864077669902912
0.0
0.8003883495145631
0.831650485436893
0.34223300970873793
1.949708737864077
0.3902912621359223
0.07466019417475728
0.0
0.16708737864077675
0.0
0.0
0.3474757281553398
0.0
0.000970873786407767
3.038640776699029
0.6914563106796117
0.0
0.0
0.0
0.0
0.0
0.0
0.0
0.0
0.0
0.0
0.0
0.03961165048543688
0.0
0.04514563106796115
11.37135922330097
0.6466019417475729
0.5681553398058252
0.04223300970873786
0.006213592233009709
4.719320388349514
0.0
0.0
0.0
3.011844660194174
0.05970873786407766
0.00029126213592233006
9.70873786407767e-05
0.0
5.629126213592234
23.64592233009709
56.52854368932037
6.223786407766991
2.6754368932038832
3.5567961165048545
9.749514563106798
8.49233009708738
12.841165048543688
11.51582524271845
0.5898058252427183
0.11106796116504858
2.3134951456310677
0.23048543689320392
0.05941747572815534
0.0017475728155339806
0.011553398058252428
0.0
8.12718446601942
1.0062135922330098
0.007475728155339807
0.057281553398058266
0.2062135922330097
0.02504854368932038
0.0003883495145631068
0.0
0.0
0.0009708737864077671
0.007281553398058253
0.009320388349514562
0.07718446601941747
0.00048543689320388353
0.008349514563106796
0.09563106796116505
0.3653398058252427
0.03097087378640776
0.13320388349514564
0.09640776699029126
8.023203883495146
3.438640776699029
4.738543689320388
0.3742718446601941
7.369320388349515
8.662718446601941
7.364951456310679
1.8996116504854368
0.11883495145631066
0.1660194174757282
5.427184466019414
0.17087378640776693
1.4689320388349514
0.38815533980582534
0.0039805825242718446
3.1630097087378637
0.006213592233009709
0.0
0.0
0.0
0.007378640776699029
0.007961165048543689
0.07990291262135925
1.2559223300970874
3.726893203883495
9.769126213592232
2.242233009708738
8.855825242718446
8.345728155339808
2.0783495145631075
10.481456310679611
0.44689320388349507
3.0660194174757276
22.349999999999994
3.549902912621358
1.9425242718446603
0.49126213592233003
7.699514563106796
13.645728155339809
5.029611650485437
2.839417475728155
1.8931067961165047
1.2764077669902916
0.26582524271844665
1.5293203883495141
5.777184466019418
1.5456310679611656
0.0005825242718446601
0.0
0.0
0.8843689320388352
0.9366990291262137
11.61388349514563
9.27126213592233
6.858155339805825
3.3734951456310687
1.3919417475728155
1.429029126213592
2.9498058252427195
0.6371844660194173
0.19194174757281554
0.002524271844660195
2.7721359223300963
7.148543689320389
6.650679611650485
3.225922330097087
0.3900970873786409
3.2855339805825245
2.8632038834951463
1.9146601941747574
0.33699029126213587
0.016893203883495144
0.0003883495145631068
0.07660194174757282
1.2230097087378642
0.5918446601941747
1.9233009708737863
8.34660194174757
1.8741747572815537
7.618543689320389
8.300194174757282
11.156699029126214
1.5006796116504855
2.5488349514563104
0.3048543689320389
6.8423300970873795
4.4770873786407765
1.510679611650485
0.1642718446601942
0.07864077669902912
0.13310679611650486
0.2841747572815534
0.8302912621359222
0.006116504854368933
0.0
0.0
0.0
0.032330097087378634
0.0
0.11058252427184469
0.5619417475728155
0.0
0.0
0.0
0.0
2.7085436893203885
4.877669902912622
5.610679611650485
2.513300970873786
2.15368932038835
0.044174757281553394
0.011067961165048542
0.0
0.00029126213592233006
0.0141747572815534
0.04116504854368933
0.0047572815533980595
0.0
0.0
0.016019417475728156
0.00029126213592233006
0.4720388349514564
2.8810679611650487
1.875728155339806
0.04291262135922331
3.1874757281553405
4.7594174757281555
5.208834951456311
2.1225242718446604
5.249126213592232
11.000194174757281
6.635728155339806
5.6551456310679615
4.915922330097088
3.879417475728155
2.964368932038835
3.7248543689320393
0.5445631067961165
3.224660194174757
3.2042718446601937
7.065922330097087
14.49757281553398
0.09281553398058251
1.0475728155339807
8.141650485436893
5.966310679611649
7.8180582524271856
18.53368932038835
1.037766990291262
6.569514563106795
4.2071844660194175
9.020097087378641
1.469417475728155
4.5274757281553395
1.6307766990291266
0.0
0.0
0.1297087378640777
13.834951456310677
0.007184466019417476
0.16650485436893203
0.029126213592233014
7.996310679611651
0.06766990291262136
1.9429126213592234
2.5131067961165052
1.0366990291262137
1.2326213592233008
1.2345631067961165
1.8685436893203884
3.8518446601941743
5.892330097087379
1.582718446601942
2.3593203883495146
0.017669902912621358
0.0011650485436893205
7.206699029126215
1.1755339805825245
0.6819417475728157
1.6750485436893208
1.369320388349515
2.794271844660195
2.8398058252427183
4.162233009708737
1.9385436893203887
0.16883495145631072
0.44495145631067967
0.010291262135922331
2.814854368932038
0.0
0.7917475728155341
1.1528155339805826
29.326699029126214
9.023009708737865
21.764077669902914
3.7397087378640776
7.873300970873787
4.141747572815534
3.5100000000000002
0.22
0.0
5.6993203883495145
0.15864077669902915
0.0
0.010194174757281554
0.024563106796116493
0.02029126213592233
0.03427184466019417
0.12524271844660195
0.3424271844660194
0.0
0.0
0.0011650485436893205
0.1309708737864078
0.4725242718446602
0.4516504854368933
0.10893203883495146
0.0
9.70873786407767e-05
0.0
0.0
4.4544660194174766
0.015048543689320392
0.0
0.0
6.776504854368933
1.9196116504854375
2.0139805825242716
0.02135922330097087
0.1649514563106796
2.9283495145631075
1.905533980582524
0.04533980582524272
0.0
0.0
0.0828155339805825
0.18718446601941752
0.7290291262135922
3.6852427184466023
0.0
0.0
0.0
0.0
0.0
0.0
0.012135922330097089
9.803398058252426
0.34262135922330106
13.827669902912621
8.777281553398058
0.0
0.0
0.0
0.03854368932038834
0.22407766990291264
0.0
0.0
0.11737864077669903
0.0233009708737864
0.0
0.0
0.0
3.4899029126213597
1.861456310679612
2.140970873786408
6.182038834951456
17.73378640776699
9.840388349514564
0.03048543689320389
0.04796116504854367
0.0051456310679611665
0.006796116504854369
0.8822330097087381
0.0
0.011359223300970875
0.0
0.0
0.13427184466019418
0.6966019417475728
0.0
0.0
0.0
4.062135922330097
3.6753398058252422
1.4047572815533986
0.0015533980582524275
0.0
0.0
0.0
0.0
0.0
0.0
0.0
1.5108737864077668
0.44087378640776687
5.5293203883495154
0.05728155339805824
0.0
0.0
0.0
0.8751456310679612
12.781553398058252
16.32640776699029
2.986504854368932
2.444757281553398
4.494077669902912
5.995728155339806
15.038155339805828
3.0841747572815525
0.8135922330097086
0.03854368932038833
7.853300970873787
0.38854368932038835
4.605728155339806
0.029708737864077663
0.004271844660194176
1.4471844660194175
0.0
0.0
0.0
0.0
0.00912621359223301
0.0
0.09067961165048546
5.024174757281553
0.052038834951456316
0.0
0.0
0.0
0.9040776699029127
9.36233009708738
2.03883495145631
2.539320388349515
1.8429126213592233
0.04475728155339805
0.0720388349514563
3.6990291262135915
2.1790291262135923
10.775533980582528
0.4481553398058253
2.181456310679612
2.758640776699029
0.0029126213592233015
0.0
0.0
0.0
0.0
0.03339805825242718
0.01242718446601942
0.0
1.4474757281553396
1.143009708737864
0.021165048543689315
0.957766990291262
0.06563106796116502
0.009029126213592234
0.0008737864077669903
0.00048543689320388353
0.04796116504854368
0.015825242718446604
0.004174757281553399
0.0072815533980582535
0.015922330097087378
0.009708737864077669
0.0
0.0
0.0
0.04252427184466019
0.7254368932038835
0.1395145631067961
0.22252427184466014
0.49805825242718443
0.1771844660194175
0.3551456310679611
0.4850485436893204
0.0
0.0
1.7001941747572815
15.521650485436895
23.37436893203883
14.016019417475725
4.115339805825243
2.357961165048544
2.2066019417475733
0.12233009708737866
0.0
0.0
0.007475728155339806
0.5431067961165048
3.8957281553398055
1.2465048543689319
1.1288349514563107
2.0737864077669905
2.236310679611651
1.058252427184466
0.0
0.005533980582524273
0.0
0.0
0.0
0.090873786407767
3.6241747572815526
1.0805825242718445
0.8031067961165048
0.1879611650485437
3.598640776699029
0.5642718446601942
2.0566019417475725
11.74650485436893
8.910485436893206
0.01883495145631068
0.06660194174757281
0.004174757281553399
0.05281553398058251
0.0
1.9750485436893204
11.343106796116505
10.50339805825243
4.488834951456311
3.6719417475728156
0.2935922330097087
3.5466019417475723
4.378349514563107
1.037669902912621
0.41786407766990286
1.2649514563106796
1.2179611650485433
12.557961165048539
25.919999999999998
3.758058252427184
22.043495145631066
5.3651456310679615
0.8728155339805823
0.04864077669902913
0.6044660194174758
0.043203883495145624
5.689805825242719
6.911650485436893
7.022524271844659
0.1430097087378641
1.0036893203883495
0.5066990291262137
1.0605825242718447
4.5921359223300975
3.0466019417475736
8.885728155339805
5.4582524271844655
2.0254368932038838
10.949029126213592
1.315825242718447
5.049223300970874
48.941650485436874
2.661165048543689
9.694271844660195
1.068252427184466
1.7700970873786408
1.053883495145631
0.0220388349514563
0.0
0.0015533980582524275
0.0
0.0
0.0
0.0
0.0
0.004951456310679612
1.480388349514563
1.4224271844660192
0.0
0.004660194174757283
0.692621359223301
1.194757281553398
2.5092233009708735
0.008640776699029127
0.0
0.0
4.88009708737864
0.4015533980582524
0.0
0.05854368932038836
0.02883495145631068
0.2354368932038835
0.5690291262135923
0.0766019417475728
0.0
0.0
0.03922330097087379
0.006310679611650487
0.0
0.0
0.0
0.0
0.0
0.0
0.0
0.0
0.0
0.0051456310679611665
1.817864077669903
2.20883495145631
1.6454368932038834
10.579320388349515
6.054077669902913
1.8654368932038834
0.2804854368932039
4.128155339805825
11.402330097087377
8.61233009708738
1.7464077669902913
2.748252427184466
0.7402912621359224
0.942621359223301
0.08019417475728154
0.19368932038834955
0.8309708737864078
0.0014563106796116507
0.011844660194174758
3.1903883495145626
0.0
0.0
0.014368932038834952
2.7955339805825243
0.0
0.0
0.0
0.0
0.0
0.0
0.0
0.0
0.0
0.0
0.0
0.008640776699029127
0.0013592233009708736
1.064368932038835
0.19669902912621362
0.16048543689320388
0.8168932038834952
0.046990291262135914
1.556601941747573
0.02029126213592233
0.0962135922330097
0.1859223300970874
0.0
0.3549514563106795
1.669417475728155
3.2628155339805818
2.678058252427185
7.368155339805827
0.061067961165048534
4.34495145631068
0.8280582524271843
0.039417475728155335
17.1726213592233
3.776893203883495
34.16116504854369
1.3038834951456306
18.051359223300974
10.117378640776698
9.962135922330097
3.9933009708737863
18.63776699029126
15.147475728155339
13.966893203883492
8.07242718446602
0.3206796116504855
1.2179611650485436
1.157378640776699
0.006601941747572817
0.4126213592233008
10.555922330097088
12.962621359223297
0.2462135922330097
28.53679611650486
0.02990291262135922
0.7595145631067961
0.0
0.0
0.013106796116504855
3.953883495145631
0.08456310679611646
0.0015533980582524275
0.004854368932038836
0.0
0.0
0.42689320388349505
5.068252427184468
5.040873786407768
0.016116504854368937
0.06669902912621359
5.202038834951457
0.002233009708737864
0.7603883495145631
2.8501941747572808
0.9363106796116505
2.1993203883495145
1.1781553398058255
8.260679611650485
3.5788349514563103
0.39786407766990295
0.0030097087378640783
0.0
0.0
0.0
0.0
0.0
4.204757281553398
0.3045631067961165
3.169320388349514
22.93825242718447
19.670388349514567
6.675631067961167
0.22592233009708734
3.2305825242718433
0.4956310679611651
0.00048543689320388353
0.0
0.0
0.0
0.0
0.010776699029126214
1.82
4.44242718446602
2.0803883495145628
0.02834951456310679
1.8807766990291261
11.451456310679612
3.0383495145631074
0.5936893203883498
0.11902912621359221
3.7201941747572804
0.9300970873786409
0.726601941747573
0.02553398058252427
0.026310679611650484
0.48533980582524267
6.4277669902912615
8.742330097087377
0.32864077669902914
0.010679611650485438
0.010776699029126213
0.006213592233009709
0.011262135922330099
0.15058252427184468
0.0
0.0
0.0
0.0
0.0
0.0
0.84126213592233
32.95359223300971
0.3787378640776699
0.0
0.0
0.0
0.0
0.0
0.006213592233009709
0.0
0.0
9.37650485436893
0.7153398058252426
9.823689320388349
8.769126213592234
15.327669902912621
21.926796116504853
6.522135922330095
12.191553398058256
2.2736893203883497
0.5176699029126214
5.393883495145632
3.656116504854369
0.13864077669902913
0.3044660194174757
0.004757281553398059
2.5710679611650487
0.14097087378640777
2.795631067961165
4.279514563106797
4.634368932038834
3.327572815533981
4.590388349514563
4.0886407766990285
0.004951456310679612
0.02708737864077669
1.823980582524272
1.0209708737864076
6.971747572815534
0.8731067961165051
1.553398058252427
6.211165048543689
1.9326213592233012
1.4168932038834952
1.223883495145631
2.3749514563106793
3.141844660194174
0.8624271844660194
0.03475728155339805
0.00825242718446602
0.005436893203883496
0.028543689320388345
0.0
0.0
0.0
6.355048543689319
1.5933009708737857
4.429029126213592
0.08961165048543684
5.12893203883495
3.0392233009708733
0.2851456310679612
7.072815533980584
6.118155339805825
0.24174757281553397
0.0
0.01233009708737864
0.004563106796116506
0.005533980582524273
0.011941747572815535
0.007378640776699029
0.031359223300970865
0.0
0.0
0.0
0.0
0.0
0.0
0.0
0.012912621359223301
0.0
0.0
0.0
0.10029126213592233
3.508834951456311
2.2549514563106796
0.08563106796116507
0.04601941747572816
0.4581553398058253
7.586893203883495
36.669999999999995
21.130000000000003
13.410679611650487
2.8808737864077667
0.11155339805825241
0.018834951456310683
0.010097087378640778
0.0
0.0
0.0
0.028252427184466012
0.003398058252427185
0.005339805825242719
0.04563106796116505
0.02097087378640776
0.0030097087378640783
0.08689320388349514
1.5225242718446603
0.08650485436893203
0.00048543689320388353
0.0
0.0070873786407767
6.500388349514564
0.027669902912621357
7.598543689320388
5.380388349514565
8.161262135922332
2.275728155339806
6.734368932038836
2.3708737864077674
0.00766990291262136
0.004563106796116506
0.0
0.9914563106796117
0.04815533980582523
0.0
0.012135922330097089
0.06679611650485436
0.02766990291262136
2.1171844660194177
11.972427184466023
2.05631067961165
2.924466019417475
1.161844660194175
0.7084466019417476
0.8911650485436894
0.28796116504854374
1.0883495145631066
1.0466990291262137
0.28038834951456315
2.3241747572815536
2.000679611650485
0.15466019417475727
0.020485436893203885
0.012135922330097087
0.0
0.0
0.002330097087378641
2.9249514563106795
1.5802912621359224
2.4917475728155343
2.971553398058252
0.3482524271844661
2.5324271844660196
5.531553398058254
4.312330097087378
0.03611650485436893
0.026990291262135917
3.1430097087378637
1.5950485436893207
4.560194174757282
4.9261165048543685
0.23067961165048542
0.0
0.0
0.0
0.14213592233009711
0.0
10.19640776699029
5.7223300970873785
0.013592233009708741
0.0
0.0
0.0
0.03300970873786408
0.025922330097087377
0.0
0.009223300970873788
0.0
0.0010679611650485435
0.004951456310679613
0.12233009708737863
0.04466019417475728
0.3750485436893205
0.0
0.0
0.0
0.0
0.0
1.4389320388349516
1.0145631067961163
0.0037864077669902915
0.0
0.6433009708737863
0.0
0.0
0.015436893203883499
0.0
0.0006796116504854368
0.0019417475728155343
0.0
0.0
2.4953398058252425
3.969126213592233
2.858349514563107
2.9563106796116503
4.972233009708738
0.42446601941747564
0.021067961165048544
0.0
0.0037864077669902915
0.24951456310679618
1.8033009708737866
0.5090291262135923
9.737864077669903
7.7698058252427185
3.322815533980581
1.4921359223300974
1.6046601941747574
4.802330097087379
2.7280582524271852
0.3201941747572815
0.0
0.0
5.9864077669902915
3.2909708737864074
3.22757281553398
0.150873786407767
1.584466019417476
1.445631067961165
4.149126213592232
9.72883495145631
6.799708737864078
5.139514563106795
2.256019417475728
1.0240776699029126
0.0
0.0
0.0
0.0
0.0
0.0
0.18631067961165043
0.00766990291262136
0.7701941747572818
1.28495145631068
9.966019417475726
3.0597087378640775
0.8482524271844658
1.3130097087378643
2.2766019417475727
3.785436893203884
0.6036893203883495
0.5707766990291261
0.0
0.0
0.06563106796116505
1.9916504854368933
7.564271844660197
0.5701941747572815
3.8612621359223303
0.1233980582524272
0.02961165048543689
0.0
2.350582524271844
0.21233009708737866
0.0
0.0
6.818932038834952
5.195436893203883
30.729902912621363
9.336116504854367
3.8526213592233014
0.0
0.0
0.025145631067961156
2.743398058252426
8.59650485436893
8.636407766990292
0.0
0.0
0.0
0.0
0.0
0.0012621359223300972
8.874660194174757
3.674174757281553
3.85
3.6786407766990297
10.89718446601942
3.949029126213593
4.759708737864077
6.597961165048544
2.205339805825243
1.231844660194175
0.16116504854368932
0.0862135922330097
0.10902912621359222
0.010388349514563107
5.436796116504853
18.878543689320388
1.970679611650485
2.882815533980582
0.46951456310679607
8.48757281553398
5.010776699029125
11.192718446601942
4.856893203883494
4.829126213592232
0.6640776699029125
0.0
16.82106796116505
0.0
0.0
0.0
0.0
4.9827184466019405
0.009126213592233012
0.5356310679611651
6.353592233009711
0.35417475728155334
0.054174757281553416
0.0
0.0
0.10475728155339804
0.0
0.010291262135922331
0.0
12.565436893203877
1.7489320388349514
3.2521359223300963
4.3523300970873775
3.1108737864077667
0.0008737864077669903
0.0
0.0
6.746893203883497
0.0
19.264174757281552
8.946893203883496
0.9380582524271845
6.52233009708738
14.807864077669905
0.011359223300970875
2.1772815533980583
0.21019417475728153
1.8474757281553398
4.631844660194175
0.33058252427184476
0.1432038834951456
0.12805825242718447
3.9167961165048544
0.13427184466019415
4.9310679611650485
0.7195145631067961
0.3504854368932039
0.7795145631067959
4.586893203883495
2.793106796116505
0.052330097087378645
8.58116504854369
0.002135922330097088
0.004368932038834952
9.218252427184465
0.06427184466019416
6.9922330097087375
0.11786407766990294
0.05893203883495147
0.2733009708737864
0.0
0.0
0.0
0.041262135922330086
1.3300970873786409
0.10728155339805825
22.218252427184463
4.146310679611651
3.362912621359223
1.057378640776699
2.634466019417476
6.723300970873785
0.5115533980582525
0.0
0.003106796116504855
0.0035922330097087384
0.503883495145631
0.07621359223300972
4.416116504854369
0.12834951456310678
3.897184466019417
0.012427184466019418
0.0
0.0
0.0
2.9059223300970873
0.15650485436893205
0.0
0.0
0.0
0.0
0.0
0.0
0.0
0.0015533980582524273
3.9333009708737863
0.02359223300970873
2.4717475728155343
2.6371844660194173
0.7772815533980584
1.7285436893203883
3.6346601941747574
2.773786407766991
0.18941747572815532
0.18126213592233012
0.0
0.0
0.6864077669902913
0.5007766990291262
0.1990291262135922
0.1402912621359223
0.4488349514563107
0.05504854368932038
0.0009708737864077671
0.0
0.0
0.0
0.0
0.0
0.0
0.0
0.0
0.0
0.0
0.0
2.4709708737864085
2.2060194174757286
0.028155339805825238
1.639902912621359
14.770388349514564
1.8182524271844658
2.0315533980582527
2.177766990291262
21.12825242718447
4.235631067961165
0.17786407766990295
0.003786407766990292
0.00029126213592233006
0.001359223300970874
0.0
0.0
0.0
0.9204854368932037
0.13407766990291262
1.5611650485436894
7.2436893203883495
0.37155339805825244
0.308252427184466
0.03582524271844659
0.029126213592232997
0.1251456310679612
5.624563106796118
1.9903883495145631
4.421067961165048
9.501553398058254
0.20592233009708735
0.13553398058252425
0.25019417475728156
0.13815533980582523
3.727766990291263
2.3898058252427186
5.3914563106796125
1.1420388349514563
3.076893203883494
0.09155339805825242
0.023398058252427176
0.19349514563106796
3.0721359223300984
1.2636893203883497
1.7030097087378644
0.9272815533980582
2.950582524271845
5.503689320388349
1.729902912621359
2.7814563106796117
0.0
0.0
0.013495145631067962
0.9575728155339807
2.914368932038835
9.25009708737864
7.105825242718446
5.155242718446602
0.40912621359223306
0.0
0.0
1.5806796116504855
1.9546601941747577
5.544368932038834
1.5136893203883497
0.5322330097087379
3.21495145631068
0.01679611650485437
0.0
0.0016504854368932043
5.393398058252427
3.454368932038835
4.0780582524271844
11.305631067961167
8.181941747572816
2.914271844660193
2.3940776699029125
2.484077669902913
19.252038834951456
12.336116504854365
0.35970873786407775
8.944174757281553
10.873495145631066
9.724271844660194
4.419902912621359
4.524854368932038
0.1295145631067961
0.4473786407766991
0.4918446601941748
0.0
0.0
0.0010679611650485435
0.013689320388349515
1.4593203883495145
0.0052427184466019424
0.03660194174757281
0.26456310679611644
0.540873786407767
0.21087378640776702
1.4808737864077675
7.820776699029126
0.20368932038834953
0.0003883495145631068
0.0
0.0
0.0036893203883495156
0.0
0.02291262135922329
0.02262135922330096
0.4477669902912621
0.289126213592233
0.295242718446602
0.017184466019417477
0.219126213592233
0.0
0.0203883495145631
0.0
0.0
0.0
0.0
0.0
0.0
0.0028155339805825247
12.545922330097088
4.970582524271844
10.942427184466018
0.08417475728155344
3.061262135922331
0.14766990291262133
0.017864077669902917
0.015242718446601942
0.0
0.024174757281553386
0.020582524271844656
0.009611650485436895
0.0
0.0
0.0
0.009902912621359224
8.534563106796117
1.9731067961165047
2.4162135922330097
11.788252427184467
23.554660194174758
1.1011650485436895
1.175533980582524
0.7555339805825243
0.8767961165048542
5.099417475728155
29.669708737864077
24.619320388349518
0.36466019417475726
3.3760194174757276
7.1522330097087385
2.0372815533980586
0.8206796116504854
0.0003883495145631068
0.0
0.008640776699029126
1.35
4.638640776699029
0.29174757281553404
0.034563106796116495
0.0023300970873786414
2.395339805825243
0.020776699029126214
7.1449514563106815
2.5285436893203883
4.721359223300971
2.588737864077669
2.719708737864078
4.573980582524273
3.7484466019417475
0.45359223300970875
1.1475728155339806
0.25242718446601936
5.956796116504855
0.0009708737864077671
0.0
0.0
0.0
0.0
0.0
0.6958252427184467
0.04514563106796117
0.13320388349514561
11.404174757281552
1.1328155339805825
1.4269902912621357
1.578155339805825
5.598543689320386
0.02990291262135922
0.0
9.368058252427184
3.5290291262135915
1.3042718446601942
0.1245631067961165
0.0874757281553398
6.088252427184467
1.083495145631068
0.0316504854368932
0.6665048543689321
0.0
3.7599029126213583
2.9448543689320394
0.0
0.0003883495145631068
2.5149514563106794
0.926116504854369
4.313106796116505
4.144563106796117
0.2572815533980582
1.8433980582524272
6.71378640776699
21.518543689320392
6.216699029126213
3.833689320388349
19.970485436893203
8.928155339805825
0.669514563106796
0.02436893203883494
0.09553398058252427
1.5329126213592232
0.0312621359223301
0.010970873786407768
0.0
0.0
1.527864077669903
19.751941747572815
2.354757281553398
0.007572815533980585
0.0
0.0
0.738640776699029
0.5253398058252428
0.019611650485436897
0.0
0.0
0.0
0.0
0.0
0.0
0.0
0.0
0.006893203883495147
0.08116504854368935
5.111067961165049
7.132912621359224
9.825728155339807
3.8825242718446598
5.614854368932041
0.5885436893203885
0.10922330097087381
0.0
0.0
0.0
0.0
0.0
14.193980582524274
0.12776699029126215
0.0
0.0022330097087378646
0.00621359223300971
11.585825242718446
6.317766990291263
1.8009708737864074
1.0629126213592233
6.200194174757281
0.011456310679611652
0.0
0.0
0.0
1.3493203883495148
0.0
0.0
0.0
1.2954368932038836
0.0
0.0
0.0
0.0
0.0
2.924563106796116
1.2514563106796115
13.943398058252427
0.10135922330097086
0.0537864077669903
2.2505825242718442
0.004951456310679613
1.551067961165049
5.8048543689320375
8.940194174757282
1.9266019417475728
0.11116504854368933
2.5641747572815534
3.3150485436893202
5.639029126213591
0.7648543689320392
3.3553398058252424
0.7775728155339806
0.08398058252427185
0.7699029126213592
2.6681553398058244
1.2233980582524273
0.48165048543689304
0.2601941747572815
11.16533980582524
0.060388349514563115
0.0
4.778737864077669
0.13582524271844662
0.010485436893203885
0.0
0.0
0.0
16.891844660194174
3.691165048543689
0.0903883495145631
6.4922330097087375
17.592621359223298
8.086990291262135
0.3424271844660194
0.014368932038834954
0.0
0.0
0.0
0.0
0.0
0.0
0.0
0.019126213592233012
0.0
0.0
0.0
0.0
0.0
0.0
0.0
0.0
0.0
1.7701941747572811
0.005339805825242719
0.0
0.0
0.0
0.0
0.0
0.0
0.0
0.04359223300970872
0.009223300970873788
0.48563106796116506
5.331553398058253
25.483980582524275
28.43398058252427
32.59932038834952
6.4449514563106804
0.8045631067961165
7.189417475728154
0.5250485436893205
0.013786407766990293
2.518737864077669
2.5913592233009712
1.0762135922330096
3.262621359223301
11.14902912621359
0.18689320388349512
0.07893203883495148
0.3020388349514563
1.6795145631067963
0.539514563106796
0.04631067961165048
0.2742718446601942
0.015436893203883495
0.01980582524271844
9.70873786407767e-05
0.010388349514563107
0.012815533980582525
0.18145631067961165
0.24106796116504853
0.7897087378640776
2.208932038834951
1.7903883495145632
4.468737864077671
3.8288349514563107
2.7949514563106796
5.991941747572814
0.4363106796116505
1.1176699029126214
0.1241747572815534
1.6181553398058248
0.00679611650485437
0.0
0.0
0.0
0.5905825242718448
0.39203883495145625
0.019126213592233012
0.024757281553398052
0.18932038834951456
9.331941747572815
0.7708737864077672
0.014757281553398059
0.06504854368932038
0.0015533980582524275
0.0
0.0033009708737864085
2.0245631067961165
0.32388349514563114
9.489417475728155
0.5076699029126214
8.347766990291262
13.450776699029124
2.3382524271844662
6.490873786407768
4.817184466019418
1.1569902912621362
2.011067961165049
0.4052427184466018
3.721844660194174
2.1722330097087377
2.816601941747573
5.376407766990292
9.22495145631068
16.701359223300972
10.542233009708742
20.85640776699029
2.144854368932039
0.8988349514563106
6.348252427184469
6.175436893203884
6.734368932038837
0.18359223300970873
1.9843689320388351
0.30019417475728155
1.2217475728155338
0.6751456310679612
0.6219417475728155
0.10436893203883495
1.9228155339805821
7.750291262135922
0.07281553398058252
0.0
0.01184466019417476
0.02660194174757281
0.023786407766990293
0.018640776699029128
0.4644660194174758
2.9948543689320384
0.13766990291262138
0.5149514563106796
4.691747572815535
0.314757281553398
1.9897087378640774
0.032135922330097086
0.0
0.0
0.0
0.0
0.006116504854368933
0.009708737864077669
0.0863106796116505
5.0897087378640755
0.36475728155339815
3.9447572815533984
2.6866019417475733
3.6737864077669897
0.22825242718446603
3.883009708737864
1.1124271844660196
0.7247572815533977
2.4968932038834946
1.083980582524272
1.8619417475728153
2.2617475728155343
0.3696116504854368
4.3960194174757286
0.5683495145631068
0.5793203883495146
0.04922330097087379
0.0
0.0
4.038252427184466
10.932815533980584
7.833786407766989
10.962135922330097
20.407572815533985
0.0
0.0048543689320388345
0.0
0.0
0.0
0.0
0.0
0.0
0.0
0.0
0.0
0.0
1.5654368932038834
1.1454368932038836
6.475825242718447
5.0059223300970865
4.359611650485438
0.4078640776699029
2.4441747572815533
2.815825242718447
18.291747572815538
6.940291262135924
7.770679611650484
0.11291262135922331
4.12116504854369
3.7200970873786403
0.30116504854368936
0.16048543689320394
0.0038834951456310687
1.0622330097087378
0.039999999999999994
0.0
0.11582524271844662
0.018932038834951457
3.947864077669902
0.07436893203883496
0.03650485436893204
0.18116504854368937
1.8328155339805827
5.454660194174759
8.778058252427185
0.023106796116504853
0.0005825242718446601
0.0
0.07864077669902912
0.0
0.14320388349514562
2.2410679611650486
2.892233009708737
0.3523300970873788
0.0
0.0
0.0
0.1575728155339806
0.0
0.0
0.0
0.0
0.34339805825242714
0.010679611650485438
0.20398058252427187
17.247961165048544
2.1105825242718446
0.2822330097087379
0.06262135922330098
0.0
0.0
0.0
4.669320388349516
0.06883495145631069
22.087087378640774
0.8044660194174753
10.378834951456309
2.6708737864077663
0.8978640776699028
0.03640776699029126
0.0859223300970874
0.015145631067961166
3.5434951456310686
11.40611650485437
7.272524271844659
0.10611650485436895
0.04262135922330096
0.0
0.0
7.387766990291261
0.1412621359223301
3.8691262135922333
3.92126213592233
11.74174757281553
1.0894174757281552
5.295728155339806
7.435728155339807
2.8946601941747576
1.1784466019417474
5.047669902912621
4.492815533980583
0.09009708737864079
0.17116504854368936
0.20106796116504855
1.5893203883495144
3.0839805825242728
12.540000000000006
2.239611650485437
20.52990291262136
1.0686407766990291
6.720388349514564
2.750291262135922
4.270582524271845
2.1454368932038834
0.013300970873786412
9.710388349514563
2.7523300970873787
17.765436893203884
0.8627184466019417
0.4663106796116505
0.3834951456310679
0.6628155339805825
0.0
0.004368932038834952
0.0
0.0013592233009708736
0.7655339805825242
0.0
0.0
0.0
3.90126213592233
18.490679611650485
0.0
0.0
0.003106796116504855
0.0014563106796116507
0.0
0.0
0.012524271844660194
14.640679611650484
4.240388349514563
9.708155339805824
0.4524271844660193
6.722912621359223
4.835825242718446
4.355339805825243
0.016407766990291263
0.05825242718446602
1.549029126213592
0.3925242718446601
10.571650485436894
1.2687378640776699
6.424563106796118
25.921650485436892
1.4704854368932039
4.582135922330097
1.7285436893203883
13.636116504854371
3.1453398058252438
3.711067961165049
0.18165048543689327
0.603883495145631
0.025631067961165044
5.594077669902912
0.3416504854368933
0.0019417475728155341
0.01796116504854369
0.5774757281553399
0.1698058252427184
0.040776699029126215
0.011941747572815535
0.07640776699029128
7.999223300970872
0.07252427184466018
0.0
0.0
1.0802912621359222
8.892718446601942
0.46737864077669905
0.9518446601941746
1.3699999999999999
5.815145631067961
1.5839805825242719
1.64
0.0
0.0
2.2820388349514564
0.0
0.0
4.516213592233009
0.7910679611650487
1.7920388349514562
32.88592233009708
0.0
0.0033980582524271844
2.1716504854368934
0.5335922330097087
0.0
0.06097087378640778
2.7194174757281555
0.001359223300970874
0.0007766990291262136
0.06990291262135921
6.749902912621359
0.008737864077669901
0.015728155339805826
0.0
10.876796116504854
12.059417475728154
6.5173786407767
0.02223300970873786
0.0012621359223300972
0.08009708737864076
0.02893203883495146
0.03572815533980582
0.0
0.0
0.0
0.0
0.000679611650485437
0.00029126213592233006
3.0032038834951456
3.328543689320388
2.6093203883495155
0.0001941747572815534
0.0
3.1211650485436895
6.619417475728155
7.150291262135923
8.624368932038834
6.633203883495145
1.4955339805825245
0.16388349514563103
0.008155339805825243
0.0056310679611650495
0.01300970873786408
18.084660194174752
9.80135922330097
3.8592233009708736
1.8036893203883495
0.09650485436893204
0.0
0.0
0.14087378640776702
0.3479611650485436
0.0009708737864077671
0.07757281553398059
2.8268932038834955
1.6120388349514563
0.007475728155339806
0.030097087378640773
0.043495145631067975
0.006699029126213593
0.0
0.0060194174757281565
0.0010679611650485435
2.743883495145631
1.8688349514563107
10.0573786407767
11.654174757281554
2.630194174757282
4.721067961165049
4.898349514563107
1.5239805825242718
0.37650485436893205
9.218543689320388
7.813009708737863
5.417281553398056
3.854757281553398
0.037766990291262126
0.07834951456310682
8.099126213592234
0.019223300970873786
0.008446601941747572
0.002427184466019418
0.0
0.0
0.0
0.0
0.0
0.0
0.0
0.0003883495145631068
0.20922330097087383
0.0
0.0
1.1955339805825245
0.2940776699029126
0.015533980582524273
0.0
0.1007766990291262
1.7577669902912623
8.531844660194173
21.88466019417476
18.156699029126212
6.71873786407767
1.7842718446601942
0.45728155339805826
0.14902912621359224
0.0
0.006601941747572815
0.22436893203883496
0.5175728155339807
0.00825242718446602
0.024466019417475723
1.2912621359223304
0.07427184466019417
0.4731067961165049
5.183786407766991
8.30611650485437
4.204368932038836
5.646893203883493
2.9546601941747577
3.319029126213592
6.616019417475728
0.21766990291262137
0.15922330097087378
2.474174757281553
2.4566019417475724
0.002427184466019418
0.002427184466019418
0.0047572815533980595
2.8792233009708736
2.3762135922330097
1.3517475728155341
0.017961165048543688
0.00679611650485437
0.04087378640776698
0.2021359223300971
6.8485436893203895
2.8654368932038845
14.933398058252427
4.986796116504855
3.436116504854369
1.4491262135922327
2.5766990291262135
2.9201941747572815
2.223689320388349
1.213009708737864
10.507864077669902
12.332038834951454
2.1087378640776695
4.586407766990291
8.998446601941748
3.7761165048543694
4.684271844660194
4.329223300970874
9.917184466019417
5.606893203883496
2.5762135922330094
8.036019417475728
0.02320388349514562
0.0
0.0
0.28242718446601944
1.7742718446601948
1.7353398058252425
4.031747572815534
0.6245631067961166
0.010679611650485438
0.08184466019417476
5.140970873786408
2.2258252427184466
6.42126213592233
1.7757281553398057
1.083009708737864
4.063106796116505
5.332038834951457
2.1692233009708737
0.5726213592233008
1.10126213592233
2.1327184466019418
0.29378640776699033
9.583592233009709
1.9796116504854369
0.5497087378640776
0.21941747572815531
3.7933980582524267
8.589126213592232
4.959320388349514
14.945825242718445
3.723786407766991
12.234174757281554
5.243398058252425
0.3957281553398058
0.02019417475728155
0.21689320388349514
8.881747572815533
5.035631067961166
0.40466019417475724
5.179805825242717
3.343786407766989
17.93621359223301
12.81271844660194
4.402135922330098
2.2276699029126217
0.9958252427184465
0.08951456310679609
25.45970873786408
2.8091262135922332
0.07844660194174756
0.0
0.0
0.30466019417475726
0.0
1.2204854368932037
3.375825242718447
2.1776699029126214
0.0
0.014757281553398059
1.9145631067961162
0.9065048543689318
0.0022330097087378646
0.0
0.007572815533980583
0.4881553398058252
0.3803883495145632
0.0
2.8766019417475723
0.0
0.0
0.0
0.0
0.0
0.0
1.9777669902912622
10.535728155339804
0.22932038834951457
0.01922330097087379
0.42485436893203893
8.963495145631068
0.36038834951456306
1.655145631067961
0.0052427184466019424
0.0
0.0
0.0
0.0
0.0
0.0
0.0
0.0
0.0
0.2605825242718447
3.3249514563106795
2.460291262135922
5.370582524271845
5.060194174757281
0.276116504854369
0.0
0.0
0.0011650485436893203
0.15145631067961166
0.0
0.0
6.503106796116505
0.41747572815533973
0.3051456310679612
3.6007766990291263
2.9247572815533984
5.462815533980582
0.8690291262135922
0.0016504854368932038
0.08611650485436895
0.2644660194174757
14.013592233009712
0.18398058252427182
0.25533980582524274
0.02572815533980583
0.01233009708737864
0.7704854368932037
0.009029126213592233
0.0
0.0
0.0
0.0
0.0
0.0
0.00029126213592233006
0.0
0.7441747572815535
2.757475728155339
0.12174757281553399
0.015728155339805826
0.0003883495145631068
0.0
2.8975728155339806
2.6333980582524266
3.6866019417475724
5.020776699029125
6.87873786407767
1.7666990291262137
1.186019417475728
0.4721359223300971
0.0841747572815534
6.885436893203884
0.5683495145631068
1.056116504854369
0.01796116504854369
0.0037864077669902915
2.8216504854368933
0.02281553398058252
5.696213592233011
10.425145631067965
8.07766990291262
22.261359223300975
4.111456310679612
0.9540776699029124
0.024660194174757268
0.04038834951456312
0.3543689320388349
0.0329126213592233
8.285339805825243
2.513203883495146
0.004271844660194175
4.348640776699029
0.0466990291262136
0.008543689320388351
3.7964077669902903
0.0
0.0
0.030679611650485435
0.6953398058252426
0.22689320388349513
0.0
0.0
0.0
0.0
13.526019417475725
0.002524271844660195
0.006699029126213594
0.9832038834951458
0.003592233009708737
0.0
0.0
0.0
0.0
0.0
0.0
6.6368932038834965
1.9396116504854368
1.8559223300970875
2.2216504854368933
0.027572815533980576
6.136310679611651
5.809999999999999
0.5459223300970873
0.13058252427184466
0.20262135922330093
0.8221359223300971
0.0
0.0
8.635436893203883
0.27233009708737865
9.720291262135921
0.08650485436893203
11.935631067961165
0.0
0.0
0.003592233009708738
0.0
0.0
0.1402912621359223
1.0111650485436892
1.8582524271844663
8.411941747572815
1.7440776699029126
1.3825242718446602
0.16970873786407767
0.6788349514563108
0.088252427184466
0.0
0.0
0.06300970873786406
7.535631067961162
2.807378640776699
6.283980582524272
0.19902912621359223
0.0
1.7337864077669896
0.03194174757281554
0.0
0.0
0.0
0.024563106796116504
0.021067961165048534
3.628446601941748
21.084660194174756
15.028932038834952
1.659029126213592
3.179029126213593
0.07349514563106796
5.232330097087377
1.258155339805825
0.0001941747572815534
0.037378640776699015
0.00766990291262136
0.0
0.0038834951456310687
0.0807766990291262
0.48980582524271843
0.6988349514563106
0.026990291262135917
0.0010679611650485435
0.0038834951456310687
6.710582524271844
0.13611650485436894
0.015242718446601942
1.7436893203883492
0.10300970873786411
0.012815533980582525
0.010873786407766992
0.010097087378640778
0.030097087378640773
3.0115533980582523
0.02912621359223301
0.0
0.0
0.0
0.0
0.0
0.0
0.013398058252427184
0.3004854368932039
0.46514563106796125
3.478932038834951
5.318058252427185
1.6767961165048544
0.03893203883495146
2.7600970873786403
6.116796116504854
5.961844660194174
12.144563106796115
0.34533980582524265
3.5143689320388347
1.4901941747572816
2.1561165048543685
0.7476699029126214
0.08116504854368932
0.34165048543689314
1.3819417475728153
6.851165048543689
20.248252427184465
0.27194174757281553
1.849805825242718
8.074854368932039
18.199320388349516
0.8505825242718447
4.7005825242718435
0.3264077669902912
5.75252427184466
3.4025242718446607
2.8202912621359224
5.230291262135923
3.367572815533981
0.9547572815533981
2.062621359223301
0.0
0.005339805825242719
2.6587378640776698
8.70776699029126
21.09728155339806
0.12194174757281553
2.9659223300970874
0.6417475728155341
12.280194174757282
11.341456310679611
0.5367961165048545
0.04718446601941746
0.46844660194174753
0.026213592233009703
0.016213592233009715
0.05378640776699029
0.2096116504854369
0.27485436893203885
0.013592233009708741
0.046407766990291255
2.7103883495145644
12.666116504854369
8.40728155339806
2.0496116504854367
0.6707766990291263
0.23067961165048545
1.8667961165048543
0.07902912621359222
2.3125242718446604
0.01611650485436893
0.2678640776699029
0.023203883495145624
0.0010679611650485435
0.7574757281553398
0.03611650485436893
0.0007766990291262136
0.002718446601941748
0.7139805825242718
0.07747572815533979
0.0005825242718446601
0.0
0.0
0.0
0.0
0.0
0.13417475728155337
0.021650485436893203
0.025436893203883492
0.0
0.0
0.0
0.05291262135922331
1.173495145631068
0.024757281553398045
0.018446601941747576
0.01796116504854369
0.0
0.0
0.0
4.468834951456311
5.1607766990291255
0.652621359223301
5.669223300970875
0.5102912621359222
1.8476699029126211
3.5830097087378636
3.071456310679612
2.3384466019417474
0.007475728155339806
0.29310679611650486
1.091844660194175
1.1127184466019417
1.8579611650485435
7.3875728155339795
8.648543689320388
7.038155339805826
5.907281553398058
11.339029126213589
3.12864077669903
0.01359223300970874
0.03864077669902913
0.0
1.4887378640776696
1.5014563106796115
0.09475728155339808
0.04796116504854368
4.714563106796116
0.14941747572815534
0.5350485436893204
1.4164077669902917
5.820679611650485
11.787961165048543
2.5455339805825243
0.0
0.0014563106796116505
0.05388349514563105
1.2269902912621358
1.7651456310679612
1.4247572815533984
15.970776699029129
0.03378640776699029
0.0
0.0
0.0
0.19368932038834955
0.0
2.7666990291262135
0.005825242718446603
0.061844660194174755
1.4074757281553398
0.44766990291262126
17.43980582524272
0.7517475728155341
2.477281553398058
0.19660194174757278
0.0
0.0
0.0018446601941747574
4.734854368932039
1.054368932038835
4.984077669902912
0.39786407766990295
3.5000970873786406
2.8292233009708747
1.0400970873786408
6.724466019417476
0.024854368932038823
32.24155339805825
16.284660194174755
0.023106796116504853
0.0
0.0
0.9523300970873787
1.0571844660194174
2.674368932038835
0.007475728155339806
0.0
0.0
0.0
0.0
0.0
0.3078640776699029
0.0
0.0
0.0
0.08019417475728154
17.937961165048545
8.887961165048543
5.330679611650484
0.48271844660194174
2.7269902912621364
0.0
0.0
0.0
0.0
0.36572815533980585
0.0
0.0
0.0
0.0
0.0
0.0
0.0
0.0
0.0
4.189320388349515
5.79126213592233
0.0
9.70873786407767e-05
0.06805825242718447
7.522524271844659
0.9789320388349516
2.279611650485437
2.717766990291262
4.430679611650485
1.0298058252427182
0.034271844660194166
4.126213592233009
1.385533980582524
0.0
0.0
0.0
0.1884466019417476
0.0
0.0
0.0
0.0
0.0
5.3423300970873795
5.584854368932039
22.95223300970873
0.0
9.70873786407767e-05
1.2167961165048542
1.892815533980582
1.297766990291262
3.7383495145631063
0.19359223300970868
38.047766990291265
1.4261165048543687
0.10708737864077669
0.0
0.0
0.0
2.970582524271845
6.69864077669903
4.730873786407766
0.0
0.0
0.0
0.2424271844660194
0.18776699029126215
0.1392233009708738
0.0
0.10834951456310679
0.0001941747572815534
0.0
0.0
0.0
0.04533980582524271
4.996601941747573
8.475728155339805
7.155436893203884
5.955533980582525
0.010873786407766988
0.0
0.025533980582524266
0.6744660194174755
5.2367961165048555
4.672330097087378
0.7386407766990291
0.1622330097087379
0.0
0.0
0.48718446601941756
5.033009708737863
17.443398058252427
0.0
0.0
0.49572815533980585
0.3074757281553398
0.0
0.0
0.018446601941747576
3.744368932038835
0.18660194174757277
0.0
0.0
0.0
1.0082524271844657
5.885728155339805
0.0
0.000679611650485437
1.5054368932038837
4.2716504854368935
8.266990291262136
3.289320388349515
0.004271844660194176
0.0
0.0
0.5799029126213593
0.06145631067961165
0.4403883495145632
0.0
0.0
0.0
0.0
0.0
0.0
0.0
6.731553398058253
0.0
14.82621359223301
6.909126213592234
12.633203883495147
0.6062135922330096
0.0
0.0
2.0507766990291265
0.032330097087378634
9.70873786407767e-05
0.0
11.450679611650486
12.745145631067963
0.1137864077669903
0.9149514563106795
0.5291262135922331
0.0654368932038835
0.013592233009708741
0.9025242718446602
0.4904854368932039
1.3075728155339803
0.1542718446601942
0.0
0.0
9.425728155339804
18.21815533980583
1.6957281553398058
7.678446601941749
1.2700970873786408
1.2301941747572813
0.6338834951456311
1.7949514563106799
2.5200970873786406
0.7780582524271845
0.019320388349514564
0.0
0.0
0.0
5.026990291262136
0.0
0.0
0.0
0.0
0.0007766990291262136
0.0001941747572815534
0.003980582524271845
2.5685436893203883
7.545339805825243
6.654951456310679
5.319029126213591
32.53601941747573
11.805436893203886
7.976699029126215
5.489126213592233
0.35873786407766994
2.5713592233009703
0.02572815533980582
1.1674757281553396
0.009029126213592234
0.0
0.0
0.0
0.0
0.0
0.00029126213592233006
0.0
0.0
0.0
0.0
0.0
2.4716504854368933
2.967378640776699
0.3185436893203883
1.5849514563106792
0.08106796116504854
0.7083495145631067
1.4516504854368932
0.007475728155339806
0.0
0.0
0.005728155339805826
0.005339805825242719
0.0
0.04077669902912621
0.32660194174757284
0.9360194174757281
0.06300970873786407
0.12320388349514563
0.28427184466019406
0.02291262135922329
0.25407766990291264
4.06504854368932
17.11339805825243
13.439320388349513
32.68407766990292
9.95766990291262
4.077184466019418
12.70116504854369
7.701553398058251
27.510194174757284
3.148932038834951
20.25281553398058
2.636504854368932
1.8190291262135925
0.0
0.0020388349514563107
0.0010679611650485435
0.0010679611650485435
0.0
0.0
0.0005825242718446602
