-1.86474074074
-2.58185185185
-6.65755555556
-2.66451851852
0.896518518519
1.28237037037
0.660814814815
-0.688074074074
-1.57266666667
-3.87859259259
-7.0637037037
-9.66659259259
-8.48688888889
-8.86
-7.98266666667
-4.57925925926
-5.53125925926
-6.37807407407
-6.44022222222
-3.87962962963
-2.89666666667
1.64540740741
1.32874074074
0.859037037037
0.945481481481
-1.71148148148
-3.97748148148
-6.1622962963
-1.52088888889
3.61777777778
5.76066666667
-1.6177037037
2.24696296296
1.96281481481
1.04096296296
5.43422222222
4.50125925926
4.51288888889
3.87614814815
4.92133333333
5.65614814815
2.41451851852
2.22274074074
2.26185185185
1.34918518519
1.28755555556
4.14577777778
2.17466666667
1.13140740741
-0.259555555556
0.963259259259
1.78333333333
1.426
2.52
1.78311111111
2.01037037037
2.5557037037
-1.82051851852
-1.04688888889
2.6357037037
3.92548148148
2.09318518519
-0.556592592593
-0.876518518519
-0.451037037037
3.10733333333
4.70644444444
3.80985185185
4.00051851852
3.18725925926
3.07637037037
3.67859259259
3.44
2.67392592593
3.92555555556
4.42103703704
5.56562962963
3.58118518519
-2.142
-3.41614814815
-1.48022222222
2.02925925926
2.69918518519
2.06014814815
5.11792592593
4.23681481481
8.28881481481
11.1997777778
5.60222222222
3.63407407407
5.95733333333
9.77237037037
3.99777777778
2.41837037037
1.39155555556
2.55703703704
2.80822222222
6.60577777778
2.60014814815
2.05251851852
2.64896296296
4.36888888889
6.03540740741
8.12718518519
10.1538518519
12.0785925926
12.6920740741
13.1972592593
6.53881481481
3.52355555556
0.631851851852
2.16281481481
2.73955555556
5.07711111111
3.93562962963
2.45162962963
4.61407407407
6.30896296296
5.68622222222
6.67037037037
10.5965925926
11.9578518519
6.79296296296
7.09807407407
4.89177777778
5.85918518519
10.2056296296
9.04037037037
6.95785185185
7.14822222222
8.77303703704
11.5164444444
13.0692592593
11.665037037
10.1564444444
8.14281481481
8.30962962963
11.4931851852
13.0804444444
13.3643703704
13.799037037
14.3071851852
7.86622222222
9.51844444444
8.83162962963
9.47237037037
11.9659259259
14.0060740741
13.1438518519
13.3488148148
9.20037037037
10.0665185185
9.96348148148
11.331037037
13.6674814815
16.1215555556
17.6687407407
18.2171111111
14.8420740741
15.8557037037
15.4380740741
15.6295555556
14.3396296296
16.3754814815
19.836962963
21.9208888889
14.7672592593
14.596962963
13.5484444444
12.0946666667
13.3657037037
10.6027407407
10.8453333333
10.3996296296
11.3246666667
11.2465185185
9.99659259259
10.8922962963
10.3759259259
9.57585185185
10.4604444444
11.5851111111
11.0171111111
11.3128888889
12.0038518519
13.6462222222
12.4863703704
13.988962963
13.6657777778
13.9582222222
13.4002962963
12.7924444444
12.3244444444
10.7171851852
10.3008148148
12.9720740741
13.2378518519
11.0725185185
11.3502222222
12.8434074074
14.0542962963
14.6314814815
10.8946666667
11.6933333333
15.0808888889
18.063037037
19.2621481481
20.6572592593
19.7702222222
19.5746666667
19.5500740741
15.4172592593
15.9462222222
17.5123703704
21.2776296296
20.7097777778
18.9375555556
17.8088888889
14.8767407407
17.548962963
17.1125185185
13.9725185185
15.2751111111
17.6592592593
13.1425925926
13.1195555556
15.0752592593
18.5471851852
19.6515555556
18.7287407407
18.1168148148
14.6746666667
16.9822962963
14.2557777778
10.2677777778
9.96392592593
9.59911111111
9.82474074074
12.7592592593
16.5205925926
16.948
18.2686666667
14.7934074074
12.7601481481
10.8554814815
10.7358518519
13.3312592593
16.8058518519
16.3819259259
12.2133333333
13.6954814815
15.6388148148
11.5955555556
11.589037037
11.9291851852
14.152962963
10.9620740741
12.1686666667
12.5645925926
13.5825185185
12.6757037037
12.9942962963
15.8894074074
17.4405925926
17.1382222222
17.5431851852
14.4348888889
15.0702222222
11.8492592593
10.2345925926
11.460962963
11.4253333333
12.4686666667
11.3208888889
9.22659259259
9.65414814815
7.34125925926
9.57962962963
7.16348148148
9.15725925926
9.54103703704
6.95111111111
4.98659259259
3.48133333333
5.84214814815
5.45
5.38622222222
4.85022222222
5.00755555556
9.15
9.69325925926
7.04044444444
4.10422222222
3.27444444444
6.07066666667
7.14933333333
7.94844444444
8.74318518519
5.86977777778
4.29022222222
9.33511111111
12.5185925926
9.09681481481
4.39133333333
2.43103703704
-1.04422222222
-4.19674074074
-4.40837037037
-4.67903703704
-3.52355555556
-2.04111111111
-1.68585185185
-0.507037037037
-1.052
-2.08666666667
-0.670814814815
0.690592592593
1.82822222222
2.396
5.25711111111
9.56703703704
9.98888888889
6.80133333333
4.4162962963
7.25792592593
9.14222222222
9.41377777778
10.0777037037
8.95748148148
5.84037037037
1.81177777778
-1.36851851852
-0.614074074074
-1.0277037037
-2.79125925926
-7.13088888889
-6.85111111111
-4.28140740741
-4.25985185185
-2.19340740741
-3.87540740741
-9.56718518519
-6.85985185185
-3.89148148148
-2.0117037037
1.50066666667
2.12666666667
3.5142962963
6.95488888889
4.89688888889
0.942962962963
-0.589777777778
-1.312
-2.38059259259
-0.776592592593
1.7522962963
1.64659259259
6.45637037037
8.28266666667
5.68962962963
1.06022222222
-1.04696296296
-2.80659259259
-0.0482222222222
1.85059259259
1.65377777778
0.188518518519
1.87718518519
4.45096296296
0.451037037037
-1.33748148148
-2.91214814815
-7.81488888889
-7.98288888889
-2.90777777778
-0.887851851852
-4.66807407407
-4.07659259259
-3.54785185185
-3.0422962963
-1.18474074074
-2.72274074074
1.05014814815
-0.874148148148
0.13037037037
-2.29474074074
-5.37118518519
-7.12688888889
-5.0357037037
-3.10651851852
-0.60162962963
-2.2177037037
-2.83459259259
-0.884222222222
-4.34703703704
-4.10407407407
-2.97977777778
-2.49037037037
-0.789259259259
1.48296296296
0.784666666667
-0.799407407407
1.72414814815
5.35496296296
5.02237037037
4.55681481481
0.987259259259
-2.8922962963
-4.67925925926
-5.50681481481
-6.51348148148
-5.44185185185
-3.14488888889
-1.60681481481
-3.0442962963
-4.27237037037
-5.26140740741
-5.09377777778
-5.52474074074
-5.14274074074
-2.57792592593
-1.11496296296
-1.84896296296
-1.52837037037
-0.164222222222
1.76518518519
2.68592592593
2.35288888889
-1.18614814815
-1.2637037037
2.31525925926
8.27925925926
9.36392592593
10.5351851852
10.4522222222
12.4024444444
8.8077037037
7.35918518519
4.83814814815
3.05703703704
2.58555555556
0.783851851852
0.637333333333
3.90125925926
5.56259259259
9.696
8.99807407407
6.81725925926
9.55777777778
13.254
8.63540740741
6.88074074074
9.24207407407
9.35918518519
11.2414074074
12.3368148148
13.0568888889
11.9225185185
11.8280740741
6.08637037037
4.30185185185
6.27014814815
11.2377777778
9.97614814815
9.744
11.4959259259
12.6374074074
14.4645185185
13.1356296296
10.6844444444
10.7091851852
5.77985185185
1.49651851852
1.1077037037
2.286
3.0202962963
3.87903703704
2.80096296296
0.00281481481481
3.16940740741
7.77007407407
11.9003703704
4.52925925926
3.76422222222
5.23748148148
8.3197037037
4.49437037037
3.66837037037
3.65785185185
4.40007407407
5.61155555556
6.87081481481
12.6491851852
13.7843703704
15.8902222222
18.787037037
16.096962963
14.5197777778
15.1011111111
12.7517777778
13.3125925926
13.9812592593
10.1733333333
11.9820740741
16.352962963
19.1674074074
19.9891111111
14.0618518519
13.2558518519
10.7800740741
10.4803703704
11.7604444444
9.382
10.4167407407
12.5684444444
15.4442222222
18.8728888889
19.4692592593
21.8482222222
15.3800740741
11.7600740741
14.7376296296
16.4842222222
16.7721481481
18.436
16.9345185185
14.0928888889
16.8488888889
13.5940740741
12.7055555556
18.9028888889
20.7511111111
12.2644444444
9.56503703704
8.23414814815
7.97437037037
9.59822222222
9.93362962963
11.5342962963
13.8297777778
14.2034814815
15.1360740741
14.3133333333
16.1248888889
19.8288888889
9.97214814815
11.2174814815
14.1866666667
16.2247407407
13.8879259259
13.3588888889
15.6687407407
17.298962963
18.4783703704
20.6597037037
21.3459259259
21.9707407407
19.6161481481
17.5854814815
15.9002222222
15.9372592593
13.9259259259
16.4222222222
14.5311111111
10.7899259259
10.5193333333
12.6788888889
13.6399259259
15.0926666667
14.343037037
12.9508888889
11.3597037037
12.1434074074
13.8698518519
14.7166666667
17.2822962963
14.7316296296
15.8374074074
18.2764444444
18.5274814815
19.4202962963
20.9835555556
21.6826666667
22.1543703704
19.9953333333
18.0727407407
17.9557777778
14.8342222222
14.6303703704
15.9880740741
17.41
18.8361481481
19.4588888889
15.3235555556
11.327037037
12.839037037
13.0702222222
12.0057037037
11.9033333333
10.8117037037
11.3074074074
13.2120740741
12.4114814815
13.2587407407
13.3640740741
12.6225185185
12.2017037037
12.1648148148
12.7677037037
12.8154074074
12.9921481481
11.4837777778
12.162962963
12.5203703704
13.3934814815
15.0521481481
16.5568888889
15.4437037037
15.3932592593
16.183037037
15.5087407407
11.7771851852
10.4398518519
11.9168148148
14.1702962963
12.9000740741
15.2642222222
11.8305925926
17.1581481481
16.8444444444
17.1259259259
11.2811851852
10.3806666667
11.3504444444
14.0107407407
10.1618518519
9.7357037037
10.2624444444
9.8217037037
11.3325185185
11.6362962963
9.43992592593
9.55340740741
10.5787407407
15.2194814815
11.3793333333
9.96948148148
12.3167407407
7.10074074074
5.87014814815
4.28325925926
4.19918518519
4.57281481481
4.4537037037
3.04948148148
5.76244444444
10.4808148148
7.83207407407
7.97207407407
4.18511111111
2.80888888889
3.21955555556
1.00851851852
3.418
5.33562962963
4.24651851852
5.3977037037
7.06518518519
6.18740740741
9.81985185185
10.1174814815
11.0803703704
9.32207407407
9.67288888889
4.60622222222
4.50703703704
-0.221851851852
-0.478888888889
-1.21296296296
-1.00992592593
-1.13333333333
1.8942962963
3.92637037037
2.71407407407
-1.07962962963
-2.13296296296
0.542888888889
6.48540740741
6.91103703704
11.0481481481
9.35837037037
10.7588148148
9.44807407407
1.43014814815
-0.0171111111111
1.72644444444
3.13977777778
0.911925925926
1.79459259259
0.639555555556
-0.326148148148
-1.12792592593
-2.06451851852
1.13622222222
-0.183777777778
0.221259259259
0.813259259259
1.59362962963
-1.26192592593
-2.77251851852
-1.36925925926
-5.25318518519
-10.0711851852
-0.564740740741
-4.10585185185
-9.01281481481
-10.5674814815
-6.78977777778
-9.75755555556
-7.02962962963
-6.42696296296
-1.55422222222
-1.84503703704
-2.00051851852
-1.168
-2.29607407407
-6.91496296296
-3.33281481481
1.17451851852
3.06696296296
5.15807407407
3.86851851852
3.34814814815
6.39303703704
7.188
6.92785185185
-6.05407407407
-9.97459259259
-9.36696296296
-10.0588888889
-14.6077777778
-8.02777777778
-9.68585185185
-12.1280740741
-13.4757777778
-6.79022222222
-4.28125925926
-5.83414814815
-3.49674074074
-3.01807407407
-2.73059259259
-2.75733333333
-1.11074074074
-0.323259259259
-1.51237037037
-1.7482962963
0.534148148148
0.577777777778
-1.4117037037
1.83266666667
5.25303703704
0.714
-2.69866666667
-3.58851851852
-3.68807407407
-2.66644444444
-1.24874074074
1.54711111111
2.49437037037
2.46281481481
2.18540740741
3.03992592593
3.74081481481
3.14644444444
2.48118518519
1.26851851852
1.29348148148
-0.754814814815
0.194296296296
-0.941037037037
-4.20192592593
-2.568
-2.32659259259
-1.39918518519
-3.55311111111
-4.682
-4.00303703704
-3.48274074074
-1.62044444444
1.53903703704
5.63422222222
2.45125925926
6.04874074074
3.95333333333
0.177777777778
0.0987407407407
0.519037037037
1.81703703704
0.83562962963
4.11822222222
1.33288888889
2.39918518519
0.569925925926
3.14577777778
5.40274074074
3.95237037037
2.03711111111
2.35762962963
0.650666666667
1.61074074074
2.41925925926
3.52244444444
2.88377777778
3.48903703704
5.23925925926
6.85459259259
8.56348148148
7.63348148148
6.32074074074
3.71414814815
2.29214814815
7.57725925926
9.58637037037
6.38111111111
6.96748148148
9.48940740741
11.3206666667
9.11503703704
3.14133333333
1.03155555556
1.26081481481
0.697851851852
0.275259259259
0.483777777778
2.19125925926
5.66051851852
8.64985185185
6.55244444444
5.74859259259
7.11592592593
7.42259259259
8.08148148148
7.28696296296
6.5362962963
5.312
6.83548148148
7.04659259259
7.92333333333
6.77985185185
3.83533333333
3.68703703704
4.09659259259
3.48540740741
8.93651851852
9.66651851852
6.73666666667
8.14155555556
4.77792592593
8.31844444444
9.41896296296
8.15096296296
7.254
9.95718518519
12.2217037037
13.9824444444
16.0359259259
17.7128148148
15.2405185185
15.0777777778
14.0440740741
15.6171851852
14.771037037
13.6743703704
11.2592592593
10.0297037037
12.3933333333
16.0217777778
19.2646666667
11.5323703704
12.74
15.6082962963
18.6163703704
20.8472592593
22.3642222222
22.3597037037
22.8765925926
22.6117037037
20.5325185185
19.6074074074
18.0716296296
15.9297037037
16.5983703704
14.920962963
12.1560740741
9.98
9.45251851852
9.34525925926
10.2146666667
11.7024444444
13.02
12.2891111111
13.2251111111
14.9038518519
17.3999259259
15.162962963
14.3608148148
17.7898518519
15.8677037037
13.9032592593
12.8957777778
12.0302962963
13.0978518519
14.754
18.7533333333
19.2102222222
13.6960740741
14.6771851852
15.7104444444
15.6854814815
17.8479259259
20.6805925926
20.7692592593
21.5442962963
21.6617777778
22.0002222222
22.0674814815
21.9165925926
20.7572592593
18.3303703704
17.8572592593
17.1961481481
20.7853333333
20.7116296296
17.5173333333
17.1305925926
17.9291111111
17.6174074074
14.189037037
13.9220740741
15.4582222222
19.4742222222
21.590962963
21.1282222222
20.8184444444
21.946
22.1631111111
18.4033333333
18.4780740741
18.0177777778
18.2380740741
18.0605185185
17.9686666667
16.386
16.7051851852
20.816962963
17.7727407407
15.4891111111
18.1432592593
18.0542222222
15.5707407407
17.7877777778
14.5211851852
11.7578518519
12.4452592593
13.635037037
14.536
14.1028888889
14.4206666667
17.7627407407
14.094962963
14.2806666667
13.7066666667
14.9753333333
14.1277037037
13.0979259259
11.5965185185
12.3318518519
15.8818518519
19.8642962963
17.7485185185
14.7881481481
14.7777777778
15.2432592593
16.7817777778
17.9477777778
17.5082962963
16.694
16.6158518519
18.1145925926
18.7331851852
18.4797777778
17.6539259259
17.1691111111
17.8845925926
18.2167407407
10.7624444444
8.95155555556
11.6983703704
14.2054814815
14.9401481481
11.7328148148
12.9565925926
13.2261481481
13.1404444444
12.0200740741
13.573037037
12.3308148148
9.74451851852
9.85711111111
10.6017777778
7.31251851852
8.84933333333
8.65259259259
8.64311111111
9.08807407407
8.70866666667
9.27074074074
8.99444444444
7.99874074074
5.95962962963
7.61392592593
9.39585185185
8.85903703704
8.78881481481
9.33014814815
9.1602962963
10.6426666667
6.97414814815
4.30859259259
6.68918518519
9.89377777778
9.87125925926
6.91407407407
7.83155555556
5.78896296296
8.82881481481
9.06540740741
8.91
7.62911111111
4.9697037037
1.00696296296
2.80933333333
9.06266666667
11.1146666667
9.14066666667
8.0062962963
6.76622222222
5.45333333333
2.19037037037
1.01637037037
0.767777777778
2.53125925926
7.54785185185
6.35459259259
5.37066666667
4.71918518519
6.87333333333
9.61888888889
6.90503703704
5.7997037037
4.85807407407
4.09340740741
1.87881481481
1.08125925926
-0.155333333333
-0.301925925926
0.353185185185
0.0507407407407
0.0152592592593
0.57162962963
2.32555555556
3.57296296296
7.60288888889
5.63533333333
5.80874074074
2.09540740741
0.384296296296
0.329851851852
-1.69644444444
4.28644444444
4.47955555556
0.63637037037
-0.321555555556
-0.758888888889
3.32896296296
2.59407407407
1.57088888889
-0.63237037037
-2.24762962963
-0.0931851851852
1.56051851852
4.56688888889
1.59103703704
0.925407407407
0.200444444444
-1.696
-2.89214814815
-0.472888888889
4.39622222222
6.3962962963
8.00681481481
8.55614814815
3.49422222222
1.87933333333
2.43622222222
4.97044444444
6.00007407407
1.42355555556
1.856
-0.286148148148
2.50155555556
4.79525925926
5.34888888889
1.94014814815
-0.518962962963
-0.481111111111
1.75688888889
2.45592592593
-0.253851851852
-1.46066666667
0.534962962963
5.45585185185
8.214
6.86155555556
5.84681481481
1.62392592593
0.394518518519
4.01792592593
-0.0292592592593
-1.25207407407
-2.28162962963
-1.43911111111
-0.0465925925926
-0.944222222222
-4.3742962963
-3.3797037037
-4.74933333333
-4.21385185185
-3.49274074074
-5.66933333333
-6.39925925926
-5.77859259259
-7.42503703704
-4.55933333333
-4.8942962963
-2.72014814815
-0.857851851852
-5.94140740741
-7.70718518519
-5.27592592593
-3.04318518519
0.632296296296
4.59059259259
4.30911111111
2.43451851852
0.472814814815
1.12422222222
0.119333333333
1.38274074074
3.55237037037
5.17888888889
6.32422222222
4.09392592593
4.96466666667
4.062
2.55274074074
0.0804444444444
2.43266666667
7.23022222222
7.06896296296
4.388
6.06637037037
8.90511111111
8.48148148148
7.76807407407
7.28488888889
1.51207407407
4.53333333333
5.22133333333
2.07251851852
-0.0857777777778
1.39014814815
-0.709925925926
1.21222222222
3.14607407407
5.22474074074
6.83340740741
3.57185185185
2.60888888889
2.32362962963
2.99659259259
3.41755555556
3.10177777778
5.69562962963
5.42703703704
8.53792592593
8.38251851852
3.39340740741
2.20177777778
3.34614814815
5.55288888889
8.83177777778
12.8455555556
14.2954814815
10.9204444444
10.4621481481
13.8013333333
8.77251851852
11.7817037037
8.49466666667
11.8259259259
13.3408888889
9.55066666667
10.3180740741
9.27881481481
11.3222222222
10.401037037
7.95325925926
7.27592592593
7.11503703704
8.63244444444
11.2933333333
10.8117037037
9.588
9.0357037037
7.27785185185
8.71659259259
9.99437037037
8.62681481481
12.0508148148
13.793037037
14.1294814815
12.9811851852
10.9076296296
8.81985185185
14.208962963
13.3121481481
9.72474074074
8.6537037037
8.54125925926
8.83392592593
9.0022962963
7.09851851852
8.0077037037
8.72237037037
9.85385185185
14.8380740741
17.786962963
14.6107407407
15.8845925926
19.3744444444
15.142
11.7372592593
14.4603703704
18.475037037
17.6383703704
15.1208148148
15.2997777778
17.8617037037
16.6142962963
14.1262962963
10.4980740741
9.32459259259
8.73740740741
12.3097777778
16.2302222222
18.0920740741
18.7435555556
20.4633333333
20.2147407407
20.7314814815
18.9143703704
18.4128148148
14.3194074074
11.8137037037
13.0582962963
15.2314074074
12.7988148148
14.962962963
18.0943703704
18.9817037037
20.6480740741
20.7582222222
20.2834074074
21.4034074074
21.91
22.738
23.7188888889
22.7133333333
18.379037037
15.0795555556
19.5955555556
20.7158518519
23.112962963
19.6531111111
16.8726666667
13.2120740741
13.0185925926
18.7903703704
21.6494074074
18.4403703704
20.6971111111
24.8954074074
24.0921481481
20.1828148148
18.2705925926
19.9680740741
24.2037777778
20.5879259259
15.2715555556
13.1214814815
12.1554814815
12.1780740741
13.177037037
15.5947407407
19.0234814815
19.5484444444
18.6335555556
18.0165185185
18.1921481481
12.9294074074
12.298962963
16.4975555556
17.9016296296
17.9567407407
19.5985185185
21.3935555556
21.9334814815
20.5000740741
18.9105925926
19.3948148148
20.3631851852
20.6547407407
19.797037037
19.0599259259
16.3651111111
16.2573333333
16.6965185185
18.351037037
18.0026666667
17.4778518519
13.2814074074
14.1539259259
15.2673333333
12.1992592593
9.47237037037
12.0097777778
14.8115555556
13.5612592593
11.7833333333
10.2071851852
9.84511111111
12.8287407407
15.0395555556
11.504962963
10.888962963
12.8240740741
14.3408148148
10.7071851852
12.0174074074
11.1461481481
11.077037037
16.4651111111
9.96162962963
10.492962963
14.8399259259
15.5988888889
14.4771851852
10.9208888889
8.87318518519
11.9387407407
16.0862962963
17.244962963
14.9388888889
11.435037037
10.7942222222
9.73659259259
9.22259259259
11.5035555556
7.93911111111
8.07081481481
11.0414814815
10.5942222222
10.3991111111
8.28488888889
6.77703703704
8.02481481481
9.01607407407
5.95118518519
4.10111111111
2.40940740741
2.942
4.558
4.4402962963
6.65022222222
8.12325925926
5.56459259259
2.38281481481
1.78681481481
5.02696296296
6.44222222222
7.86074074074
5.38014814815
7.74807407407
8.18362962963
6.57118518519
5.57577777778
6.06896296296
6.07614814815
4.66355555556
2.05948148148
-0.759037037037
-2.65896296296
-5.33355555556
-4.25474074074
-0.577555555556
1.03814814815
-0.425851851852
1.35059259259
-0.0578518518519
-0.229481481481
-1.89481481481
-2.20740740741
-2.2482962963
5.90444444444
10.6415555556
8.74355555556
4.92659259259
3.61103703704
-1.34
-4.44822222222
-5.63777777778
-4.53222222222
-3.07896296296
-2.10162962963
-1.01385185185
-3.148
-1.62451851852
0.467777777778
-1.43644444444
-5.54918518519
-7.83251851852
-5.77844444444
-5.38992592593
-6.93118518519
-7.50340740741
-1.81125925926
1.19518518519
2.62637037037
3.79422222222
3.33355555556
3.88044444444
6.44607407407
7.93748148148
8.81266666667
4.59355555556
3.16022222222
6.41140740741
5.32266666667
2.90348148148
2.21948148148
2.14303703704
3.42
2.83948148148
0.485259259259
-0.596074074074
0.962
0.981555555556
0.196074074074
-1.17185185185
-1.73051851852
0.698
1.70274074074
2.36755555556
4.00274074074
0.0297777777778
1.51451851852
2.53681481481
-0.591407407407
-1.124
-2.38718518519
-4.78214814815
-4.84540740741
-0.0864444444444
-0.072
-3.49044444444
-3.79733333333
-0.015037037037
1.15977777778
1.94785185185
2.14014814815
0.939037037037
0.895037037037
3.21792592593
2.09718518519
3.12466666667
3.27466666667
2.34503703704
1.54096296296
0.36637037037
-0.329703703704
-0.839185185185
1.48103703704
-2.17148148148
-2.76762962963
-1.78822222222
-3.0917037037
-5.6637037037
-5.63237037037
-6.38837037037
-4.48792592593
-3.06362962963
0.662666666667
-0.465703703704
-0.515777777778
-0.628222222222
-1.48355555556
1.35985185185
0.533259259259
-0.457481481481
0.127407407407
-0.576814814815
-0.745925925926
-0.360444444444
-1.57481481481
0.114148148148
3.9157037037
2.2797037037
-0.473703703704
-2.69096296296
-2.90592592593
-1.44155555556
-0.70037037037
0.792148148148
1.62777777778
2.6957037037
0.763111111111
1.34237037037
0.191555555556
-0.804666666667
-0.869259259259
1.51925925926
1.78266666667
2.57792592593
4.52059259259
3.47451851852
4.38614814815
5.15377777778
7.70548148148
4.4462962963
1.91348148148
1.91237037037
0.848814814815
-1.05355555556
-0.461925925926
0.284444444444
1.53385185185
1.72422222222
3.16859259259
4.09948148148
3.19844444444
4.30422222222
6.20674074074
3.3517037037
5.37911111111
8.69992592593
12.1126666667
3.96933333333
3.16488888889
4.47444444444
6.12496296296
9.33977777778
11.7345185185
14.2741481481
11.1845925926
10.5631111111
10.2008148148
11.0888888889
6.08607407407
3.62459259259
6.29696296296
6.85377777778
6.06533333333
10.5422222222
10.3482962963
13.1308148148
14.4104444444
12.7732592593
4.69859259259
4.50059259259
5.60762962963
5.99948148148
6.54644444444
4.92303703704
6.67222222222
8.56437037037
9.84251851852
12.566962963
11.3325185185
13.1644444444
14.1882222222
13.2824444444
10.0220740741
9.38111111111
10.4753333333
8.42948148148
10.5325185185
11.4977777778
10.3797037037
7.83933333333
8.91940740741
7.97
10.5280740741
13.6322222222
14.2676296296
19.1
10.6898518519
12.5504444444
9.40866666667
10.7585185185
11.8407407407
10.0727407407
13.2600740741
10.969037037
12.8351851852
15.645037037
13.2616296296
10.5699259259
10.7312592593
12.3992592593
15.2465925926
16.9606666667
20.6428888889
17.7657037037
15.6532592593
11.2357777778
9.64362962963
10.3362962963
10.39
15.6587407407
11.3568148148
9.11622222222
9.84377777778
12.478962963
11.9072592593
9.30874074074
10.2560740741
10.6793333333
11.4261481481
14.9188888889
17.158962963
21.5825925926
23.9885185185
24.711037037
17.3620740741
14.8960740741
14.2622222222
12.9863703704
11.9401481481
11.3011111111
12.2147407407
12.9678518519
12.6527407407
12.9685925926
13.4747407407
13.2838518519
15.1597037037
15.9117037037
13.2837037037
13.6534074074
13.9607407407
18.2213333333
21.1917777778
22.6167407407
14.8281481481
17.2595555556
20.4987407407
17.5073333333
15.666962963
13.4414814815
14.7018518519
16.0763703704
15.3494074074
14.8747407407
13.9152592593
15.0863703704
15.0082222222
15.8785185185
15.0380740741
14.9036296296
15.1803703704
15.4121481481
16.9759259259
17.3886666667
17.8954074074
17.9173333333
18.4608888889
18.5223703704
16.7745925926
16.0
16.169037037
15.9577037037
16.2127407407
16.3788888889
16.9591111111
17.554
16.4225185185
17.8926666667
15.5558518519
9.45318518519
8.44585185185
7.9857037037
8.84051851852
10.3037037037
9.92674074074
10.1006666667
11.4497777778
12.5883703704
14.3793333333
13.7368888889
12.1359259259
11.2731111111
11.9972592593
11.519037037
12.0202222222
11.1802222222
8.60437037037
8.0682962963
7.41725925926
8.17192592593
8.33881481481
9.10896296296
9.55481481481
12.2205185185
13.3605925926
14.3577777778
9.39822222222
9.45325925926
9.29014814815
10.2128148148
9.28592592593
8.40777777778
9.84303703704
13.078962963
12.9788148148
11.7355555556
9.9342962963
8.95748148148
9.91103703704
10.1146666667
7.72933333333
9.29288888889
12.5935555556
12.7042962963
8.74585185185
6.29155555556
7.85792592593
10.7928888889
8.5017037037
12.2171851852
7.65614814815
5.03407407407
4.63237037037
8.75755555556
8.74325925926
5.648
6.82948148148
4.10118518519
5.03622222222
4.72703703704
5.64111111111
5.31718518519
5.46185185185
7.55681481481
6.072
6.77481481481
7.53644444444
4.73259259259
3.654
1.05288888889
0.172962962963
0.596
1.58925925926
3.56955555556
1.58785185185
2.76414814815
4.68340740741
9.00311111111
9.73659259259
7.63718518519
7.76288888889
4.81881481481
2.58992592593
3.58325925926
4.42022222222
1.13696296296
-0.234518518519
-1.09451851852
1.216
1.43807407407
1.42177777778
2.31548148148
1.796
3.42059259259
3.17644444444
3.42666666667
3.97407407407
2.69681481481
0.422
0.845037037037
1.61762962963
1.79133333333
2.29
1.95385185185
0.724074074074
4.36562962963
3.02851851852
0.376296296296
1.46044444444
0.390222222222
-0.337259259259
-0.082962962963
-0.144
-2.35933333333
-2.77903703704
-2.87222222222
-4.87607407407
-1.22103703704
-6.25037037037
-6.79992592593
-11.0138518519
-10.5601481481
-12.4495555556
-13.1617037037
-13.5084444444
-10.8137777778
-10.1448148148
-11.7605925926
-8.92451851852
-12.2792592593
-12.6973333333
-9.64096296296
-8.14525925926
-8.95748148148
-10.2584444444
-7.08414814815
-4.19918518519
1.52088888889
5.00962962963
0.0628148148148
-1.38755555556
-0.0520740740741
2.62740740741
-3.92866666667
-3.89414814815
0.829111111111
2.79059259259
3.76088888889
6.83555555556
5.74888888889
-0.936740740741
-1.47481481481
-0.560148148148
0.362518518519
-3.52725925926
-5.16503703704
-7.58422222222
-10.5813333333
-12.7971851852
-13.2094814815
-11.4892592593
-9.35088888889
-10.1886666667
-6.38851851852
-6.67525925926
-10.3008148148
-11.124
-7.75992592593
-2.18155555556
-2.94666666667
-1.9497037037
2.25385185185
2.85355555556
2.60888888889
2.8042962963
1.90414814815
2.67933333333
3.2822962963
3.76518518519
4.69622222222
4.85355555556
3.71148148148
2.94
3.59896296296
1.67311111111
-0.209555555556
0.187925925926
0.61037037037
1.00955555556
-0.685185185185
-0.623555555556
0.216444444444
-0.79762962963
-2.63896296296
-0.885481481481
0.144592592593
1.67081481481
3.91925925926
3.07422222222
2.8477037037
5.61911111111
6.12659259259
3.14955555556
0.852148148148
2.61192592593
7.80422222222
7.51088888889
8.94414814815
10.1686666667
10.9464444444
14.2581481481
13.9453333333
9.71688888889
8.68807407407
8.71155555556
7.23977777778
6.45851851852
6.04192592593
4.10244444444
4.65814814815
4.64466666667
4.59125925926
4.72896296296
6.22392592593
8.27133333333
10.1012592593
10.1154074074
12.4344444444
11.5234814815
3.78940740741
3.3037037037
1.57325925926
0.889925925926
1.36296296296
1.79296296296
2.69422222222
5.29792592593
6.47437037037
3.87422222222
3.40303703704
5.78911111111
8.68407407407
12.5574814815
16.0866666667
11.0394814815
10.7978518519
10.7922222222
12.565037037
14.5054074074
17.6357037037
13.7786666667
11.2362222222
15.3688888889
14.1234074074
15.7008148148
15.7757777778
15.2879259259
13.0883703704
10.0942222222
10.1345185185
12.3339259259
16.5538518519
19.5231851852
19.8875555556
15.492962963
11.64
13.759037037
15.8722222222
15.9414814815
16.3971111111
17.6271851852
18.6917777778
17.9639259259
16.9114814815
14.7813333333
7.78437037037
8.94874074074
8.41318518519
9.422
9.59844444444
8.93177777778
10.5351851852
9.10318518519
9.38933333333
8.85681481481
11.3740740741
14.5895555556
10.8805925926
12.8326666667
13.4223703704
12.1118518519
13.181037037
10.9960740741
10.5787407407
11.0002962963
11.2934814815
12.7186666667
14.9435555556
14.0982962963
13.934
16.4833333333
18.9071111111
19.827037037
17.0060740741
13.548962963
11.996962963
12.5675555556
13.258962963
14.403037037
16.0814074074
18.8514814815
22.5399259259
17.4614074074
17.2646666667
16.4626666667
19.222
16.2839259259
15.0984444444
11.748
14.5120740741
14.6718518519
16.7071111111
19.4334814815
18.6902222222
16.156
18.1779259259
16.2662222222
15.7588148148
13.6941481481
14.2531851852
14.7152592593
14.7833333333
13.4185925926
15.4271851852
11.7946666667
11.1840740741
13.3480740741
16.8751111111
14.1637037037
15.474962963
15.7931111111
19.2285185185
22.6655555556
19.219037037
16.5659259259
12.632
11.8986666667
15.2094074074
14.1155555556
15.6651851852
17.0411851852
14.0362962963
16.6995555556
12.6113333333
12.5153333333
11.7140740741
12.9248888889
14.8480740741
15.7734074074
18.0551111111
15.0456296296
12.5557777778
12.6411111111
12.062
12.5828148148
8.30259259259
9.00318518519
9.19792592593
8.57748148148
10.4005925926
12.9611111111
13.0494814815
14.8274074074
12.7864444444
10.1537037037
10.1798518519
14.1778518519
14.9061481481
17.4362962963
15.916962963
18.1774814815
17.4448888889
15.5982222222
13.0160740741
12.352
11.3197037037
12.319037037
12.0594814815
11.1740740741
12.0040740741
13.8556296296
15.0977777778
18.079037037
17.834
14.3313333333
11.9899259259
12.4694814815
8.91237037037
9.16081481481
10.8226666667
13.0693333333
7.84985185185
6.48814814815
10.0665185185
9.35311111111
8.17948148148
9.27118518519
8.36777777778
6.03562962963
5.13355555556
5.11296296296
4.45777777778
5.17177777778
4.04355555556
4.66555555556
3.73007407407
2.10266666667
1.55333333333
2.79496296296
-0.182296296296
1.06844444444
3.29533333333
2.26503703704
0.373111111111
2.48866666667
8.79814814815
2.11711111111
5.00711111111
7.0002962963
11.763037037
4.92518518519
0.0632592592593
-1.03281481481
-0.791407407407
-0.574148148148
-1.93044444444
-2.92125925926
-3.46851851852
-4.87518518519
-5.44103703704
-4.75444444444
-4.02185185185
-4.22281481481
-4.60081481481
-2.43355555556
-3.39103703704
-5.36051851852
-3.01014814815
-2.12103703704
-4.03733333333
-0.332
2.63711111111
5.12140740741
8.01140740741
9.23133333333
9.42111111111
5.14214814815
6.79562962963
5.81177777778
6.23533333333
2.75014814815
1.08955555556
-1.11066666667
-1.18911111111
1.75496296296
6.70377777778
7.6057037037
6.13837037037
4.79992592593
2.91696296296
4.31577777778
2.51940740741
2.71851851852
2.25844444444
2.88585185185
5.74155555556
5.81259259259
0.920148148148
-2.80896296296
-4.51622222222
-6.35459259259
-9.35155555556
-7.01718518519
0.705111111111
2.646
-2.76466666667
-1.36888888889
0.467703703704
-3.24303703704
-4.21385185185
-5.66340740741
-2.92681481481
2.10118518519
1.41644444444
4.1077037037
2.634
0.958666666667
-0.297333333333
-4.29451851852
0.55962962963
6.89955555556
2.73348148148
3.12637037037
3.35133333333
4.05733333333
0.348814814815
-0.682222222222
-4.03696296296
-4.41725925926
-2.89496296296
-2.68133333333
-0.556518518519
0.333851851852
2.20044444444
-0.524666666667
-2.43866666667
-4.99688888889
-5.96644444444
-7.04696296296
-9.80977777778
-11.5145185185
-14.1184444444
-4.712
-5.41185185185
-7.69022222222
-7.64459259259
-5.82281481481
-5.16081481481
-4.426
-6.2922962963
-6.73725925926
-8.14303703704
-9.16333333333
-11.8506666667
-11.1697777778
-10.6426666667
-11.192
-9.66140740741
-10.5737037037
-9.43451851852
-6.40881481481
-3.64948148148
-4.26007407407
-2.53325925926
-2.07881481481
2.87903703704
3.68785185185
1.06325925926
1.16614814815
-0.248592592593
0.714
1.80074074074
1.4082962963
1.68748148148
2.42355555556
4.70259259259
4.5197037037
5.33340740741
5.1282962963
4.21540740741
4.57725925926
2.07762962963
4.01414814815
2.95392592593
3.23540740741
2.55592592593
2.69118518519
7.16748148148
7.06851851852
4.25385185185
2.45125925926
5.49718518519
4.582
4.21718518519
3.1997037037
0.853259259259
0.786296296296
2.8602962963
7.47518518519
6.9182962963
3.69925925926
-1.07007407407
-4.2357037037
-3.60377777778
-1.09437037037
2.58607407407
8.43533333333
7.27814814815
5.89733333333
4.884
3.43955555556
4.60688888889
8.01977777778
5.87148148148
7.70044444444
8.73903703704
10.0274074074
9.89896296296
10.4720740741
12.1220740741
14.1643703704
9.51792592593
12.8805925926
16.193037037
18.3037037037
14.4297777778
16.3771111111
15.4360740741
11.6901481481
9.46281481481
10.6102962963
11.8482962963
12.6425925926
13.2176296296
14.6417037037
11.7571851852
9.09103703704
10.6606666667
14.8564444444
17.0781481481
15.8531851852
17.4695555556
17.096
14.0767407407
17.2005925926
10.7928148148
13.1808148148
17.258
17.3688148148
10.1102962963
8.4037037037
7.88274074074
9.01740740741
10.1601481481
8.97192592593
12.0684444444
7.49962962963
7.68207407407
7.19577777778
7.44755555556
9.80392592593
14.2644444444
16.8733333333
10.2418518519
12.1524444444
13.7247407407
17.3851111111
20.455037037
22.5081481481
21.1233333333
17.8942222222
19.6048148148
21.197037037
17.8623703704
18.0947407407
19.184
15.8077037037
17.716
19.3085185185
20.8463703704
20.8154074074
18.508962963
18.5005925926
20.0781481481
21.6836296296
22.5207407407
20.4673333333
20.5245185185
16.0021481481
12.9671111111
12.3445185185
12.2227407407
11.9531111111
12.0685185185
11.7485185185
11.6474074074
13.5025185185
16.4763703704
19.3871851852
20.5587407407
13.9745185185
13.4921481481
14.2364444444
16.1274074074
17.9535555556
15.3228888889
11.29
12.5722222222
15.8257037037
17.3312592593
19.6825925926
20.4835555556
17.520962963
20.5268148148
16.7045185185
21.1742962963
24.8217777778
21.5676296296
16.0685925926
17.666962963
19.1347407407
15.262962963
17.0827407407
19.4931851852
19.7934074074
17.1866666667
17.4201481481
18.034
18.6016296296
17.6674074074
16.4663703704
13.7715555556
12.6111851852
10.5255555556
12.0334074074
14.2371111111
12.0514074074
10.5902222222
11.3482962963
14.4942222222
11.5275555556
10.9340740741
9.82585185185
9.95577777778
10.2077777778
9.82511111111
12.2966666667
11.0014814815
9.17362962963
10.1305925926
12.2791851852
10.8602962963
10.1431111111
8.24911111111
7.83177777778
9.56925925926
10.0923703704
11.0625925926
16.252
14.4098518519
8.08451851852
7.95081481481
6.68459259259
7.33496296296
9.47407407407
10.6148148148
11.5886666667
12.1774814815
10.8648148148
7.56622222222
8.8577037037
9.75066666667
10.4538518519
12.5517037037
12.3444444444
12.4079259259
12.5015555556
10.5340740741
9.0142962963
11.211037037
12.9815555556
12.1828888889
11.6693333333
10.3982962963
9.52022222222
10.7304444444
10.5625925926
10.4205185185
13.9442222222
11.9494814815
13.1478518519
11.0557037037
8.97488888889
7.40281481481
7.64392592593
6.57592592593
10.904962963
4.35103703704
4.00577777778
6.7557037037
6.24814814815
3.77718518519
6.48851851852
5.07637037037
2.87533333333
5.78785185185
9.50059259259
3.39096296296
3.10614814815
4.03333333333
4.68051851852
5.34274074074
2.81014814815
3.89762962963
1.86244444444
6.22459259259
7.68066666667
7.65651851852
6.18437037037
6.10896296296
7.71488888889
9.8517037037
9.4917037037
6.71288888889
7.87333333333
5.1362962963
3.02562962963
5.90622222222
3.73977777778
5.50318518519
8.51496296296
7.20777777778
3.02051851852
-0.179555555556
-1.42259259259
-1.62651851852
-1.06
2.99888888889
3.82740740741
4.16362962963
4.83555555556
4.30925925926
4.06059259259
5.77718518519
4.108
2.72274074074
1.10362962963
-0.401037037037
0.0995555555556
2.22237037037
1.00385185185
2.15807407407
2.26807407407
4.66859259259
0.896740740741
0.254444444444
-0.040962962963
-4.36059259259
-4.23555555556
-5.34407407407
-5.76985185185
-1.21777777778
0.203037037037
1.8342962963
6.25488888889
6.05851851852
5.37503703704
5.15481481481
0.750222222222
-4.61207407407
-2.95096296296
0.999333333333
-0.794148148148
-6.73592592593
-6.73133333333
-3.93222222222
-10.3766666667
-15.6411851852
-14.1344444444
-15.96
-15.4191111111
-14.0294814815
-11.51
-8.40822222222
-9.16585185185
-6.1777037037
-7.99296296296
-6.97148148148
-3.41133333333
-0.315777777778
0.481407407407
-0.24162962963
-1.51481481481
-6.73555555556
-2.84237037037
-9.00251851852
-15.0911111111
-11.9678518519
-9.79762962963
-8.94562962963
-5.2917037037
-0.318
1.23066666667
2.02066666667
1.12007407407
1.99651851852
4.84451851852
3.00718518519
1.71288888889
2.07281481481
0.828296296296
0.304444444444
-0.219037037037
-1.99392592593
-2.52481481481
-3.2397037037
-3.46325925926
-2.42592592593
-2.56088888889
-0.358148148148
-3.94244444444
-6.51933333333
-5.31622222222
-1.81014814815
3.414
5.30014814815
2.5562962963
-2.66918518519
-11.1671111111
-9.82103703704
-7.69533333333
-7.19162962963
-8.88362962963
-6.36081481481
-5.21888888889
-4.06762962963
-4.17088888889
-4.99948148148
-4.01585185185
-3.74837037037
-2.02888888889
-1.59288888889
-0.629185185185
1.00807407407
-0.454444444444
-1.06859259259
-0.334814814815
-0.034962962963
2.94866666667
6.30081481481
7.13718518519
5.26533333333
7.63266666667
4.73037037037
1.93207407407
0.974888888889
2.45325925926
1.81644444444
2.61466666667
7.6497037037
7.32711111111
7.21288888889
6.98637037037
11.6507407407
9.82592592593
8.9577037037
6.24792592593
4.75851851852
2.21074074074
3.61940740741
6.43696296296
7.77177777778
7.71214814815
10.0035555556
11.1811851852
12.9374074074
9.43496296296
7.04659259259
8.03733333333
9.68548148148
12.2559259259
14.7523703704
12.5425925926
9.20503703704
11.5388888889
15.1280740741
15.1991111111
12.6672592593
12.3113333333
6.59044444444
4.95059259259
6.93059259259
6.30488888889
7.21496296296
8.39666666667
12.0396296296
8.83748148148
8.26851851852
7.50088888889
4.41496296296
6.1222962963
7.49251851852
5.88911111111
7.02088888889
9.50177777778
11.6481481481
6.366
5.00251851852
6.61918518519
8.73251851852
11.6422222222
13.329037037
14.4895555556
12.2102222222
9.97259259259
8.15681481481
9.91296296296
11.4412592593
12.7975555556
11.674
12.5077777778
11.4628148148
11.7373333333
13.8615555556
14.6555555556
10.7203703704
10.8311111111
11.9905185185
13.3025185185
12.392
12.3682222222
12.9774814815
10.3460740741
8.64792592593
8.31192592593
8.86096296296
11.2485185185
12.713037037
11.6679259259
13.1311111111
13.3257777778
11.7088888889
12.0708148148
13.7787407407
16.7508888889
18.5439259259
21.8091111111
23.0531111111
19.6633333333
16.8815555556
18.736
17.7706666667
17.3337777778
18.996962963
21.2128888889
16.4480740741
14.0231111111
14.6388148148
19.7322962963
16.9354814815
14.3185925926
17.6614814815
20.4307407407
20.8715555556
17.8218518519
14.6767407407
15.8456296296
14.5335555556
14.5224444444
15.8704444444
15.3165925926
15.1097037037
12.2917037037
10.1439259259
11.4407407407
11.5961481481
13.814
14.2466666667
13.8568888889
13.7534814815
11.8402962963
12.8588888889
11.1228888889
9.96659259259
9.50222222222
12.2034074074
14.086
12.9108888889
12.4608148148
13.1048148148
15.1478518519
16.1044444444
17.1621481481
14.5097777778
14.8706666667
20.2548888889
17.3094074074
16.9236296296
17.6138518519
18.9217037037
19.8398518519
18.1479259259
19.5936296296
14.892962963
13.1179259259
13.7528148148
13.6558518519
14.631037037
14.6645185185
12.6307407407
17.5937777778
16.8868888889
17.1962222222
18.3268148148
15.6928148148
13.0471851852
13.5902222222
11.6403703704
12.7342962963
14.1257037037
12.9119259259
17.6853333333
17.7803703704
15.0088148148
11.693037037
14.2091111111
18.0007407407
17.4397037037
14.9588888889
17.0325925926
18.8263703704
18.2759259259
15.8211111111
11.096
9.506
8.83637037037
7.08422222222
5.51940740741
5.09022222222
6.33644444444
7.302
7.07162962963
6.48022222222
8.38614814815
13.4159259259
13.4802962963
10.2224444444
8.75081481481
7.632
12.4711851852
11.2185925926
5.80518518519
8.14703703704
8.82118518519
13.0804444444
12.6353333333
8.53740740741
7.70562962963
7.39207407407
7.19333333333
8.34607407407
8.11251851852
6.84237037037
7.10681481481
4.55962962963
5.48266666667
8.38903703704
7.76318518519
7.35733333333
6.6822962963
7.06185185185
8.52303703704
8.13525925926
6.28
3.32459259259
2.92088888889
4.70777777778
3.08422222222
1.09414814815
3.69348148148
4.17037037037
6.60666666667
5.75422222222
6.0522962963
3.27311111111
3.89985185185
7.80762962963
6.69251851852
7.38207407407
6.60577777778
4.22177777778
4.0462962963
3.49340740741
2.95733333333
0.719925925926
0.560444444444
1.04837037037
1.09955555556
1.2822962963
0.846666666667
-0.572666666667
0.280592592593
-0.400148148148
-1.03511111111
-2.49311111111
0.534740740741
-2.21125925926
-3.68711111111
-8.13977777778
-9.41740740741
-3.97503703704
0.105777777778
-0.336888888889
-3.56422222222
-4.72214814815
-1.29088888889
3.04844444444
7.89644444444
11.0600740741
5.61985185185
6.83125925926
6.6262962963
4.27874074074
0.395555555556
-0.912074074074
0.478962962963
3.43711111111
5.6902962963
7.35259259259
6.61296296296
6.86414814815
6.54281481481
5.42414814815
7.63444444444
5.23822222222
5.55614814815
8.78022222222
6.45222222222
2.89711111111
2.32474074074
1.06622222222
2.49022222222
1.66518518519
-0.491111111111
-0.909703703704
0.0112592592593
1.80881481481
2.63362962963
2.60525925926
1.51933333333
1.57451851852
0.191481481481
1.48755555556
1.08607407407
0.102888888889
3.3617037037
6.20755555556
5.46533333333
2.1642962963
4.96896296296
5.862
3.16014814815
2.26711111111
3.07481481481
4.40014814815
4.45422222222
5.50955555556
4.39474074074
3.84274074074
1.34962962963
0.495777777778
1.85637037037
1.22562962963
0.937259259259
0.454740740741
-0.702962962963
-0.641703703704
0.0456296296296
1.36622222222
1.44022222222
2.02459259259
1.81859259259
0.0768148148148
0.659851851852
3.08644444444
1.55851851852
-1.18474074074
-1.446
-1.33911111111
-0.882444444444
-1.27940740741
-0.567777777778
-2.28014814815
-1.48311111111
0.119481481481
-0.0987407407407
-0.831555555556
-0.36762962963
-0.00459259259259
-2.3582962963
-2.60837037037
0.51437037037
1.90014814815
0.675851851852
0.147851851852
-1.25385185185
3.90111111111
4.3362962963
0.682444444444
-0.872148148148
2.18444444444
6.23955555556
7.03148148148
5.85562962963
5.23688888889
4.64066666667
3.62111111111
3.16377777778
3.19607407407
4.04592592593
5.19718518519
7.93037037037
4.69296296296
3.15851851852
3.73074074074
5.72237037037
5.542
5.64785185185
8.48014814815
10.4937037037
7.13607407407
0.482592592593
2.22437037037
5.69518518519
9.32622222222
3.7417037037
4.54725925926
7.02037037037
11.5963703704
10.5636296296
13.0434814815
14.8984444444
10.112
10.6363703704
7.68851851852
1.37437037037
2.416
5.16185185185
5.74022222222
9.50762962963
4.73022222222
9.31281481481
12.1076296296
12.94
10.4408148148
10.3942962963
10.3401481481
12.0527407407
12.9167407407
15.1783703704
14.209037037
15.4628888889
14.6085185185
13.1206666667
16.6388888889
17.328962963
18.0019259259
17.2671851852
16.7605925926
15.4065925926
9.78148148148
11.5862222222
6.962
7.18859259259
8.74503703704
11.6868888889
14.9271851852
18.1500740741
19.4257777778
17.7224444444
14.9945185185
12.9011111111
13.0287407407
10.5863703704
11.0102962963
12.0271851852
15.0802222222
13.2774814815
11.1891851852
9.53955555556
11.3632592593
12.3898518519
14.1342222222
15.6142222222
14.2266666667
12.4299259259
15.6714074074
17.2424444444
16.7271851852
15.6254074074
16.3484444444
17.7006666667
12.8508148148
12.2277037037
14.2531111111
12.7840740741
11.7005185185
13.2597037037
14.1958518519
16.2886666667
16.0322962963
17.0388148148
17.8111111111
19.1527407407
16.4142222222
13.5765185185
14.9726666667
17.6299259259
18.172962963
17.1039259259
16.7888888889
16.1240740741
14.5698518519
16.8168888889
19.4428888889
16.1727407407
15.3731111111
13.02
12.8938518519
11.3997037037
13.3657037037
12.6348888889
14.4858518519
17.5715555556
17.4940740741
20.8153333333
23.6203703704
16.4681481481
16.7705185185
18.754962963
15.0198518519
16.274962963
14.3955555556
13.8017777778
15.1018518519
18.6163703704
15.2355555556
11.8645185185
13.9851851852
15.386962963
17.4364444444
20.0037037037
21.0648888889
19.7925925926
20.8543703704
19.4907407407
19.756962963
17.6996296296
20.1871851852
19.7443703704
16.1514074074
15.6451851852
18.318
18.045037037
15.0979259259
13.0857777778
13.3477777778
12.764
13.7743703704
12.4557777778
12.3697037037
15.3299259259
20.5162222222
16.0886666667
13.0399259259
15.3193333333
16.1854814815
13.1831111111
11.2851111111
13.338
14.353037037
13.0618518519
12.3831851852
13.5224444444
13.7737037037
15.3894814815
14.9360740741
12.9312592593
8.87748148148
9.26125925926
10.4718518519
10.3127407407
11.7352592593
12.8464444444
11.6703703704
11.7322962963
9.87488888889
11.8021481481
11.5433333333
11.2117777778
12.8492592593
14.6801481481
14.759037037
15.2788148148
10.4422962963
8.54903703704
8.38822222222
9.80748148148
9.48162962963
9.82081481481
10.2171851852
9.0142962963
6.92044444444
7.99288888889
14.6104444444
8.37881481481
7.13762962963
10.7731111111
11.3481481481
12.2953333333
12.8360740741
11.2188888889
11.5927407407
13.3508148148
11.5006666667
10.1704444444
8.26
7.61318518519
7.65192592593
8.72955555556
6.91622222222
6.97081481481
11.5716296296
11.2077037037
3.38962962963
0.476444444444
3.06674074074
5.74081481481
2.8657037037
-1.67385185185
-1.91666666667
-2.818
-1.19340740741
0.956074074074
2.16111111111
2.7457037037
5.72822222222
7.82733333333
7.32725925926
6.51681481481
6.27355555556
7.77785185185
5.75592592593
3.93340740741
6.78348148148
1.95318518519
-0.415925925926
-4.84385185185
-7.73666666667
-2.6202962963
0.544074074074
2.94718518519
2.95407407407
3.02888888889
0.868518518519
3.02414814815
1.88948148148
2.91207407407
-1.98659259259
0.0218518518519
5.01881481481
3.51014814815
1.96162962963
0.521407407407
2.26622222222
2.00718518519
6.92437037037
5.70355555556
3.73133333333
3.99348148148
2.90125925926
-2.57318518519
-4.80437037037
-2.14377777778
1.69333333333
3.96125925926
-1.30407407407
2.18637037037
5.24192592593
5.6337037037
5.03525925926
4.45466666667
5.70888888889
5.78059259259
6.08777777778
4.86644444444
2.76014814815
2.77407407407
4.53437037037
3.37162962963
-0.468814814815
1.22577777778
2.32362962963
2.22859259259
3.0162962963
6.97207407407
6.49207407407
4.84296296296
0.923555555556
5.56362962963
2.55837037037
3.00481481481
2.97177777778
4.33044444444
1.54059259259
1.03244444444
-0.0991851851852
-1.38644444444
2.24503703704
3.55918518519
0.905259259259
-0.706518518519
-1.79422222222
-1.05296296296
-1.27362962963
-3.02051851852
-0.602962962963
0.388814814815
1.08125925926
0.0878518518519
-1.43525925926
-1.76725925926
-2.42037037037
0.212518518519
4.84148148148
3.89851851852
2.15444444444
1.08985185185
1.16103703704
0.60637037037
2.06807407407
2.14762962963
2.60422222222
2.65777777778
1.53296296296
0.871185185185
6.58822222222
9.82177777778
6.05274074074
0.568962962963
1.89940740741
2.66244444444
3.18548148148
4.88962962963
1.87562962963
1.74422222222
1.61185185185
3.30125925926
3.86688888889
5.32437037037
4.95088888889
7.19222222222
8.71614814815
9.21977777778
4.29022222222
4.35888888889
6.72281481481
8.13259259259
6.66296296296
5.84955555556
4.65903703704
4.60681481481
6.14348148148
3.98185185185
1.05325925926
3.43896296296
3.69740740741
4.24851851852
8.24022222222
3.61162962963
5.44014814815
5.12074074074
5.90977777778
10.2242222222
13.0742222222
8.97696296296
11.221037037
11.455037037
6.14266666667
1.92422222222
1.66148148148
1.55385185185
1.2482962963
5.63414814815
5.02881481481
6.53007407407
6.68177777778
9.09362962963
13.3872592593
12.8531111111
10.2025185185
8.79459259259
6.5757037037
8.3737037037
4.39718518519
4.60162962963
3.45777777778
5.80177777778
8.00259259259
6.18103703704
6.15681481481
9.53933333333
12.6186666667
4.96533333333
2.70859259259
2.97274074074
4.94548148148
5.51888888889
8.7217037037
11.4371851852
12.9654074074
12.7666666667
15.4917777778
7.79437037037
6.88288888889
9.73674074074
14.762962963
11.1137777778
11.1933333333
9.62755555556
9.12814814815
9.19451851852
11.2127407407
13.2336296296
15.2076296296
16.9605185185
18.302962963
17.905037037
17.2840740741
15.2557777778
16.6314814815
17.4751111111
17.766
18.2222962963
15.8285185185
16.6176296296
15.9422962963
13.1160740741
9.09925925926
12.8224444444
9.65822222222
9.37859259259
7.97407407407
8.17325925926
9.38214814815
7.84207407407
9.58340740741
12.0794074074
16.289037037
13.498962963
15.3688888889
16.3147407407
16.6116296296
15.6818518519
14.6874814815
16.8162222222
18.078962963
18.5068888889
20.3035555556
19.5394814815
16.0704444444
17.0102962963
16.6456296296
18.5351851852
20.0068148148
17.7513333333
12.6718518519
14.4223703704
13.3624444444
16.3506666667
14.5551111111
13.1119259259
17.6985925926
21.6517777778
22.5701481481
22.7865185185
18.517037037
17.6431111111
16.6948148148
15.8403703704
17.9185925926
16.8507407407
12.2800740741
14.4331111111
13.4588148148
13.9921481481
13.592
12.611037037
16.2411851852
18.1705925926
21.613037037
19.9092592593
19.7731111111
18.9588888889
19.3400740741
16.6088888889
15.6746666667
17.6484444444
16.4831851852
12.785037037
10.764962963
11.2725185185
13.9412592593
14.0414074074
15.3725185185
17.7822222222
18.5337777778
16.593037037
16.4734074074
18.0415555556
18.0864444444
17.3237777778
18.2044444444
18.5788888889
21.2748888889
23.1048888889
17.5903703704
16.5213333333
19.0958518519
20.6075555556
22.5343703704
21.3219259259
15.5526666667
16.1954074074
14.0814074074
13.435037037
12.9325925926
9.67533333333
11.1123703704
12.0166666667
14.6666666667
13.2114814815
12.1445925926
9.71296296296
11.3285925926
10.2438518519
12.1381481481
15.0374814815
15.6706666667
16.0
15.8019259259
15.8517777778
15.1577777778
13.2422962963
12.9068148148
13.6321481481
16.3214074074
16.856962963
18.5462222222
17.249037037
17.0124444444
18.0548888889
17.6928148148
13.9752592593
13.0951851852
12.4479259259
12.3588888889
8.2997037037
9.42762962963
9.67392592593
11.2914074074
11.0780740741
10.1522222222
7.37437037037
6.39066666667
8.40037037037
8.25888888889
7.47525925926
7.21985185185
7.24977777778
7.07451851852
7.76777777778
10.0052592593
11.0572592593
7.65385185185
6.534
7.17222222222
7.97688888889
8.84251851852
9.66051851852
9.90414814815
15.4831851852
14.4177037037
13.6188148148
12.8611111111
11.8919259259
12.4587407407
12.7738518519
10.924962963
9.88851851852
11.6358518519
9.71377777778
10.1217037037
9.63148148148
9.51985185185
7.41977777778
6.46518518519
5.06644444444
2.49037037037
4.14792592593
3.58548148148
4.30051851852
4.48503703704
4.03762962963
2.69474074074
1.75385185185
2.99007407407
0.602444444444
0.00548148148148
-1.14785185185
-0.96637037037
1.90459259259
3.94896296296
0.383259259259
-1.13325925926
0.358962962963
-5.79555555556
-0.802740740741
2.74007407407
0.216296296296
-3.56125925926
-3.88496296296
-3.46311111111
-2.29644444444
-1.44918518519
-0.64
0.761703703704
1.44888888889
0.660814814815
-1.20844444444
0.575111111111
-3.78918518519
-2.78422222222
0.0219259259259
4.62222222222
8.85133333333
7.41288888889
12.1222962963
9.21214814815
10.0439259259
6.4397037037
7.298
11.1278518519
8.00577777778
3.84244444444
4.46296296296
2.78118518519
-0.384814814815
-2.51103703704
-2.50977777778
-3.16133333333
-3.32207407407
-2.39125925926
-1.83555555556
-1.72740740741
-2.42851851852
-2.73459259259
-1.23288888889
-2.00851851852
-2.57688888889
-1.6237037037
0.889185185185
0.81762962963
1.48733333333
0.534148148148
-0.788296296296
0.98837037037
2.66644444444
6.4882962963
5.46985185185
1.68014814815
1.52807407407
2.96177777778
5.78022222222
3.886
5.65355555556
3.11718518519
6.64577777778
2.73
3.35407407407
4.62185185185
2.51503703704
4.93792592593
7.02911111111
5.52333333333
5.94022222222
5.59296296296
3.77725925926
3.34659259259
3.48940740741
9.17822222222
7.08688888889
2.51725925926
2.12562962963
2.41644444444
1.29222222222
0.673777777778
3.56866666667
0.547259259259
0.104518518519
2.018
7.82088888889
9.07659259259
9.54585185185
9.25903703704
5.5017037037
6.98385185185
9.75162962963
10.7403703704
5.35422222222
1.12688888889
4.58037037037
1.30703703704
-0.551111111111
1.9942962963
3.17348148148
4.31414814815
5.70444444444
7.35548148148
7.35740740741
5.03214814815
7.49866666667
11.596962963
7.19703703704
4.68733333333
6.02933333333
6.14977777778
7.45244444444
8.61651851852
9.34318518519
11.2143703704
9.49859259259
10.7313333333
9.39859259259
6.55540740741
6.98281481481
2.77681481481
2.22437037037
3.55340740741
3.47207407407
6.85807407407
6.67962962963
8.97133333333
10.3242222222
11.3354814815
5.78133333333
2.30288888889
1.56155555556
4.86755555556
4.89755555556
3.43911111111
2.74266666667
5.22896296296
5.7342962963
6.55703703704
7.96392592593
5.20762962963
3.88237037037
3.73088888889
3.85925925926
4.89733333333
6.44762962963
9.69807407407
10.6345925926
9.90592592593
8.62348148148
8.15051851852
7.9862962963
10.1795555556
6.59955555556
5.48348148148
9.8362962963
12.702962963
14.6606666667
16.6441481481
15.3798518519
15.8074074074
16.9617777778
17.0242222222
16.2488148148
13.6205925926
14.6634074074
13.9525185185
11.1505185185
9.87866666667
10.2386666667
9.83785185185
13.1217777778
14.6281481481
14.093037037
9.97318518519
12.2642222222
14.1467407407
14.8912592593
15.0283703704
16.6476296296
13.6137037037
8.6862962963
9.0982962963
9.99533333333
7.904
10.3064444444
12.4885925926
15.1944444444
17.2712592593
12.7157037037
11.9445925926
10.9688888889
12.2176296296
13.064
12.9128148148
9.47422222222
9.36540740741
10.4962962963
11.5134814815
12.3171111111
11.9944444444
11.8851851852
12.2165185185
13.3261481481
15.9215555556
16.2874074074
18.6168888889
15.2880740741
15.2156296296
13.7117777778
12.6416296296
14.5311111111
17.2298518519
20.7254074074
20.0788888889
19.3041481481
18.7014074074
19.9424444444
14.2641481481
12.7155555556
12.3485925926
14.6277037037
14.0058518519
11.0623703704
11.5344444444
17.1065925926
15.3039259259
11.8245925926
13.2714814815
18.251037037
17.4034814815
14.2542222222
16.1436296296
19.4805925926
14.837037037
13.2377037037
14.1984444444
18.2391111111
19.7700740741
16.1875555556
13.4881481481
13.15
14.0117777778
17.4407407407
19.766
22.2325185185
19.5903703704
19.2668148148
21.2791111111
23.1081481481
21.986962963
22.7937037037
23.7439259259
22.9065925926
15.2783703704
13.1768148148
15.0287407407
17.1631851852
16.9793333333
19.0524444444
22.6331111111
20.9851111111
16.8759259259
18.6234074074
15.3314814815
12.8981481481
13.2428148148
15.5165185185
15.7559259259
12.4307407407
13.156962963
15.9085185185
18.5538518519
19.4442962963
18.8880740741
19.2931111111
19.9501481481
20.5586666667
19.2151111111
14.5503703704
11.3667407407
14.1200740741
14.0622962963
12.5022962963
10.5691851852
12.1241481481
9.79533333333
12.1064444444
11.7007407407
9.648
11.5017777778
12.4134814815
11.004962963
11.5216296296
10.2640740741
9.51296296296
9.99918518519
10.9097037037
12.8097037037
8.99607407407
7.86614814815
8.84859259259
10.7132592593
9.38459259259
8.23311111111
8.32318518519
7.36311111111
9.19148148148
11.7839259259
15.4411111111
11.8845925926
11.0757777778
12.5643703704
8.69837037037
9.71740740741
13.5621481481
10.4365925926
6.86385185185
5.92659259259
7.31259259259
8.08874074074
12.063037037
12.6353333333
14.3524444444
14.9304444444
14.5988888889
13.7468888889
12.1525185185
11.1131851852
10.3357037037
5.46007407407
4.61874074074
4.62274074074
4.2922962963
7.42955555556
8.00296296296
7.806
8.33785185185
4.1942962963
6.48140740741
8.53614814815
7.22985185185
5.57518518519
4.71718518519
2.12888888889
1.15977777778
2.42
3.65607407407
2.56792592593
2.64325925926
3.39881481481
6.67444444444
6.53318518519
6.15074074074
8.51881481481
6.57718518519
7.40155555556
9.93614814815
6.05777777778
3.74585185185
5.22340740741
1.88444444444
1.40955555556
0.11
0.738592592593
1.76548148148
3.01422222222
1.75977777778
1.70155555556
1.14644444444
-2.12948148148
-3.30177777778
0.686518518519
1.89874074074
3.0142962963
-1.23081481481
-3.46562962963
-4.26822222222
-3.74562962963
-1.73540740741
-0.535925925926
-0.889333333333
0.311111111111
0.585259259259
-1.08496296296
-3.10533333333
-1.99725925926
-3.07311111111
-2.56014814815
-2.97074074074
-0.758740740741
0.863777777778
1.84333333333
2.71237037037
0.986148148148
0.809259259259
1.51133333333
2.4422962963
1.57096296296
7.10896296296
4.74518518519
2.99525925926
