-3.51746835443
-4.70291139241
-7.6346835443
-4.04772151899
-0.166708860759
-0.0250632911392
-0.724936708861
-2.08784810127
-3.3382278481
-6.08101265823
-9.03810126582
-10.1386075949
-6.49962025316
-8.86784810127
-7.24227848101
-6.48240506329
-7.09227848101
-5.44886075949
-5.52772151899
-4.05797468354
-3.83708860759
0.323670886076
-0.180886075949
-0.208987341772
-0.652911392405
-3.43721518987
-5.06772151899
-6.74316455696
-2.75126582278
2.07620253165
4.09025316456
-2.93746835443
0.882658227848
0.252784810127
-0.190379746835
3.80810126582
2.76253164557
2.80139240506
2.43683544304
4.7182278481
4.09670886076
0.936582278481
0.558860759494
0.559746835443
0.22582278481
0.148481012658
2.53835443038
0.462278481013
-0.713544303797
-1.76139240506
0.0943037974684
1.30544303797
1.1082278481
2.34594936709
1.59632911392
2.63443037975
3.00316455696
-2.20962025316
-3.10746835443
0.679240506329
1.91316455696
0.251139240506
-2.68670886076
-2.55025316456
-1.57898734177
1.5153164557
2.84835443038
2.15556962025
2.57759493671
1.48721518987
1.6217721519
1.60189873418
1.38962025316
1.55455696203
2.48734177215
3.66987341772
4.92341772152
2.29759493671
-3.75455696203
-5.04164556962
-2.78012658228
1.35063291139
1.87341772152
0.971265822785
4.13962025316
2.82493670886
6.83607594937
9.2135443038
3.54974683544
1.72860759494
4.3664556962
8.13063291139
1.78379746835
0.289367088608
-0.700506329114
0.401772151899
1.18873417722
5.05405063291
0.602405063291
0.289746835443
0.679620253165
2.78443037975
5.22696202532
7.50848101266
9.77924050633
12.2901265823
12.8760759494
12.9749367089
4.50936708861
1.84594936709
-1.2317721519
0.444810126582
0.979240506329
2.74278481013
1.97329113924
0.705696202532
2.29126582278
4.10607594937
3.71721518987
5.62848101266
9.25797468354
10.0739240506
5.24215189873
5.14329113924
2.79911392405
4.21632911392
9.21936708861
7.54860759494
5.92215189873
5.19025316456
7.39569620253
10.5569620253
11.4730379747
9.89341772152
8.29493670886
6.59455696203
7.23392405063
10.2197468354
11.5303797468
12.1737974684
12.6693670886
13.2805063291
6.05797468354
8.25265822785
6.98329113924
7.53316455696
11.3179746835
13.5843037975
11.8549367089
11.9408860759
7.20620253165
8.26797468354
8.21898734177
9.48886075949
11.5506329114
14.4879746835
16.6653164557
17.2515189873
13.8894936709
14.2848101266
14.2843037975
14.3774683544
12.8672151899
15.505443038
19.2881012658
21.1703797468
12.9510126582
12.6641772152
11.582278481
9.93139240506
11.8781012658
8.83101265823
8.96101265823
8.68683544304
9.89848101266
9.32240506329
8.06924050633
9.64797468354
8.63911392405
7.84696202532
8.50569620253
9.64240506329
9.20063291139
9.59911392405
10.4744303797
11.7356962025
11.0715189873
12.5301265823
12.1755696203
12.0562025316
11.3949367089
10.6734177215
10.6226582278
8.89253164557
8.57189873418
11.3340506329
11.5184810127
8.83898734177
9.35063291139
11.0008860759
12.5179746835
13.0555696203
9.30772151899
10.1439240506
14.1041772152
17.772278481
18.4146835443
19.9136708861
18.7303797468
18.4488607595
18.1317721519
13.5986075949
14.8894936709
16.9430379747
20.924556962
20.4853164557
17.5072151899
16.1612658228
13.1250632911
16.4318987342
15.9660759494
12.6055696203
14.4134177215
16.8759493671
11.3115189873
11.546835443
14.5079746835
17.7493670886
19.0487341772
18.0744303797
17.7312658228
13.8343037975
14.8188607595
12.1187341772
8.42544303797
7.93746835443
7.63164556962
8.67974683544
12.5505063291
16.0553164557
16.1369620253
16.4067088608
12.953164557
10.8202531646
9.31050632911
9.91784810127
13.4775949367
16.3937974684
15.0813924051
10.7648101266
13.2218987342
14.762278481
9.99632911392
9.85202531646
10.1234177215
12.3711392405
9.25936708861
10.0315189873
10.7988607595
12.8407594937
11.8050632911
12.2679746835
15.8481012658
17.3717721519
16.8324050633
16.8498734177
13.343164557
14.0346835443
10.4373417722
9.15582278481
10.64
10.8478481013
11.4732911392
9.98227848101
8.05734177215
7.84632911392
6.68632911392
8.62278481013
5.71506329114
7.5653164557
8.30974683544
5.21202531646
3.57721518987
2.47367088608
4.30443037975
4.01481012658
3.41582278481
3.42050632911
4.27139240506
9.15582278481
8.41696202532
5.25810126582
2.28683544304
2.42962025316
5.01898734177
6.88303797468
6.55392405063
7.19303797468
3.98670886076
2.79126582278
7.96620253165
11.2367088608
7.16797468354
2.87721518987
0.868734177215
-2.89379746835
-6.26924050633
-6.4964556962
-6.86291139241
-5.54493670886
-3.68113924051
-3.15050632911
-0.0608860759494
-2.1482278481
-2.95696202532
-2.46924050633
-1.09708860759
0.0412658227848
0.202784810127
3.6717721519
7.75189873418
8.24379746835
4.77392405063
2.6264556962
6.79835443038
7.32911392405
7.67113924051
8.30303797468
7.36
4.33898734177
0.120506329114
-2.64291139241
-2.28683544304
-2.66949367089
-4.70481012658
-8.69708860759
-8.81987341772
-6.13898734177
-5.45936708861
-3.20265822785
-5.29772151899
-10.034556962
-8.05974683544
-5.79303797468
-4.02759493671
-0.224050632911
1.22873417722
2.04759493671
5.12341772152
2.96518987342
-0.618101265823
-2.24582278481
-2.45898734177
-3.9582278481
-1.88493670886
-0.00772151898734
-0.280379746835
4.60025316456
6.39037974684
3.92848101266
-0.886582278481
-2.54658227848
-4.36911392405
-1.23430379747
0.409620253165
-0.428860759494
-1.83443037975
0.116202531646
2.43797468354
-1.57898734177
-3.33696202532
-4.63291139241
-8.32696202532
-8.94848101266
-4.15316455696
-2.29329113924
-5.68392405063
-5.1864556962
-4.74291139241
-4.64898734177
-2.95898734177
-4.49518987342
-0.383417721519
-2.31164556962
-1.42189873418
-4.12202531646
-6.30632911392
-7.09379746835
-4.22291139241
-3.24481012658
-1.99898734177
-3.24291139241
-3.47620253165
-2.09962025316
-4.13
-2.5717721519
-1.16721518987
-0.993291139241
0.10582278481
-0.123797468354
-0.858734177215
-2.52291139241
0.31746835443
3.81607594937
3.08860759494
2.68658227848
-1.00607594937
-4.49367088608
-5.99784810127
-6.78164556962
-7.3564556962
-6.19670886076
-4.12050632911
-3.1682278481
-4.90063291139
-6.32569620253
-6.98797468354
-6.65556962025
-6.66139240506
-6.1635443038
-3.9335443038
-2.48316455696
-2.15848101266
-2.61088607595
-2.11696202532
0.27164556962
1.28658227848
1.14037974684
-2.93443037975
-2.94379746835
0.818860759494
6.19139240506
7.33860759494
8.59367088608
9.25594936709
10.3515189873
6.92151898734
5.15936708861
2.82025316456
1.7635443038
1.48278481013
-0.842278481013
-1.35556962025
1.59721518987
4.41708860759
8.64417721519
7.31696202532
5.28911392405
7.66974683544
11.7401265823
6.97974683544
5.89012658228
8.28962025316
8.86518987342
10.5889873418
11.4891139241
12.8959493671
11.977721519
12.0424050633
4.40962025316
2.55025316456
5.23139240506
11.2486075949
9.38405063291
9.31620253165
11.2972151899
12.3653164557
13.5570886076
12.0353164557
9.89696202532
10.7808860759
3.95860759494
-0.707594936709
-0.774683544304
0.319493670886
1.70746835443
2.64518987342
0.773291139241
-1.48721518987
1.6
6.73367088608
10.4643037975
2.43594936709
1.72063291139
3.24253164557
6.42759493671
2.62556962025
1.53455696203
2.04974683544
2.40936708861
3.34215189873
5.81734177215
11.5259493671
12.4318987342
15.5469620253
17.3667088608
14.4579746835
13.4983544304
13.6517721519
10.9964556962
11.8865822785
12.6943037975
8.21835443038
10.9665822785
16.0048101266
18.487721519
19.1084810127
12.0902531646
11.7086075949
9.23683544304
8.65696202532
9.81050632911
7.80189873418
9.17835443038
11.292278481
14.1541772152
18.0712658228
18.7440506329
21.3053164557
14.4137974684
10.1044303797
13.0315189873
15.1244303797
15.4130379747
16.7664556962
14.7256962025
12.2608860759
15.7289873418
12.0184810127
11.1559493671
17.1353164557
19.0134177215
10.2216455696
7.5035443038
6.3253164557
5.70291139241
7.91392405063
8.03291139241
9.89430379747
12.5743037975
12.7008860759
14.0308860759
13.4324050633
14.9960759494
19.1725316456
8.04151898734
9.10113924051
12.4975949367
15.3741772152
12.1679746835
11.4336708861
14.1081012658
16.1858227848
17.5503797468
19.8792405063
20.8634177215
20.9198734177
18.6684810127
15.6387341772
13.8964556962
14.2369620253
12.19
14.4891139241
12.6853164557
9.29987341772
8.94848101266
11.1679746835
12.1469620253
13.5456962025
12.5044303797
11.2293670886
9.42886075949
10.0146835443
12.263164557
12.9158227848
15.9746835443
13.7212658228
15.5653164557
17.3862025316
18.1862025316
18.3815189873
20.4964556962
20.9439240506
21.7715189873
19.2502531646
16.6874683544
16.3843037975
13.4751898734
13.3708860759
14.8392405063
16.6098734177
18.2982278481
18.9797468354
14.2064556962
9.57037974684
11.9616455696
12.0383544304
10.4343037975
9.82518987342
9.11987341772
9.71151898734
11.5139240506
11.5821518987
11.914556962
11.6132911392
10.9624050633
11.0235443038
11.247721519
12.6330379747
12.1883544304
12.0375949367
10.7105063291
11.5848101266
12.3388607595
13.8302531646
15.5729113924
16.1094936709
14.7450632911
14.9817721519
15.4286075949
15.0192405063
10.3069620253
8.97101265823
10.3998734177
12.5551898734
11.7498734177
14.0926582278
10.8462025316
15.5449367089
15.5543037975
16.2444303797
9.99493670886
9.67987341772
10.194556962
13.7612658228
8.75594936709
8.35050632911
8.83886075949
9.32911392405
10.8811392405
10.5217721519
7.67746835443
7.4753164557
9.07544303797
13.9236708861
9.29126582278
8.66696202532
11.082278481
5.67481012658
3.69860759494
2.6764556962
2.22126582278
3.18658227848
2.94582278481
1.91455696203
6.04810126582
9.48683544304
5.96316455696
6.32455696203
2.81012658228
1.45873417722
1.64721518987
0.531265822785
1.88506329114
3.95493670886
2.90898734177
3.45924050633
5.28759493671
5.05278481013
7.93696202532
8.86367088608
9.54696202532
8.23164556962
8.28670886076
2.74518987342
2.34974683544
-1.71582278481
-2.38696202532
-2.91075949367
-2.49189873418
-2.93265822785
0.881139240506
2.18316455696
0.681012658228
-3.25506329114
-3.09506329114
-0.713164556962
4.82278481013
6.3582278481
9.37911392405
8.03544303797
8.83506329114
7.78544303797
-0.687974683544
-1.90696202532
-0.0162025316456
1.37607594937
-0.486962025316
-0.0626582278481
-0.545063291139
-2.01759493671
-2.76556962025
-3.44050632911
-0.553544303797
-1.97518987342
-1.40924050633
-0.632151898734
0.593797468354
-3.26202531646
-3.94721518987
-2.35936708861
-6.31556962025
-10.153164557
-2.21582278481
-4.83341772152
-10.1435443038
-10.4594936709
-7.02392405063
-11.0032911392
-8.3417721519
-6.95151898734
-1.74430379747
-2.82215189873
-2.8417721519
-2.74810126582
-3.81797468354
-7.13759493671
-3.15215189873
0.612784810127
1.54594936709
3.81721518987
2.88784810127
1.66455696203
5.12721518987
5.17620253165
4.85873417722
-7.68075949367
-11.6978481013
-11.5411392405
-11.5697468354
-12.7132911392
-7.39379746835
-8.8646835443
-8.63379746835
-8.03784810127
-0.738227848101
0.70835443038
-1.3464556962
-1.01316455696
0.53
-0.603924050633
-2.01670886076
-2.01
-1.49443037975
-2.93835443038
-3.50164556962
-0.822278481013
-0.907341772152
-3.41962025316
0.239113924051
3.19405063291
-0.744430379747
-3.01493670886
-4.70607594937
-4.53113924051
-2.28556962025
-0.706455696203
1.04215189873
1.48443037975
1.31772151899
1.38594936709
3.27620253165
3.94265822785
2.93582278481
2.34316455696
0.565316455696
0.00898734177215
-2.63772151899
-0.822151898734
-2.57050632911
-6.14405063291
-4.15392405063
-3.43481012658
-2.55594936709
-5.48544303797
-5.94544303797
-5.3553164557
-4.44759493671
-2.57594936709
0.652784810127
4.00050632911
0.712278481013
4.36189873418
1.87417721519
-1.30734177215
-1.86759493671
-0.472784810127
1.14
0.315316455696
2.26658227848
-0.838607594937
0.702784810127
-1.03303797468
0.955063291139
3.34658227848
1.89772151899
0.616708860759
0.753544303797
-0.512658227848
-0.0586075949367
1.12873417722
2.15607594937
1.5482278481
2.87556962025
5.20810126582
7.32810126582
8.53860759494
6.87329113924
4.69898734177
1.96126582278
0.467215189873
6.94848101266
8.74506329114
4.52329113924
6.55924050633
9.45012658228
10.2686075949
7.05772151899
1.62746835443
-1.10746835443
-0.41582278481
-1.24367088608
-1.72379746835
-0.850379746835
1.25164556962
4.56506329114
7.23189873418
4.78873417722
4.06569620253
5.60949367089
5.47848101266
6.79518987342
6.16430379747
5.69835443038
3.31379746835
5.45240506329
5.1146835443
5.96797468354
4.66949367089
2.17860759494
1.42164556962
2.16632911392
1.82962025316
7.53012658228
7.58088607595
5.04620253165
6.91569620253
2.9935443038
7.04632911392
8.13189873418
6.41240506329
5.44101265823
9.51607594937
12.012278481
13.8050632911
15.5051898734
17.4106329114
14.0383544304
14.4320253165
12.7494936709
14.6520253165
13.1425316456
11.9688607595
9.61126582278
8.21696202532
11.1159493671
15.5296202532
18.3470886076
9.94139240506
11.243164557
13.9932911392
17.6664556962
20.6286075949
22.0344303797
22.422278481
22.8378481013
22.0472151899
19.7878481013
18.5732911392
17.3026582278
14.6775949367
15.5155696203
13.8740506329
10.5951898734
7.88379746835
7.40329113924
7.46075949367
8.73556962025
10.5029113924
11.7126582278
10.2516455696
11.5044303797
13.9584810127
16.5429113924
13.1529113924
12.4003797468
16.8856962025
14.0246835443
11.8370886076
11.2883544304
10.4875949367
11.1564556962
12.946835443
17.8130379747
17.8382278481
11.8010126582
12.9081012658
14.3291139241
14.295443038
17.3259493671
19.7010126582
20.0362025316
20.5311392405
20.5349367089
20.5706329114
21.1025316456
20.6826582278
19.4537974684
16.7920253165
16.2698734177
15.2901265823
19.6888607595
19.6060759494
16.2664556962
15.5720253165
16.6920253165
15.7948101266
12.1517721519
12.2840506329
14.116835443
18.3515189873
20.374556962
19.3392405063
19.5406329114
20.9002531646
20.1451898734
16.897721519
16.9867088608
16.4649367089
16.5234177215
16.3962025316
16.1086075949
14.7106329114
16.0198734177
19.5735443038
16.3893670886
13.4516455696
16.8772151899
16.8191139241
14.2492405063
16.0789873418
13.1756962025
9.87379746835
10.2725316456
11.706835443
13.4305063291
12.3265822785
12.5160759494
16.3264556962
12.5050632911
13.3083544304
13.5588607595
14.395443038
12.6429113924
11.1382278481
10.2481012658
11.6008860759
15.7334177215
19.5429113924
16.3470886076
13.3483544304
13.5667088608
14.8329113924
16.3453164557
17.4318987342
17.0373417722
16.2659493671
16.8262025316
18.3483544304
19.1279746835
18.9417721519
17.5575949367
16.7305063291
17.3818987342
16.3986075949
9.33936708861
8.05696202532
10.6153164557
13.5075949367
13.455443038
10.9835443038
11.943164557
13.2016455696
12.2202531646
10.9913924051
12.7658227848
11.3365822785
8.71974683544
8.27101265823
9.14101265823
6.17164556962
7.15101265823
6.89126582278
7.07949367089
7.37139240506
6.79050632911
7.94683544304
7.12
5.75506329114
4.6035443038
6.43379746835
8.62696202532
8.08544303797
7.91139240506
8.36594936709
7.79164556962
10.2469620253
5.57101265823
3.83164556962
6.07430379747
8.89367088608
8.52506329114
5.44291139241
5.97696202532
5.76632911392
8.45493670886
8.71481012658
8.91987341772
6.68037974684
3.66772151899
-0.0125316455696
2.88215189873
8.77721518987
9.35759493671
7.3635443038
7.01139240506
6.10772151899
3.65797468354
0.98582278481
-0.210632911392
-0.773797468354
0.680886075949
5.5953164557
4.25341772152
3.4682278481
3.12316455696
5.77037974684
8.02949367089
5.66189873418
4.08784810127
3.24518987342
2.53189873418
0.642025316456
-0.191265822785
-2.02101265823
-1.39898734177
0.851392405063
0.882405063291
-0.909873417722
0.362911392405
1.17683544304
3.03506329114
5.82443037975
3.97873417722
3.89518987342
0.207974683544
-1.24708860759
-1.19911392405
-3.49860759494
2.60379746835
2.67556962025
-1.04037974684
-2.11303797468
-2.84443037975
1.5264556962
0.455696202532
-0.056835443038
-2.17037974684
-4.00443037975
-1.11126582278
0.464303797468
2.7535443038
-0.20164556962
-1.08556962025
-1.51860759494
-2.0664556962
-2.79278481013
-1.94
3.06164556962
4.48670886076
6.71607594937
6.70215189873
1.62417721519
0.358734177215
0.464936708861
3.07481012658
4.00126582278
-0.544303797468
0.00632911392405
-2.02670886076
0.753670886076
2.62417721519
3.10734177215
-0.400632911392
-2.36075949367
-2.34670886076
-0.409493670886
0.320506329114
-0.457341772152
-0.0760759493671
0.029746835443
3.90569620253
6.18405063291
4.8864556962
3.92481012658
-0.0612658227848
-1.4846835443
2.16860759494
-1.93088607595
-2.92329113924
-3.83886075949
-3.10911392405
-1.54164556962
-2.51063291139
-5.81379746835
-4.69746835443
-6.47544303797
-6.18227848101
-5.37126582278
-6.94113924051
-7.84708860759
-7.69215189873
-8.28898734177
-6.0664556962
-3.60329113924
-4.26683544304
-2.67696202532
-7.28911392405
-8.68962025316
-5.53746835443
-2.91582278481
-0.102025316456
3.38556962025
2.68493670886
0.517341772152
-0.913291139241
-0.278607594937
-0.606582278481
0.915443037975
1.50215189873
2.80316455696
4.05303797468
3.08544303797
4.35088607595
2.06962025316
0.780632911392
-0.890126582278
1.97126582278
5.96594936709
5.50202531646
3.24227848101
5.10607594937
7.08341772152
6.62696202532
5.92594936709
5.34683544304
-0.484050632911
2.35189873418
3.30151898734
-0.154810126582
-1.55835443038
-0.666202531646
-2.19088607595
-0.49582278481
1.24594936709
3.22924050633
5.22594936709
1.92658227848
0.964430379747
0.927341772152
1.07151898734
1.58126582278
1.3535443038
4.37189873418
3.39215189873
7.10189873418
7.07151898734
1.55265822785
0.459113924051
1.44936708861
3.77050632911
7.53164556962
11.8115189873
12.6967088608
9.60481012658
9.34088607595
13.2129113924
7.40556962025
10.7755696203
6.91367088608
11.2341772152
12.1220253165
8.38569620253
9.33759493671
8.04202531646
10.8151898734
8.66417721519
5.88
5.26012658228
5.34392405063
7.61139240506
10.0181012658
9.41379746835
7.87443037975
7.65443037975
5.5
6.62012658228
8.12873417722
6.86569620253
10.8887341772
12.2311392405
12.6060759494
11.7035443038
9.30569620253
7.79746835443
13.1427848101
11.8978481013
7.73101265823
7.12974683544
7.02784810127
7.2153164557
6.96025316456
5.41974683544
6.12151898734
6.78025316456
8.32962025316
14.5274683544
16.9369620253
12.9429113924
14.8056962025
18.535443038
14.1829113924
10.0378481013
13.3646835443
17.6178481013
16.1865822785
13.7813924051
14.1592405063
17.0264556962
14.8636708861
12.3794936709
8.54506329114
7.33037974684
7.0346835443
10.3813924051
14.6930379747
16.5556962025
17.475443038
19.0136708861
19.0149367089
19.4301265823
17.7256962025
16.9773417722
12.7421518987
10.3674683544
11.4417721519
13.3878481013
11.1098734177
13.8063291139
17.0760759494
18.2520253165
19.5492405063
20.2860759494
19.7989873418
20.4644303797
21.667721519
22.4275949367
23.0132911392
21.84
16.8601265823
13.5558227848
18.5601265823
19.7827848101
22.8143037975
18.4448101266
16.0712658228
11.5174683544
11.7389873418
18.732278481
21.6682278481
17.5192405063
20.1921518987
24.7263291139
23.9839240506
19.1456962025
16.9484810127
18.987721519
24.1288607595
19.1588607595
13.3443037975
11.207721519
10.3108860759
10.3994936709
11.4202531646
14.2884810127
17.6288607595
18.7326582278
17.8697468354
17.3558227848
17.2412658228
11.1162025316
10.8908860759
16.2639240506
17.0055696203
17.236835443
19.0643037975
20.9760759494
21.4464556962
19.9351898734
18.0984810127
18.6641772152
19.2117721519
19.4136708861
18.9997468354
19.115443038
15.4450632911
15.2374683544
16.7630379747
18.6139240506
17.0874683544
15.702278481
11.4240506329
11.7830379747
13.4413924051
11.0640506329
7.83139240506
11.2149367089
13.1313924051
11.8815189873
9.60518987342
8.0453164557
7.9617721519
11.3207594937
13.853164557
9.67860759494
9.14253164557
11.1259493671
12.8356962025
9.39670886076
11.0505063291
9.81417721519
10.74
16.1221518987
8.84620253165
10.9391139241
16.215443038
16.194556962
14.7143037975
10.1672151899
8.34202531646
11.3282278481
14.3967088608
16.7887341772
13.4806329114
9.49240506329
9.21392405063
7.75443037975
7.56379746835
9.42924050633
5.90113924051
5.87860759494
10.1006329114
9.30329113924
8.70341772152
6.35594936709
4.73810126582
6.30506329114
7.51493670886
4.21253164557
2.93215189873
1.90303797468
3.70556962025
4.37392405063
3.24278481013
5.78898734177
7.57835443038
4.3735443038
1.3482278481
1.23443037975
2.98962025316
4.62189873418
7.04632911392
4.98012658228
8.07379746835
8.27493670886
7.50443037975
6.98962025316
8.77202531646
8.90202531646
7.48430379747
1.83455696203
-1.4153164557
-3.88215189873
-6.28746835443
-5.56797468354
-1.66886075949
-0.120759493671
-1.83949367089
-0.0721518987342
-1.87784810127
-1.84797468354
-3.43708860759
-3.17443037975
-2.86012658228
4.93582278481
9.11265822785
6.89746835443
3.45569620253
1.64607594937
-3.27594936709
-5.91987341772
-7.05493670886
-3.79746835443
-0.993291139241
-0.355696202532
-1.83493670886
-3.76215189873
-2.78278481013
-1.06506329114
-2.88632911392
-6.4235443038
-7.93962025316
-6.54088607595
-5.90987341772
-5.93253164557
-5.99772151899
-0.693924050633
0.456582278481
2.02620253165
2.21518987342
2.55139240506
2.33037974684
4.82113924051
7.08012658228
7.38113924051
2.74987341772
1.21341772152
4.15708860759
3.96050632911
1.97025316456
0.0626582278481
0.0258227848101
1.52658227848
0.798987341772
-1.16443037975
-2.40658227848
-0.733924050633
-0.593164556962
-1.69924050633
-2.95025316456
-3.02594936709
-0.977341772152
-0.0646835443038
0.532151898734
2.23291139241
-1.78658227848
-0.253924050633
0.549873417722
-2.51265822785
-2.86240506329
-3.52962025316
-6.31202531646
-6.08620253165
-1.53240506329
-1.85544303797
-4.54848101266
-5.28291139241
-1.08860759494
0.079746835443
0.285569620253
0.642151898734
-0.523164556962
-0.417974683544
1.37265822785
0.452278481013
1.12936708861
1.57164556962
1.02974683544
-0.816835443038
-1.43721518987
-2.2217721519
-2.50974683544
-0.377974683544
-4.53607594937
-4.64075949367
-3.48506329114
-5.01227848101
-7.0582278481
-6.60126582278
-7.50860759494
-5.62025316456
-3.89835443038
-1.05518987342
-1.81759493671
-1.86658227848
-2.54848101266
-3.2917721519
0.000632911392405
-1.07721518987
-1.99974683544
-1.05987341772
-1.40291139241
-1.97607594937
-2.4017721519
-2.72075949367
-1.35911392405
2.1335443038
0.465063291139
-2.4953164557
-4.61784810127
-4.76
-2.77569620253
-2.40189873418
-1.03088607595
0.143924050633
1.64518987342
-0.109620253165
-0.196455696203
-1.33253164557
-2.40417721519
-1.85974683544
0.792658227848
1.3153164557
1.93316455696
3.18379746835
2.05227848101
2.41164556962
3.34620253165
5.58063291139
2.5364556962
0.46253164557
0.488227848101
-0.267088607595
-2.40240506329
-2.18443037975
-1.07265822785
-0.0910126582278
0.318101265823
1.60670886076
2.40696202532
1.79582278481
2.48949367089
4.34075949367
1.88544303797
4.14253164557
8.13265822785
11.2607594937
2.38962025316
1.96253164557
3.62860759494
5.27379746835
9.00518987342
11.8075949367
14.0132911392
10.6840506329
9.40987341772
9.61797468354
10.2007594937
4.68582278481
1.92113924051
4.36405063291
5.34113924051
5.14518987342
9.86253164557
8.96392405063
11.8641772152
13.0278481013
11.6627848101
3.02303797468
2.77544303797
4.00253164557
4.30873417722
4.63329113924
2.97253164557
5.31113924051
6.80632911392
8.87050632911
11.3244303797
9.45759493671
11.9748101266
13.015443038
11.692278481
8.37481012658
7.81506329114
9.60860759494
6.61455696203
8.65037974684
10.1215189873
8.56873417722
6.08189873418
7.04860759494
6.09708860759
8.74721518987
12.0406329114
12.7269620253
17.6850632911
8.92379746835
11.1112658228
7.49037974684
8.56050632911
10.0570886076
7.83215189873
11.884556962
9.68278481013
11.7637974684
14.334556962
11.5789873418
8.40556962025
8.88848101266
10.7101265823
14.1843037975
16.4330379747
19.6601265823
16.5503797468
13.8655696203
9.28126582278
7.51075949367
8.3664556962
8.91493670886
14.3129113924
9.48430379747
7.32151898734
7.70582278481
11.2327848101
10.6049367089
7.39493670886
8.1235443038
8.58708860759
9.97063291139
13.634556962
16.0970886076
21.1264556962
23.3921518987
23.8853164557
15.3789873418
13.5663291139
12.5549367089
11.3078481013
9.87316455696
9.26949367089
10.455443038
11.136835443
10.8883544304
11.4074683544
12.3349367089
12.2229113924
14.3712658228
15.3496202532
11.6602531646
11.5711392405
12.2870886076
16.8798734177
20.5216455696
21.9508860759
13.6229113924
16.2013924051
19.9534177215
15.9164556962
14.4155696203
11.9210126582
13.8056962025
14.6201265823
13.6527848101
13.4481012658
12.7049367089
13.6726582278
14.5373417722
15.5083544304
14.1698734177
14.2505063291
14.7659493671
14.845443038
16.3765822785
16.7839240506
17.4155696203
17.7940506329
18.5025316456
17.7250632911
15.0574683544
14.5653164557
14.8783544304
15.4982278481
15.356835443
14.8603797468
15.3251898734
16.0213924051
15.3311392405
16.3370886076
13.9902531646
7.66582278481
6.83227848101
6.0317721519
7.34886075949
8.79594936709
8.1753164557
8.37594936709
10.0365822785
11.4164556962
13.1316455696
12.3186075949
10.4665822785
9.89544303797
10.6251898734
10.2288607595
10.4073417722
9.35683544304
6.78924050633
6.51240506329
5.60189873418
6.24405063291
6.5964556962
7.47860759494
8.87316455696
12.0374683544
11.9779746835
12.7583544304
7.73101265823
7.95949367089
7.79329113924
9.06911392405
7.61670886076
6.51417721519
8.00607594937
11.5663291139
11.7546835443
10.6339240506
8.58139240506
8.21493670886
8.23316455696
8.91544303797
7.35
8.03189873418
11.0250632911
11.1673417722
7.11708860759
4.76810126582
6.24670886076
9.23594936709
7.31443037975
10.962278481
6.66341772152
4.26
4.76088607595
8.02569620253
9.19265822785
7.1264556962
8.44746835443
5.50443037975
4.20075949367
3.54341772152
3.84734177215
5.49607594937
6.6217721519
8.83202531646
6.42594936709
7.9246835443
7.55835443038
4.85151898734
4.42164556962
1.28075949367
-0.346835443038
-0.734556962025
0.69582278481
1.99683544304
0.43582278481
1.59316455696
3.07506329114
7.5046835443
8.05265822785
5.93759493671
6.04607594937
3.25316455696
1.12443037975
2.53898734177
4.23620253165
3.15278481013
1.68291139241
-0.949493670886
0.559240506329
-0.275189873418
-0.227088607595
1.68405063291
0.750126582278
2.10202531646
1.42405063291
1.10607594937
2.28088607595
1.9053164557
-0.0781012658228
0.0977215189873
0.0770886075949
0.277974683544
0.817848101266
0.434556962025
-0.959493670886
2.57974683544
1.23696202532
-1.08215189873
-0.203164556962
-1.6746835443
-1.48443037975
-1.9
-1.9982278481
-4.14620253165
-4.40303797468
-4.92607594937
-6.55582278481
-2.73101265823
-7.95670886076
-8.51518987342
-12.6894936709
-12.0283544304
-14.1659493671
-14.6139240506
-13.6026582278
-12.4897468354
-11.1216455696
-10.9443037975
-10.0778481013
-13.6135443038
-14.4775949367
-9.56518987342
-6.83113924051
-7.92316455696
-6.36151898734
-4.88481012658
-4.49936708861
0.467848101266
3.95063291139
-1.64721518987
-3.38367088608
-1.9935443038
1.43911392405
-5.84202531646
-5.75
-0.400253164557
1.87367088608
2.08797468354
4.87658227848
3.4917721519
-2.38012658228
-2.05620253165
-0.323037974684
-0.780886075949
-5.19405063291
-6.8082278481
-9.07417721519
-12.7165822785
-14.2869620253
-12.9834177215
-10.3098734177
-9.31721518987
-11.2943037975
-6.66240506329
-7.80759493671
-11.4243037975
-10.8508860759
-7.81443037975
-3.74088607595
-5.01924050633
-3.38405063291
1.87759493671
4.47443037975
2.97696202532
3.27911392405
2.08696202532
2.29113924051
1.96278481013
1.98886075949
2.79835443038
3.34063291139
2.03113924051
1.46772151899
2.19126582278
0.00556962025316
-1.99278481013
-1.52784810127
-0.191265822785
0.798101265823
-1.88683544304
-2.37430379747
-1.29113924051
-2.55544303797
-4.60025316456
-2.65227848101
-1.73455696203
0.35
3.19189873418
2.22455696203
1.76962025316
4.33189873418
4.09696202532
1.4564556962
-1.47455696203
0.337721518987
5.70037974684
5.83696202532
7.65734177215
8.03291139241
9.59772151899
13.4915189873
13.1874683544
7.62202531646
7.24670886076
7.02696202532
5.47075949367
5.12544303797
4.23607594937
2.05544303797
2.75898734177
2.48506329114
2.51164556962
3.2082278481
5.67392405063
7.51329113924
9.49810126582
9.18911392405
12.2218987342
10.6924050633
2.03481012658
1.50367088608
-0.0959493670886
-0.575569620253
-0.357974683544
-0.322658227848
0.552025316456
3.33670886076
4.49405063291
1.60329113924
1.63253164557
4.05215189873
7.34784810127
11.5218987342
14.3930379747
9.00291139241
9.14037974684
8.97886075949
11.3593670886
13.523164557
16.8258227848
12.2710126582
10.4007594937
14.6544303797
13.006835443
14.2574683544
14.3410126582
14.1416455696
11.6365822785
8.22670886076
8.21506329114
10.7130379747
15.9003797468
18.9934177215
18.7456962025
13.9412658228
9.87607594937
12.1220253165
14.5105063291
14.4212658228
15.0432911392
16.7282278481
17.7420253165
16.7798734177
15.7975949367
12.9298734177
5.8664556962
6.97379746835
6.39556962025
7.4946835443
7.9317721519
7.06835443038
9.16949367089
7.03759493671
7.63088607595
6.98746835443
9.95708860759
13.403164557
9.32481012658
10.9501265823
11.7670886076
10.1288607595
11.3456962025
9.09924050633
9.07670886076
9.00227848101
9.16341772152
10.8582278481
13.3787341772
12.9982278481
12.3175949367
15.7198734177
17.6112658228
18.6434177215
16.0134177215
12.1408860759
10.926835443
10.7312658228
11.6226582278
12.9120253165
15.0801265823
18.2617721519
21.9094936709
16.0691139241
16.3492405063
15.3158227848
18.7186075949
14.9488607595
13.4206329114
10.0856962025
13.0924050633
13.0224050633
16.2637974684
19.2432911392
18.3346835443
14.5873417722
17.2563291139
14.4705063291
13.8350632911
12.1208860759
12.7579746835
13.2207594937
13.175443038
11.555443038
13.6569620253
10.2072151899
9.56151898734
11.6775949367
16.0141772152
12.7172151899
14.9108860759
14.8034177215
18.5694936709
22.5948101266
18.21
15.6310126582
11.0498734177
10.5087341772
14.4301265823
12.6259493671
14.4583544304
16.387721519
13.2063291139
15.5601265823
10.9349367089
11.0282278481
10.5341772152
12.6443037975
14.6079746835
15.8082278481
17.3627848101
13.4392405063
11.5682278481
11.133164557
10.3660759494
10.9817721519
6.25392405063
6.93810126582
7.52721518987
7.09278481013
9.53835443038
12.7013924051
12.7760759494
14.4746835443
11.3843037975
8.6464556962
8.63316455696
12.396835443
14.1986075949
17.1797468354
15.2393670886
17.2646835443
15.8612658228
14.4989873418
12.0802531646
11.4536708861
10.8772151899
12.4550632911
11.8508860759
10.9021518987
12.1870886076
14.5827848101
14.5736708861
17.7037974684
17.3372151899
13.614556962
11.3598734177
11.7497468354
7.49012658228
7.49392405063
8.87721518987
11.4908860759
6.70886075949
5.3335443038
8.26265822785
8.13443037975
6.92784810127
7.63987341772
6.53759493671
4.93405063291
4.65759493671
5.08379746835
3.41430379747
4.67873417722
3.91227848101
4.59164556962
4.47215189873
3.75088607595
0.328101265823
2.04518987342
-1.72860759494
-0.19835443038
1.97987341772
0.785063291139
-1.0064556962
2.75734177215
6.84506329114
0.291012658228
3.41962025316
5.56227848101
10.0332911392
2.92379746835
-1.95291139241
-3.12443037975
-2.70139240506
-2.02506329114
-3.23506329114
-3.57202531646
-4.7517721519
-6.86658227848
-7.07367088608
-6.07506329114
-5.51430379747
-5.41329113924
-5.73620253165
-2.81759493671
-5.02873417722
-6.54012658228
-4.77949367089
-3.63367088608
-4.88898734177
-0.460253164557
3.49556962025
5.49037974684
7.46113924051
8.23316455696
8.36746835443
3.33151898734
5.19050632911
4.69240506329
4.58341772152
0.74835443038
-0.963164556962
-2.29341772152
-2.29050632911
0.501392405063
4.89696202532
5.48481012658
4.13037974684
2.81088607595
1.09481012658
2.53202531646
1.78481012658
4.29113924051
1.78417721519
1.49632911392
4.21126582278
3.81303797468
-0.392025316456
-3.74670886076
-6.13949367089
-7.38886075949
-9.89
-8.34303797468
-0.548481012658
1.31632911392
-4.14974683544
-2.93379746835
-1.36443037975
-5.10886075949
-5.89151898734
-7.07126582278
-4.0282278481
0.650379746835
-0.385949367089
2.21481012658
0.724303797468
-0.956582278481
-2.06746835443
-5.28303797468
-0.798607594937
5.19075949367
0.547721518987
1.1064556962
1.04379746835
2.46594936709
-1.62582278481
-2.51379746835
-5.75898734177
-6.5835443038
-4.16784810127
-3.68113924051
-1.83405063291
-1.29101265823
0.759620253165
-1.66367088608
-3.83443037975
-6.21556962025
-7.01544303797
-8.53949367089
-11.3053164557
-13.1744303797
-15.6927848101
-6.70873417722
-7.12594936709
-7.34113924051
-8.33
-7.29936708861
-6.05443037975
-5.55037974684
-7.8964556962
-8.46126582278
-9.44215189873
-10.5713924051
-12.4032911392
-11.8593670886
-11.3863291139
-10.8053164557
-11.1162025316
-11.7432911392
-9.50443037975
-7.34873417722
-4.81088607595
-6.31151898734
-3.7635443038
-3.71037974684
1.64924050633
2.81860759494
-0.380506329114
-0.33582278481
-1.42316455696
-0.468987341772
0.642151898734
-0.209620253165
0.258987341772
1.02987341772
2.94012658228
3.50278481013
4.28341772152
4.20341772152
3.59050632911
3.38620253165
0.305063291139
1.97455696203
1.14594936709
1.57911392405
0.42582278481
0.609873417722
5.05303797468
4.94101265823
2.44708860759
0.430759493671
3.8553164557
2.71151898734
2.96227848101
1.48835443038
-0.647721518987
-0.905443037975
0.918860759494
6.89189873418
6.77873417722
2.87835443038
-2.89329113924
-6.27936708861
-5.79987341772
-2.93772151899
0.627974683544
6.78670886076
5.78569620253
4.24987341772
3.25670886076
1.68088607595
2.44215189873
6.14658227848
3.66329113924
5.98139240506
7.27721518987
8.84303797468
9.06303797468
8.82734177215
10.4741772152
12.9755696203
8.25544303797
11.9020253165
15.2037974684
17.0756962025
13.1743037975
15.2006329114
14.3307594937
10.197721519
7.45291139241
8.66746835443
10.1725316456
11.0882278481
12.2472151899
13.9798734177
10.1686075949
7.58113924051
9.84430379747
13.8546835443
15.8644303797
14.3556962025
15.8763291139
15.4672151899
12.3148101266
16.3262025316
9.5282278481
12.1934177215
16.5016455696
16.375443038
8.44886075949
6.89683544304
5.71759493671
7.47594936709
8.78240506329
7.61443037975
10.8005063291
5.80620253165
5.80708860759
5.2935443038
5.51113924051
8.28873417722
13.0669620253
16.0482278481
8.43708860759
9.81189873418
11.442278481
15.7265822785
18.9155696203
21.1717721519
20.017721519
16.5937974684
18.3629113924
19.8306329114
16.7240506329
17.3475949367
17.5515189873
13.9139240506
16.4989873418
18.2584810127
20.0694936709
19.8918987342
16.8855696203
17.0693670886
19.154556962
21.1918987342
21.1951898734
18.6344303797
19.0992405063
14.2467088608
11.1470886076
10.1956962025
10.5573417722
10.1740506329
10.2165822785
10.3481012658
9.99772151899
12.0153164557
15.5913924051
18.5386075949
19.4964556962
11.9850632911
11.6721518987
13.1194936709
14.9498734177
17.0172151899
13.936835443
9.23101265823
10.9184810127
14.3862025316
16.0530379747
18.9389873418
19.43
16.4649367089
19.3550632911
15.4620253165
20.326835443
24.3289873418
20.0187341772
14.5093670886
16.9917721519
18.0521518987
14.1116455696
16.9105063291
18.5086075949
19.0856962025
15.4930379747
16.1094936709
16.6775949367
17.7029113924
16.132278481
15.8058227848
12.9935443038
11.5075949367
8.79215189873
10.9808860759
13.1065822785
10.3106329114
9.38860759494
10.2469620253
12.6398734177
9.4746835443
9.3
8.09417721519
7.81164556962
8.32417721519
7.82303797468
10.3810126582
9.25898734177
7.21012658228
9.42936708861
11.0458227848
8.91139240506
8.59379746835
7.4117721519
7.67962025316
9.40367088608
9.11911392405
9.91936708861
14.7732911392
14.752278481
7.01860759494
7.06797468354
5.60493670886
7.10848101266
9.79037974684
10.5616455696
10.7127848101
10.9956962025
9.94518987342
6.61797468354
8.39367088608
9.16835443038
10.0791139241
11.9421518987
11.9003797468
13.36
12.462278481
9.75278481013
8.96886075949
11.5301265823
11.9798734177
10.3002531646
10.1
9.29379746835
9.05848101266
10.0243037975
9.98835443038
10.537721519
14.3551898734
12.524556962
12.6220253165
9.49405063291
7.25582278481
5.90721518987
5.79556962025
4.56101265823
9.64088607595
2.33455696203
2.43544303797
4.90797468354
4.29405063291
2.87379746835
5.04126582278
4.19379746835
2.0
4.07810126582
8.07974683544
2.15860759494
1.54518987342
1.84898734177
2.54974683544
3.51227848101
1.72405063291
2.52063291139
1.28924050633
5.6635443038
7.5535443038
6.64873417722
6.26063291139
6.4735443038
8.50759493671
9.52
8.25341772152
4.99215189873
5.90556962025
3.15721518987
1.58683544304
4.32924050633
1.9735443038
3.44025316456
6.75215189873
5.32088607595
1.40455696203
0.487088607595
0.236329113924
-0.741518987342
-1.40518987342
1.88392405063
3.47341772152
3.0017721519
3.73202531646
3.24949367089
2.96291139241
5.44012658228
3.34924050633
1.62708860759
-0.688101265823
-2.37329113924
-1.60734177215
0.580886075949
-0.79746835443
-0.0213924050633
0.420632911392
2.80962025316
-1.03151898734
-1.56088607595
-1.68075949367
-6.67949367089
-6.00151898734
-7.20215189873
-7.59518987342
-2.80962025316
-1.56746835443
0.202911392405
4.14493670886
4.1446835443
3.66544303797
3.91405063291
-0.102784810127
-6.04392405063
-4.07037974684
-0.69253164557
-2.34569620253
-9.0464556962
-8.59658227848
-5.46582278481
-11.2049367089
-17.5606329114
-16.2025316456
-16.0174683544
-14.4246835443
-15.6449367089
-11.857721519
-8.50113924051
-8.5164556962
-4.40506329114
-5.59341772152
-5.05164556962
-3.14417721519
-1.09240506329
-1.08784810127
-2.15886075949
-3.16050632911
-7.06987341772
-4.72696202532
-10.6597468354
-14.4434177215
-8.99151898734
-6.71189873418
-6.48455696203
-4.05303797468
0.0949367088608
0.532025316456
0.399113924051
-0.487088607595
0.65582278481
3.81974683544
1.70962025316
0.851139240506
1.83860759494
-0.666455696203
-0.662658227848
-1.51405063291
-3.56924050633
-4.24430379747
-4.90113924051
-5.15772151899
-4.10734177215
-3.45240506329
-1.89063291139
-5.54974683544
-7.50949367089
-6.09607594937
-2.14291139241
2.52835443038
4.14962025316
2.97670886076
-1.37936708861
-12.4943037975
-10.484556962
-8.0817721519
-8.23620253165
-9.8435443038
-7.81898734177
-7.05848101266
-5.0946835443
-5.41746835443
-6.44215189873
-5.3682278481
-4.93708860759
-3.08303797468
-3.46860759494
-2.25253164557
-0.605696202532
-2.05569620253
-2.91367088608
-2.10974683544
-1.80772151899
1.55987341772
4.85556962025
6.00658227848
4.05367088608
5.7453164557
2.63139240506
0.0579746835443
-1.02620253165
0.393797468354
0.309873417722
0.848860759494
5.38253164557
5.85708860759
5.49291139241
5.59316455696
10.4870886076
8.0982278481
7.9253164557
4.57734177215
3.42708860759
0.542151898734
2.0417721519
5.30924050633
6.70658227848
6.3
9.07
11.0474683544
12.3807594937
7.49405063291
4.84291139241
6.33607594937
8.88696202532
12.1139240506
14.4103797468
10.9984810127
7.95379746835
11.2191139241
14.4830379747
14.3648101266
11.4139240506
11.7588607595
5.09126582278
3.23139240506
5.37848101266
4.1935443038
5.73113924051
7.60443037975
11.7087341772
7.70291139241
6.41582278481
5.77417721519
2.64481012658
4.18594936709
5.66379746835
3.85556962025
5.69569620253
8.60392405063
10.5646835443
4.28898734177
2.95139240506
4.75316455696
7.13759493671
10.6848101266
12.3902531646
13.5862025316
10.8327848101
8.3153164557
6.57329113924
8.19658227848
9.92784810127
11.1450632911
9.99544303797
10.9063291139
9.73506329114
10.3088607595
12.174556962
12.5375949367
8.82303797468
8.97835443038
10.775443038
12.1016455696
11.4386075949
11.9508860759
11.2053164557
9.29417721519
6.70253164557
6.32784810127
6.90506329114
9.84848101266
10.9818987342
10.115443038
11.8613924051
11.8805063291
10.0615189873
10.1592405063
12.2764556962
15.0243037975
16.6960759494
20.7569620253
22.4115189873
18.2163291139
15.5975949367
17.6284810127
16.1508860759
15.7106329114
17.933164557
20.0634177215
14.785443038
12.6436708861
12.893164557
18.7135443038
15.5459493671
13.0492405063
17.1037974684
19.4446835443
20.1101265823
15.8906329114
12.9208860759
14.2388607595
12.9181012658
12.8686075949
14.5424050633
14.0855696203
14.0349367089
10.4841772152
8.00658227848
9.65278481013
9.68987341772
12.346835443
13.1869620253
11.9817721519
11.6781012658
10.6413924051
11.5084810127
9.17151898734
7.86569620253
8.02594936709
11.2641772152
12.4160759494
11.8115189873
10.5088607595
12.1334177215
14.0662025316
15.1527848101
15.7594936709
12.5748101266
13.8194936709
19.5820253165
16.2532911392
15.5270886076
16.4489873418
18.4348101266
19.5006329114
17.0658227848
18.3126582278
12.775443038
11.2773417722
11.9859493671
11.5265822785
13.0697468354
13.7555696203
11.9308860759
16.8943037975
16.0350632911
16.7072151899
18.2797468354
14.4432911392
11.4016455696
12.0939240506
10.1411392405
11.6703797468
12.9753164557
11.5137974684
16.0307594937
16.247721519
13.6758227848
10.1311392405
13.7079746835
17.9853164557
16.5340506329
14.1813924051
16.0084810127
18.82
17.3973417722
14.4798734177
9.48265822785
7.94886075949
7.99367088608
5.72962025316
4.50721518987
4.17696202532
5.50493670886
6.40189873418
6.00316455696
6.07835443038
8.1346835443
12.757721519
12.2155696203
8.58050632911
6.73886075949
6.61860759494
12.5565822785
9.95050632911
4.54607594937
6.50417721519
7.47569620253
11.2517721519
10.9702531646
7.40405063291
7.58658227848
7.28025316456
6.19594936709
7.57556962025
6.7017721519
5.59164556962
5.52493670886
3.77443037975
4.74278481013
7.50974683544
6.89670886076
6.04670886076
5.66265822785
6.49860759494
7.42481012658
6.48506329114
4.17101265823
2.19253164557
4.15620253165
2.82417721519
2.30911392405
1.21316455696
3.55544303797
3.70443037975
4.73278481013
3.93924050633
3.99898734177
1.9
1.91215189873
6.20075949367
4.58215189873
5.51
4.75873417722
2.29139240506
2.13772151899
1.65139240506
1.36759493671
-0.886202531646
-0.537341772152
-0.335189873418
-0.881772151899
-0.60253164557
-0.790379746835
-1.75974683544
-1.82493670886
-2.67620253165
-2.79569620253
-3.21696202532
2.87544303797
-1.38860759494
-5.41620253165
-8.38075949367
-9.29911392405
-4.54683544304
-1.46050632911
-1.48810126582
-5.23291139241
-5.63886075949
-1.78569620253
2.51253164557
6.83810126582
9.69075949367
3.74670886076
4.98481012658
4.87924050633
2.77493670886
0.777848101266
0.220253164557
-0.466962025316
2.01670886076
3.9235443038
5.30164556962
4.89949367089
5.11063291139
4.99455696203
3.44797468354
5.71139240506
3.22063291139
3.99620253165
6.95227848101
4.69341772152
0.962658227848
0.616455696203
-0.724430379747
1.29594936709
-0.109746835443
-1.55772151899
-0.972784810127
0.624936708861
1.32987341772
1.57784810127
1.33721518987
-0.0586075949367
1.01911392405
0.0958227848101
0.347341772152
-0.59
-1.67987341772
1.96291139241
4.32772151899
3.40430379747
0.990126582278
3.97379746835
3.86949367089
1.21139240506
0.174683544304
1.35620253165
2.4117721519
2.35037974684
3.5835443038
2.53430379747
2.01240506329
-0.354430379747
-1.40949367089
0.28253164557
-0.786708860759
-0.761392405063
-0.783037974684
-2.05556962025
-1.68708860759
-0.132278481013
0.416962025316
-0.625189873418
0.0332911392405
-0.0364556962025
-1.67772151899
-1.26886075949
1.11
-0.351392405063
-2.96164556962
-3.2482278481
-3.0117721519
-2.70962025316
-3.18088607595
-2.44303797468
-4.15481012658
-3.57367088608
-2.03810126582
-1.83873417722
-2.96265822785
-2.24987341772
-1.60075949367
-4.1653164557
-4.13835443038
-1.24012658228
-0.106075949367
-1.05430379747
-0.955189873418
-2.29835443038
2.44911392405
2.36455696203
-0.908227848101
-2.0735443038
0.543291139241
5.05278481013
5.18556962025
3.71708860759
3.24860759494
2.85481012658
2.27291139241
1.42265822785
1.30088607595
2.15696202532
3.26215189873
5.83
2.85936708861
1.25772151899
2.7546835443
4.92848101266
3.73151898734
3.69569620253
6.94493670886
9.49164556962
5.73481012658
-1.11126582278
0.804430379747
4.93848101266
8.15784810127
1.94
3.47367088608
6.27379746835
10.8202531646
9.4017721519
12.0494936709
14.3550632911
8.97911392405
8.95506329114
6.51734177215
-0.325316455696
1.19898734177
4.03430379747
4.2464556962
7.90037974684
4.04126582278
8.73050632911
11.0808860759
12.9332911392
9.22316455696
9.09949367089
8.86265822785
11.4226582278
11.9625316456
14.252278481
12.8535443038
14.3144303797
13.5598734177
11.2136708861
14.9053164557
15.5325316456
16.2574683544
15.7418987342
15.3784810127
14.1173417722
8.50075949367
10.1848101266
5.26417721519
5.74278481013
7.43
10.8359493671
13.7383544304
17.5869620253
18.5469620253
16.9353164557
13.696835443
10.8778481013
11.234556962
8.91012658228
9.07025316456
9.98417721519
13.2530379747
11.2302531646
9.43367088608
7.77924050633
9.91949367089
10.9205063291
13.3575949367
14.4305063291
12.762278481
10.8821518987
14.903164557
16.8516455696
15.8186075949
14.7596202532
14.9498734177
16.5450632911
11.1324050633
10.1797468354
12.4739240506
11.4256962025
9.68974683544
11.3244303797
12.2915189873
14.8312658228
15.0132911392
16.4267088608
16.4183544304
17.9470886076
15.2340506329
11.8269620253
13.0269620253
15.8064556962
16.5073417722
15.5782278481
15.0492405063
14.4241772152
12.6813924051
15.5694936709
18.4625316456
15.0763291139
14.5548101266
11.4162025316
11.0437974684
9.69987341772
11.5841772152
10.7035443038
13.0963291139
16.8111392405
16.7755696203
19.3305063291
22.5898734177
14.9124050633
15.7327848101
18.0713924051
13.1313924051
15.1346835443
12.8015189873
12.3284810127
14.4815189873
18.524556962
14.136835443
10.3946835443
13.1939240506
14.2643037975
16.6046835443
19.914556962
20.7224050633
18.8229113924
20.4707594937
18.286835443
18.4424050633
16.2839240506
19.6237974684
19.0156962025
15.263164557
15.4770886076
18.4764556962
17.3
13.1516455696
11.1205063291
11.4063291139
11.3072151899
12.3674683544
10.3098734177
10.4846835443
14.0755696203
19.0024050633
14.6360759494
11.5440506329
14.5998734177
15.3882278481
11.0113924051
9.63227848101
11.3388607595
13.4221518987
11.9349367089
11.9041772152
12.7278481013
13.504556962
15.3530379747
13.8248101266
11.0802531646
7.10367088608
7.58113924051
8.54898734177
8.60367088608
9.79189873418
10.9175949367
9.77417721519
9.86291139241
8.16189873418
11.7482278481
9.99481012658
9.23987341772
11.1551898734
12.5648101266
13.7067088608
13.7670886076
8.62582278481
7.43050632911
7.7964556962
9.63101265823
9.34075949367
8.77556962025
8.69696202532
7.81759493671
4.74683544304
5.87810126582
12.9458227848
6.86746835443
6.57898734177
9.97075949367
10.8178481013
11.8208860759
11.7291139241
9.93430379747
10.6146835443
14.487721519
11.4862025316
8.8553164557
7.18063291139
7.02139240506
6.47506329114
7.20481012658
5.97949367089
5.63417721519
11.0849367089
10.1701265823
2.48063291139
-0.123544303797
1.55012658228
3.67417721519
1.0835443038
-3.41518987342
-2.97253164557
-2.97215189873
-1.34556962025
1.67164556962
1.90126582278
2.26898734177
5.36759493671
7.49126582278
7.55392405063
4.70582278481
4.30164556962
5.99886075949
4.19278481013
3.45987341772
5.17139240506
0.181265822785
-2.04392405063
-6.97556962025
-9.1864556962
-3.5753164557
-0.463670886076
1.30278481013
1.42607594937
1.51658227848
-0.994303797468
1.61164556962
2.12430379747
3.22341772152
-2.57974683544
-0.746708860759
3.45430379747
1.56772151899
-0.0101265822785
-1.11443037975
0.471518987342
0.692278481013
5.21721518987
3.62113924051
1.8735443038
1.86291139241
0.87746835443
-4.0353164557
-5.85443037975
-3.43012658228
-0.146962025316
2.28367088608
-2.93050632911
0.494050632911
3.14037974684
3.7317721519
3.37253164557
3.77417721519
4.06265822785
4.22139240506
4.65151898734
3.90987341772
1.67734177215
1.3682278481
3.18860759494
2.30151898734
-0.318860759494
0.351392405063
0.36253164557
1.30658227848
1.22746835443
5.05139240506
5.82607594937
3.28455696203
0.676835443038
4.11202531646
1.22962025316
2.03202531646
1.05506329114
2.49772151899
-0.238481012658
-0.562151898734
0.733164556962
-1.69518987342
0.930632911392
1.92696202532
-0.368860759494
-0.839746835443
-1.64886075949
0.720886075949
1.2717721519
-1.40215189873
-0.537341772152
-0.48835443038
2.07417721519
0.0994936708861
-1.20886075949
-1.9417721519
-2.53936708861
-1.19746835443
3.04126582278
2.78886075949
3.47924050633
1.88607594937
1.48594936709
1.04594936709
0.533164556962
0.211518987342
0.503417721519
0.76253164557
-0.356202531646
-0.759367088608
4.8664556962
8.17088607595
4.56227848101
-0.14253164557
1.05518987342
1.23151898734
2.0853164557
2.84784810127
-0.140126582278
-0.109240506329
-0.0782278481013
1.28075949367
1.77620253165
3.62670886076
3.50037974684
5.36658227848
8.63037974684
8.77632911392
2.22759493671
3.01088607595
5.91139240506
7.67189873418
4.93734177215
4.15025316456
2.4546835443
2.73784810127
5.42810126582
2.40392405063
0.124810126582
2.82443037975
3.18594936709
2.56974683544
6.18126582278
1.63734177215
3.38367088608
3.49759493671
5.39696202532
10.5381012658
13.3729113924
8.6464556962
11.5958227848
11.9155696203
4.59759493671
0.226835443038
-0.593164556962
0.0229113924051
0.138607594937
3.72050632911
3.51696202532
4.99949367089
6.25063291139
8.38696202532
11.6874683544
11.912278481
8.99987341772
7.20924050633
4.84075949367
6.68278481013
2.75164556962
3.41569620253
1.85050632911
4.33101265823
7.08582278481
4.34670886076
4.28544303797
8.92101265823
11.6308860759
4.32291139241
0.805189873418
1.02607594937
3.34
4.51670886076
8.22303797468
10.873164557
12.3386075949
12.0978481013
14.8262025316
5.92455696203
5.27949367089
8.8935443038
14.1792405063
9.9464556962
9.91670886076
7.8535443038
7.34506329114
7.88898734177
10.6287341772
13.0401265823
14.7482278481
16.1560759494
17.9489873418
17.5084810127
15.9429113924
13.6903797468
15.3527848101
16.3391139241
16.8244303797
17.7186075949
14.9050632911
15.9316455696
14.9881012658
12.182278481
7.96772151899
12.3098734177
8.32088607595
7.87265822785
6.29253164557
6.50126582278
7.80265822785
5.73974683544
7.97392405063
11.1260759494
15.6844303797
12.0896202532
13.7837974684
15.4188607595
15.4962025316
15.2408860759
13.5462025316
15.8794936709
17.1326582278
17.2155696203
19.3626582278
18.3584810127
15.0315189873
15.3484810127
15.0456962025
17.7384810127
19.0067088608
15.7287341772
10.7520253165
12.7670886076
11.6559493671
14.9232911392
12.7334177215
11.1340506329
16.5864556962
20.4651898734
21.5362025316
21.3803797468
16.996835443
16.0874683544
15.3925316456
14.3432911392
16.6410126582
15.1215189873
10.1593670886
12.2634177215
11.5393670886
12.1721518987
12.0607594937
11.2213924051
15.593164557
17.9840506329
21.3212658228
19.7103797468
18.9688607595
18.4806329114
17.8606329114
15.2649367089
14.8339240506
17.1141772152
15.1525316456
11.1335443038
8.70987341772
9.61835443038
11.8616455696
12.8058227848
14.8556962025
17.0469620253
17.7511392405
15.6083544304
15.3679746835
17.3735443038
16.4046835443
15.3505063291
17.2511392405
17.062278481
20.7072151899
22.144556962
16.0892405063
16.3179746835
18.8997468354
20.1543037975
22.6105063291
19.966835443
14.3524050633
15.7249367089
12.5140506329
12.3482278481
11.0506329114
7.9546835443
9.11987341772
11.0624050633
14.2883544304
12.6688607595
10.5624050633
8.27139240506
10.1094936709
9.81215189873
11.8440506329
14.4773417722
14.6275949367
14.8511392405
14.9026582278
14.3789873418
14.1220253165
12.2794936709
11.6124050633
12.0402531646
14.6881012658
16.1317721519
18.6335443038
16.1237974684
16.4413924051
17.9472151899
17.2955696203
13.1098734177
12.0629113924
11.3682278481
11.2930379747
6.88607594937
8.22341772152
7.99265822785
9.49189873418
9.29240506329
7.82734177215
6.24835443038
6.89088607595
9.25101265823
7.4853164557
5.75405063291
5.34607594937
5.54696202532
5.08949367089
6.23544303797
8.1782278481
8.89455696203
6.12316455696
4.90772151899
6.37835443038
8.50924050633
9.57139240506
9.70772151899
8.95291139241
13.8820253165
14.3011392405
13.7608860759
12.0341772152
11.5098734177
11.9697468354
13.3643037975
10.0594936709
7.86126582278
9.66493670886
8.55341772152
9.05101265823
8.05873417722
8.21506329114
5.53594936709
4.69189873418
3.26367088608
0.993544303797
2.47746835443
2.20253164557
2.8746835443
4.54075949367
5.4582278481
4.51848101266
3.36911392405
2.63848101266
-0.593291139241
-0.981265822785
-1.20367088608
0.839367088608
4.64582278481
6.24936708861
-0.66253164557
-2.9517721519
-1.27658227848
-7.61367088608
-3.30734177215
0.401392405063
-1.00367088608
-3.01
-2.81
-0.883924050633
1.31746835443
2.80493670886
1.70075949367
-0.639240506329
0.053417721519
-0.441139240506
-1.86962025316
-0.854303797468
-5.17455696203
-3.7117721519
-1.33392405063
2.97949367089
7.10898734177
5.69240506329
11.3382278481
7.5046835443
8.19506329114
4.67607594937
5.62392405063
9.35240506329
6.45329113924
1.7353164557
3.02974683544
3.77481012658
0.700126582278
-3.9682278481
-4.57253164557
-4.89582278481
-4.81291139241
-3.73848101266
-2.74063291139
-3.38886075949
-4.34202531646
-4.2217721519
-2.4735443038
-3.52582278481
-3.11493670886
-1.93151898734
0.284683544304
-0.724303797468
0.063417721519
-0.808101265823
-1.62594936709
-0.171772151899
0.863670886076
4.47683544304
3.5964556962
-0.430253164557
-0.542405063291
0.986582278481
3.68113924051
2.21151898734
3.86443037975
1.29544303797
4.75379746835
0.615696202532
1.54569620253
2.69848101266
1.03
3.21936708861
5.22924050633
4.40746835443
4.16734177215
3.47607594937
2.59797468354
3.70670886076
4.30556962025
7.68265822785
5.39164556962
0.994430379747
0.690506329114
0.331518987342
-0.523164556962
-1.0064556962
1.43265822785
-1.10202531646
-1.71556962025
0.485063291139
5.62962025316
7.32696202532
8.77911392405
8.20658227848
5.75493670886
7.36025316456
9.99367088608
8.95708860759
3.54278481013
-0.632278481013
2.75696202532
-0.851265822785
-2.52582278481
-0.162911392405
0.92164556962
1.99746835443
3.32658227848
4.94430379747
6.32443037975
2.87556962025
5.53746835443
9.39
5.84443037975
4.40936708861
5.64949367089
5.8753164557
7.96607594937
9.37696202532
10.0589873418
10.8839240506
7.81658227848
8.87075949367
7.99632911392
4.71708860759
5.08835443038
0.735696202532
0.814683544304
2.05493670886
1.53898734177
4.67860759494
6.00620253165
8.77240506329
10.0673417722
10.5303797468
3.94
0.534683544304
0.447594936709
3.33810126582
2.96240506329
1.40341772152
1.48227848101
3.98329113924
4.0964556962
4.38670886076
6.21620253165
3.61164556962
1.9982278481
2.16911392405
2.20949367089
3.24443037975
4.78873417722
8.01556962025
9.27215189873
8.35278481013
6.65860759494
6.43037974684
6.57215189873
9.22088607595
4.6135443038
3.87151898734
9.00037974684
11.7837974684
14.1306329114
15.6362025316
13.8336708861
15.3541772152
16.686835443
16.4756962025
15.1258227848
12.5798734177
13.7848101266
13.0382278481
9.42658227848
8.66240506329
9.06278481013
8.68962025316
12.6279746835
13.6981012658
12.5363291139
8.58050632911
11.3610126582
13.0864556962
14.2374683544
14.0984810127
16.1220253165
12.1674683544
7.00797468354
7.9946835443
9.24139240506
6.37063291139
9.2953164557
12.1787341772
14.743164557
17.0681012658
10.6449367089
10.0879746835
8.83544303797
10.6836708861
11.6049367089
11.1993670886
7.77189873418
7.8782278481
8.87227848101
9.77455696203
10.7883544304
10.1183544304
10.2383544304
10.407721519
12.1569620253
14.8530379747
15.1543037975
17.3705063291
13.8544303797
13.4306329114
11.7291139241
11.115443038
13.2488607595
15.9727848101
20.1441772152
19.1318987342
17.4930379747
17.8134177215
18.6972151899
12.2170886076
10.9303797468
10.3836708861
13.1450632911
11.8727848101
9.06113924051
9.8935443038
15.2389873418
13.4934177215
9.8382278481
11.6375949367
17.6584810127
16.4626582278
12.7383544304
15.4456962025
18.5013924051
12.847721519
11.242278481
12.7983544304
17.3583544304
19.3146835443
15.0487341772
12.0473417722
11.435443038
12.886835443
16.5093670886
19.1102531646
21.775443038
18.6692405063
18.0205063291
20.8903797468
22.3517721519
21.4372151899
22.3624050633
23.3217721519
21.8917721519
13.4892405063
11.7058227848
14.3744303797
16.2962025316
15.7463291139
18.146835443
22.4492405063
19.895443038
15.7111392405
17.5127848101
13.7560759494
11.2273417722
11.9784810127
13.7175949367
13.6212658228
10.3012658228
11.287721519
14.5770886076
18.4697468354
19.0007594937
17.735443038
18.8791139241
19.6641772152
20.0705063291
18.5787341772
13.1240506329
9.54886075949
12.5094936709
12.6379746835
11.0198734177
8.99
10.7196202532
8.20506329114
10.2426582278
9.97886075949
7.97455696203
10.0334177215
10.9644303797
10.3326582278
11.3079746835
8.79278481013
8.36949367089
8.86949367089
8.97455696203
11.1539240506
7.10088607595
5.79063291139
7.7382278481
9.55708860759
7.44810126582
6.63101265823
7.22265822785
5.92227848101
8.25012658228
11.2896202532
14.222278481
10.5239240506
9.92367088608
11.6629113924
7.61569620253
8.17936708861
11.577721519
8.45113924051
4.82569620253
5.32670886076
6.46075949367
8.35873417722
14.0483544304
13.8187341772
14.8710126582
15.3746835443
14.6237974684
12.957721519
10.9526582278
11.0944303797
9.52253164557
3.51898734177
3.63278481013
5.24886075949
5.04860759494
7.89481012658
6.78924050633
6.24113924051
6.33886075949
3.18164556962
4.63949367089
6.57632911392
5.40860759494
3.85443037975
2.90240506329
0.613164556962
-0.199493670886
0.808987341772
1.80126582278
1.03506329114
1.65253164557
2.86379746835
5.82949367089
5.2053164557
4.70506329114
6.9335443038
4.82113924051
5.64620253165
8.53329113924
4.16594936709
1.84379746835
3.25607594937
0.541265822785
0.623797468354
-1.26253164557
-0.717088607595
0.841898734177
1.83215189873
0.973291139241
-0.0454430379747
-0.198481012658
-3.74493670886
-4.68341772152
-0.141392405063
0.510506329114
0.97417721519
-2.81139240506
-4.81620253165
-4.99443037975
-4.4117721519
-2.06987341772
-2.28683544304
-2.55367088608
-1.36683544304
-1.08037974684
-2.8564556962
-4.96455696203
-3.77721518987
-4.83417721519
-4.32493670886
-4.77746835443
-2.55784810127
-0.872151898734
0.850886075949
1.86772151899
-0.689493670886
-0.838860759494
-0.166582278481
0.629746835443
-0.342405063291
5.47253164557
3.42708860759
2.25265822785
