-3.17520833333
-4.26375
-7.4325
-3.76145833333
0.0535416666667
0.245625
-0.4375
-1.7975
-2.97229166667
-5.62479166667
-8.62958333333
-10.04
-6.910625
-8.86666666667
-7.39541666667
-6.08833333333
-6.76875
-5.64166666667
-5.71625
-4.020625
-3.64083333333
0.5975
0.132083333333
0.0125
-0.321666666667
-3.07958333333
-4.84125
-6.62354166667
-2.495625
2.395625
4.43645833333
-2.66333333333
1.16541666667
0.606875
0.0647916666667
4.14458333333
3.12270833333
3.15645833333
2.735625
4.76083333333
4.42
1.243125
0.904583333333
0.91125
0.458125
0.384791666667
2.87125
0.817291666667
-0.33125
-1.45041666667
0.27375
1.40395833333
1.17354166667
2.38229166667
1.635
2.505625
2.90979166667
-2.128125
-2.68083333333
1.08416666667
2.33083333333
0.632291666667
-2.245
-2.20375
-1.344375
1.84541666667
3.233125
2.49854166667
2.871875
1.84041666667
1.92395833333
2.03208333333
1.81395833333
1.78645833333
2.78583333333
3.825625
5.05645833333
2.56229166667
-3.42145833333
-4.705
-2.51145833333
1.49166666667
2.04416666667
1.19708333333
4.34270833333
3.118125
7.13666666667
9.62625
3.97479166667
2.123125
4.69666666667
8.47145833333
2.24208333333
0.729791666667
-0.2675
0.848333333333
1.52395833333
5.37520833333
1.01604166667
0.655208333333
1.08708333333
3.11270833333
5.39333333333
7.63645833333
9.8575
12.2470833333
12.8372916667
13.0210416667
4.93020833333
2.19416666667
-0.845833333333
0.800625
1.34479166667
3.22541666667
2.38020833333
1.0675
2.77333333333
4.56291666667
4.124375
5.844375
9.53479166667
10.465
5.56354166667
5.548125
3.23208333333
4.55645833333
9.424375
7.85833333333
6.13770833333
5.59541666667
7.68104166667
10.7554166667
11.8035416667
10.2604166667
8.680625
6.91479166667
7.45625
10.483125
11.8520833333
12.4197916667
12.903125
13.4941666667
6.43375
8.51458333333
7.36583333333
7.93604166667
11.4522916667
13.67125
12.1214583333
12.2325
7.61916666667
8.64
8.580625
9.87104166667
11.989375
14.8266666667
16.8735416667
17.4514583333
14.0870833333
14.6108333333
14.521875
14.636875
13.1720833333
15.685
19.401875
21.3258333333
13.3270833333
13.065
11.9897916667
10.3802083333
12.1852083333
9.198125
9.35208333333
9.041875
10.1941666667
9.72125
8.46875
9.905625
8.999375
8.205
8.91104166667
10.045625
9.576875
9.954375
10.7910416667
12.1320833333
11.365
12.8320833333
12.4835416667
12.4495833333
11.81125
11.1125
10.9747916667
9.270625
8.930625
11.6729166667
11.875
9.30229166667
9.76479166667
11.3822916667
12.8364583333
13.3825
9.63666666667
10.4645833333
14.3064583333
17.8322916667
18.5891666667
20.0679166667
18.9464583333
18.6822916667
18.4258333333
13.9760416667
15.1085416667
17.06
20.9977083333
20.5322916667
17.8033333333
16.5029166667
13.4877083333
16.6639583333
16.2033333333
12.889375
14.5920833333
17.0385416667
11.69125
11.8722916667
14.6258333333
17.914375
19.1733333333
18.2104166667
17.811875
14.0079166667
15.266875
12.5622916667
8.8075
8.358125
8.039375
8.9175
12.593125
16.15125
16.3045833333
16.7922916667
13.3335416667
11.2214583333
9.63020833333
10.0885416667
13.4464583333
16.47875
15.350625
11.065625
13.320625
14.9439583333
10.328125
10.2122916667
10.4972916667
12.74
9.61125
10.474375
11.1658333333
12.99375
11.9847916667
12.4179166667
15.85625
17.3864583333
16.8952083333
16.99375
13.5697916667
14.2491666667
10.73
9.37958333333
10.8097916667
10.9672916667
11.6789583333
10.26
8.29958333333
8.22041666667
6.821875
8.82104166667
6.01583333333
7.89541666667
8.56479166667
5.5725
3.87
2.68270833333
4.623125
4.31229166667
3.82395833333
3.71645833333
4.42354166667
9.15479166667
8.68145833333
5.62770833333
2.66375
2.60541666667
5.23645833333
6.93875
6.84291666667
7.51416666667
4.37583333333
3.10125
8.25020833333
11.5016666667
7.56791666667
3.19104166667
1.1925
-2.510625
-5.83979166667
-6.065
-6.41083333333
-5.12666666667
-3.34
-2.846875
-0.153125
-1.92083333333
-2.77666666667
-2.09645833333
-0.726666666667
0.411875
0.657708333333
3.999375
8.12729166667
8.60520833333
5.193125
2.99770833333
6.89416666667
7.70520833333
8.0325
8.67020833333
7.690625
4.65
0.471458333333
-2.37875
-1.94083333333
-2.32854166667
-4.30791666667
-8.3725
-8.41145833333
-5.75416666667
-5.210625
-2.99333333333
-5.00291666667
-9.938125
-7.810625
-5.399375
-3.609375
0.133958333333
1.41520833333
2.35229166667
5.50333333333
3.36583333333
-0.294791666667
-1.90291666667
-2.22041666667
-3.63145833333
-1.65604166667
0.356875
0.11875
4.985
6.78270833333
4.29354166667
-0.483333333333
-2.235625
-4.04583333333
-0.988333333333
0.708125
0.00291666666667
-1.41604166667
0.481041666667
2.85479166667
-1.15770833333
-2.92291666667
-4.27583333333
-8.22083333333
-8.74854166667
-3.89541666667
-2.001875
-5.47354166667
-4.956875
-4.49541666667
-4.31541666667
-2.59166666667
-4.12833333333
-0.086875
-2.01291666667
-1.10041666667
-3.74416666667
-6.111875
-7.100625
-4.391875
-3.215625
-1.70833333333
-3.030625
-3.343125
-1.84833333333
-4.17458333333
-2.88979166667
-1.54270833333
-1.30333333333
-0.08
0.208958333333
-0.517708333333
-2.16583333333
0.608958333333
4.13541666667
3.48875
3.07375
-0.592916666667
-4.161875
-5.72520833333
-6.5175
-7.18208333333
-6.03979166667
-3.91833333333
-2.84520833333
-4.51541666667
-5.90125
-6.63
-6.3325
-6.42583333333
-5.95291666667
-3.65291666667
-2.19916666667
-2.095
-2.38666666667
-1.7125
0.580833333333
1.57583333333
1.39104166667
-2.57145833333
-2.59541666667
1.12875
6.62333333333
7.75875
8.99625
9.503125
10.7760416667
7.31291666667
5.61541666667
3.23854166667
2.03166666667
1.71083333333
-0.506041666667
-0.942708333333
2.074375
4.65354166667
8.86270833333
7.665625
5.60541666667
8.06145833333
12.0541666667
7.32229166667
6.09583333333
8.48708333333
8.966875
10.7247916667
11.6654166667
12.929375
11.9658333333
11.9979166667
4.756875
2.91333333333
5.4475
11.2454166667
9.506875
9.40458333333
11.3377083333
12.42125
13.7447916667
12.2633333333
10.0595833333
10.76625
4.33625
-0.25125
-0.384583333333
0.726666666667
1.97916666667
2.900625
1.19270833333
-1.17833333333
1.92458333333
6.94854166667
10.76125
2.87020833333
2.14416666667
3.65604166667
6.82
3.0125
1.976875
2.383125
2.82125
3.813125
6.03541666667
11.75875
12.7114583333
15.6175
17.6602083333
14.7975
13.7102083333
13.9520833333
11.3604166667
12.1827083333
12.9608333333
8.623125
11.1772916667
16.0772916667
18.6285416667
19.2910416667
12.499375
12.0295833333
9.55625
9.03479166667
10.2152083333
8.12895833333
9.43541666667
11.5564583333
14.4208333333
18.2372916667
18.895625
21.4179166667
14.6135416667
10.4470833333
13.384375
15.406875
15.6945833333
17.1127083333
15.18375
12.6402083333
15.9610416667
12.34375
11.4766666667
17.5010416667
19.3733333333
10.6454166667
7.93083333333
6.72020833333
6.17416666667
8.26354166667
8.42708333333
10.2335416667
12.83375
13.0125
14.2597916667
13.615
15.229375
19.3083333333
8.44041666667
9.53958333333
12.8466666667
15.549375
12.5245833333
11.8320833333
14.4314583333
16.4164583333
17.7425
20.04
20.9629166667
21.1372916667
18.8654166667
16.0422916667
14.3120833333
14.5902083333
12.5495833333
14.8889583333
13.0675
9.609375
9.274375
11.4814583333
12.4560416667
13.865625
12.8845833333
11.58625
9.82854166667
10.4554166667
12.5964583333
13.2885416667
16.245625
13.9304166667
15.62125
17.5708333333
18.2560416667
18.5975
20.5970833333
21.09625
21.8510416667
19.4039583333
16.9754166667
16.710625
13.7572916667
13.6316666667
15.0775
16.775
18.4097916667
19.07875
14.4383333333
9.93458333333
12.1435416667
12.2520833333
10.760625
10.2554166667
9.47104166667
10.0414583333
11.8654166667
11.7539583333
12.1925
11.97625
11.3066666667
11.266875
11.4377083333
12.6614583333
12.31875
12.235
10.8704166667
11.70375
12.3766666667
13.739375
15.464375
16.2020833333
14.889375
15.066875
15.5845833333
15.12125
10.6120833333
9.27520833333
10.7145833333
12.889375
11.98875
14.3352083333
11.0491666667
15.878125
15.8208333333
16.4264583333
10.26125
9.82520833333
10.4329166667
13.813125
9.04729166667
8.636875
9.13416666667
9.43145833333
10.9735416667
10.7529166667
8.04291666667
7.90541666667
9.38645833333
14.1927083333
9.723125
8.93625
11.3375
5.97
4.14791666667
3.009375
2.63083333333
3.475
3.25770833333
2.15041666667
5.98854166667
9.693125
6.35
6.66541666667
3.094375
1.73895833333
1.9725
0.631041666667
2.20208333333
4.241875
3.18645833333
3.860625
5.65625
5.2875
8.326875
9.12291666667
9.86354166667
8.45833333333
8.57479166667
3.130625
2.79666666667
-1.40729166667
-1.99166666667
-2.559375
-2.18541666667
-2.56041666667
1.090625
2.54458333333
1.10229166667
-2.804375
-2.89666666667
-0.4525
5.16791666667
6.47375
9.72479166667
8.309375
9.23395833333
8.12895833333
-0.24875
-1.51541666667
0.344791666667
1.74166666667
-0.197291666667
0.322083333333
-0.3
-1.6675
-2.42666666667
-3.155625
-0.203958333333
-1.603125
-1.07041666667
-0.332708333333
0.801458333333
-2.84791666667
-3.70416666667
-2.15354166667
-6.09541666667
-10.136875
-1.87416666667
-4.683125
-9.90895833333
-10.4827083333
-6.97520833333
-10.745625
-8.06875
-6.84291666667
-1.704375
-2.62020833333
-2.66833333333
-2.42104166667
-3.503125
-7.09166666667
-3.19041666667
0.728958333333
1.86104166667
4.095
3.09104166667
2.01354166667
5.38958333333
5.593125
5.28708333333
-7.34354166667
-11.3410416667
-11.0910416667
-11.2560416667
-13.105
-7.524375
-9.03479166667
-9.3575
-9.16416666667
-1.9925
-0.325416666667
-2.275625
-1.52833333333
-0.205
-1.04479166667
-2.17020833333
-1.823125
-1.25166666667
-2.64333333333
-3.13791666667
-0.540208333333
-0.59875
-3.00416666667
0.568958333333
3.62041666667
-0.442291666667
-2.949375
-4.47520833333
-4.35583333333
-2.36375
-0.818958333333
1.14770833333
1.69270833333
1.55375
1.551875
3.22708333333
3.900625
2.98
2.37229166667
0.711875
0.274583333333
-2.24729166667
-0.61125
-2.23229166667
-5.74229166667
-3.82520833333
-3.20604166667
-2.3175
-5.08458333333
-5.68375
-5.07583333333
-4.24854166667
-2.37791666667
0.836041666667
4.339375
1.0725
4.71166666667
2.30541666667
-0.99875
-1.45916666667
-0.266458333333
1.28125
0.422916666667
2.649375
-0.388541666667
1.05354166667
-0.70125
1.40895833333
3.77375
2.32416666667
0.910416666667
1.08604166667
-0.271666666667
0.287708333333
1.39625
2.439375
1.825625
3.003125
5.21479166667
7.229375
8.54395833333
7.03166666667
5.035
2.32416666667
0.844583333333
7.07916666667
8.91895833333
4.90833333333
6.64395833333
9.45833333333
10.4864583333
7.48458333333
1.94125
-0.664166666667
-0.0672916666667
-0.841458333333
-1.309375
-0.573958333333
1.44708333333
4.79125
7.52604166667
5.15479166667
4.414375
5.92125
5.88145833333
7.06145833333
6.396875
5.87104166667
3.72854166667
5.73854166667
5.515625
6.373125
5.106875
2.52125
1.890625
2.56729166667
2.17229166667
7.82104166667
8.013125
5.39583333333
7.17020833333
3.363125
7.31041666667
8.39854166667
6.7725
5.816875
9.60666666667
12.0545833333
13.841875
15.6147916667
17.4739583333
14.288125
14.5654166667
13.0177083333
14.8514583333
13.4802083333
12.321875
9.95291666667
8.59270833333
11.3810416667
15.631875
18.5372916667
10.2708333333
11.5533333333
14.3279166667
17.8629166667
20.6735416667
22.1025
22.409375
22.8458333333
22.1645833333
19.941875
18.788125
17.4614583333
14.9379166667
15.7395833333
14.09125
10.9185416667
8.31854166667
7.82770833333
7.85166666667
9.04145833333
10.7516666667
11.98375
10.6741666667
11.860625
14.1554166667
16.7202083333
13.57
12.80625
17.0720833333
14.4066666667
12.2647916667
11.62125
10.8070833333
11.55875
13.3208333333
18.0091666667
18.1225
12.19375
13.275625
14.615
14.584375
17.4347916667
19.9041666667
20.18875
20.740625
20.7677083333
20.866875
21.301875
20.938125
19.7247916667
17.11125
16.5983333333
15.6847916667
19.9164583333
19.8345833333
16.525
15.895
16.9477083333
16.1727083333
12.5741666667
12.6229166667
14.394375
18.5839583333
20.626875
19.7095833333
19.805
21.116875
20.563125
17.209375
17.295
16.7858333333
16.8783333333
16.7402083333
16.4941666667
15.0572916667
16.161875
19.8314583333
16.6754166667
13.8741666667
17.1395833333
17.0747916667
14.523125
16.4322916667
13.4541666667
10.2647916667
10.7229166667
12.1070833333
13.6595833333
12.6947916667
12.91
16.62375
12.8345833333
13.5095833333
13.589375
14.5152083333
12.95125
11.54375
10.5277083333
11.7527083333
15.7645833333
19.6095833333
16.6375
13.646875
13.8185416667
14.9172916667
16.435
17.5385416667
17.1352083333
16.354375
16.7822916667
18.300625
19.045
18.845625
17.5775
16.821875
17.4866666667
16.77625
9.634375
8.24166666667
10.8395833333
13.653125
13.7627083333
11.1391666667
12.1529166667
13.2060416667
12.410625
11.2047916667
12.9327083333
11.5429166667
8.93208333333
8.59895833333
9.44395833333
6.40854166667
7.50229166667
7.25583333333
7.40354166667
7.726875
7.1875
8.22
7.50854166667
6.22104166667
4.88458333333
6.67854166667
8.78645833333
8.24583333333
8.09354166667
8.56520833333
8.07458333333
10.3289583333
5.861875
3.93125
6.20145833333
9.10083333333
8.80375
5.746875
6.36041666667
5.77083333333
8.531875
8.78770833333
8.919375
6.8775
3.936875
0.198541666667
2.8675
8.83583333333
9.72125
7.73166666667
7.21708333333
6.24375
4.029375
1.235625
0.044375
-0.454375
1.064375
6.0
4.68916666667
3.86166666667
3.45416666667
5.99916666667
8.358125
5.919375
4.441875
3.57833333333
2.85583333333
0.897708333333
0.0727083333333
-1.63416666667
-1.17166666667
0.748125
0.710416666667
-0.718333333333
0.406041666667
1.41375
3.14625
6.19291666667
4.32145833333
4.29208333333
0.597916666667
-0.909375
-0.88125
-3.12479166667
2.953125
3.04875
-0.693333333333
-1.74125
-2.41166666667
1.899375
0.898333333333
0.280416666667
-1.85229166667
-3.640625
-0.9
0.691041666667
3.12916666667
0.169791666667
-0.668958333333
-1.16270833333
-1.98958333333
-2.81354166667
-1.63604166667
3.33791666667
4.88270833333
6.98375
7.08666666667
2.01083333333
0.673333333333
0.872916666667
3.46770833333
4.41479166667
-0.136666666667
0.389375
-1.66645833333
1.115625
3.07416666667
3.57145833333
0.0839583333333
-1.97854166667
-1.96
0.039375
0.763125
-0.415
-0.36375
0.133958333333
4.22604166667
6.60375
5.29541666667
4.323125
0.2875
-1.094375
2.551875
-1.538125
-2.576875
-3.51625
-2.76229166667
-1.23145833333
-2.18604166667
-5.51645833333
-4.42520833333
-6.11770833333
-5.77541666667
-4.9825
-6.6775
-7.54666666667
-7.29583333333
-8.11
-5.75375
-3.87020833333
-3.94625
-2.30020833333
-7.01020833333
-8.485
-5.48333333333
-2.94229166667
0.0502083333333
3.635
3.02145833333
0.914166666667
-0.625
0.0122916666667
-0.455
1.011875
1.92708333333
3.29520833333
4.524375
3.29333333333
4.4775
2.4825
1.148125
-0.689583333333
2.06729166667
6.228125
5.82604166667
3.48083333333
5.30458333333
7.46020833333
7.01041666667
6.30770833333
5.748125
-0.070625
2.80395833333
3.69958333333
0.306875
-1.25375
-0.240833333333
-1.88416666667
-0.141458333333
1.63958333333
3.64270833333
5.55854166667
2.268125
1.30458333333
1.21625
1.47041666667
1.96208333333
1.715625
4.64666666667
3.81375
7.39958333333
7.34291666667
1.933125
0.820416666667
1.84166666667
4.13979166667
7.80083333333
12.0260416667
13.0283333333
9.8775
9.57375
13.3341666667
7.68916666667
10.983125
7.24208333333
11.356875
12.374375
8.62770833333
9.539375
8.29770833333
10.92
9.02354166667
6.30979166667
5.67791666667
5.710625
7.823125
10.2820833333
9.70333333333
8.229375
7.940625
5.868125
7.05416666667
8.515625
7.230625
11.1295833333
12.554375
12.9214583333
11.96875
9.63729166667
8.00833333333
13.364375
12.190625
8.14416666667
7.44583333333
7.34166666667
7.550625
7.38375
5.76708333333
6.51291666667
7.18208333333
8.64583333333
14.5920833333
17.1139583333
13.2883333333
15.0285416667
18.709375
14.3814583333
10.3904166667
13.5910416667
17.795625
16.486875
14.0591666667
14.3954166667
17.199375
15.2264583333
12.7414583333
8.95
7.74333333333
7.38854166667
10.780625
15.0116666667
16.8741666667
17.7383333333
19.315
19.2627083333
19.6995833333
17.973125
17.2752083333
13.0685416667
10.6670833333
11.7775
13.7704166667
11.46
14.0470833333
17.286875
18.403125
19.7770833333
20.3825
19.899375
20.6597916667
21.71875
22.4922916667
23.1589583333
22.0208333333
17.1747916667
13.8708333333
18.7747916667
19.97625
22.8760416667
18.695
16.2372916667
11.8683333333
12.003125
18.744375
21.6652083333
17.7095833333
20.2977083333
24.7610416667
24.00625
19.3602083333
17.2227083333
19.1902083333
24.1441666667
19.4552083333
13.7439583333
11.6041666667
10.6929166667
10.7679166667
11.7845833333
14.5591666667
17.9175
18.9014583333
18.0279166667
17.491875
17.4377083333
11.4920833333
11.183125
16.3122916667
17.1908333333
17.3864583333
19.1745833333
21.0627083333
21.5470833333
20.0522916667
18.266875
18.8160416667
19.4497916667
19.6708333333
19.165
19.1039583333
15.6358333333
15.4483333333
16.749375
18.5595833333
17.2770833333
16.07
11.8085416667
12.2741666667
13.8195833333
11.2997916667
8.17166666667
11.3795833333
13.4783333333
12.2283333333
10.0558333333
8.493125
8.35270833333
11.6339583333
14.0979166667
10.056875
9.50458333333
11.4785416667
13.1470833333
9.668125
11.2510416667
10.089375
10.8095833333
16.19375
9.07708333333
10.8472916667
15.93
16.07
14.6645833333
10.323125
8.4525
11.455
14.74625
16.8839583333
13.7827083333
9.895625
9.541875
8.16541666667
7.90729166667
9.85916666667
6.32375
6.33333333333
10.295625
9.57
9.05395833333
6.75541666667
5.15979166667
6.66125
7.82625
4.57270833333
3.17416666667
2.00833333333
3.5475
4.4125
3.49125
5.96708333333
7.691875
4.61979166667
1.56229166667
1.34833333333
3.41166666667
4.99875
7.21541666667
5.06395833333
8.006875
8.255625
7.31083333333
6.6975
8.21166666667
8.31583333333
6.89979166667
1.88166666667
-1.27958333333
-3.62833333333
-6.08979166667
-5.29520833333
-1.44229166667
0.119583333333
-1.5475
0.222291666667
-1.50104166667
-1.511875
-3.11770833333
-2.97375
-2.73333333333
5.13708333333
9.43020833333
7.28125
3.76083333333
2.05354166667
-2.874375
-5.61458333333
-6.76125
-3.95
-1.42479166667
-0.7175
-1.66416666667
-3.63458333333
-2.54166666667
-0.748125
-2.585
-6.24270833333
-7.91666666667
-6.38333333333
-5.80270833333
-6.13958333333
-6.30875
-0.924791666667
0.610416666667
2.15104166667
2.54229166667
2.71354166667
2.65208333333
5.15833333333
7.256875
7.67770833333
3.131875
1.61666666667
4.624375
4.24166666667
2.1625
0.51
0.464375
1.91895833333
1.22104166667
-0.822708333333
-2.031875
-0.382083333333
-0.266875
-1.30625
-2.581875
-2.75729166667
-0.630833333333
0.301041666667
0.912916666667
2.59895833333
-1.41020833333
0.112083333333
0.960833333333
-2.11416666667
-2.501875
-3.29291666667
-5.99583333333
-5.82895833333
-1.23291666667
-1.48583333333
-4.32895833333
-4.97604166667
-0.866458333333
0.303541666667
0.628958333333
0.9525
-0.220416666667
-0.145833333333
1.75479166667
0.793333333333
1.54270833333
1.92375
1.30125
-0.328541666667
-1.06354166667
-1.82979166667
-2.16354166667
0.00770833333333
-4.045625
-4.2525
-3.13354166667
-4.614375
-6.76875
-6.40083333333
-7.27625
-5.38541666667
-3.725
-0.699375
-1.53833333333
-1.58770833333
-2.15041666667
-2.91604166667
0.282083333333
-0.743333333333
-1.68083333333
-0.814166666667
-1.231875
-1.72104166667
-1.97958333333
-2.483125
-1.05375
2.501875
0.842083333333
-2.076875
-4.219375
-4.375625
-2.499375
-2.049375
-0.653125
0.451875
1.863125
0.07125
0.1225
-1.01729166667
-2.07270833333
-1.65375
0.943541666667
1.411875
2.06625
3.46104166667
2.34729166667
2.82020833333
3.72020833333
6.02104166667
2.93270833333
0.763958333333
0.783541666667
-0.0360416666667
-2.12291666667
-1.82729166667
-0.790625
0.245416666667
0.609375
1.92979166667
2.75708333333
2.08604166667
2.865625
4.7275
2.18875
4.39791666667
8.24958333333
11.4372916667
2.71666666667
2.21104166667
3.80458333333
5.448125
9.07458333333
11.7914583333
14.066875
10.7877083333
9.64895833333
9.73791666667
10.384375
4.97541666667
2.27291666667
4.765
5.65479166667
5.33625
10.0029166667
9.24979166667
12.1264583333
13.3147916667
11.8929166667
3.37020833333
3.1325
4.335625
4.658125
5.02958333333
3.376875
5.59375
7.17104166667
9.07104166667
11.5820833333
9.84708333333
12.2216666667
13.258125
12.021875
8.715625
8.14
9.78854166667
6.99145833333
9.040625
10.4060416667
8.944375
6.445625
7.43604166667
6.48541666667
9.11645833333
12.3695833333
13.0458333333
17.9789583333
9.28875
11.4095833333
7.88729166667
9.01604166667
10.426875
8.29541666667
12.1697916667
9.94916666667
11.985625
14.6060416667
11.9272916667
8.85375
9.27104166667
11.0602083333
14.4041666667
16.5422916667
19.8647916667
16.8016666667
14.23625
9.68625
7.953125
8.77416666667
9.22041666667
14.5922916667
9.87208333333
7.693125
8.14833333333
11.4914583333
10.875
7.791875
8.565625
9.02083333333
10.271875
13.9010416667
16.3172916667
21.2204166667
23.515
24.0566666667
15.7904166667
13.841875
12.9095833333
11.6554166667
10.3014583333
9.69125
10.820625
11.515625
11.25375
11.7304166667
12.571875
12.4425
14.535
15.465625
11.9964583333
12.0029166667
12.6335416667
17.1572916667
20.6602083333
22.0895833333
13.8714583333
16.4210416667
20.06625
16.2464583333
14.6741666667
12.2364583333
13.9910416667
14.9208333333
14.0035416667
13.7435416667
12.9564583333
13.965625
14.6339583333
15.5841666667
14.3497916667
14.3854166667
14.851875
14.9639583333
16.50125
16.9085416667
17.515
17.82
18.49375
17.89125
15.41375
14.8625
15.1460416667
15.59375
15.5347916667
15.175625
15.663125
16.3395833333
15.558125
16.6591666667
14.3145833333
8.03645833333
7.16666666667
6.43645833333
7.65895833333
9.10791666667
8.53770833333
8.73395833333
10.3295833333
11.6589583333
13.3910416667
12.6129166667
10.8127083333
10.1810416667
10.91
10.49625
10.74125
9.73458333333
7.165625
6.83458333333
5.97729166667
6.64354166667
6.95708333333
7.81666666667
9.014375
12.075
12.265
13.0897916667
8.07729166667
8.26895833333
8.10333333333
9.30583333333
7.963125
6.90625
8.3875
11.8785416667
12.0075
10.8616666667
8.86104166667
8.36875
8.580625
9.16333333333
7.42895833333
8.2925
11.3508333333
11.4858333333
7.454375
5.08333333333
6.58
9.55833333333
7.559375
11.221875
6.86833333333
4.42
4.73395833333
8.17708333333
9.099375
6.819375
8.111875
5.21416666667
4.37416666667
3.78833333333
4.21895833333
5.45895833333
6.380625
8.56770833333
6.35291666667
7.686875
7.55479166667
4.82791666667
4.26229166667
1.23375
-0.238958333333
-0.459583333333
0.880625
2.32229166667
0.674166666667
1.83583333333
3.40770833333
7.81520833333
8.401875
6.29041666667
6.40208333333
3.5775
1.426875
2.75479166667
4.27458333333
2.73541666667
1.28583333333
-0.979375
0.695208333333
0.0795833333333
0.114166666667
1.81354166667
0.966458333333
2.37479166667
1.78708333333
1.58625
2.63208333333
2.069375
0.025625
0.252708333333
0.39625
0.591666666667
1.12375
0.749791666667
-0.611666666667
2.949375
1.60875
-0.780208333333
0.14125
-1.24729166667
-1.24708333333
-1.523125
-1.61375
-3.775
-4.06666666667
-4.50125
-6.206875
-2.41791666667
-7.603125
-8.16041666667
-12.3427083333
-11.7245833333
-13.81125
-14.3133333333
-13.5827083333
-12.1429166667
-10.9191666667
-11.1133333333
-9.83979166667
-13.3366666667
-14.109375
-9.58083333333
-7.10354166667
-8.138125
-7.16833333333
-5.34041666667
-4.43625
0.686041666667
4.16979166667
-1.293125
-2.97041666667
-1.59125
1.68541666667
-5.44583333333
-5.365
-0.145625
2.06333333333
2.43479166667
5.283125
3.959375
-2.081875
-1.93541666667
-0.371875
-0.544791666667
-4.84979166667
-6.46708333333
-8.76645833333
-12.2741666667
-13.9777083333
-13.0304166667
-10.5541666667
-9.32416666667
-11.0658333333
-6.605625
-7.57333333333
-11.191875
-10.9077083333
-7.803125
-3.4175
-4.58979166667
-3.0875
1.955
4.138125
2.9
3.17958333333
2.049375
2.37229166667
2.236875
2.356875
3.19125
3.65458333333
2.378125
1.77375
2.483125
0.349583333333
-1.62291666667
-1.17229166667
-0.0258333333333
0.842291666667
-1.63791666667
-2.01125
-0.97875
-2.19104166667
-4.194375
-2.28625
-1.344375
0.623333333333
3.34270833333
2.40020833333
1.99354166667
4.59854166667
4.51770833333
1.80708333333
-0.993125
0.80875
6.13708333333
6.18354166667
7.92375
8.475625
9.87729166667
13.6510416667
13.3445833333
8.05583333333
7.54583333333
7.37645833333
5.83770833333
5.401875
4.61020833333
2.479375
3.15166666667
2.93208333333
2.94270833333
3.52291666667
5.78729166667
7.67125
9.62291666667
9.38125
12.2652083333
10.8660416667
2.39770833333
1.876875
0.248958333333
-0.273125
-0.00166666666667
0.115416666667
0.996041666667
3.74333333333
4.90333333333
2.07458333333
1.99875
4.4125
7.62520833333
11.7370833333
14.7435416667
9.42541666667
9.48375
9.354375
11.61
13.72625
16.9933333333
12.5839583333
10.5741666667
14.8027083333
13.2383333333
14.556875
14.6379166667
14.38
11.936875
8.61333333333
8.61270833333
11.0491666667
16.0354166667
19.1029166667
18.9822916667
14.263125
10.2410416667
12.4616666667
14.7916666667
14.7366666667
15.3233333333
16.914375
17.9383333333
17.0254166667
16.0279166667
13.3141666667
6.26395833333
7.3825
6.81333333333
7.894375
8.27791666667
7.45416666667
9.4525
7.46520833333
7.99541666667
7.375
10.2504166667
13.6479166667
9.64645833333
11.3391666667
12.1095833333
10.5397916667
11.725
9.49145833333
9.38791666667
9.41604166667
9.605
11.24375
13.7029166667
13.2264583333
12.6520833333
15.8779166667
17.8785416667
18.8883333333
16.2185416667
12.4322916667
11.1483333333
11.1120833333
11.961875
13.220625
15.288125
18.383125
22.0410416667
16.3572916667
16.5391666667
15.553125
18.8225
15.2258333333
13.7675
10.429375
13.3870833333
13.3639583333
16.355625
19.2827083333
18.4083333333
14.9125
17.4472916667
14.841875
14.2339583333
12.4464583333
13.0679166667
13.5304166667
13.508125
11.94125
14.02375
10.53625
9.89770833333
12.0239583333
16.1927083333
13.016875
15.0270833333
15.0077083333
18.7066666667
22.61
18.42
15.824375
11.3770833333
10.79625
14.590625
12.9335416667
14.7091666667
16.523125
13.3783333333
15.7958333333
11.2829166667
11.3352083333
10.7789583333
12.7025
14.6585416667
15.8010416667
17.50625
13.7720833333
11.7727083333
11.4458333333
10.7179166667
11.3139583333
6.67791666667
7.36541666667
7.873125
7.40125
9.716875
12.7558333333
12.8327083333
14.5479166667
11.6741666667
8.95791666667
8.95375
12.7664583333
14.345625
17.2325
15.3795833333
17.4539583333
16.18875
14.726875
12.273125
11.6402083333
10.9689583333
12.42625
11.893125
10.959375
12.1495833333
14.4329166667
14.6822916667
17.7816666667
17.4404166667
13.76375
11.4910416667
11.8979166667
7.78479166667
7.83833333333
9.28083333333
11.8177083333
6.945
5.57145833333
8.63604166667
8.38666666667
7.188125
7.97854166667
6.91645833333
5.16229166667
4.75583333333
5.09
3.63041666667
4.78125
3.938125
4.60729166667
4.31791666667
3.40895833333
0.582708333333
2.200625
-1.408125
0.0629166666667
2.2525
1.09125
-0.72125
2.70166666667
7.24958333333
0.669375
3.748125
5.86020833333
10.3914583333
3.33875
-1.535625
-2.69020833333
-2.30583333333
-1.72416666667
-2.96479166667
-3.436875
-4.48729166667
-6.45395833333
-6.735625
-5.80125
-5.20541666667
-5.16604166667
-5.50020833333
-2.73708333333
-4.68916666667
-6.29583333333
-4.4125
-3.32145833333
-4.71270833333
-0.433541666667
3.31791666667
5.41479166667
7.57541666667
8.44020833333
8.58541666667
3.70645833333
5.52333333333
4.92416666667
4.92520833333
1.163125
-0.536875
-2.04833333333
-2.0625
0.760416666667
5.27104166667
5.92416666667
4.54583333333
3.22208333333
1.4725
2.90104166667
1.93645833333
3.96583333333
1.88208333333
1.78458333333
4.52895833333
4.22708333333
-0.12
-3.55166666667
-5.803125
-7.17416666667
-9.77854166667
-8.06854166667
-0.289375
1.591875
-3.86354166667
-2.609375
-0.985416666667
-4.72208333333
-5.544375
-6.77979166667
-3.8
0.950208333333
-0.0127083333333
2.60666666667
1.11958333333
-0.559583333333
-1.70125
-5.0775
-0.517291666667
5.54541666667
1.000625
1.52479166667
1.52208333333
2.79625
-1.21708333333
-2.13520833333
-5.40270833333
-6.13479166667
-3.90395833333
-3.47416666667
-1.56895833333
-0.954583333333
1.058125
-1.42708333333
-3.54541666667
-5.96333333333
-6.7975
-8.23041666667
-10.995
-12.8310416667
-15.366875
-6.29541666667
-6.77083333333
-7.41291666667
-8.18791666667
-6.99354166667
-5.869375
-5.31666666667
-7.56395833333
-8.10416666667
-9.17333333333
-10.28
-12.2885416667
-11.7164583333
-11.2320833333
-10.8852083333
-10.814375
-11.5008333333
-9.48958333333
-7.15395833333
-4.57020833333
-5.88604166667
-3.508125
-3.37145833333
1.904375
2.99895833333
-0.081875
-0.0245833333333
-1.179375
-0.224375
0.881458333333
0.125
0.555208333333
1.318125
3.30583333333
3.71354166667
4.50145833333
4.395
3.719375
3.63375
0.671875
2.3975
1.52020833333
1.921875
0.867291666667
1.04125
5.491875
5.38229166667
2.82104166667
0.850208333333
4.194375
3.09916666667
3.221875
1.8425
-0.33625
-0.555208333333
1.32083333333
7.01270833333
6.80729166667
3.04895833333
-2.51541666667
-5.85520833333
-5.34416666667
-2.556875
1.03333333333
7.12875
6.09458333333
4.59166666667
3.59333333333
2.04541666667
2.890625
6.53479166667
4.12083333333
6.33729166667
7.57979166667
9.08791666667
9.23604166667
9.16854166667
10.815
13.223125
8.51729166667
12.105
15.408125
17.33
13.43375
15.4441666667
14.5595833333
10.5077083333
7.87
9.07020833333
10.51875
11.4108333333
12.4479166667
14.1172916667
10.4977083333
7.89458333333
10.0129166667
14.0625
16.1158333333
14.66625
16.2066666667
15.804375
12.6795833333
16.5070833333
9.79083333333
12.3977083333
16.6583333333
16.5808333333
8.79291666667
7.20791666667
6.16604166667
7.79541666667
9.06729166667
7.89604166667
11.0627083333
6.15708333333
6.19645833333
5.68791666667
5.911875
8.60270833333
13.3139583333
16.2189583333
8.81083333333
10.2970833333
11.9152083333
16.07
19.2352083333
21.44875
20.246875
16.8639583333
18.6204166667
20.1133333333
16.96
17.5025
17.8902083333
14.3058333333
16.7516666667
18.47625
20.2297916667
20.08375
17.2216666667
17.3658333333
19.3454166667
21.2945833333
21.469375
19.01375
19.3941666667
14.6104166667
11.524375
10.6410416667
10.9033333333
10.5425
10.5995833333
10.6391666667
10.34
12.323125
15.7754166667
18.7152083333
19.7166666667
12.3972916667
12.0489583333
13.3508333333
15.1935416667
17.2104166667
14.225
9.65729166667
11.2610416667
14.6835416667
16.3183333333
19.0929166667
19.648125
16.6839583333
19.5975
15.719375
20.50375
24.4314583333
20.3402083333
14.8327083333
17.131875
18.2764583333
14.3497916667
16.9458333333
18.7133333333
19.2329166667
15.8435416667
16.3814583333
16.9597916667
17.8895833333
16.450625
15.9422916667
13.1554166667
11.7364583333
9.15125
11.1991666667
13.34125
10.6720833333
9.63833333333
10.4752083333
13.0241666667
9.89958333333
9.639375
8.45354166667
8.25625
8.715
8.2375
10.7779166667
9.62
7.61645833333
9.57458333333
11.30125
9.315625
8.914375
7.58520833333
7.71041666667
9.43833333333
9.32041666667
10.1560416667
15.080625
14.6816666667
7.239375
7.25125
5.82833333333
7.15520833333
9.725625
10.5727083333
10.8945833333
11.2402083333
10.1360416667
6.815
8.48958333333
9.28854166667
10.1570833333
12.068125
11.9922916667
13.1629166667
12.4710416667
9.91479166667
8.97833333333
11.46375
12.1879166667
10.6891666667
10.4245833333
9.5225
9.155
10.1714583333
10.108125
10.5133333333
14.270625
12.4058333333
12.730625
9.8175
7.613125
6.21791666667
6.178125
4.97833333333
9.90229166667
2.75208333333
2.76166666667
5.29104166667
4.69875
3.06083333333
5.34083333333
4.37625
2.18166666667
4.43166666667
8.374375
2.414375
1.86854166667
2.30166666667
2.99145833333
3.89208333333
1.94958333333
2.80479166667
1.408125
5.77958333333
7.57916666667
6.85854166667
6.245
6.39770833333
8.34375
9.58833333333
8.51
5.34833333333
6.313125
3.568125
1.885625
4.655625
2.33833333333
3.868125
7.116875
5.71208333333
1.73875
0.349166666667
-0.107291666667
-0.925416666667
-1.33354166667
2.114375
3.54666666667
3.24208333333
3.96083333333
3.469375
3.190625
5.50979166667
3.50583333333
1.854375
-0.318333333333
-1.965
-1.25375
0.921458333333
-0.42375
0.429791666667
0.803541666667
3.195
-0.631875
-1.18479166667
-1.34
-6.19854166667
-5.63479166667
-6.81729166667
-7.216875
-2.48083333333
-1.20125
0.541041666667
4.581875
4.541875
4.02020833333
4.17166666667
0.074375
-5.74708333333
-3.83895833333
-0.342291666667
-2.02458333333
-8.56833333333
-8.21
-5.14833333333
-11.0327083333
-17.1629166667
-15.7739583333
-16.005625
-14.630625
-15.310625
-11.7852083333
-8.48208333333
-8.65145833333
-4.77208333333
-6.09083333333
-5.44958333333
-3.2
-0.931041666667
-0.763541666667
-1.76145833333
-2.81875
-7.00083333333
-4.33583333333
-10.3166666667
-14.5772916667
-9.60854166667
-7.35145833333
-6.99395833333
-4.30875
0.009375
0.676458333333
0.735
-0.15375
0.933125
4.03208333333
1.97791666667
1.02979166667
1.886875
-0.3575
-0.4625
-1.24479166667
-3.24270833333
-3.886875
-4.55708333333
-4.806875
-3.75895833333
-3.26791666667
-1.57291666667
-5.21645833333
-7.30375
-5.93333333333
-2.07395833333
2.711875
4.38875
2.889375
-1.646875
-12.2197916667
-10.3479166667
-8.00208333333
-8.02083333333
-9.64479166667
-7.51666666667
-6.67770833333
-4.88208333333
-5.15854166667
-6.14270833333
-5.08875
-4.691875
-2.86520833333
-3.08041666667
-1.91645833333
-0.271875
-1.724375
-2.53145833333
-1.7425
-1.44041666667
1.84708333333
5.15541666667
6.24125
4.30416666667
6.13604166667
3.06729166667
0.447083333333
-0.61125
0.819791666667
0.6225
1.215625
5.85270833333
6.16229166667
5.84854166667
5.881875
10.7283333333
8.45541666667
8.13916666667
4.92375
3.70375
0.888125
2.36854166667
5.54291666667
6.926875
6.59166666667
9.2625
11.0758333333
12.4958333333
7.89645833333
5.29895833333
6.68979166667
9.05229166667
12.14375
14.4822916667
11.31875
8.21229166667
11.2852083333
14.61625
14.5379166667
11.6729166667
11.87375
5.40145833333
3.58729166667
5.700625
4.63145833333
6.03895833333
7.76833333333
11.7775
7.9375
6.799375
6.13166666667
3.01083333333
4.58791666667
6.04270833333
4.276875
5.96958333333
8.79041666667
10.789375
4.719375
3.37583333333
5.13979166667
7.46791666667
10.883125
12.5839583333
13.7733333333
11.118125
8.65833333333
6.90145833333
8.5525
10.2416666667
11.4877083333
10.3441666667
11.2377083333
10.093125
10.605
12.52375
12.9760416667
9.21625
9.36229166667
11.0272916667
12.350625
11.6366666667
12.0375
11.5725
9.51270833333
7.10541666667
6.73875
7.31041666667
10.1391666667
11.3404166667
10.4366666667
12.12375
12.179375
10.4029166667
10.5558333333
12.5875
15.3822916667
17.0785416667
20.974375
22.54375
18.5166666667
15.8622916667
17.858125
16.4866666667
16.0470833333
18.1535416667
20.3016666667
15.1289583333
12.9289583333
13.2547916667
18.9252083333
15.8345833333
13.3127083333
17.2189583333
19.6485416667
20.2677083333
16.29
13.2847916667
14.5716666667
13.2525
13.21125
14.8177083333
14.34
14.2575
10.8579166667
8.449375
10.023125
10.0847916667
12.6516666667
13.4066666667
12.3695833333
12.1072916667
10.8902083333
11.78875
9.57583333333
8.30083333333
8.33208333333
11.459375
12.7620833333
12.039375
10.913125
12.335625
14.2897916667
15.35
16.05
12.9760416667
14.0370833333
19.72125
16.4725
15.81625
16.69
18.5352083333
19.5708333333
17.2897916667
18.579375
13.2139583333
11.6589583333
12.3516666667
11.9677083333
13.39375
13.94375
12.0760416667
17.0389583333
16.2129166667
16.8083333333
18.2891666667
14.7016666667
11.7425
12.4035416667
10.45125
11.8908333333
13.213125
11.8033333333
16.37375
16.56375
13.9525
10.454375
13.8122916667
17.9885416667
16.72125
14.3410416667
16.2204166667
18.82
17.579375
14.7575
9.816875
8.271875
8.168125
6.01
4.71708333333
4.36583333333
5.6775
6.58854166667
6.22520833333
6.16208333333
8.18645833333
12.89375
12.4777083333
8.92145833333
7.15520833333
6.82895833333
12.539375
10.2127083333
4.806875
6.84395833333
7.75416666667
11.6310416667
11.315625
7.63916666667
7.61145833333
7.30354166667
6.403125
7.73520833333
6.99291666667
5.85104166667
5.8525
3.93666666667
4.89541666667
7.691875
7.07625
6.318125
5.87416666667
6.615625
7.65166666667
6.82666666667
4.60833333333
2.426875
3.900625
3.215
2.469375
1.18833333333
3.58458333333
3.800625
5.12125
4.31541666667
4.42479166667
2.18375
2.32458333333
6.53395833333
5.019375
5.89791666667
5.141875
2.69041666667
2.53270833333
2.0325
1.69708333333
-0.553541666667
-0.31
-0.048125
-0.471458333333
-0.213125
-0.450625
-1.51416666667
-1.38916666667
-2.20458333333
-2.430625
-3.066875
2.39083333333
-1.559375
-5.05770833333
-8.33083333333
-9.32333333333
-4.42895833333
-1.13604166667
-1.25
-4.88625
-5.44916666667
-1.68354166667
2.623125
7.05770833333
9.97416666667
4.13479166667
5.366875
5.24125
3.08625
0.69875
-0.0145833333333
-0.271458333333
2.31041666667
4.288125
5.72625
5.25458333333
5.47375
5.31479166667
3.85833333333
6.10979166667
3.63895833333
4.31916666667
7.33104166667
5.05729166667
1.36354166667
0.970625
-0.352916666667
1.54333333333
0.257916666667
-1.33645833333
-0.959375
0.4975
1.42875
1.79666666667
1.6
0.267916666667
1.134375
0.11625
0.583333333333
-0.242916666667
-1.31083333333
2.25270833333
4.71645833333
3.83145833333
1.233125
4.18020833333
4.28229166667
1.615625
0.60875
1.71333333333
2.82416666667
2.78708333333
3.98208333333
2.91958333333
2.39208333333
0.000208333333333
-1.01458333333
0.60875
-0.369166666667
-0.409583333333
-0.525625
-1.77583333333
-1.47104166667
-0.0954166666667
0.613333333333
-0.1975
0.445833333333
0.348125
-1.31354166667
-0.869583333333
1.51979166667
0.0445833333333
-2.59354166667
-2.87416666667
-2.66520833333
-2.33083333333
-2.78791666667
-2.05354166667
-3.76645833333
-3.14
-1.59125
-1.47791666667
-2.52166666667
-1.86104166667
-1.27041666667
-3.79145833333
-3.82104166667
-0.876875
0.31
-0.695625
-0.727083333333
-2.08208333333
2.74895833333
2.77291666667
-0.57875
-1.82541666667
0.883125
5.29791666667
5.56770833333
4.16083333333
3.66020833333
3.225
2.55145833333
1.78291666667
1.69375
2.54770833333
3.66291666667
6.265
3.23958333333
1.65083333333
2.95645833333
5.09354166667
4.106875
4.10020833333
7.26208333333
9.69958333333
6.025
-0.781666666667
1.09833333333
5.095
8.4
2.31354166667
3.69604166667
6.428125
10.98
9.64166666667
12.255625
14.4675
9.21416666667
9.304375
6.76
0.0272916666667
1.45166666667
4.26729166667
4.55583333333
8.23354166667
4.18375
8.851875
11.2941666667
12.9347916667
9.47520833333
9.36791666667
9.16791666667
11.5529166667
12.160625
14.4447916667
13.134375
14.5520833333
13.7766666667
11.6089583333
15.2645833333
15.9052083333
16.618125
16.0583333333
15.665
14.3847916667
8.76583333333
10.475
5.61583333333
6.04291666667
7.70208333333
11.013125
13.9852083333
17.704375
18.7291666667
17.098125
13.9660416667
11.2970833333
11.6066666667
9.25708333333
9.47166666667
10.4075
13.6316666667
11.6545833333
9.79729166667
8.14479166667
10.218125
11.2247916667
13.5189583333
14.675625
13.065
11.20375
15.061875
16.9327083333
16.0066666667
14.9391666667
15.2402083333
16.7847916667
11.488125
10.60375
12.8425
11.7079166667
10.1058333333
11.725625
12.6866666667
15.1339583333
15.2247916667
16.5545833333
16.7064583333
18.1983333333
15.47875
12.189375
13.4302083333
16.1845833333
16.8533333333
15.8947916667
15.4097916667
14.7764583333
13.073125
15.8283333333
18.665625
15.3035416667
14.7247916667
11.7483333333
11.4266666667
10.0516666667
11.9529166667
11.1041666667
13.3845833333
16.9685416667
16.9245833333
19.6389583333
22.80375
15.2345833333
15.9483333333
18.2129166667
13.5233333333
15.3716666667
13.1308333333
12.635
14.6104166667
18.5439583333
14.365
10.6989583333
13.3572916667
14.4966666667
16.7775
19.9333333333
20.79375
19.02375
20.55
18.5358333333
18.7147916667
16.5779166667
19.740625
19.166875
15.4472916667
15.51125
18.4427083333
17.45375
13.5552083333
11.5277083333
11.8085416667
11.6085416667
12.6591666667
10.7547916667
10.8752083333
14.334375
19.3164583333
14.936875
11.8539583333
14.7477083333
15.553125
11.46125
9.97416666667
11.7529166667
13.615
12.1679166667
12.0033333333
12.8929166667
13.56
15.36125
14.054375
11.4641666667
7.470625
7.92833333333
8.94708333333
8.9575
10.195625
11.3177083333
10.1677083333
10.2497916667
8.516875
11.7589583333
10.315
9.649375
11.5058333333
13.0029166667
13.924375
14.0808333333
9.00270833333
7.66291666667
7.91979166667
9.6675
9.36958333333
8.99229166667
9.01145833333
8.064375
5.19708333333
6.31604166667
13.2897916667
7.18125
6.695
10.136875
10.9277083333
11.9202083333
11.95875
10.2008333333
10.8166666667
14.2522916667
11.4895833333
9.128125
7.40375
7.14395833333
6.71875
7.52041666667
6.1725
5.911875
11.1854166667
10.3858333333
2.66979166667
0.00104166666667
1.86520833333
4.1025
1.45229166667
-3.05458333333
-2.75395833333
-2.94041666667
-1.31395833333
1.52354166667
1.95583333333
2.3675
5.44166666667
7.56104166667
7.50708333333
5.080625
4.71
6.3675
4.51666666667
3.55854166667
5.50604166667
0.548333333333
-1.70708333333
-6.53333333333
-8.88520833333
-3.37770833333
-0.255
1.64333333333
1.74125
1.82854166667
-0.608541666667
1.904375
2.07520833333
3.15833333333
-2.458125
-0.587708333333
3.77833333333
1.97020833333
0.398541666667
-0.77625
0.843125
0.964791666667
5.57125
4.05291666667
2.25833333333
2.30458333333
1.296875
-3.73229166667
-5.636875
-3.16354166667
0.233125
2.63208333333
-2.59354166667
0.844791666667
3.57708333333
4.12625
3.71770833333
3.915
4.40375
4.54458333333
4.949375
4.10875
1.90125
1.65958333333
3.4675
2.52354166667
-0.349583333333
0.5325
0.769166666667
1.49770833333
1.59770833333
5.449375
5.964375
3.60729166667
0.7275
4.41333333333
1.50520833333
2.23395833333
1.453125
2.87708333333
0.129375
-0.232083333333
0.560416666667
-1.63104166667
1.203125
2.26479166667
-0.105416666667
-0.812291666667
-1.67833333333
0.353125
0.74375
-1.738125
-0.55125
-0.30625
1.86916666667
0.0966666666667
-1.255625
-1.905625
-2.51416666667
-0.905208333333
3.41416666667
3.019375
3.20375
1.72125
1.41979166667
0.955
0.85125
0.612291666667
0.939166666667
1.15458333333
0.0352083333333
-0.420625
5.223125
8.51270833333
4.870625
0.00541666666667
1.229375
1.52770833333
2.313125
3.27020833333
0.277291666667
0.275
0.272291666667
1.700625
2.21
3.97895833333
3.80041666667
5.74458333333
8.64833333333
8.86854166667
2.65458333333
3.29
6.07979166667
7.76791666667
5.29520833333
4.501875
2.911875
3.125625
5.57604166667
2.73145833333
0.317291666667
2.95166666667
3.29104166667
2.91708333333
6.60729166667
2.04645833333
3.80875
3.83354166667
5.50333333333
10.473125
13.3114583333
8.71583333333
11.5183333333
11.820625
4.918125
0.579583333333
-0.12625
0.340416666667
0.36875
4.11645833333
3.83
5.31729166667
6.34
8.53395833333
12.0404166667
12.1077083333
9.24979166667
7.5375
5.19979166667
7.03270833333
3.09229166667
3.66145833333
2.18354166667
4.63604166667
7.27520833333
4.72604166667
4.67270833333
9.049375
11.8358333333
4.45583333333
1.199375
1.42875
3.67270833333
4.72375
8.32604166667
10.9904166667
12.46875
12.23625
14.9641666667
6.311875
5.61125
9.06770833333
14.3004166667
10.1883333333
10.1810416667
8.220625
7.71458333333
8.15958333333
10.7495833333
13.08
14.8441666667
16.3220833333
18.0222916667
17.5908333333
16.2214583333
14.014375
15.618125
16.5747916667
17.0197916667
17.8225
15.0960416667
16.0735416667
15.1864583333
12.3760416667
8.20229166667
12.41625
8.5975
8.18520833333
6.64041666667
6.84791666667
8.12979166667
6.17625
8.30729166667
11.323125
15.80875
12.380625
14.1122916667
15.6039583333
15.7270833333
15.3327083333
13.7825
16.0725
17.3283333333
17.4835416667
19.5577083333
18.6027083333
15.2475
15.6927083333
15.376875
17.9035416667
19.21375
16.148125
11.1497916667
13.1097916667
12.0104166667
15.2191666667
13.1102083333
11.5429166667
16.816875
20.7102083333
21.75
21.6720833333
17.3114583333
16.4091666667
15.6627083333
14.6535416667
16.9058333333
15.48
10.5989583333
12.7129166667
11.9370833333
12.5489583333
12.37875
11.5091666667
15.7266666667
18.023125
21.3816666667
19.750625
19.135
18.579375
18.1670833333
15.5433333333
15.0079166667
17.224375
15.428125
11.4754166667
9.13541666667
9.96104166667
12.2925
13.0622916667
14.9620833333
17.1997916667
17.9135416667
15.8122916667
15.596875
17.5116666667
16.7535416667
15.76
17.4479166667
17.3766666667
20.8252083333
22.343125
16.4002083333
16.3602083333
18.9402083333
20.2483333333
22.5947916667
20.2477083333
14.60125
15.821875
12.8389583333
12.5727083333
11.4410416667
8.31104166667
9.53270833333
11.2602083333
14.366875
12.7816666667
10.89
8.57
10.3622916667
9.901875
11.9047916667
14.5933333333
14.84375
15.089375
15.0895833333
14.6852083333
14.3370833333
12.4791666667
11.8789583333
12.36875
15.026875
16.2816666667
18.615625
16.3564583333
16.55875
17.9697916667
17.3772916667
13.2891666667
12.2770833333
11.5927083333
11.5145833333
7.17958333333
8.47166666667
8.340625
9.86479166667
9.66229166667
8.308125
6.48208333333
6.78708333333
9.07416666667
7.64520833333
6.10979166667
5.734375
5.90041666667
5.50083333333
6.55229166667
8.55645833333
9.34291666667
6.44041666667
5.24416666667
6.54333333333
8.39875
9.420625
9.69833333333
9.15
14.2139583333
14.325
13.731875
12.2064583333
11.5889583333
12.0714583333
13.2416666667
10.2389583333
8.28166666667
10.0729166667
8.79375
9.273125
8.38416666667
8.48520833333
5.92583333333
5.05958333333
3.63708333333
1.30354166667
2.82395833333
2.48875
3.17
4.53
5.163125
4.140625
3.034375
2.71083333333
-0.34625
-0.776875
-1.19208333333
0.464375
4.07833333333
5.77270833333
-0.445208333333
-2.574375
-0.938125
-7.236875
-2.7875
0.885833333333
-0.750833333333
-3.124375
-3.033125
-1.41791666667
0.568958333333
1.92354166667
1.21625
-0.348958333333
0.342708333333
-0.212708333333
-1.7325
-0.557291666667
-4.886875
-3.51958333333
-1.05291666667
3.32020833333
7.46979166667
6.04833333333
11.5
7.85958333333
8.5775
5.04125
5.97083333333
9.72
6.774375
2.17104166667
3.32645833333
3.569375
0.475625
-3.66604166667
-4.145625
-4.53708333333
-4.504375
-3.459375
-2.55291666667
-3.04375
-3.94583333333
-3.91479166667
-2.21645833333
-3.21166666667
-3.00333333333
-1.86770833333
0.40875
-0.404583333333
0.35875
-0.529166666667
-1.45166666667
0.069375
1.23708333333
4.89416666667
3.98458333333
0.00729166666667
-0.113541666667
1.39604166667
4.11666666667
2.55770833333
4.23541666667
1.67333333333
5.14520833333
1.053125
1.92020833333
3.096875
1.33833333333
3.575625
5.60145833333
4.639375
4.53458333333
3.914375
2.84229166667
3.63229166667
4.13645833333
7.99208333333
5.7425
1.310625
0.987291666667
0.763333333333
-0.146875
-0.658125
1.87520833333
-0.759583333333
-1.33854166667
0.802083333333
6.084375
7.68895833333
8.938125
8.42375
5.70270833333
7.28166666667
9.94375
9.326875
3.91729166667
-0.268958333333
3.13479166667
-0.403958333333
-2.116875
0.28375
1.38833333333
2.47729166667
3.81958333333
5.44416666667
6.53854166667
3.32208333333
5.94375
9.84708333333
6.12416666667
4.46666666667
5.72875
5.931875
7.86041666667
9.21833333333
9.91083333333
10.9522916667
8.16520833333
9.25625
8.286875
5.09854166667
5.48083333333
1.15875
1.1075
2.36541666667
1.93895833333
5.12979166667
6.14604166667
8.81375
10.1204166667
10.6970833333
4.32145833333
0.900625
0.677916666667
3.65458333333
3.36291666667
1.825625
1.74291666667
4.24145833333
4.43458333333
4.83708333333
6.57854166667
3.94145833333
2.38770833333
2.493125
2.55166666667
3.58729166667
5.13208333333
8.36416666667
9.554375
8.674375
7.06520833333
6.786875
6.86520833333
9.42
5.025625
4.20625
9.17395833333
11.974375
14.2404166667
15.844375
14.1539583333
15.4479166667
16.743125
16.5885416667
15.358125
12.7960416667
13.966875
13.2277083333
9.78395833333
8.91479166667
9.30666666667
8.92791666667
12.7308333333
13.8904166667
12.8589583333
8.86895833333
11.5483333333
13.3064583333
14.3727083333
14.2910416667
16.230625
12.4670833333
7.35541666667
8.22270833333
9.39729166667
6.68875
9.504375
12.2425
14.836875
17.1104166667
11.0739583333
10.4720833333
9.27729166667
11.0014583333
11.9070833333
11.5545833333
8.12375
8.18541666667
9.20895833333
10.1347916667
11.1054166667
10.5070833333
10.580625
10.783125
12.3995833333
15.0747916667
15.389375
17.629375
14.1514583333
13.8004166667
12.1404166667
11.4304166667
13.51375
16.2325
20.2645833333
19.3283333333
17.8677083333
17.9975
18.9547916667
12.64125
11.2995833333
10.7914583333
13.4520833333
12.3147916667
9.475625
10.233125
15.625625
13.868125
10.249375
11.9758333333
17.7810416667
16.6591666667
13.0516666667
15.5897916667
18.704375
13.2595833333
11.6558333333
13.0891666667
17.540625
19.4089583333
15.2852083333
12.3464583333
11.7904166667
13.1202083333
16.7016666667
19.2460416667
21.8695833333
18.8595833333
18.2789583333
20.971875
22.50875
21.5510416667
22.4520833333
23.4102083333
22.1016666667
13.859375
12.0108333333
14.51
16.47625
16.0020833333
18.3345833333
22.4872916667
20.1202083333
15.9520833333
17.7429166667
14.0825
11.57375
12.2410416667
14.0895833333
14.06375
10.7429166667
11.675625
14.85375
18.4879166667
19.0925
17.9739583333
18.965
19.7239583333
20.1720833333
18.710625
13.419375
9.92666666667
12.8439583333
12.9335416667
11.3270833333
9.316875
11.010625
8.53458333333
10.62875
10.3358333333
8.32208333333
10.3366666667
11.2652083333
10.471875
11.3525
9.09666666667
8.60666666667
9.10333333333
9.375625
11.4970833333
7.49375
6.22083333333
7.96770833333
9.798125
7.84875
6.96333333333
7.45041666667
6.22104166667
8.44541666667
11.3920833333
14.4747916667
10.8054166667
10.1616666667
11.85
7.83979166667
8.49770833333
11.9885416667
8.86229166667
5.24833333333
5.45145833333
6.63729166667
8.301875
13.6372916667
13.5735416667
14.7629166667
15.2825
14.618125
13.1210416667
11.2014583333
11.0985416667
9.69104166667
3.92083333333
3.83729166667
5.11895833333
4.89270833333
7.79875
7.04083333333
6.56520833333
6.75270833333
3.39166666667
5.02145833333
6.98291666667
5.78625
4.210625
3.27729166667
0.926666666667
0.0810416666667
1.14375
2.18583333333
1.35208333333
1.85770833333
2.97395833333
6.00541666667
5.48
5.00520833333
7.261875
5.185
6.01041666667
8.82375
4.5575
2.23833333333
3.66395833333
0.819791666667
0.785833333333
-0.9775
-0.414583333333
1.03375
2.076875
1.13583333333
0.316458333333
0.0808333333333
-3.410625
-4.39666666667
0.0297916666667
0.797916666667
1.3975
-2.48458333333
-4.53708333333
-4.84375
-4.27354166667
-2.00083333333
-1.92354166667
-2.20979166667
-1.01895833333
-0.735
-2.48958333333
-4.57979166667
-3.409375
-4.46916666667
-3.95979166667
-4.40354166667
-2.18479166667
-0.5125
1.05666666667
2.04333333333
-0.342708333333
-0.4975
0.181458333333
1.00541666667
0.0541666666667
5.811875
3.7
2.40625
