-2.85769230769
-3.85538461538
-7.24384615385
-3.49615384615
0.257692307692
0.498461538462
-0.170769230769
-1.52846153846
-2.63153846154
-5.20307692308
-8.25
-9.95076923077
-7.29461538462
-8.86384615385
-7.53846153846
-5.72153846154
-6.46923076923
-5.82
-5.89153846154
-3.98615384615
-3.46153846154
0.851538461538
0.423076923077
0.216923076923
-0.0153846153846
-2.74923076923
-4.63153846154
-6.51153846154
-2.26076923077
2.69230769231
4.75769230769
-2.41076923077
1.42769230769
0.934615384615
0.301538461538
4.45769230769
3.45769230769
3.48384615385
3.01230769231
4.8
4.72
1.52769230769
1.22461538462
1.24
0.675384615385
0.604615384615
3.18
1.14538461538
0.0230769230769
-1.16230769231
0.44
1.49692307692
1.23538461538
2.41615384615
1.67076923077
2.38461538462
2.82461538462
-2.05461538462
-2.28538461538
1.46153846154
2.71769230769
0.986153846154
-1.83461538462
-1.88153846154
-1.12923076923
2.15230769231
3.59076923077
2.81692307692
3.14615384615
2.16538461538
2.20307692308
2.43076923077
2.20846153846
2.00076923077
3.06230769231
3.97153846154
5.18153846154
2.81
-3.11
-4.39230769231
-2.26076923077
1.62153846154
2.20307692308
1.40769230769
4.53153846154
3.38923076923
7.41615384615
10.0061538462
4.37076923077
2.48923076923
5.00307692308
8.78615384615
2.66846153846
1.14076923077
0.136153846154
1.26307692308
1.83538461538
5.67384615385
1.40076923077
0.994615384615
1.46692307692
3.41692307692
5.55
7.75538461538
9.92615384615
12.2061538462
12.8038461538
13.0630769231
5.32
2.51538461538
-0.489230769231
1.13153846154
1.68230769231
3.67538461538
2.75846153846
1.40307692308
3.21923076923
4.98692307692
4.50384615385
6.04461538462
9.79230769231
10.8284615385
5.86076923077
5.92384615385
3.63615384615
4.87307692308
9.61230769231
8.14538461538
6.33615384615
5.97230769231
7.94461538462
10.9407692308
12.1130769231
10.6007692308
9.04076923077
7.21230769231
7.66384615385
10.7292307692
12.15
12.6484615385
13.12
13.69
6.78153846154
8.75923076923
7.72307692308
8.30846153846
11.5769230769
13.7538461538
12.3692307692
12.5023076923
8.00230769231
8.98769230769
8.91692307692
10.2246153846
12.3953846154
15.14
17.0669230769
17.6361538462
14.27
14.9123076923
14.7446153846
14.8776923077
13.4561538462
15.8515384615
19.5076923077
21.4715384615
13.6769230769
13.4369230769
12.3684615385
10.7946153846
12.4723076923
9.54
9.71384615385
9.37230769231
10.4692307692
10.0915384615
8.83923076923
10.1453846154
9.33307692308
8.53923076923
9.28769230769
10.4192307692
9.92692307692
10.2838461538
11.0853846154
12.4984615385
11.6369230769
13.1123076923
12.7715384615
12.8169230769
12.1961538462
11.5215384615
11.3038461538
9.62
9.26153846154
11.9884615385
12.2053846154
9.73307692308
10.15
11.7361538462
13.1323076923
13.6861538462
9.94307692308
10.7623076923
14.4946153846
17.8876923077
18.7523076923
20.2107692308
19.1453846154
18.8992307692
18.6992307692
14.3261538462
15.3115384615
17.17
21.0669230769
20.5753846154
18.0784615385
16.82
13.8253846154
16.8784615385
16.4253846154
13.1530769231
14.7592307692
17.1892307692
12.0423076923
12.1761538462
14.7353846154
18.0684615385
19.29
18.3376923077
17.8846153846
14.1707692308
15.6838461538
12.9738461538
9.16307692308
8.74769230769
8.41846153846
9.13692307692
12.6330769231
16.24
16.4607692308
17.1507692308
13.6884615385
11.5953846154
9.92692307692
10.2446153846
13.42
16.5584615385
15.6023076923
11.3430769231
13.41
15.1107692308
10.6346153846
10.5461538462
10.8438461538
13.0830769231
9.94
10.8853846154
11.5046153846
13.1376923077
12.1507692308
12.5576923077
15.8638461538
17.3984615385
16.9546153846
17.1269230769
13.7792307692
14.4476923077
11.0023076923
9.58692307692
10.9669230769
11.0776923077
11.8715384615
10.5176923077
8.52461538462
8.56923076923
6.94923076923
9.00538461538
6.29307692308
8.20230769231
8.80153846154
5.90769230769
4.14153846154
2.87846153846
4.91923076923
4.58769230769
4.20307692308
3.99230769231
4.56538461538
9.15230769231
8.92615384615
5.96923076923
3.01307692308
2.76692307692
5.43846153846
6.98846153846
7.11230769231
7.81153846154
4.73846153846
3.39
8.51307692308
11.7476923077
7.93846153846
3.48230769231
1.49307692308
-2.15538461538
-5.44153846154
-5.66307692308
-5.99076923077
-4.73769230769
-3.02692307692
-2.56538461538
-0.24
-1.71
-2.61
-1.75230769231
-0.382307692308
0.756153846154
1.07923076923
4.30461538462
8.47692307692
8.94
5.58384615385
3.34076923077
6.98
8.05307692308
8.36769230769
9.01076923077
7.99769230769
4.93846153846
0.796153846154
-2.13384615385
-1.61846153846
-2.01384615385
-3.94
-8.07153846154
-8.03230769231
-5.39769230769
-4.98
-2.80076923077
-4.72923076923
-9.84923076923
-7.58
-5.03307692308
-3.22076923077
0.464615384615
1.58615384615
2.63384615385
5.85692307692
3.73692307692
0.00538461538462
-1.58384615385
-2.00153846154
-3.32846153846
-1.44307692308
0.695384615385
0.49
5.34153846154
7.14692307692
4.63230769231
-0.107692307692
-1.94692307692
-3.74538461538
-0.760769230769
0.985384615385
0.402307692308
-1.02615384615
0.819230769231
3.24076923077
-0.766923076923
-2.53846153846
-3.94538461538
-8.12384615385
-8.56384615385
-3.65538461538
-1.72923076923
-5.27846153846
-4.74307692308
-4.26461538462
-4.00615384615
-2.25
-3.78769230769
0.189230769231
-1.73615384615
-0.802307692308
-3.39153846154
-5.93307692308
-7.10692307692
-4.54692307692
-3.19
-1.43923076923
-2.83307692308
-3.21846153846
-1.61384615385
-4.21615384615
-3.18384615385
-1.89230769231
-1.59230769231
-0.252307692308
0.518461538462
-0.201538461538
-1.83461538462
0.88
4.43076923077
3.86076923077
3.43153846154
-0.21
-3.85461538462
-5.47076923077
-6.27230769231
-7.01846153846
-5.89615384615
-3.73153846154
-2.54461538462
-4.15923076923
-5.50461538462
-6.29923076923
-6.03
-6.20846153846
-5.75538461538
-3.39230769231
-1.93615384615
-2.03538461538
-2.17846153846
-1.33769230769
0.866923076923
1.84384615385
1.62461538462
-2.23538461538
-2.27307692308
1.41615384615
7.02538461538
8.14769230769
9.37
9.73384615385
11.1707692308
7.67769230769
6.03692307692
3.62692307692
2.28076923077
1.92384615385
-0.193076923077
-0.559230769231
2.51769230769
4.87615384615
9.06615384615
7.98769230769
5.9
8.42384615385
12.3446153846
7.64076923077
6.28461538462
8.67
9.06384615385
10.8492307692
11.8284615385
12.9592307692
11.9553846154
11.9569230769
5.07846153846
3.25
5.64692307692
11.2423076923
9.62
9.48769230769
11.3753846154
12.4738461538
13.9207692308
12.4753846154
10.2107692308
10.7530769231
4.68692307692
0.173076923077
-0.0215384615385
1.10615384615
2.23153846154
3.13846153846
1.58384615385
-0.893076923077
2.22615384615
7.14769230769
11.0376923077
3.27307692308
2.53692307692
4.03923076923
7.18384615385
3.37076923077
2.38769230769
2.69307692308
3.20461538462
4.24923076923
6.23769230769
11.9753846154
12.9723076923
15.6846153846
17.9330769231
15.1130769231
13.9069230769
14.2315384615
11.6976923077
12.4553846154
13.2076923077
8.99923076923
11.3715384615
16.1446153846
18.7607692308
19.4592307692
12.8784615385
12.3261538462
9.85307692308
9.38692307692
10.5915384615
8.43307692308
9.67461538462
11.8030769231
14.6692307692
18.3915384615
19.0338461538
21.5215384615
14.8
10.7661538462
13.7130769231
15.6676923077
15.9553846154
17.4330769231
15.6076923077
12.9923076923
16.1761538462
12.6469230769
11.7761538462
17.8415384615
19.7076923077
11.0384615385
8.32615384615
7.08769230769
6.61076923077
8.58692307692
8.79230769231
10.5492307692
13.0753846154
13.3015384615
14.4730769231
13.7853846154
15.4469230769
19.4330769231
8.81307692308
9.94538461538
13.1715384615
15.7123076923
12.8553846154
12.2038461538
14.7307692308
16.63
17.92
20.1907692308
21.0561538462
21.3392307692
19.0461538462
16.4169230769
14.6969230769
14.9146153846
12.8838461538
15.2607692308
13.4230769231
9.89538461538
9.57615384615
11.7723076923
12.7446153846
14.1630769231
13.2392307692
11.9176923077
10.1984615385
10.8653846154
12.9053846154
13.6353846154
16.4984615385
14.1261538462
15.6738461538
17.7423076923
18.3230769231
18.7969230769
20.6907692308
21.2392307692
21.9246153846
19.55
17.2438461538
17.0123076923
14.0176923077
13.8738461538
15.2984615385
16.9292307692
18.5123076923
19.17
14.6538461538
10.2715384615
12.3107692308
12.4492307692
11.0623076923
10.6561538462
9.79538461538
10.35
12.1938461538
11.9138461538
12.4507692308
12.3115384615
11.6253846154
11.4938461538
11.6153846154
12.6876923077
12.4392307692
12.4192307692
11.02
11.8153846154
12.4115384615
13.6569230769
15.3661538462
16.2876923077
15.0238461538
15.1461538462
15.7307692308
15.2161538462
10.8946153846
9.55692307692
11.0061538462
13.2015384615
12.2092307692
14.5607692308
11.2407692308
16.1892307692
16.0692307692
16.5976923077
10.5084615385
9.95846153846
10.6553846154
13.8607692308
9.31846153846
8.90384615385
9.40846153846
9.52615384615
11.0607692308
10.9669230769
8.38076923077
8.30615384615
9.67538461538
14.4423076923
10.1253846154
9.18769230769
11.5753846154
6.24384615385
4.56538461538
3.31846153846
3.01153846154
3.74230769231
3.54692307692
2.36846153846
5.93384615385
9.88384615385
6.71076923077
6.98384615385
3.35923076923
1.99923076923
2.27615384615
0.722307692308
2.49692307692
4.50461538462
3.44307692308
4.23230769231
5.99846153846
5.50692307692
8.68846153846
9.36384615385
10.1592307692
8.66846153846
8.84230769231
3.49076923077
3.21230769231
-1.11923076923
-1.62538461538
-2.23307692308
-1.89923076923
-2.21307692308
1.28846153846
2.87923076923
1.49461538462
-2.38692307692
-2.71
-0.210769230769
5.48692307692
6.58
10.0469230769
8.56384615385
9.60384615385
8.44923076923
0.157692307692
-1.15230769231
0.679230769231
2.08076923077
0.0715384615385
0.680769230769
-0.0723076923077
-1.34230769231
-2.11153846154
-2.89076923077
0.120769230769
-1.26076923077
-0.757692307692
-0.0553846153846
0.992307692308
-2.46230769231
-3.47923076923
-1.96461538462
-5.89153846154
-10.1192307692
-1.55692307692
-4.54230769231
-9.69153846154
-10.5023076923
-6.93076923077
-10.5053846154
-7.81846153846
-6.74153846154
-1.66769230769
-2.43230769231
-2.50538461538
-2.11769230769
-3.21
-7.04846153846
-3.22461538462
0.838461538462
2.15307692308
4.35230769231
3.27846153846
2.33692307692
5.63153846154
5.97923076923
5.68461538462
-7.03076923077
-11.0092307692
-10.6715384615
-10.9661538462
-13.4692307692
-7.64769230769
-9.19384615385
-10.03
-10.21
-3.15615384615
-1.28538461538
-3.14076923077
-2.00615384615
-0.887692307692
-1.45461538462
-2.31230769231
-1.65153846154
-1.02769230769
-2.36923076923
-2.80076923077
-0.281538461538
-0.314615384615
-2.61846153846
0.875384615385
4.01538461538
-0.161538461538
-2.88923076923
-4.26
-4.19538461538
-2.43692307692
-0.921538461538
1.24461538462
1.88846153846
1.77615384615
1.70461538462
3.18230769231
3.86307692308
3.02
2.4
0.846923076923
0.522307692308
-1.88461538462
-0.415384615385
-1.92076923077
-5.36769230769
-3.52076923077
-2.99307692308
-2.09461538462
-4.71307692308
-5.44076923077
-4.81461538462
-4.06307692308
-2.19461538462
1.00769230769
4.65384615385
1.40769230769
5.03615384615
2.70615384615
-0.714615384615
-1.08153846154
-0.0776923076923
1.41076923077
0.523076923077
3.00538461538
0.03
1.38076923077
-0.393846153846
1.83
4.16923076923
2.71923076923
1.18384615385
1.39461538462
-0.0476923076923
0.609230769231
1.64384615385
2.70307692308
2.08153846154
3.12153846154
5.21923076923
7.13923076923
8.54769230769
7.17769230769
5.34615384615
2.66076923077
1.19769230769
7.19923076923
9.08153846154
5.26538461538
6.72230769231
9.46615384615
10.6884615385
7.88076923077
2.23230769231
-0.253846153846
0.254615384615
-0.467692307692
-0.926153846154
-0.318461538462
1.62615384615
5.00153846154
7.79923076923
5.49384615385
4.73692307692
6.21230769231
6.25384615385
7.30846153846
6.61307692308
6.03461538462
4.11230769231
6.00384615385
5.88692307692
6.74923076923
5.51307692308
2.83923076923
2.32615384615
2.93692307692
2.49076923077
8.09230769231
8.41461538462
5.72076923077
7.40692307692
3.70692307692
7.55384615385
8.64615384615
7.10769230769
6.16538461538
9.69230769231
12.0961538462
13.8753846154
15.7176923077
17.5315384615
14.5184615385
14.69
13.2661538462
15.0369230769
13.7946153846
12.6515384615
10.27
8.94153846154
11.6261538462
15.7261538462
18.7146153846
10.5761538462
11.8415384615
14.6392307692
18.0453846154
20.7161538462
22.1669230769
22.3969230769
22.8530769231
22.2723076923
20.0846153846
18.9861538462
17.61
15.1784615385
15.9484615385
14.2930769231
11.22
8.72153846154
8.22153846154
8.21307692308
9.32769230769
10.9830769231
12.2330769231
11.0661538462
12.1915384615
14.3353846154
16.8830769231
13.9561538462
13.1823076923
17.2476923077
14.7623076923
12.6638461538
11.93
11.1038461538
11.9323076923
13.6692307692
18.1884615385
18.3861538462
12.5576923077
13.6146153846
14.8823076923
14.8530769231
17.5338461538
20.0923076923
20.33
20.9376923077
20.9846153846
21.1423076923
21.4884615385
21.1761538462
19.9730769231
17.4061538462
16.9038461538
16.0523076923
20.1284615385
20.0469230769
16.7653846154
16.1946153846
17.1861538462
16.5230769231
12.9661538462
12.9384615385
14.6523076923
18.8
20.8607692308
20.0546153846
20.05
21.3169230769
20.9515384615
17.5007692308
17.5838461538
17.0853846154
17.2092307692
17.06
16.8507692308
15.3792307692
16.2938461538
20.0707692308
16.9438461538
14.2661538462
17.3815384615
17.3130769231
14.7776923077
16.7623076923
13.7130769231
10.6284615385
11.1415384615
12.4769230769
13.8723076923
13.0369230769
13.2776923077
16.9007692308
13.14
13.6961538462
13.6184615385
14.6253846154
13.2353846154
11.92
10.7869230769
11.8930769231
15.7930769231
19.6692307692
16.9084615385
13.9238461538
14.0507692308
14.9969230769
16.52
17.6376923077
17.2261538462
16.4376923077
16.7423076923
18.2546153846
18.9692307692
18.7584615385
17.5961538462
16.9069230769
17.5830769231
17.1246153846
9.90846153846
8.41538461538
11.0484615385
13.7861538462
14.0476923077
11.2815384615
12.3484615385
13.2107692308
12.5884615385
11.4038461538
13.0884615385
11.7330769231
9.12769230769
8.90384615385
9.72461538462
6.62692307692
7.83076923077
7.59461538462
7.70384615385
8.05692307692
7.55769230769
8.47692307692
7.86923076923
6.65153846154
5.14538461538
6.90538461538
8.93307692308
8.39384615385
8.26076923077
8.75076923077
8.33769230769
10.4046153846
6.13153846154
4.02307692308
6.32153846154
9.29230769231
9.06307692308
6.03
6.71846153846
5.77615384615
8.60538461538
8.85615384615
8.91769230769
7.06
4.18846153846
0.396153846154
2.85307692308
8.89153846154
10.0592307692
8.07307692308
7.41076923077
6.37153846154
4.37538461538
1.46846153846
0.278461538462
-0.157692307692
1.42153846154
6.37461538462
5.09461538462
4.22846153846
3.76307692308
6.21076923077
8.66384615385
6.15692307692
4.77307692308
3.89
3.15538461538
1.13538461538
0.317692307692
-1.27846153846
-0.960769230769
0.652307692308
0.55
-0.541538461538
0.446923076923
1.63615384615
3.25076923077
6.53538461538
4.63923076923
4.66
0.960769230769
-0.595384615385
-0.587692307692
-2.77846153846
3.27615384615
3.39692307692
-0.371538461538
-1.39769230769
-2.01
2.24769230769
1.31
0.594615384615
-1.55615384615
-3.30230769231
-0.702307692308
0.900769230769
3.47769230769
0.515384615385
-0.280769230769
-0.831538461538
-1.91692307692
-2.83230769231
-1.35384615385
3.59615384615
5.24923076923
7.23307692308
7.44307692308
2.37076923077
0.965384615385
1.25230769231
3.83230769231
4.8
0.240769230769
0.744615384615
-1.33153846154
1.45153846154
3.49307692308
4.00538461538
0.535384615385
-1.62538461538
-1.59923076923
0.454615384615
1.17384615385
-0.376153846154
-0.63
0.233076923077
4.52538461538
6.99461538462
5.67615384615
4.69307692308
0.611538461538
-0.731538461538
2.90538461538
-1.17153846154
-2.25615384615
-3.21692307692
-2.44153846154
-0.944615384615
-1.88461538462
-5.23846153846
-4.17076923077
-5.78615384615
-5.39538461538
-4.62076923077
-6.43230769231
-7.26846153846
-6.92769230769
-7.94230769231
-5.46461538462
-4.11923076923
-3.64769230769
-1.95076923077
-6.75
-8.29769230769
-5.43307692308
-2.96692307692
0.191538461538
3.86692307692
3.33384615385
1.28307692308
-0.357692307692
0.281538461538
-0.316153846154
1.1
2.32076923077
3.75307692308
4.96076923077
3.48846153846
4.59615384615
2.86538461538
1.49
-0.503076923077
2.15615384615
6.47076923077
6.12769230769
3.7
5.49
7.81076923077
7.36769230769
6.66307692308
6.12076923077
0.313076923077
3.22230769231
4.06846153846
0.736153846154
-0.97
0.154615384615
-1.59923076923
0.186153846154
2.00615384615
4.02615384615
5.86846153846
2.58384615385
1.62230769231
1.48384615385
1.84
2.31538461538
2.05153846154
4.90076923077
4.20615384615
7.67615384615
7.59461538462
2.28692307692
1.15615384615
2.20692307692
4.48307692308
8.05230769231
12.2261538462
13.3346153846
10.1307692308
9.79
13.4469230769
7.95307692308
11.1784615385
7.54538461538
11.47
12.6076923077
8.85153846154
9.72846153846
8.53615384615
11.0153846154
9.35923076923
6.70846153846
6.06538461538
6.05076923077
8.01846153846
10.5276923077
9.97230769231
8.55923076923
8.20461538462
6.21
7.45769230769
8.87076923077
7.56923076923
11.3530769231
12.8546153846
13.2138461538
12.2138461538
9.94461538462
8.20692307692
13.5692307692
12.4623076923
8.52846153846
7.73923076923
7.63307692308
7.86153846154
7.77615384615
6.09076923077
6.87769230769
7.55692307692
8.93923076923
14.6515384615
17.2761538462
13.6092307692
15.2353846154
18.8707692308
14.5669230769
10.7161538462
13.8007692308
17.9615384615
16.7661538462
14.3176923077
14.6161538462
17.3607692308
15.5630769231
13.0784615385
9.32461538462
8.12846153846
7.71461538462
11.1515384615
15.3076923077
17.17
17.9815384615
19.5930769231
19.4946153846
19.95
18.2
17.5507692308
13.3715384615
10.9446153846
12.0884615385
14.1230769231
11.7861538462
14.2684615385
17.4830769231
18.5430769231
19.9892307692
20.4753846154
19.9923076923
20.8407692308
21.7661538462
22.5515384615
23.2953846154
22.1884615385
17.4669230769
14.1638461538
18.9738461538
20.1553846154
22.9330769231
18.9276923077
16.3907692308
12.1946153846
12.2492307692
18.7553846154
21.6623076923
17.8876923077
20.3938461538
24.7953846154
24.0276923077
19.5584615385
17.4776923077
19.3784615385
24.1592307692
19.73
14.1153846154
11.9723076923
11.0469230769
11.11
12.1215384615
14.8107692308
18.1846153846
19.0584615385
18.1746153846
17.6207692308
17.6215384615
11.8415384615
11.4523076923
16.3569230769
17.3646153846
17.5238461538
19.2784615385
21.1438461538
21.64
20.16
18.4230769231
18.9561538462
19.6707692308
19.9076923077
19.3184615385
19.0923076923
15.8130769231
15.6461538462
16.7369230769
18.51
17.4530769231
16.4107692308
12.1653846154
12.7292307692
14.17
11.5184615385
8.48615384615
11.5330769231
13.8030769231
12.5530769231
10.4761538462
8.90923076923
8.71461538462
11.9230769231
14.3269230769
10.4084615385
9.83923076923
11.8038461538
13.4361538462
9.92076923077
11.4361538462
10.3476923077
10.8746153846
16.2576923077
9.29076923077
10.76
15.6653846154
15.9569230769
14.62
10.4684615385
8.55384615385
11.5715384615
15.0707692308
16.97
14.0623076923
10.2692307692
9.84538461538
8.54538461538
8.22615384615
10.2576923077
6.71538461538
6.75538461538
10.4761538462
9.81923076923
9.38076923077
7.12615384615
5.55230769231
6.99230769231
8.11461538462
4.90769230769
3.39923076923
2.10538461538
3.4
4.44615384615
3.72
6.13153846154
7.79692307692
4.84846153846
1.76153846154
1.45538461538
3.80384615385
5.34846153846
7.37230769231
5.14
7.94307692308
8.23846153846
7.13307692308
6.42538461538
7.69307692308
7.77230769231
6.35846153846
1.92461538462
-1.15153846154
-3.39230769231
-5.90615384615
-5.04230769231
-1.23153846154
0.342307692308
-1.27538461538
0.496153846154
-1.15153846154
-1.2
-2.82153846154
-2.78769230769
-2.61538461538
5.32384615385
9.72461538462
7.63461538462
4.04384615385
2.43
-2.50153846154
-5.33230769231
-6.48923076923
-4.09153846154
-1.82538461538
-1.05307692308
-1.50615384615
-3.51692307692
-2.32
-0.453076923077
-2.30692307692
-6.07230769231
-7.89769230769
-6.23692307692
-5.70230769231
-6.33153846154
-6.59923076923
-1.14
0.751538461538
2.26615384615
2.84538461538
2.86384615385
2.95
5.47
7.42230769231
7.95384615385
3.48615384615
1.99230769231
5.05615384615
4.50538461538
2.34384615385
0.924615384615
0.872307692308
2.28384615385
1.61384615385
-0.504615384615
-1.68461538462
-0.0561538461538
0.0361538461538
-0.942307692308
-2.24
-2.50692307692
-0.306923076923
0.641538461538
1.26538461538
2.94
-1.06076923077
0.451538461538
1.34461538462
-1.74538461538
-2.16846153846
-3.07307692308
-5.70153846154
-5.59230769231
-0.955384615385
-1.14230769231
-4.12538461538
-4.68923076923
-0.659230769231
0.510769230769
0.948461538462
1.24
0.0615384615385
0.107692307692
2.11153846154
1.10923076923
1.92615384615
2.25384615385
1.55461538462
0.126153846154
-0.717692307692
-1.46538461538
-1.84230769231
0.365384615385
-3.59153846154
-3.89076923077
-2.80615384615
-4.24538461538
-6.5
-6.21461538462
-7.06
-5.16846153846
-3.56538461538
-0.368461538462
-1.27692307692
-1.32692307692
-1.78153846154
-2.56846153846
0.545384615385
-0.433846153846
-1.38384615385
-0.583846153846
-1.07384615385
-1.48230769231
-1.58692307692
-2.26307692308
-0.770769230769
2.84538461538
1.19153846154
-1.68846153846
-3.84846153846
-4.01846153846
-2.24230769231
-1.72230769231
-0.302307692308
0.736153846154
2.06615384615
0.239230769231
0.419230769231
-0.724615384615
-1.76615384615
-1.46538461538
1.08307692308
1.5
2.19230769231
3.71846153846
2.62076923077
3.2
4.06923076923
6.43
3.29923076923
1.04307692308
1.05769230769
0.178461538462
-1.86384615385
-1.49769230769
-0.532307692308
0.558461538462
0.881538461538
2.23076923077
3.08384615385
2.35615384615
3.21461538462
5.08769230769
2.47153846154
4.63615384615
8.35846153846
11.6023076923
3.02076923077
2.44307692308
3.96538461538
5.61230769231
9.13769230769
11.7776923077
14.1169230769
10.8838461538
9.87
9.85
10.5561538462
5.24384615385
2.60230769231
5.13692307692
5.94461538462
5.51307692308
10.1346153846
9.51461538462
12.37
13.5823076923
12.1069230769
3.69307692308
3.46461538462
4.64384615385
4.98461538462
5.39769230769
3.75230769231
5.85538461538
7.50923076923
9.25769230769
11.8207692308
10.2084615385
12.45
13.4838461538
12.3276923077
9.03384615385
8.44076923077
9.95384615385
7.34076923077
9.4
10.6723076923
9.29230769231
6.78538461538
7.79923076923
6.84692307692
9.45846153846
12.6753846154
13.3430769231
18.2507692308
9.62923076923
11.6869230769
8.25769230769
9.43769230769
10.7692307692
8.72615384615
12.4346153846
10.1969230769
12.1915384615
14.86
12.2515384615
9.27153846154
9.62461538462
11.3861538462
14.6084615385
16.6430769231
20.0523076923
17.0361538462
14.5792307692
10.0615384615
8.36307692308
9.15307692308
9.50461538462
14.8507692308
10.2307692308
8.03769230769
8.56
11.7315384615
11.1238461538
8.15923076923
8.97615384615
9.42307692308
10.5523076923
14.1476923077
16.5207692308
21.3084615385
23.63
24.2146153846
16.1723076923
14.0984615385
13.2361538462
11.9769230769
10.6984615385
10.0823076923
11.1592307692
11.8676923077
11.5923076923
12.0307692308
12.7907692308
12.6469230769
14.6861538462
15.5746153846
12.31
12.4023076923
12.9553846154
17.4161538462
20.79
22.2169230769
14.1030769231
16.6246153846
20.1715384615
16.5530769231
14.9153846154
12.5292307692
14.1646153846
15.2015384615
14.3307692308
14.0192307692
13.1892307692
14.2392307692
14.7261538462
15.6553846154
14.5184615385
14.5123076923
14.9307692308
15.0707692308
16.6161538462
17.0246153846
17.6069230769
17.8423076923
18.4869230769
18.0446153846
15.7438461538
15.1376923077
15.3938461538
15.68
15.7015384615
15.4669230769
15.9784615385
16.6338461538
15.7684615385
16.96
14.6161538462
8.37923076923
7.47692307692
6.81230769231
7.94538461538
9.39692307692
8.87538461538
9.06461538462
10.6015384615
11.8846153846
13.63
12.8861538462
11.1330769231
10.4446153846
11.1738461538
10.7438461538
11.0515384615
10.0861538462
7.51461538462
7.13384615385
6.32692307692
7.01538461538
7.29307692308
8.12923076923
9.14538461538
12.1107692308
12.5323076923
13.3953846154
8.39769230769
8.55538461538
8.39230769231
9.52615384615
8.28307692308
7.26923076923
8.74
12.1707692308
12.2446153846
11.0753846154
9.12153846154
8.51076923077
8.90461538462
9.39461538462
7.50230769231
8.53538461538
11.6530769231
11.7823076923
7.76923076923
5.37538461538
6.89076923077
9.85923076923
7.78846153846
11.4638461538
7.06076923077
4.57
4.71
8.31846153846
9.01307692308
6.53538461538
7.79923076923
4.94461538462
4.53461538462
4.01615384615
4.56538461538
5.42538461538
6.15769230769
8.32230769231
6.28384615385
7.46461538462
7.55076923077
4.80538461538
4.11538461538
1.18923076923
-0.138461538462
-0.202307692308
1.05307692308
2.62615384615
0.896153846154
2.06076923077
3.71692307692
8.10461538462
8.72615384615
6.61538461538
6.73230769231
3.87846153846
1.71
2.95615384615
4.31
2.34769230769
0.916923076923
-1.00769230769
0.822307692308
0.41
0.431538461538
1.93538461538
1.16692307692
2.62923076923
2.12384615385
2.03230769231
2.95769230769
2.22153846154
0.123076923077
0.395384615385
0.693076923077
0.883076923077
1.40615384615
1.04307692308
-0.286153846154
3.29384615385
1.95230769231
-0.498461538462
0.461538461538
-0.85
-1.02461538462
-1.17384615385
-1.25692307692
-3.43230769231
-3.75538461538
-4.10538461538
-5.88461538462
-2.12692307692
-7.27538461538
-7.83
-12.0207692308
-11.4423076923
-13.48
-14.0338461538
-13.5646153846
-11.8207692308
-10.7323076923
-11.2715384615
-9.61615384615
-13.0807692308
-13.7653846154
-9.59461538462
-7.35615384615
-8.33615384615
-7.91846153846
-5.76384615385
-4.37846153846
0.887692307692
4.37461538462
-0.965384615385
-2.58692307692
-1.21769230769
1.91615384615
-5.07769230769
-5.00923076923
0.0892307692308
2.23923076923
2.75615384615
5.65923076923
4.39384615385
-1.80384615385
-1.82461538462
-0.416153846154
-0.323846153846
-4.52846153846
-6.15153846154
-8.47769230769
-11.8623076923
-13.6930769231
-13.0738461538
-10.7807692308
-9.33076923077
-10.8530769231
-6.55230769231
-7.35538461538
-10.9746153846
-10.96
-7.79230769231
-3.11923076923
-4.19153846154
-2.81230769231
2.02615384615
3.82692307692
2.83
3.09
2.01461538462
2.44538461538
2.49
2.69846153846
3.55692307692
3.94461538462
2.70307692308
2.05615384615
2.75230769231
0.67
-1.28076923077
-0.843076923077
0.129230769231
0.881538461538
-1.40692307692
-1.67384615385
-0.688461538462
-1.85307692308
-3.81769230769
-1.94615384615
-0.981538461538
0.879230769231
3.48307692308
2.56230769231
2.2
4.84615384615
4.90769230769
2.13307692308
-0.546923076923
1.24692307692
6.54076923077
6.50538461538
8.17230769231
8.88692307692
10.1361538462
13.7992307692
13.49
8.45846153846
7.82230769231
7.69923076923
6.17846153846
5.65769230769
4.95769230769
2.87384615385
3.51769230769
3.34615384615
3.34230769231
3.81538461538
5.89307692308
7.81538461538
9.73923076923
9.55846153846
12.3076923077
11.0246153846
2.73538461538
2.22384615385
0.57
0.01
0.329230769231
0.523076923077
1.40769230769
4.12
5.28461538462
2.51153846154
2.34
4.74615384615
7.88153846154
11.9361538462
15.0692307692
9.81615384615
9.80230769231
9.70307692308
11.8407692308
13.9153846154
17.1492307692
12.8738461538
10.7346153846
14.9407692308
13.4546153846
14.8338461538
14.9146153846
14.5984615385
12.2161538462
8.97076923077
8.98153846154
11.3607692308
16.1623076923
19.2038461538
19.2007692308
14.5607692308
10.5807692308
12.7761538462
15.0553846154
15.0292307692
15.5853846154
17.0861538462
18.1215384615
17.2530769231
16.2415384615
13.6707692308
6.63153846154
7.76230769231
7.20153846154
8.26538461538
8.59769230769
7.81076923077
9.71538461538
7.86461538462
8.33307692308
7.73230769231
10.5238461538
13.8769230769
9.94692307692
11.7
12.4292307692
10.9223076923
12.0776923077
9.85692307692
9.67615384615
9.80076923077
10.0153846154
11.6007692308
14.0038461538
13.4376923077
12.9615384615
16.0246153846
18.1284615385
19.1161538462
16.4107692308
12.7023076923
11.3546153846
11.4653846154
12.2761538462
13.5061538462
15.48
18.4969230769
22.1623076923
16.6246153846
16.7169230769
15.7753846154
18.9207692308
15.4815384615
14.0907692308
10.7492307692
13.6607692308
13.6815384615
16.4407692308
19.3192307692
18.4776923077
15.2138461538
17.6253846154
15.1876923077
14.6038461538
12.7484615385
13.3553846154
13.8161538462
13.8184615385
12.3007692308
14.3638461538
10.8423076923
10.2107692308
12.3453846154
16.3592307692
13.2946153846
15.1369230769
15.2
18.8323076923
22.6230769231
18.6130769231
16.0038461538
11.6815384615
11.0638461538
14.7415384615
13.2223076923
14.9407692308
16.6492307692
13.5369230769
16.0161538462
11.6053846154
11.6223076923
11.0061538462
12.7561538462
14.7053846154
15.7938461538
17.64
14.0823076923
11.9623076923
11.7346153846
11.0438461538
11.6230769231
7.07153846154
7.76461538462
8.19384615385
7.68538461538
9.88153846154
12.8053846154
12.8861538462
14.6169230769
11.9430769231
9.24692307692
9.25230769231
13.1084615385
14.4815384615
17.2823076923
15.5107692308
17.6292307692
16.4938461538
14.9392307692
12.4538461538
11.8130769231
11.0530769231
12.4
11.9353846154
11.0107692308
12.1146153846
14.2923076923
14.7823076923
17.8553846154
17.5346153846
13.9023076923
11.6123076923
12.0361538462
8.05846153846
8.15923076923
9.65384615385
12.1207692308
7.16615384615
5.79461538462
8.98230769231
8.62153846154
7.42846153846
8.29230769231
7.26846153846
5.37538461538
4.84692307692
5.09615384615
3.83153846154
4.87615384615
3.96461538462
4.62153846154
4.17538461538
3.09230769231
0.817692307692
2.34384615385
-1.11153846154
0.307692307692
2.50461538462
1.37769230769
-0.455384615385
2.65153846154
7.62461538462
1.02
4.05384615385
6.13692307692
10.7230769231
3.72307692308
-1.14769230769
-2.28923076923
-1.93846153846
-1.44615384615
-2.71307692308
-3.31153846154
-4.24
-6.07076923077
-6.42076923077
-5.54769230769
-4.91769230769
-4.93846153846
-5.28153846154
-2.66384615385
-4.37384615385
-6.06923076923
-4.07153846154
-3.02923076923
-4.54769230769
-0.41
3.15230769231
5.34461538462
7.68076923077
8.63153846154
8.78769230769
4.05461538462
5.83307692308
5.14
5.24230769231
1.54923076923
-0.143076923077
-1.82076923077
-1.85
1.00307692308
5.61923076923
6.33307692308
4.93153846154
3.60461538462
1.82307692308
3.24538461538
2.07923076923
3.66307692308
1.97461538462
2.05307692308
4.82307692308
4.61153846154
0.131538461538
-3.37307692308
-5.49
-6.97384615385
-9.67615384615
-7.81153846154
-0.0469230769231
1.84846153846
-3.59615384615
-2.30769230769
-0.632307692308
-4.36
-5.22153846154
-6.50846153846
-3.58923076923
1.23076923077
0.334615384615
2.97076923077
1.48692307692
-0.192307692308
-1.36
-4.88769230769
-0.254615384615
5.87384615385
1.42
1.91461538462
1.96461538462
3.10307692308
-0.836923076923
-1.78230769231
-5.07076923077
-5.71692307692
-3.65923076923
-3.28076923077
-1.32384615385
-0.641538461538
1.33615384615
-1.20846153846
-3.27692307692
-5.72846153846
-6.59538461538
-7.94461538462
-10.7061538462
-12.5115384615
-15.0638461538
-5.91076923077
-6.44076923077
-7.47923076923
-8.05615384615
-6.70923076923
-5.69692307692
-5.10076923077
-7.25538461538
-7.77076923077
-8.92307692308
-10.0084615385
-12.1815384615
-11.5846153846
-11.0892307692
-10.96
-10.5346153846
-11.2761538462
-9.47692307692
-6.97384615385
-4.34692307692
-5.49153846154
-3.27153846154
-3.05769230769
2.13923076923
3.16769230769
0.196153846154
0.263846153846
-0.953846153846
0.00461538461538
1.10461538462
0.436923076923
0.83
1.58615384615
3.64461538462
3.90846153846
4.70307692308
4.57461538462
3.84
3.86153846154
1.01384615385
2.78923076923
1.86923076923
2.24
1.27692307692
1.44076923077
5.89769230769
5.79076923077
3.16923076923
1.23846153846
4.51230769231
3.45923076923
3.46384615385
2.17307692308
-0.0469230769231
-0.23
1.69307692308
7.12538461538
6.83461538462
3.20615384615
-2.16384615385
-5.46307692308
-4.92307692308
-2.20153846154
1.40923076923
7.44538461538
6.38230769231
4.90846153846
3.90538461538
2.38307692308
3.30692307692
6.89538461538
4.54692307692
6.66846153846
7.86230769231
9.31615384615
9.39538461538
9.48538461538
11.1315384615
13.45
8.76
12.2938461538
15.6
17.5676923077
13.6753846154
15.6707692308
14.7723076923
10.7953846154
8.25615384615
9.44230769231
10.8430769231
11.71
12.6353846154
14.2430769231
10.8038461538
8.18461538462
10.1707692308
14.2553846154
16.3492307692
14.9553846154
16.5130769231
16.1192307692
13.0184615385
16.6776923077
10.0330769231
12.5876923077
16.8038461538
16.7723076923
9.11384615385
7.49769230769
6.58384615385
8.09230769231
9.33461538462
8.15769230769
11.3076923077
6.48307692308
6.55846153846
6.05307692308
6.28461538462
8.89384615385
13.5461538462
16.3769230769
9.15769230769
10.7469230769
12.3561538462
16.3892307692
19.5307692308
21.7069230769
20.4592307692
17.1130769231
18.8569230769
20.3776923077
17.1784615385
17.6446153846
18.2038461538
14.6692307692
16.9853846154
18.6776923077
20.3807692308
20.26
17.5338461538
17.6423076923
19.5246153846
21.3876923077
21.7246153846
19.3669230769
19.6692307692
14.9476923077
11.8746153846
11.0553846154
11.2238461538
10.8853846154
10.9553846154
10.9084615385
10.6569230769
12.61
15.9453846154
18.8784615385
19.92
12.78
12.3984615385
13.5661538462
15.4207692308
17.3930769231
14.4930769231
10.0546153846
11.5792307692
14.9615384615
16.5638461538
19.2353846154
19.8507692308
16.8869230769
19.8215384615
15.9569230769
20.6638461538
24.5261538462
20.6369230769
15.1323076923
17.2615384615
18.4846153846
14.5707692308
16.9784615385
18.9023076923
19.3684615385
16.1692307692
16.6315384615
17.2184615385
18.0615384615
16.7446153846
16.0707692308
13.3038461538
11.9484615385
9.48384615385
11.4007692308
13.5584615385
11.0069230769
9.86846153846
10.6861538462
13.3815384615
10.2953846154
9.95384615385
8.78769230769
8.66769230769
9.07846153846
8.62153846154
11.1469230769
9.95615384615
7.99538461538
9.70846153846
11.5384615385
9.69153846154
9.21230769231
7.74538461538
7.73923076923
9.46923076923
9.50692307692
10.3761538462
15.3638461538
14.6138461538
7.44384615385
7.42
6.03461538462
7.19846153846
9.66307692308
10.5823076923
11.0607692308
11.4676923077
10.3130769231
6.99615384615
8.57923076923
9.40153846154
10.2261538462
12.1861538462
12.0784615385
12.9792307692
12.4784615385
10.0646153846
8.98692307692
11.4015384615
12.38
11.05
10.7261538462
9.73538461538
9.24153846154
10.3076923077
10.2176923077
10.4892307692
14.1907692308
12.2946153846
12.8323076923
10.1184615385
7.94384615385
6.50538461538
6.53307692308
5.36538461538
10.1461538462
3.13923076923
3.06307692308
5.64538461538
5.07384615385
3.23384615385
5.62076923077
4.54769230769
2.34923076923
4.76230769231
8.64692307692
2.65
2.17
2.72076923077
3.40076923077
4.24307692308
2.15846153846
3.07230769231
1.51769230769
5.88846153846
7.60461538462
7.05076923077
6.22923076923
6.32615384615
8.19076923077
9.65307692308
8.74769230769
5.67923076923
6.69076923077
3.94769230769
2.16230769231
4.95846153846
2.67846153846
4.26461538462
7.45692307692
6.07538461538
2.05076923077
0.220769230769
-0.426153846154
-1.09538461538
-1.26769230769
2.32923076923
3.61615384615
3.46615384615
4.17384615385
3.67384615385
3.40076923077
5.57461538462
3.65307692308
2.06538461538
0.0276923076923
-1.58461538462
-0.925384615385
1.23615384615
-0.0776923076923
0.848461538462
1.16
3.55076923077
-0.260769230769
-0.835384615385
-1.02538461538
-5.75230769231
-5.29615384615
-6.45923076923
-6.86615384615
-2.17461538462
-0.86
0.854615384615
4.98692307692
4.90923076923
4.34846153846
4.40923076923
0.239230769231
-5.47230769231
-3.62384615385
-0.0153846153846
-1.72538461538
-8.12384615385
-7.84923076923
-4.85307692308
-10.8746153846
-16.7930769231
-15.3753846154
-15.9946153846
-14.8215384615
-14.9984615385
-11.7184615385
-8.46461538462
-8.77615384615
-5.11384615385
-6.55153846154
-5.81846153846
-3.25153846154
-0.781538461538
-0.461538461538
-1.39230769231
-2.50307692308
-6.93615384615
-3.97230769231
-9.99769230769
-14.7030769231
-10.1807692308
-7.94538461538
-7.46769230769
-4.54692307692
-0.0692307692308
0.811538461538
1.04615384615
0.155384615385
1.19076923077
4.22769230769
2.22769230769
1.19384615385
1.93230769231
-0.0692307692308
-0.275384615385
-0.996153846154
-2.94
-3.55692307692
-4.23615384615
-4.48076923077
-3.43461538462
-3.09538461538
-1.27846153846
-4.90615384615
-7.11538461538
-5.78384615385
-2.01
2.88230769231
4.60846153846
2.81
-1.89384615385
-11.9623076923
-10.2184615385
-7.92692307692
-7.81923076923
-9.46
-7.23692307692
-6.32461538462
-4.68384615385
-4.91846153846
-5.86615384615
-4.82846153846
-4.46230769231
-2.66230769231
-2.72076923077
-1.60538461538
0.0392307692308
-1.41615384615
-2.17692307692
-1.40153846154
-1.09923076923
2.11384615385
5.43230769231
6.45846153846
4.53769230769
6.49846153846
3.46846153846
0.808461538462
-0.226923076923
1.21461538462
0.912307692308
1.55461538462
6.28923076923
6.44538461538
6.18
6.15076923077
10.9523076923
8.79
8.33692307692
5.24384615385
3.95846153846
1.20923076923
2.67153846154
5.75923076923
7.13307692308
6.86230769231
9.44384615385
11.1
12.6023076923
8.27
5.72538461538
7.01461538462
9.20461538462
12.17
14.5469230769
11.6161538462
8.45384615385
11.3476923077
14.7423076923
14.6961538462
11.9138461538
11.98
5.69
3.91846153846
6.0
5.03692307692
6.32384615385
7.92153846154
11.8407692308
8.15692307692
7.15538461538
6.46307692308
3.35076923077
4.95923076923
6.39538461538
4.66692307692
6.22538461538
8.96307692308
10.9984615385
5.12
3.77076923077
5.50076923077
7.77461538462
11.0676923077
12.7661538462
13.9476923077
11.3846153846
8.97769230769
7.20615384615
8.88384615385
10.5330769231
11.8053846154
10.6653846154
11.5453846154
10.4253846154
10.88
12.8476923077
13.3830769231
9.58076923077
9.71923076923
11.2607692308
12.5815384615
11.82
12.1184615385
11.9138461538
9.71615384615
7.48076923077
7.12153846154
7.68769230769
10.4084615385
11.6723076923
10.7361538462
12.3684615385
12.4576923077
10.72
10.9238461538
12.8761538462
15.7138461538
17.4330769231
21.1761538462
22.6676923077
18.7946153846
16.11
18.0707692308
16.7984615385
16.36
18.3576923077
20.5230769231
15.4492307692
13.1946153846
13.5892307692
19.1184615385
16.1030769231
13.5576923077
17.3284615385
19.84
20.4138461538
16.6630769231
13.6215384615
14.8807692308
13.5623076923
13.5292307692
15.0723076923
14.5776923077
14.4638461538
11.2053846154
8.86
10.3676923077
10.4515384615
12.9338461538
13.61
12.7292307692
12.5069230769
11.12
12.0492307692
9.95153846154
8.70615384615
8.61615384615
11.64
13.0830769231
12.25
11.2892307692
12.5238461538
14.4984615385
15.5323076923
16.3207692308
13.3484615385
14.2392307692
19.8515384615
16.6761538462
16.0838461538
16.9138461538
18.6284615385
19.6361538462
17.4984615385
18.8253846154
13.6223076923
12.0130769231
12.6915384615
12.3776923077
13.6930769231
14.1184615385
12.21
17.1730769231
16.3723076923
16.9023076923
18.2976923077
14.9438461538
12.0584615385
12.6923076923
10.74
12.0953846154
13.4353846154
12.0723076923
16.6923076923
16.8607692308
14.2084615385
10.7546153846
13.9076923077
17.99
16.8946153846
14.4923076923
16.4169230769
18.82
17.7484615385
15.0169230769
10.1269230769
8.57076923077
8.33153846154
6.27076923077
4.91
4.54153846154
5.83538461538
6.76153846154
6.43076923077
6.23923076923
8.23384615385
13.0215384615
12.7207692308
9.23615384615
7.54153846154
7.02384615385
12.5215384615
10.4576923077
5.04923076923
7.15923076923
8.01307692308
11.9815384615
11.6353846154
7.85769230769
7.63307692308
7.32538461538
6.59384615385
7.88230769231
7.26461538462
6.09153846154
6.15615384615
4.08923076923
5.03923076923
7.85923076923
7.24153846154
6.57076923077
6.06846153846
6.72384615385
7.86307692308
7.14538461538
5.01384615385
2.64461538462
3.66230769231
3.57846153846
2.61846153846
1.16692307692
3.61
3.89
5.48076923077
4.66461538462
4.82
2.44692307692
2.70538461538
6.84384615385
5.42615384615
6.25923076923
5.49615384615
3.06307692308
2.90076923077
2.38615384615
2.00384615385
-0.244615384615
-0.0992307692308
0.216153846154
-0.0884615384615
0.149230769231
-0.136153846154
-1.28384615385
-0.983076923077
-1.76692307692
-2.09230769231
-2.92692307692
1.94076923077
-1.71692307692
-4.72692307692
-8.28384615385
-9.34461538462
-4.32
-0.834615384615
-1.02846153846
-4.56615384615
-5.27307692308
-1.58692307692
2.72615384615
7.26
10.2369230769
4.49615384615
5.72307692308
5.57846153846
3.37538461538
0.624615384615
-0.231538461538
-0.0876923076923
2.58384615385
4.62846153846
6.12076923077
5.58384615385
5.81076923077
5.61230769231
4.23846153846
6.48
4.02769230769
4.62
7.68153846154
5.39615384615
1.73538461538
1.29846153846
-0.01
1.77384615385
0.599230769231
-1.13230769231
-0.947692307692
0.378461538462
1.52
1.99923076923
1.84307692308
0.570769230769
1.24
0.134615384615
0.803076923077
0.0792307692308
-0.968461538462
2.52153846154
5.07923076923
4.22846153846
1.46
4.37153846154
4.66538461538
1.99153846154
1.01
2.04384615385
3.20538461538
3.19076923077
4.35384615385
3.27923076923
2.74307692308
0.325384615385
-0.647692307692
0.911538461538
0.0184615384615
-0.0838461538462
-0.286923076923
-1.51461538462
-1.27
-0.0615384615385
0.795384615385
0.198461538462
0.829230769231
0.705384615385
-0.976153846154
-0.498461538462
1.9
0.411538461538
-2.25153846154
-2.52846153846
-2.34384615385
-1.98
-2.42153846154
-1.69153846154
-3.40769230769
-2.73923076923
-1.17538461538
-1.14230769231
-2.11153846154
-1.5
-0.963846153846
-3.44307692308
-3.52692307692
-0.539230769231
0.696153846154
-0.361538461538
-0.513846153846
-1.88153846154
3.02923076923
3.15230769231
-0.273076923077
-1.59307692308
1.19846153846
5.52692307692
5.92307692308
4.57307692308
4.04384615385
3.56923076923
2.81076923077
2.11846153846
2.05769230769
2.91076923077
4.03538461538
6.66846153846
3.59153846154
2.01692307692
3.14461538462
5.24538461538
4.45461538462
4.47461538462
7.55769230769
9.89153846154
6.29307692308
-0.474615384615
1.37076923077
5.24076923077
8.62538461538
2.65923076923
3.90230769231
6.57153846154
11.1307692308
9.86615384615
12.4469230769
14.5715384615
9.43153846154
9.62692307692
6.98615384615
0.353846153846
1.68538461538
4.48461538462
4.84461538462
8.54384615385
4.31615384615
8.96384615385
11.4907692308
12.9376923077
9.70923076923
9.61615384615
9.45153846154
11.6738461538
12.3438461538
14.6238461538
13.3953846154
14.7738461538
13.9784615385
11.9746153846
15.5992307692
16.25
16.9538461538
16.3523076923
15.9323076923
14.6338461538
9.01307692308
10.7438461538
5.94384615385
6.32153846154
7.95461538462
11.1730769231
14.2138461538
17.8115384615
18.8984615385
17.25
14.2138461538
11.6861538462
11.9523076923
9.57923076923
9.84538461538
10.8007692308
13.9823076923
12.0484615385
10.1353846154
8.48230769231
10.4961538462
11.5069230769
13.6684615385
14.9038461538
13.3461538462
11.5007692308
15.21
17.0069230769
16.1815384615
15.1046153846
15.5107692308
17.0069230769
11.8192307692
10.9976923077
13.1853846154
11.9676923077
10.4915384615
12.0984615385
13.0523076923
15.4130769231
15.4184615385
16.6715384615
16.9738461538
18.4292307692
15.7061538462
12.5276923077
13.8030769231
16.5361538462
17.1738461538
16.1869230769
15.7438461538
15.1038461538
13.4376923077
16.0661538462
18.8538461538
15.5146153846
14.8823076923
12.0561538462
11.7830769231
10.3784615385
12.2969230769
11.4753846154
13.6530769231
17.1138461538
17.0623076923
19.9238461538
23.0030769231
15.5338461538
16.1476923077
18.3438461538
13.8876923077
15.5907692308
13.4384615385
12.9176923077
14.73
18.5615384615
14.5761538462
10.9807692308
13.51
14.7115384615
16.9353846154
19.9507692308
20.8576923077
19.21
20.6230769231
18.7684615385
18.9684615385
16.85
19.8492307692
19.3069230769
15.6176923077
15.5453846154
18.4138461538
17.5984615385
13.93
11.9061538462
12.1823076923
11.8907692308
12.9307692308
11.1669230769
11.2384615385
14.5753846154
19.6069230769
15.2161538462
12.1438461538
14.8861538462
15.7069230769
11.88
10.2923076923
12.1392307692
13.7938461538
12.3846153846
12.0969230769
13.0453846154
13.6130769231
15.3676923077
14.2676923077
11.8207692308
7.81076923077
8.25307692308
9.31692307692
9.28461538462
10.5692307692
11.6884615385
10.5315384615
10.6107692308
8.84461538462
11.7684615385
10.6130769231
10.0284615385
11.8315384615
13.4107692308
14.1261538462
14.3715384615
9.35230769231
7.87615384615
8.03230769231
9.70153846154
9.39692307692
9.19384615385
9.30307692308
8.29615384615
5.61307692308
6.72307692308
13.61
7.47153846154
6.80076923077
10.2907692308
11.0307692308
12.01
12.1715384615
10.4476923077
11.0061538462
14.0330769231
11.4923076923
9.38153846154
7.61230769231
7.25692307692
6.94615384615
7.81307692308
6.35384615385
6.16846153846
11.2784615385
10.5853846154
2.84384615385
0.116153846154
2.15615384615
4.49846153846
1.79538461538
-2.72076923077
-2.55153846154
-2.91153846154
-1.28384615385
1.38615384615
2.00538461538
2.45769230769
5.51153846154
7.62615384615
7.46307692308
5.43076923077
5.08923076923
6.70923076923
4.81769230769
3.64769230769
5.81615384615
0.89
-1.39461538462
-6.12384615385
-8.60692307692
-3.19307692308
-0.0615384615385
1.95923076923
2.03538461538
2.12076923077
-0.249230769231
2.17615384615
2.03076923077
3.09923076923
-2.34307692308
-0.439230769231
4.08
2.34230769231
0.778461538462
-0.461538461538
1.18769230769
1.21846153846
5.9
4.45230769231
2.61538461538
2.71461538462
1.68615384615
-3.45153846154
-5.43384615385
-2.91615384615
0.587692307692
2.95461538462
-2.28076923077
1.17
3.97923076923
4.49153846154
4.03692307692
4.04615384615
4.72
4.84384615385
5.22538461538
4.29153846154
2.10923076923
1.93153846154
3.72615384615
2.72923076923
-0.378461538462
0.7
1.14769230769
1.67538461538
1.94230769231
5.81846153846
6.09230769231
3.90769230769
0.776153846154
4.69307692308
1.75923076923
2.42076923077
1.82076923077
3.23
0.471538461538
0.0746153846154
0.4
-1.57076923077
1.45538461538
2.57923076923
0.14
-0.787692307692
-1.70769230769
0.0123076923077
0.254615384615
-2.05
-0.563846153846
-0.139230769231
1.67769230769
0.0923076923077
-1.29846153846
-1.87230769231
-2.49
-0.634615384615
3.76
3.23153846154
2.95076923077
1.56846153846
1.35615384615
0.87
1.14615384615
0.985384615385
1.34461538462
1.51923076923
0.397692307692
-0.107692307692
5.55307692308
8.83
5.15615384615
0.142307692308
1.39230769231
1.80384615385
2.52538461538
3.66307692308
0.665384615385
0.632307692308
0.597692307692
2.08846153846
2.61076923077
4.30461538462
4.08076923077
6.09769230769
8.66384615385
8.95307692308
3.05230769231
3.55
6.23538461538
7.85692307692
5.62846153846
4.82846153846
3.33538461538
3.48384615385
5.71384615385
3.03538461538
0.495384615385
3.07153846154
3.39076923077
3.24076923077
7.00461538462
2.42615384615
4.20461538462
4.14461538462
5.60153846154
10.4123076923
13.2546153846
8.77769230769
11.4446153846
11.7315384615
5.21461538462
0.905384615385
0.306153846154
0.635384615385
0.581538461538
4.48538461538
4.12153846154
5.61153846154
6.42384615385
8.66846153846
12.3653846154
12.2869230769
9.47923076923
7.84384615385
5.53384615385
7.35769230769
3.40846153846
3.88923076923
2.49384615385
4.91846153846
7.45153846154
5.07846153846
5.03076923077
9.16846153846
12.0246153846
4.58
1.56615384615
1.80230769231
3.98230769231
4.91846153846
8.42307692308
11.0992307692
12.5892307692
12.3661538462
15.0915384615
6.67076923077
5.92076923077
9.23153846154
14.4138461538
10.4130769231
10.4261538462
8.56076923077
8.05846153846
8.41076923077
10.8630769231
13.1176923077
14.93
16.4769230769
18.0892307692
17.6661538462
16.4784615385
14.3161538462
15.8638461538
16.7923076923
17.2023076923
17.9215384615
15.2746153846
16.2061538462
15.37
12.5546153846
8.41923076923
12.5153846154
8.85692307692
8.47461538462
6.96538461538
7.16923076923
8.43538461538
6.57846153846
8.61615384615
11.5076923077
15.9253846154
12.6523076923
14.4169230769
15.7761538462
15.9407692308
15.4169230769
14.0007692308
16.2538461538
17.5115384615
17.7330769231
19.7369230769
18.83
15.4476923077
16.0130769231
15.6838461538
18.0569230769
19.4069230769
16.5369230769
11.5192307692
13.4292307692
12.3376923077
15.4938461538
13.4607692308
11.9238461538
17.0307692308
20.9392307692
21.9484615385
21.9423076923
17.6030769231
16.71
15.9123076923
14.9423076923
17.1507692308
15.8107692308
11.0053846154
13.1307692308
12.3069230769
12.8984615385
12.6730769231
11.7746153846
15.8530769231
18.06
21.4361538462
19.79
19.29
18.6715384615
18.4515384615
15.8015384615
15.1707692308
17.3276923077
15.6846153846
11.7923076923
9.53076923077
10.2792307692
12.6923076923
13.2984615385
15.0623076923
17.3415384615
18.0638461538
16.0023076923
15.8092307692
17.6407692308
17.0761538462
16.1384615385
17.6315384615
17.6684615385
20.9346153846
22.5284615385
16.6892307692
16.4
18.9792307692
20.3369230769
22.5784615385
20.5076923077
14.8323076923
15.9146153846
13.14
12.7807692308
11.8007692308
8.64153846154
9.91538461538
11.4438461538
14.4384615385
12.8846153846
11.1953846154
8.84692307692
10.5969230769
9.98384615385
11.9623076923
14.7
15.0446153846
15.3092307692
15.2615384615
14.9676923077
14.5361538462
12.6638461538
12.1292307692
12.6753846154
15.34
16.4215384615
18.5984615385
16.5746153846
16.6684615385
17.9892307692
17.4538461538
13.4546153846
12.4761538462
11.8
11.7192307692
7.45153846154
8.70384615385
8.66538461538
10.2107692308
10.0069230769
8.75769230769
6.69923076923
6.69153846154
8.90846153846
7.79307692308
6.44153846154
6.09538461538
6.22692307692
5.88230769231
6.84692307692
8.90846153846
9.75846153846
6.73538461538
5.55692307692
6.69538461538
8.29615384615
9.28
9.68846153846
9.33230769231
14.5230769231
14.3492307692
13.7038461538
12.3638461538
11.6630769231
12.1661538462
13.1284615385
10.4038461538
8.67153846154
10.4523076923
9.01692307692
9.47846153846
8.68692307692
8.73692307692
6.28846153846
5.40076923077
3.98461538462
1.59230769231
3.14538461538
2.75384615385
3.44384615385
4.51846153846
4.89
3.79076923077
2.72384615385
2.77846153846
-0.115384615385
-0.587692307692
-1.18153846154
0.117692307692
3.55
5.33076923077
-0.243846153846
-2.22538461538
-0.623076923077
-6.88692307692
-2.30692307692
1.33615384615
-0.516153846154
-3.23
-3.24
-1.91307692308
-0.126153846154
1.10461538462
0.764615384615
-0.0784615384615
0.611538461538
-0.000769230769231
-1.60538461538
-0.283076923077
-4.62076923077
-3.34153846154
-0.792307692308
3.63615384615
7.80538461538
6.37923076923
11.6515384615
8.18615384615
8.93307692308
5.38076923077
6.29307692308
10.0607692308
7.07384615385
2.57692307692
3.60384615385
3.37846153846
0.265384615385
-3.38615384615
-3.74769230769
-4.20230769231
-4.21538461538
-3.2
-2.37923076923
-2.72461538462
-3.57769230769
-3.62769230769
-1.97692307692
-2.91923076923
-2.89923076923
-1.80923076923
0.525384615385
-0.107692307692
0.632307692308
-0.271538461538
-1.29153846154
0.292307692308
1.58461538462
5.28076923077
4.34615384615
0.413076923077
0.284615384615
1.77615384615
4.51846153846
2.88076923077
4.57923076923
2.02307692308
5.50769230769
1.46153846154
2.26846153846
3.46615384615
1.62384615385
3.90538461538
5.94769230769
4.85461538462
4.87615384615
4.32230769231
3.06923076923
3.56230769231
3.97846153846
8.28
6.06923076923
1.60307692308
1.26461538462
1.16461538462
0.202307692308
-0.334615384615
2.28692307692
-0.443076923077
-0.988461538462
1.09692307692
6.50538461538
8.02692307692
9.08615384615
8.62615384615
5.65538461538
7.21153846154
9.89692307692
9.66923076923
4.26538461538
0.07
3.48692307692
0.0123076923077
-1.73692307692
0.699230769231
1.82307692308
2.92461538462
4.27615384615
5.90769230769
6.73615384615
3.73538461538
6.32
10.2723076923
6.38538461538
4.52153846154
5.80230769231
5.98538461538
7.76153846154
9.07230769231
9.77384615385
11.0161538462
8.48769230769
9.61230769231
8.55692307692
5.45153846154
5.84692307692
1.55153846154
1.37923076923
2.65461538462
2.31076923077
5.54846153846
6.27461538462
8.85307692308
10.1707692308
10.8523076923
4.67538461538
1.24076923077
0.891538461538
3.94923076923
3.73538461538
2.21615384615
1.98538461538
4.48230769231
4.75076923077
5.25307692308
6.91615384615
4.25
2.75
2.79307692308
2.86923076923
3.90461538462
5.45230769231
8.68692307692
9.81769230769
8.97307692308
7.44307692308
7.11769230769
7.13769230769
9.60307692308
5.40615384615
4.51615384615
9.33461538462
12.15
14.3423076923
16.0384615385
14.4523076923
15.5353846154
16.7969230769
16.6946153846
15.5753846154
12.9953846154
14.1376923077
13.4030769231
10.1153846154
9.14846153846
9.53230769231
9.14846153846
12.8246153846
14.0684615385
13.16
9.13692307692
11.7215384615
13.51
14.4992307692
14.47
16.3323076923
12.7446153846
7.67692307692
8.43615384615
9.54307692308
6.98307692308
9.69846153846
12.3015384615
14.9230769231
17.15
11.4723076923
10.8307692308
9.68769230769
11.2969230769
12.1869230769
11.8838461538
8.45384615385
8.47230769231
9.52153846154
10.4692307692
11.3992307692
10.8692307692
10.8961538462
11.1315384615
12.6246153846
15.28
15.6084615385
17.8661538462
14.4269230769
14.1453846154
12.5223076923
11.7246153846
13.7615384615
16.4746153846
20.3753846154
19.5115384615
18.2153846154
18.1676923077
19.1946153846
13.0361538462
11.6438461538
11.1692307692
13.7376923077
12.7246153846
9.86076923077
10.5484615385
15.9838461538
14.2153846154
10.6323076923
12.29
17.8961538462
16.8384615385
13.3430769231
15.7238461538
18.8923076923
13.6438461538
12.0392307692
13.3584615385
17.7092307692
19.4969230769
15.5046153846
12.6223076923
12.1207692308
13.3361538462
16.8838461538
19.3723076923
21.9584615385
19.0376923077
18.5161538462
21.0453846154
22.6538461538
21.6576923077
22.5338461538
23.49
22.2984615385
14.2053846154
12.2938461538
14.6369230769
16.6415384615
16.2384615385
18.5084615385
22.5230769231
20.33
16.1769230769
17.9569230769
14.3861538462
11.8938461538
12.4830769231
14.4369230769
14.4738461538
11.1515384615
12.0338461538
15.1084615385
18.5023076923
19.1784615385
18.1961538462
19.0453846154
19.7776923077
20.2661538462
18.8323076923
13.6938461538
10.2761538462
13.1523076923
13.2076923077
11.6123076923
9.62076923077
11.2815384615
8.84
10.9907692308
10.6676923077
8.64307692308
10.62
11.5430769231
10.6015384615
11.3938461538
9.38
8.82692307692
9.32
9.74846153846
11.8153846154
7.85769230769
6.62076923077
8.18153846154
10.0192307692
8.22153846154
7.27307692308
7.66230769231
6.49769230769
8.62615384615
11.4876923077
14.7092307692
11.0676923077
10.3846153846
12.0230769231
8.04846153846
8.79307692308
12.3715384615
9.24461538462
5.64
5.56615384615
6.80230769231
8.25153846154
13.2553846154
13.3446153846
14.6638461538
15.1976923077
14.6130769231
13.2723076923
11.4323076923
11.1023076923
9.84692307692
4.29307692308
4.02615384615
4.99769230769
4.74615384615
7.71
7.27384615385
6.86615384615
7.13846153846
3.58846153846
5.37538461538
7.35923076923
6.13692307692
4.54153846154
3.62692307692
1.21923076923
0.345384615385
1.45230769231
2.54230769231
1.64692307692
2.05
3.07769230769
6.16692307692
5.73615384615
5.28230769231
7.56692307692
5.52230769231
6.34769230769
9.09307692308
4.92153846154
2.60384615385
4.04076923077
1.07846153846
0.938461538462
-0.714615384615
-0.135384615385
1.21
2.30538461538
1.28769230769
0.651538461538
0.338461538462
-3.09846153846
-4.13076923077
0.19
1.06384615385
1.78923076923
-2.18076923077
-4.27615384615
-4.70461538462
-4.14538461538
-1.93615384615
-1.58846153846
-1.89
-0.695384615385
-0.414615384615
-2.14923076923
-4.22
-3.06538461538
-4.13076923077
-3.62
-4.05615384615
-1.83846153846
-0.179230769231
1.24846153846
2.20461538462
-0.0207692307692
-0.18
0.504615384615
1.35307692308
0.422307692308
6.12615384615
3.95230769231
2.55
