0.483880597015
-1.09126865672
-2.14320895522
-0.968134328358
1.88089552239
2.26223880597
2.19753731343
0.892835820896
0.386641791045
-1.49559701493
-4.12253731343
-7.32268656716
-4.91641791045
-3.98813432836
-5.36805970149
-2.71835820896
-2.18156716418
-2.60597014925
-1.21798507463
-2.15529850746
-1.00052238806
3.82597014925
2.99955223881
2.37656716418
2.75432835821
1.26074626866
0.526641791045
-2.99164179104
-0.0034328358209
5.0421641791
7.31895522388
6.67141791045
4.01582089552
4.46694029851
5.60641791045
7.07179104478
6.74037313433
6.33
6.84671641791
10.156119403
8.31052238806
6.04537313433
4.67902985075
4.46985074627
6.04186567164
4.43097014925
6.06455223881
4.96932835821
3.56402985075
3.96276119403
7.06873134328
9.9078358209
9.82925373134
10.5467164179
9.39328358209
10.147761194
9.66059701493
2.19305970149
0.766791044776
4.29544776119
6.42544776119
4.81223880597
3.60335820896
1.09708955224
3.85305970149
5.31805970149
7.57194029851
9.16007462687
8.5602238806
5.85410447761
4.58380597015
6.7726119403
4.7621641791
5.68268656716
6.97328358209
9.68059701493
9.30597014925
7.37313432836
3.16246268657
-0.884776119403
1.06910447761
6.31201492537
7.94679104478
3.69895522388
11.115
9.85701492537
10.6950746269
15.1242537313
10.9869402985
7.75425373134
10.7979104478
13.1120895522
10.8352238806
4.2721641791
3.77679104478
6.22835820896
8.55462686567
11.7667910448
7.79850746269
7.03388059701
5.48813432836
8.43805970149
13.3299253731
16.2476865672
19.0876865672
20.337238806
21.2006716418
20.7745522388
12.6664925373
8.43402985075
4.4352238806
7.44619402985
7.26753731343
7.96955223881
7.89880597015
4.67380597015
8.66567164179
10.2106716418
9.49873134328
10.9551492537
16.0813432836
16.7204477612
12.6945522388
11.6175373134
10.3370895522
11.1179104478
16.1789552239
13.9717164179
10.167761194
12.7065671642
15.6805223881
18.2267910448
19.9961940299
17.908358209
15.5453731343
13.4038059701
14.8391044776
17.3493283582
19.4264179104
20.2378358209
21.3041791045
21.2499253731
13.8346268657
15.5811940299
12.7555223881
12.4052238806
18.9432835821
22.3770149254
18.4503731343
19.6792537313
13.2570149254
15.6740298507
13.3388059701
16.0704477612
18.0497014925
21.6499253731
23.9304477612
25.1943283582
20.8547761194
20.7045522388
19.8318656716
18.3896268657
19.5858955224
22.5817910448
25.6273880597
27.9952238806
21.4374626866
19.3613432836
17.8162686567
16.6394029851
17.4726119403
15.2530597015
14.5294029851
15.475
16.4219402985
15.6959701493
14.3618656716
15.5276119403
15.8473134328
12.5692537313
13.9028358209
16.2012686567
14.7659701493
14.6670149254
16.5752985075
18.7121641791
17.407238806
19.6564925373
17.8962686567
16.8349253731
16.776119403
16.0903731343
14.7919402985
14.181641791
13.641119403
15.9937313433
15.9052238806
14.4480597015
15.3384328358
17.471641791
15.4771641791
16.7602985075
14.9882089552
17.4302985075
22.6362686567
25.4361940299
26.0291791045
26.9863432836
25.9647014925
25.1600746269
24.5995522388
19.7400746269
21.783880597
24.3773880597
28.5802238806
27.3258955224
24.9424626866
21.8949253731
19.7258208955
24.3970149254
22.9856716418
18.3438059701
20.0351492537
23.4045522388
19.441119403
18.9792537313
22.0405223881
26.0389552239
26.7944029851
25.5170895522
24.2294029851
20.0859701493
20.3721641791
19.658358209
15.2594776119
12.621641791
13.4958208955
16.17
20.7925373134
23.718358209
22.4449253731
22.7349253731
19.177238806
16.2485820896
15.1294029851
18.6341044776
21.496641791
23.8492537313
21.2842537313
17.0619402985
21.3257462687
23.0279850746
16.4557462687
13.9555223881
15.2023134328
17.518880597
15.3162686567
14.1554477612
16.1070895522
20.1632835821
18.8765671642
19.3697014925
23.3981343284
25.6326119403
24.0171641791
23.4041791045
17.0601492537
20.613358209
14.7082089552
16.0204477612
17.4585820896
18.5680597015
18.8118656716
16.1741791045
14.6276119403
13.6687313433
14.2037313433
14.541119403
12.9635820896
11.3055223881
13.0323134328
10.6013432836
8.95
7.85902985075
8.06917910448
8.93425373134
6.90298507463
9.18597014925
10.0385820896
11.4464925373
13.6163432836
9.64425373134
8.36104477612
8.71828358209
10.7730597015
12.7226119403
10.3185820896
9.96634328358
9.45455223881
8.82253731343
11.1464925373
17.1108955224
13.4486567164
8.61119402985
6.08440298507
4.00776119403
-0.907686567164
-3.08850746269
-3.0671641791
-2.27328358209
-1.08529850746
0.393059701493
1.29268656716
1.8521641791
0.104850746269
0.589104477612
2.16873134328
3.88634328358
3.66253731343
8.41350746269
10.8748507463
11.3870149254
10.7732835821
6.61350746269
10.8541044776
11.2029104478
10.5964179104
11.9225373134
11.3614925373
8.48888059701
5.64014925373
1.86932835821
0.997313432836
0.526940298507
-0.685149253731
-2.52582089552
-5.55298507463
-1.05253731343
-0.518582089552
0.746343283582
1.35194029851
-4.84119402985
-4.9978358209
-2.32104477612
-0.151268656716
2.77649253731
3.07582089552
5.14365671642
8.43619402985
9.83231343284
4.39888059701
2.34798507463
0.426119402985
0.417686567164
1.23492537313
3.08507462687
3.45365671642
8.59529850746
9.25089552239
8.76641791045
5.04537313433
1.11358208955
0.456044776119
0.916865671642
2.63805970149
3.25313432836
3.1828358209
3.09656716418
7.07186567164
4.0921641791
1.22970149254
-0.918134328358
-2.71171641791
-4.96014925373
-1.95641791045
0.169776119403
-0.0358955223881
-2.3021641791
-0.489701492537
-1.31388059701
0.586492537313
-0.91276119403
2.31768656716
1.26186567164
2.17492537313
0.72223880597
-1.72604477612
-1.47141791045
-0.788134328358
0.648059701493
1.59850746269
1.90865671642
-0.518134328358
0.671044776119
0.666119402985
1.91955223881
2.24074626866
2.60082089552
3.95432835821
2.96604477612
2.15320895522
1.11067164179
3.61649253731
6.51320895522
6.87126865672
6.85380597015
4.51649253731
1.78104477612
-0.238432835821
-1.64611940299
-1.43328358209
-0.547388059701
1.27059701493
0.991940298507
-0.380074626866
-2.11268656716
-2.15679104478
-2.00723880597
-0.688805970149
-1.00880597015
0.358059701493
1.0521641791
3.10223880597
4.3726119403
3.35246268657
4.59052238806
5.44656716418
4.13791044776
2.26268656716
1.31373134328
4.79298507463
10.1942537313
10.503880597
12.3702238806
11.8735074627
15.6165671642
12.7757462687
11.6038059701
7.27574626866
9.5226119403
8.16865671642
4.62425373134
4.0578358209
6.46119402985
11.2499253731
15.3668656716
16.6601492537
9.54410447761
13.4720895522
17.6071641791
13.963358209
14.0932089552
16.1642537313
15.1140298507
16.9784328358
16.281119403
19.547238806
16.6767164179
17.9444029851
11.3949253731
7.05134328358
11.896119403
19.6249253731
15.1547014925
16.8363432836
19.4929104478
20.9538059701
21.4401492537
18.5623880597
17.7164179104
19.4112686567
12.807761194
6.60044776119
6.93925373134
4.98641791045
8.7652238806
8.62567164179
6.86529850746
4.55014925373
8.88194029851
14.3478358209
18.2029850746
11.7136567164
8.0076119403
6.99843283582
10.317238806
8.90723880597
8.47141791045
8.10604477612
7.91485074627
9.58179104478
9.31813432836
18.5565671642
19.1658208955
23.4167164179
25.4223880597
24.8742537313
22.0903731343
21.2064179104
16.7329850746
17.6518656716
21.1570149254
14.7669402985
18.9555970149
23.6670149254
26.2760447761
26.7064925373
19.5686567164
18.812761194
15.343880597
13.5067164179
15.482238806
12.0993283582
14.8503731343
15.8284328358
20.5405223881
25.602238806
25.7176119403
28.9294776119
21.1002985075
14.9846268657
18.6379104478
20.9312686567
21.8785820896
23.5108208955
20.5993283582
18.9323134328
22.1430597015
19.9456716418
19.1241791045
23.5035820896
26.2718656716
20.2885820896
13.2164925373
10.4919402985
11.0270149254
13.493358209
13.735
15.9803731343
19.3862686567
19.8452985075
21.3294029851
18.836641791
22.0267910448
24.0874626866
20.5251492537
14.5952985075
19.1334328358
21.4017164179
19.2564179104
18.5561940299
20.8169402985
23.2619402985
24.3063432836
26.7258208955
27.6464925373
28.5440298507
24.2797014925
21.3723880597
20.4817910448
20.1880597015
17.6582089552
20.4317910448
19.3876119403
14.1917164179
13.6906716418
15.8802985075
16.2923134328
20.1157462687
16.7758955224
18.1542537313
13.2870895522
15.5544029851
17.3594776119
18.1670895522
22.2201492537
19.8908208955
22.1963432836
22.5452985075
25.0003731343
25.3659701493
27.4531343284
28.546641791
28.9167910448
27.9423880597
21.7905970149
21.3794029851
17.8258208955
15.9687313433
20.9282089552
24.0861940299
25.6871641791
26.5352985075
21.5903731343
16.4090298507
19.5847014925
16.7717910448
14.1204477612
16.6681343284
13.7144776119
15.2860447761
17.9559701493
18.0326119403
17.4684328358
16.3938059701
16.9138059701
16.4444776119
18.5581343284
19.501119403
18.6108955224
18.8786567164
18.1955223881
19.2436567164
20.4051492537
22.3445522388
23.036119403
21.4417164179
21.4279104478
21.8037313433
22.7208208955
20.212238806
17.8435820896
15.2358208955
17.3667910448
17.0381343284
17.8357462687
20.4430597015
16.7007462687
19.9768656716
20.2193283582
23.1087313433
17.3258955224
17.3844776119
17.0601492537
19.1105970149
14.947761194
11.5336567164
14.8611940299
17.0544029851
17.4668656716
15.2363432836
12.4893283582
12.6107462687
12.3273880597
20.1150746269
15.8028358209
14.2494776119
17.887761194
13.001119403
10.7953731343
5.98686567164
6.49865671642
8.05320895522
6.18388059701
8.23746268657
7.71679104478
12.6326865672
10.7300746269
10.0939552239
8.23611940299
6.36388059701
5.67888059701
4.21320895522
5.00873134328
8.75149253731
6.47619402985
8.09679104478
9.86171641791
9.00126865672
13.7959701493
12.6852238806
12.7063432836
12.7670149254
11.7423134328
10.0408955224
7.98156716418
4.45820895522
1.94985074627
1.00231343284
3.32156716418
-0.179104477612
3.285
6.47589552239
5.19380597015
2.5176119403
2.94037313433
3.55820895522
8.69097014925
10.6376865672
12.5251492537
12.388358209
12.3464179104
11.3749253731
9.74298507463
1.84611940299
2.98507462687
4.64970149254
4.05231343284
3.38470149254
3.18798507463
1.20589552239
0.969029850746
-0.0644029850746
3.1526119403
1.45925373134
0.981343283582
1.95089552239
3.62335820896
2.65694029851
0.0967910447761
-0.182462686567
-0.708507462687
-5.88574626866
2.19597014925
1.7473880597
-6.27888059701
-8.28223880597
-4.28582089552
-6.8752238806
-5.36447761194
-4.91985074627
0.34171641791
-0.263731343284
-0.668955223881
0.0620895522388
-0.205597014925
-2.34925373134
-0.655597014925
2.9302238806
5.47231343284
6.72395522388
6.59126865672
4.67194029851
8.02082089552
8.69798507463
8.52179104478
7.6621641791
-6.59694029851
-7.6026119403
-7.4376119403
-9.25507462687
-5.71701492537
-4.65970149254
-8.33992537313
-9.10597014925
-2.69626865672
0.11328358209
-0.625298507463
-1.4428358209
0.181791044776
-0.0628358208955
-1.58313432836
0.362462686567
0.719104477612
0.925746268657
0.420746268657
1.76955223881
2.0652238806
0.723358208955
3.23029850746
6.97067164179
5.4576119403
1.47708955224
0.712388059701
1.6876119403
2.58686567164
3.80485074627
2.93873134328
6.04992537313
6.0202238806
5.02059701493
7.76119402985
9.81074626866
7.75097014925
9.1676119403
3.49305970149
3.92694029851
0.781641791045
2.34902985075
2.17074626866
-1.69126865672
2.3802238806
3.56656716418
4.59805970149
-0.0375373134328
0.463880597015
-0.0216417910448
2.1128358209
3.47679104478
3.45313432836
8.71768656716
6.01798507463
8.66380597015
8.75373134328
4.95604477612
5.55335820896
4.4697761194
8.1573880597
4.92037313433
7.06544776119
5.52402985075
5.75529850746
3.90313432836
6.21731343284
10.415
6.88604477612
4.10611940299
7.4271641791
5.18917910448
4.16298507463
6.25828358209
8.07529850746
7.21731343284
11.2155223881
13.2219402985
15.2899253731
18.3752985075
13.5013432836
11.8170895522
7.20813432836
6.17798507463
16.0218656716
16.3497014925
11.4917910448
14.9373880597
18.3299253731
20.0291044776
10.5641044776
10.7594776119
4.8626119403
5.37179104478
4.31902985075
4.74395522388
4.97559701493
8.70059701493
12.0758955224
14.4344029851
11.6081343284
11.4452238806
12.6603731343
13.301119403
13.1552985075
13.8596268657
14.2304477612
9.61208955224
12.9429104478
11.5194029851
11.9226865672
9.72380597015
7.7102238806
7.54365671642
8.70134328358
8.38455223881
13.8954477612
12.5852985075
10.9576119403
13.4029850746
9.62014925373
13.9762686567
16.0173134328
12.8054477612
12.6558208955
16.8241791045
19.6151492537
21.5201492537
23.5829850746
25.5620895522
21.2802238806
22.642238806
19.1988059701
22.6094029851
18.3449253731
17.1225373134
16.3794029851
14.8096268657
18.5275373134
24.0344776119
26.4557462687
19.1349253731
18.2192537313
21.2813432836
25.7453731343
28.2619402985
29.3558208955
30.1667164179
30.7247014925
30.1274626866
25.9264925373
25.6215671642
24.9532089552
21.6711940299
22.492761194
17.8284328358
17.1944776119
13.5957462687
13.5184328358
13.6221641791
14.2599253731
17.4525373134
19.5052238806
16.831119403
18.1892537313
19.7556716418
22.4674626866
20.5226865672
17.6776865672
23.8285820896
21.0786567164
19.0065671642
17.9117164179
17.1356716418
18.4535820896
19.4626865672
24.7249253731
26.088358209
18.5847761194
19.0844776119
20.8408208955
21.0694776119
24.9996268657
28.1171641791
25.7935074627
28.0617910448
27.7091791045
27.8625373134
29.082761194
30.1288059701
27.1217910448
22.936641791
23.2923134328
21.7404477612
26.6318656716
28.2793283582
21.5420149254
19.8175373134
21.7806716418
22.9675373134
17.3190298507
18.4205223881
19.5331343284
25.9832089552
27.5462686567
28.4423880597
27.6876119403
29.2030597015
28.5426865672
23.4790298507
23.5236567164
23.3344029851
23.3725373134
22.9017164179
22.6194029851
21.355
23.9058208955
28.6437313433
23.2892537313
21.3828358209
25.1789552239
23.843880597
20.7396268657
24.0329104478
20.1635820896
16.5799253731
16.3105223881
19.0846268657
20.4171641791
19.5010447761
18.6115671642
23.5354477612
19.6094776119
20.3511940299
21.8501492537
22.6747014925
20.1370149254
16.2912686567
15.8391044776
20.7640298507
25.0935074627
27.1931343284
22.7890298507
20.0320149254
21.2952238806
22.1450746269
24.7542537313
24.9196268657
24.8821641791
24.1374626866
24.6269402985
27.3793283582
27.5720149254
27.8139552239
26.5723134328
25.331641791
25.5708208955
22.7463432836
18.1225373134
14.8282089552
18.4808955224
19.9200746269
23.8289552239
17.7631343284
20.092761194
21.136641791
16.918358209
14.7365671642
18.7930597015
18.0467910448
16.667761194
13.996119403
12.9788059701
10.9917164179
10.4449253731
9.93597014925
10.7698507463
11.4342537313
11.0990298507
11.4632835821
11.3214179104
10.607238806
9.78335820896
9.43410447761
13.0580597015
13.6173880597
13.6067910448
13.6305223881
15.9696268657
14.1435820896
10.6910447761
9.7821641791
11.5417910448
11.7606716418
12.9241044776
9.82962686567
9.14895522388
8.86686567164
12.5114179104
14.7754477612
11.6345522388
9.84955223881
9.14373134328
6.72350746269
8.32604477612
12.4584328358
14.136641791
11.6226119403
12.9132835821
9.35708955224
9.01268656716
5.80873134328
4.64970149254
2.46753731343
3.76358208955
10.0524626866
9.93276119403
8.0321641791
7.43880597015
8.12947761194
12.1632089552
11.7488059701
8.92268656716
7.66119402985
5.70470149254
4.97417910448
3.3178358209
1.46201492537
1.35149253731
3.01686567164
1.42179104478
1.75432835821
1.84776119403
3.46425373134
5.39231343284
10.3075373134
7.21641791045
9.84791044776
3.71835820896
2.6428358209
1.78992537313
0.298880597015
8.01320895522
9.88395522388
4.21514925373
1.20425373134
0.350597014925
5.6523880597
3.94037313433
3.24895522388
1.28014925373
-0.843432835821
0.681044776119
2.29089552239
6.15440298507
4.92268656716
2.98626865672
2.79679104478
1.2497761194
-0.164925373134
1.04119402985
7.13059701493
8.68134328358
10.8439552239
11.5167164179
8.18559701493
4.10567164179
3.81858208955
6.38462686567
7.85582089552
5.86582089552
4.64664179104
2.59268656716
3.98843283582
6.17664179104
6.52544776119
5.57731343284
1.2523880597
1.20828358209
2.83044776119
3.62858208955
3.00970149254
2.01014925373
2.26097014925
7.21723880597
10.3876119403
8.60432835821
8.12067164179
6.84626865672
2.16365671642
8.35410447761
2.57820895522
1.8426119403
1.31231343284
0.148880597015
1.70776119403
1.06350746269
-0.746044776119
-0.831417910448
-2.53574626866
-3.06082089552
-2.07291044776
-1.22917910448
-3.00328358209
-2.04895522388
-2.99604477612
-0.0649253731343
1.46388059701
-0.70552238806
0.525373134328
0.0235074626866
-1.09701492537
2.10529850746
4.37343283582
6.25104477612
6.15850746269
7.06440298507
5.99291044776
2.76649253731
4.44171641791
5.0073880597
6.93619402985
7.9371641791
6.47753731343
8.55865671642
7.34753731343
11.4469402985
6.63970149254
7.13835820896
6.46925373134
10.1964925373
12.4045522388
9.81701492537
9.83850746269
10.7408208955
11.368358209
10.328880597
10.775
9.4876119403
7.60037313433
7.20388059701
9.48171641791
5.86208955224
2.48417910448
3.79910447761
2.70291044776
5.49902985075
4.50791044776
7.89365671642
10.5923134328
7.87619402985
6.29388059701
6.18313432836
6.42880597015
7.88694029851
7.27440298507
9.73641791045
8.78671641791
11.2606716418
14.2540298507
6.51992537313
6.37843283582
5.71253731343
7.75470149254
15.8042537313
19.6320149254
20.8339552239
18.3341044776
15.7097761194
19.997238806
15.0071641791
19.5078358209
13.1519402985
19.0943283582
19.4940298507
14.3153731343
16.3523880597
14.5705223881
18.2106716418
14.7250746269
12.5361940299
10.2320895522
11.547761194
14.7653731343
17.4415671642
13.0976119403
14.6130597015
14.3714925373
11.2347761194
13.1247761194
15.2391791045
11.4502985075
17.493358209
17.8914925373
21.6841791045
21.3757462687
16.7482835821
13.3479104478
19.9981343284
23.0278358209
12.903358209
9.92343283582
9.84544776119
10.6234328358
11.6800746269
9.25440298507
11.6281343284
11.4667164179
14.6806716418
22.2334328358
23.7695522388
20.3002985075
21.2255970149
26.2120895522
20.3753731343
16.5982089552
21.7070149254
26.5282089552
23.3396268657
19.7748507463
21.0885820896
23.7614179104
21.7308955224
19.3267910448
15.3120895522
12.838358209
12.2299253731
16.625
21.7020149254
23.8530597015
25.6560447761
26.5925373134
27.1376119403
27.7829850746
23.9987313433
23.9567910448
19.3845522388
15.3837313433
15.857761194
18.9905223881
15.8621641791
20.7980597015
23.698358209
25.0882089552
26.5397014925
27.5365671642
27.2352238806
26.8637313433
29.4680597015
30.1520149254
30.3653731343
29.5435820896
24.7908208955
19.6660447761
26.7568656716
29.4530597015
31.0590298507
27.8354477612
20.7108208955
18.0663432836
18.605
26.9887313433
29.5747761194
24.0313432836
27.4109701493
32.9014925373
30.8070895522
26.4841044776
22.7967164179
26.3487313433
31.9484328358
27.413880597
21.0231343284
17.1484328358
15.0973134328
13.9401492537
16.0787313433
20.9642537313
25.1502985075
26.0548507463
26.237761194
24.9129850746
25.3078358209
17.6692537313
16.4540298507
24.8758208955
24.472238806
24.6102985075
26.7164925373
29.1446268657
29.4876119403
28.8200746269
25.7578358209
26.8536567164
25.3450746269
26.9280597015
26.7178358209
26.4297014925
21.8835820896
23.4255970149
25.1134328358
27.3293283582
23.9352985075
22.777238806
18.967761194
17.9474626866
22.0467164179
17.7775373134
15.4803731343
18.0686567164
18.2808955224
17.6297014925
14.6954477612
11.8654477612
13.2391044776
15.968358209
21.0356716418
16.2356716418
15.1450746269
15.5747014925
17.197761194
16.8886567164
14.9394029851
16.1485820896
18.565
23.1279850746
18.1580597015
18.3834328358
23.9685074627
22.963880597
21.2944029851
15.9245522388
15.3003731343
14.2073134328
19.2141044776
23.5776119403
20.2857462687
14.6087313433
14.7264925373
12.3682089552
12.0982089552
13.3107462687
12.2997761194
10.6023880597
17.8902985075
15.343358209
13.2214925373
12.8591791045
9.31835820896
9.81044776119
13.4114925373
9.345
8.70611940299
8.69798507463
10.6192537313
10.7152985075
9.07686567164
11.8264925373
14.7790298507
9.47873134328
7.18111940299
7.38656716418
7.17111940299
9.17074626866
10.9970895522
11.6585820896
10.8552238806
14.0705223881
10.5147014925
11.6832089552
11.9163432836
12.108358209
9.55880597015
6.17111940299
4.99388059701
2.34723880597
0.41
-2.3526119403
1.22664179104
2.36014925373
1.8871641791
3.0173880597
2.05231343284
3.26328358209
1.83731343284
1.2671641791
0.523880597015
9.34985074627
12.2670149254
13.261119403
8.21111940299
6.83611940299
2.81626865672
-1.23597014925
-2.58373134328
-0.591343283582
1.63104477612
2.55350746269
1.03947761194
1.18111940299
-0.00776119402985
1.51276119403
2.76014925373
-0.328134328358
-5.83059701493
-3.71223880597
-2.95305970149
-2.23820895522
-4.38940298507
0.0558208955224
2.96544776119
3.89246268657
5.50052238806
5.32425373134
5.43402985075
7.74992537313
10.1029104478
11.79
8.44082089552
4.85201492537
7.57447761194
7.12067164179
5.59768656716
3.74820895522
3.37470149254
4.76298507463
5.0421641791
3.00171641791
0.769701492537
1.95253731343
2.15440298507
1.86611940299
1.02141791045
0.448656716418
2.15574626866
2.9478358209
4.82835820896
8.96962686567
3.13074626866
3.18910447761
5.93380597015
1.28686567164
1.66791044776
1.64731343284
-2.14313432836
-3.06753731343
1.19253731343
1.47701492537
0.363507462687
-1.36014925373
1.70611940299
3.6673880597
3.56686567164
3.67992537313
2.37671641791
1.82664179104
4.97171641791
4.07410447761
4.49514925373
7.39619402985
4.49388059701
6.09552238806
1.74537313433
1.52276119403
1.25253731343
3.60455223881
1.26059701493
0.074776119403
2.05768656716
1.20589552239
-0.885895522388
0.482611940299
-1.7273880597
-0.538507462687
2.41126865672
4.16820895522
1.52455223881
1.98664179104
0.832611940299
0.0434328358209
3.49932835821
2.14111940299
3.05820895522
4.88223880597
5.00492537313
1.83746268657
1.91268656716
2.58507462687
2.00768656716
7.46634328358
5.09104477612
4.08925373134
0.832910447761
1.9547761194
5.40313432836
4.24641791045
3.83388059701
6.61313432836
9.07962686567
4.24850746269
5.75104477612
4.68902985075
4.81171641791
5.97843283582
9.18753731343
9.6671641791
10.7520149254
10.213880597
7.81917910448
9.82097014925
8.73597014925
10.6448507463
9.26417910448
6.70656716418
6.92335820896
2.98350746269
0.854104477612
1.18014925373
2.72992537313
5.50358208955
5.70649253731
5.77417910448
7.61686567164
6.73634328358
9.22925373134
10.6009701493
6.07626865672
12.1223134328
16.2138059701
19.6120895522
11.9299253731
8.16850746269
11.468880597
13.6695522388
15.9356716418
19.7423134328
22.2823134328
17.8282089552
17.2694029851
18.1030597015
17.6043283582
12.5154477612
7.90746268657
12.1644029851
11.6699253731
10.551119403
17.1438059701
13.3800746269
18.2542537313
18.8734328358
16.9164925373
12.4182089552
9.04611940299
10.2068656716
9.72492537313
10.872761194
6.89089552239
8.28231343284
11.0770895522
15.2347014925
20.4271641791
16.4507462687
19.9492537313
22.7214179104
17.7952985075
14.3017164179
14.3946268657
16.4251492537
10.6057462687
14.8126119403
16.8014179104
13.2752238806
10.5102238806
12.1467910448
11.0673880597
15.3014179104
19.1258208955
18.9755223881
25.3456716418
18.8744776119
17.5098507463
12.967761194
15.3075373134
17.9741791045
12.8687313433
19.5897014925
15.9869402985
19.14
21.7852985075
17.2320149254
13.3403731343
13.1835074627
16.8525373134
20.9291044776
24.1461940299
27.0273880597
24.9282089552
20.2982835821
16.3374626866
13.9086567164
13.6894029851
14.0402238806
21.3417164179
16.5686567164
13.7814925373
15.1249253731
18.791119403
18.0505970149
12.5832835821
12.5688059701
13.562238806
16.8941044776
22.1467910448
24.7299253731
28.9907462687
31.2367164179
32.8576119403
24.3064925373
19.7663432836
16.3367910448
16.5142537313
15.3985820896
13.316641791
13.6726865672
16.547761194
15.3079104478
17.5344776119
18.443880597
19.0814925373
21.6895522388
22.5844776119
16.4729104478
16.7317910448
16.1076119403
25.3879104478
28.7379104478
29.1775373134
21.6098507463
21.9839552239
27.3776865672
21.7435074627
20.9270149254
18.5801492537
20.4893283582
21.5326865672
17.0505223881
16.343880597
15.2202238806
19.6094776119
21.4847761194
22.792238806
20.7970149254
21.5596268657
21.9690298507
21.6789552239
23.8411940299
24.368358209
25.3594776119
26.1779850746
27.037761194
26.6089552239
19.79
20.5714179104
21.7143283582
22.6504477612
23.0125373134
21.4373134328
21.1130597015
23.2931343284
22.9348507463
21.7152985075
18.8900746269
15.0840298507
9.81373134328
10.1131343284
10.3251492537
11.8573134328
11.6138059701
11.783880597
13.7129850746
17.8986567164
20.7838059701
15.6302238806
14.1917910448
13.6729104478
16.426641791
15.0132089552
14.6767910448
16.7181343284
12.748358209
11.2353731343
10.0619402985
11.5208208955
10.2843283582
13.8349253731
15.4239552239
18.9205223881
16.5374626866
19.3564925373
14.308358209
13.3047761194
13.6500746269
15.2578358209
11.8641791045
12.2955223881
12.3288059701
15.1717910448
14.5947761194
15.2392537313
13.3915671642
13.1220149254
12.2410447761
14.9703731343
14.1035820896
15.8688059701
15.5871641791
15.1847761194
13.8187313433
10.4200746269
9.6173880597
12.8088059701
11.9443283582
14.8949253731
13.143358209
11.023358209
9.81970149254
11.1914179104
16.1411940299
10.0791044776
13.0947761194
7.8778358209
7.09179104478
6.10559701493
9.05791044776
11.1248507463
9.95373134328
10.5573880597
10.3076119403
10.1647014925
12.1826119403
10.601119403
9.99925373134
7.64992537313
2.09208955224
2.84485074627
2.59126865672
4.92052238806
3.99686567164
3.79626865672
5.7371641791
11.7923880597
12.8173134328
13.0635820896
9.39791044776
8.32156716418
5.3873880597
5.69888059701
9.3223880597
6.14320895522
3.58059701493
1.35074626866
2.76104477612
2.30328358209
2.69
4.04776119403
3.67201492537
4.64440298507
5.37611940299
4.77940298507
5.72089552239
5.76223880597
3.49940298507
1.94947761194
3.52686567164
2.98708955224
3.37626865672
4.47649253731
2.31768656716
5.56059701493
6.24358208955
3.13171641791
2.60328358209
4.47820895522
0.441791044776
1.94895522388
1.28044776119
0.0320149253731
-1.39276119403
-1.5678358209
-2.39873134328
0.31723880597
-0.247313432836
-4.73470149254
-6.91335820896
-8.14305970149
-10.5358955224
-10.6653731343
-9.27873134328
-9.42388059701
-7.82574626866
-8.17447761194
-5.87358208955
-8.26932835821
-9.91268656716
-7.14679104478
-4.76410447761
-5.75447761194
-6.25291044776
-5.2276119403
-3.05455223881
3.23328358209
6.16014925373
5.77402985075
0.857388059701
1.03552238806
4.61679104478
2.50902985075
-0.923059701493
2.61858208955
7.27955223881
6.31201492537
8.55373134328
8.32492537313
5.4847761194
4.21455223881
6.72276119403
3.18485074627
1.28611940299
-2.35529850746
-5.46253731343
-7.42044776119
-8.97955223881
-6.91701492537
-3.43634328358
-2.94395522388
-5.34447761194
0.0161194029851
-0.296343283582
-4.17619402985
-3.24179104478
-2.16962686567
-0.341492537313
-0.297611940299
2.29358208955
7.96052238806
9.79470149254
7.73358208955
9.21037313433
6.56104477612
6.82037313433
5.91350746269
8.26507462687
8.16828358209
7.47888059701
6.10567164179
4.85776119403
7.61514925373
5.26940298507
2.52671641791
2.68947761194
5.99828358209
8.1352238806
2.72985074627
2.38776119403
2.54880597015
1.19052238806
-0.958507462687
1.35514925373
2.99455223881
7.54082089552
10.3391044776
9.31843283582
7.39268656716
9.5028358209
8.7626119403
7.30895522388
4.62514925373
4.18686567164
10.6361940299
10.3126119403
12.401641791
12.6679104478
17.212238806
21.8682835821
19.966119403
14.9026865672
13.3468656716
13.1090298507
11.3253731343
11.9208955224
10.2041044776
6.99835820896
11.4765671642
6.41544776119
8.64701492537
7.52291044776
13.5654477612
15.7263432836
17.4782089552
17.8879104478
18.9713432836
16.9623134328
10.7146268657
8.45014925373
5.17268656716
6.45111940299
4.77805970149
5.92925373134
6.33873134328
10.2281343284
9.85313432836
6.85380597015
7.34850746269
9.40171641791
12.8794776119
17.0470149254
19.996641791
17.5488059701
17.4421641791
14.2199253731
18.5061940299
20.9961940299
23.6157462687
18.9804477612
17.0035074627
21.6455970149
19.9895522388
21.2269402985
21.0124626866
21.295
19.5279104478
12.5247761194
13.9732089552
18.0732089552
23.8390298507
26.8978358209
27.901119403
21.0076119403
13.9
19.1476119403
21.6011940299
21.0229850746
22.7729104478
24.4507462687
25.7853731343
23.4207462687
22.2393283582
19.0882835821
13.8680597015
11.4832835821
12.3584328358
13.3289552239
14.5014179104
11.1898507463
15.0517910448
13.0467910448
13.3920895522
11.9955223881
16.3948507463
19.0460447761
14.8745522388
17.321641791
18.6632089552
16.2845522388
18.2256716418
14.3120149254
13.1078358209
16.2537313433
13.857238806
15.337761194
20.293358209
19.0784328358
18.9505970149
23.3369402985
25.2978358209
25.7505223881
24.5134328358
19.0261940299
15.4270149254
16.0541044776
16.3782835821
19.1344776119
22.1193283582
25.7065671642
29.5528358209
23.3765671642
23.4051492537
22.5115671642
25.8056716418
20.565
19.4602238806
16.7750746269
17.8920895522
18.8617910448
23.7868656716
26.6405223881
26.0097014925
20.5357462687
25.2649253731
18.8746268657
19.7532089552
18.7520149254
19.526641791
18.7611940299
19.1597014925
17.3743283582
21.8559701493
16.1229104478
15.6123880597
17.8100746269
23.622761194
21.3031343284
21.9162686567
18.8835074627
24.5529104478
30.3897014925
26.457761194
21.9644776119
17.5708955224
16.6855970149
20.0734328358
18.8656716418
21.2552985075
24.6602238806
20.1262686567
22.5888059701
16.7428358209
18.371119403
17.4041044776
20.9434328358
22.4232835821
24.0017164179
24.6135074627
20.4961940299
18.0736567164
15.9335820896
15.9291044776
15.2031343284
13.4142537313
13.0367910448
10.5974626866
13.7274626866
17.2339552239
19.9202238806
20.0365671642
22.2208208955
16.0835820896
13.3701492537
13.102761194
16.3008208955
21.3098507463
24.7284328358
21.8268656716
23.1810447761
21.9415671642
20.4211940299
19.2843283582
18.243358209
17.5408208955
20.962761194
18.8480597015
18.5503731343
20.4720149254
22.8870895522
19.8061940299
24.1723134328
24.5906716418
19.6285820896
16.5688059701
15.0640298507
13.4891791045
13.2811940299
12.8437313433
16.3473880597
14.1548507463
11.3135820896
13.0867910448
13.2336567164
10.0023880597
11.0005970149
10.0964925373
10.2024626866
11.6232835821
12.1482089552
8.64097014925
11.6095522388
9.85119402985
11.2467164179
10.3523134328
6.52298507463
4.39611940299
8.24149253731
2.5221641791
2.38626865672
5.25186567164
5.66798507463
5.40679104478
7.68335820896
13.5936567164
8.39529850746
7.2873880597
8.72753731343
14.4381343284
11.306119403
2.87007462687
0.847910447761
1.75895522388
1.92320895522
1.61141791045
0.75552238806
-0.353432835821
-2.55895522388
-4.43067164179
-3.85985074627
-2.97552238806
-2.32701492537
-1.92791044776
-0.835820895522
0.247537313433
-3.10328358209
-1.95380597015
0.147910447761
-0.0635820895522
0.701940298507
3.90276119403
6.70276119403
10.9140298507
11.1311940299
13.1096268657
10.7273880597
7.81791044776
7.46835820896
7.90164179104
6.575
3.17335820896
2.34246268657
0.725895522388
2.79335820896
8.07537313433
9.7597761194
7.30888059701
6.61902985075
6.35514925373
5.58529850746
5.51843283582
8.13873134328
5.72253731343
4.97037313433
7.22462686567
7.16828358209
5.9797761194
-1.11313432836
-2.82865671642
-1.74686567164
-4.9771641791
-5.38186567164
2.96328358209
4.58746268657
2.60597014925
-0.116492537313
1.96507462687
0.728358208955
-1.9328358209
-2.89485074627
-0.231641791045
3.81895522388
2.55
5.90805970149
7.03955223881
3.61201492537
1.41141791045
-0.21171641791
3.10350746269
8.59201492537
7.80925373134
4.21305970149
4.95664179104
5.62552238806
4.01925373134
1.07320895522
-0.354925373134
-2.36858208955
0.310895522388
1.98701492537
1.95447761194
1.60611940299
3.89820895522
2.89119402985
-0.556194029851
-2.00231343284
-3.21985074627
-4.24880597015
-5.8
-7.14619402985
-11.7730597015
-3.4473880597
-1.60791044776
-1.87671641791
-3.56
-3.18888059701
-0.99447761194
-1.47164179104
-2.37313432836
-4.53626865672
-4.45686567164
-5.64328358209
-5.25970149254
-6.07910447761
-5.79059701493
-5.03611940299
-4.52671641791
-5.22597014925
-2.24067164179
-1.69820895522
-0.786567164179
-1.22104477612
0.591194029851
0.186417910448
4.12402985075
5.73037313433
5.05865671642
4.12559701493
2.2528358209
3.04425373134
2.95223880597
3.06291044776
3.34746268657
4.07701492537
8.47544776119
10.0729104478
12.6573880597
12.9194029851
13.1876119403
9.26828358209
6.92388059701
6.69253731343
6.49873134328
8.8247761194
7.13485074627
6.08910447761
10.0628358209
11.5500746269
8.26858208955
5.87417910448
9.20320895522
9.40291044776
8.76089552239
5.52805970149
3.31865671642
2.25358208955
5.65059701493
11.3647014925
9.85507462687
6.70723880597
2.78529850746
-0.910074626866
0.758805970149
3.97955223881
5.46007462687
13.9657462687
13.3958208955
10.9959701493
8.62619402985
7.99694029851
8.41171641791
11.1210447761
11.145
11.0036567164
13.8951492537
15.0788059701
13.095
16.0019402985
16.9979104478
19.7938059701
13.9441791045
18.857238806
23.2932089552
25.0585074627
19.877761194
22.2337313433
21.8420149254
16.7961940299
14.7596268657
15.0904477612
13.4524626866
17.3882835821
19.5020149254
21.6588059701
15.7112686567
15.6821641791
16.9763432836
20.9725373134
24.3175373134
19.8135820896
22.6714179104
21.2608955224
19.0289552239
23.3309701493
17.1158955224
19.7850746269
24.8130597015
24.0762686567
16.2460447761
12.6555970149
11.298358209
13.9619402985
14.8694029851
13.7497761194
17.9691044776
12.2802238806
12.0756716418
9.34664179104
9.81097014925
13.1832835821
20.5432089552
23.4725373134
16.4176865672
16.1602985075
18.4764179104
22.0659701493
25.6757462687
29.3973880597
28.3674626866
21.9152238806
24.2435820896
26.1078358209
24.1179850746
24.1500746269
24.8732835821
20.8779850746
23.46
25.7317910448
27.6436567164
27.2094776119
23.9652238806
24.5357462687
27.0759701493
28.7923880597
29.3756716418
25.7314925373
25.6488059701
20.3747761194
17.8020895522
16.5760447761
17.1214179104
15.6052985075
17.3623134328
17.1548507463
15.5085820896
19.2903731343
22.6794029851
26.5397014925
26.768358209
20.1336567164
17.4826119403
20.5955223881
21.8634328358
24.0192537313
21.2832835821
15.3190298507
16.1686567164
20.2939552239
22.8228358209
26.131641791
27.8864925373
23.5518656716
27.5270149254
23.4
28.5704477612
32.4358955224
27.3330597015
21.8652985075
25.8163432836
27.001119403
21.2797761194
23.7198507463
26.1930597015
26.3823880597
20.6900746269
22.7673134328
24.042761194
26.4830597015
22.7449253731
23.1352238806
17.7556716418
15.8862686567
14.8304477612
17.963358209
16.7814179104
16.6855223881
14.1610447761
16.4461940299
19.7062686567
14.9111940299
15.8047761194
14.0642537313
12.1499253731
14.2108955224
12.6380597015
16.0091791045
15.431119403
13.5860447761
17.3939552239
18.456119403
15.3887313433
16.1605223881
14.8890298507
15.5523134328
17.2375373134
14.0618656716
13.5035074627
19.9728358209
18.1008208955
14.9544029851
8.87373134328
11.9208955224
14.4535074627
17.6531343284
18.8558955224
18.7485820896
17.5335820896
15.9560447761
14.0558208955
15.0554477612
15.0226119403
18.2405970149
19.0132835821
18.361641791
22.1935820896
20.113880597
16.4079850746
16.0561940299
19.502238806
16.7420149254
15.9209701493
14.7694029851
16.3962686567
17.2663432836
16.1173134328
16.0868656716
16.9865671642
21.433880597
21.0585074627
18.3731343284
13.7736567164
14.5499253731
12.1074626866
11.7637313433
9.0123880597
13.8567910448
9.8123880597
8.45611940299
8.5223880597
8.56074626866
9.43164179104
8.47141791045
9.80910447761
8.08791044776
7.12253731343
10.9924626866
10.3171641791
5.7276119403
6.18029850746
6.0402238806
9.87298507463
7.04059701493
6.71373134328
6.8097761194
9.74753731343
12.8631343284
11.2819402985
12.7961940299
9.69358208955
11.1157462687
12.9755223881
11.8641791045
9.42201492537
8.5697761194
8.68208955224
5.80119402985
7.42149253731
7.20589552239
6.73134328358
9.46074626866
9.55746268657
7.21805970149
3.28828358209
1.84865671642
0.853880597015
0.345223880597
4.39485074627
6.90089552239
7.18186567164
8.03141791045
6.46746268657
5.93746268657
10.2567910448
6.41776119403
6.06059701493
3.02313432836
1.4921641791
1.29835820896
4.90791044776
2.50619402985
4.0
3.44014925373
6.77335820896
8.51268656716
1.77858208955
1.43641791045
-0.500671641791
-2.66291044776
-3.4852238806
-4.17485074627
0.340970149254
1.29492537313
2.82664179104
7.17440298507
7.44343283582
6.74514925373
6.70768656716
7.48895522388
-1.05253731343
-0.278358208955
2.07708955224
1.93082089552
-1.95164179104
-4.31246268657
-2.02156716418
-4.33358208955
-11.5650746269
-11.8094029851
-11.4494029851
-12.5729104478
-12.0164179104
-10.5837313433
-7.2323880597
-7.36768656716
-4.12432835821
-5.64604477612
-5.47358208955
-2.1526119403
0.938208955224
2.00910447761
0.971194029851
0.768880597015
-1.035
-0.156791044776
-2.55343283582
-9.11970149254
-5.11582089552
-3.20619402985
-2.09873134328
-1.73985074627
0.723880597015
2.41126865672
2.95902985075
4.30208955224
4.84276119403
6.62179104478
6.28611940299
5.35388059701
4.06970149254
3.63544776119
1.84626865672
1.3276119403
-0.514029850746
-0.951417910448
-1.33014925373
-1.43597014925
-0.754402985075
-1.19880597015
1.71104477612
0.855820895522
0.477835820896
1.41246268657
2.1923880597
4.94514925373
7.16343283582
6.80820895522
0.653432835821
-4.25149253731
-3.92395522388
-1.25156716418
-1.46298507463
-3.10932835821
-1.44104477612
-1.56164179104
1.27940298507
1.06402985075
0.361343283582
1.41365671642
1.76410447761
2.90708955224
1.32753731343
0.869179104478
3.56164179104
1.60947761194
2.24604477612
3.47313432836
4.23440298507
4.9652238806
8.06298507463
9.2023880597
10.3732089552
10.081119403
10.3095522388
6.575
5.31694029851
5.99798507463
7.35201492537
5.45746268657
14.1865671642
11.0912686567
13.2417164179
12.4626119403
18.0906716418
15.4648507463
13.4324626866
11.3913432836
11.5000746269
5.88328358209
8.67380597015
12.2504477612
12.8005223881
10.6576119403
15.8450746269
18.3476119403
19.8944029851
14.6048507463
10.5276865672
14.1023134328
17.5620895522
20.9048507463
21.8640298507
17.986641791
15.3311940299
19.7120149254
24.0097014925
21.9179104478
17.8700746269
20.751119403
13.3696268657
6.3202238806
9.27932835821
8.5526119403
12.9928358209
14.6208955224
20.7163432836
18.9823134328
11.9744029851
10.0147014925
10.1215671642
10.6740298507
11.6070149254
10.8195522388
13.0785074627
15.1157462687
16.931641791
11.8436567164
9.07686567164
10.3171641791
12.906641791
18.4444776119
20.0321641791
21.2679104478
18.1060447761
14.2364925373
10.572238806
11.6917910448
16.2447014925
18.121119403
14.3223880597
15.6574626866
15.4194029851
16.2185074627
17.5763432836
18.0413432836
15.3293283582
16.0238059701
17.7054477612
20.201641791
15.5779104478
14.8792537313
17.1776865672
13.3420149254
12.536119403
12.9523134328
11.4726119403
15.2400746269
17.032761194
16.4171641791
17.8605223881
16.7614925373
15.5617164179
16.3567164179
18.1384328358
21.4414179104
23.0575373134
28.5112686567
30.2500746269
24.0999253731
21.4308208955
23.9162686567
23.1108208955
23.2531343284
25.8834328358
27.963880597
20.4669402985
19.3409701493
19.8101492537
25.8835820896
22.5487313433
19.2805970149
24.3117164179
26.701641791
26.6804477612
23.3379104478
19.5917910448
21.1093283582
18.8801492537
19.5873134328
21.2129850746
21.0937313433
20.3643283582
17.4311940299
14.1400746269
15.1959701493
14.3573134328
16.1114925373
18.6267164179
15.8290298507
17.3908208955
14.5591044776
16.653358209
16.9278358209
14.9882835821
15.1862686567
17.7595522388
19.6160447761
15.2606716418
16.3494776119
19.1032089552
20.1115671642
20.2684328358
22.8198507463
18.3098507463
18.2273880597
27.1005970149
20.9500746269
21.751641791
23.6680597015
26.4943283582
27.4982835821
21.4
23.7275373134
19.6808208955
16.8034328358
17.7694776119
16.4196268657
17.5147761194
19.9124626866
18.2796268657
24.5239552239
22.8430597015
24.5451492537
26.115
20.2644776119
17.8148507463
18.8196268657
16.7939552239
18.975
18.571641791
16.8426865672
21.6897014925
19.7564179104
20.313880597
16.0335074627
20.8829104478
23.8511940299
22.4576119403
18.6420149254
21.0814925373
25.5390298507
24.4480597015
19.803358209
16.0744776119
14.6241791045
13.911119403
11.8811940299
11.2792537313
9.8478358209
12.4446268657
13.8676119403
13.5521641791
13.4304477612
13.3867910448
19.4311940299
18.6431343284
13.512238806
13.0841044776
13.043880597
19.763880597
15.1444776119
10.8084328358
9.86328358209
12.116641791
15.6476865672
18.4262686567
12.6489552239
13.4785820896
15.4509701493
11.8208955224
11.2594029851
10.1194029851
9.19365671642
8.76514925373
8.59656716418
10.3409701493
12.6273134328
12.2480597015
10.4530597015
11.082238806
12.0993283582
9.61723880597
10.3665671642
7.73791044776
7.20791044776
6.01335820896
6.53947761194
5.64358208955
2.77567164179
5.4528358209
5.48873134328
8.92805970149
8.00529850746
8.7173880597
6.8047761194
5.40828358209
10.5658208955
8.6878358209
9.42201492537
8.09313432836
6.75843283582
5.70514925373
4.49514925373
5.31611940299
2.83828358209
1.8697761194
2.42873134328
1.94201492537
2.77425373134
2.91462686567
1.20380597015
2.08835820896
0.799402985075
1.84276119403
0.446044776119
2.66194029851
0.984776119403
-0.345895522388
-3.17298507463
-4.80492537313
-2.46850746269
2.66649253731
0.99552238806
0.121343283582
-3.0402238806
0.0858208955224
4.41619402985
9.28276119403
13.0929850746
10.6178358209
7.80970149254
7.76388059701
8.58186567164
3.36649253731
1.6076119403
1.48089552239
4.81955223881
6.92656716418
8.76686567164
8.65589552239
9.99052238806
9.36358208955
7.11410447761
10.826119403
7.705
7.5026119403
10.3088059701
10.4719402985
6.12126865672
5.39291044776
4.64552238806
3.70388059701
5.24514925373
3.4702238806
3.28820895522
2.8478358209
4.45708955224
4.53985074627
4.81291044776
3.80910447761
3.13917910448
1.52858208955
3.70141791045
3.42537313433
2.24417910448
5.5528358209
8.79447761194
7.06268656716
7.015
6.84932835821
8.56425373134
5.6397761194
3.78029850746
5.19902985075
6.3421641791
6.10194029851
7.97037313433
6.26686567164
8.33671641791
5.35067164179
1.97985074627
3.97328358209
3.42440298507
3.59067164179
1.6602238806
3.49164179104
5.03910447761
7.19955223881
6.8352238806
3.2473880597
3.79395522388
4.13708955224
3.89350746269
2.57917910448
6.61805970149
4.5571641791
1.11440298507
-0.143880597015
-0.335895522388
0.0201492537313
2.61074626866
1.90634328358
0.26776119403
1.5278358209
1.82365671642
1.32865671642
2.37388059701
1.36664179104
2.38328358209
1.145
3.35067164179
2.24932835821
4.58835820896
4.03395522388
2.13246268657
2.89082089552
6.38246268657
7.02567164179
5.3778358209
5.2402238806
6.0202238806
10.0974626866
10.4520895522
9.12843283582
7.71649253731
7.70067164179
6.00858208955
6.94358208955
5.65223880597
7.64679104478
7.52447761194
13.1241791045
8.6921641791
4.76723880597
10.096119403
12.4961940299
9.52470149254
7.36156716418
12.9400746269
15.3191791045
11.6138059701
5.89492537313
7.80335820896
12.5961940299
16.1201492537
10.0462686567
10.8719402985
15.0007462687
19.4290298507
14.2038059701
19.4947761194
23.0123880597
17.0913432836
15.6278358209
13.3205223881
6.3228358209
8.70567164179
10.9379850746
11.2744776119
14.0703731343
10.6106716418
15.4270895522
18.0409701493
20.1082089552
15.7796268657
15.3317164179
15.9271641791
17.9493283582
18.8791791045
21.3995522388
16.6584328358
21.8411940299
21.7300746269
19.0982089552
22.9035820896
23.247761194
22.8164179104
23.6567910448
22.9706716418
20.7436567164
14.6531343284
15.2015671642
12.1820895522
11.7582835821
14.0880597015
18.6092537313
21.1438059701
25.1829850746
26.6306716418
25.6095522388
20.8952238806
19.0086567164
19.1265671642
15.5752238806
16.2770149254
15.6864179104
19.612238806
18.1531343284
14.996119403
11.9734328358
15.5312686567
16.397761194
18.4818656716
21.6726119403
18.4051492537
16.4969402985
22.2879104478
24.7554477612
22.7782835821
20.8964179104
22.5004477612
23.4279104478
17.1511940299
14.3770895522
19.4276865672
18.0902985075
14.761119403
15.627761194
16.4739552239
20.5032089552
20.6485074627
23.6820895522
24.2405970149
25.2820895522
23.2870895522
18.0800746269
18.4626865672
22.6807462687
25.0305223881
23.1290298507
21.9534328358
21.508358209
20.0934328358
23.4142537313
26.6014925373
21.8547761194
21.7088059701
16.7542537313
16.0647014925
13.6562686567
16.623358209
15.8326119403
19.4065671642
23.6211940299
21.4004477612
25.8114179104
29.2837313433
22.9828358209
22.7986567164
27.6847014925
20.5770895522
22.0297761194
19.7664179104
19.1614179104
21.2978358209
26.1008208955
19.0097761194
17.0374626866
20.0726865672
21.7879850746
24.012238806
27.7828358209
28.6019402985
26.9771641791
27.223880597
25.0123880597
26.2147014925
23.6938059701
28.2689552239
26.8886567164
22.7941791045
23.2493283582
27.2748507463
25.8679850746
19.4556716418
18.0262686567
17.8952238806
18.1944776119
18.9262686567
16.252761194
16.7228358209
17.7943283582
25.4981343284
21.932761194
19.1108955224
22.278358209
25.023358209
17.4767910448
14.0505970149
17.7220149254
17.6956716418
19.3820895522
19.6044029851
20.2060447761
21.811119403
23.6581343284
19.4694776119
16.8523134328
13.8852238806
12.5439552239
13.6031343284
12.3981343284
15.1289552239
16.8176865672
13.7190298507
14.3035074627
13.041119403
18.643358209
15.4814179104
13.2781343284
14.05
18.2253731343
19.756119403
19.146119403
15.1494776119
13.897761194
14.6380597015
16.5717910448
14.7337313433
12.1773134328
13.6829104478
11.6429850746
10.5046268657
10.7811940299
17.2747761194
17.0991791045
8.96067164179
12.2643283582
16.9180597015
15.5146268657
15.63
13.1788059701
13.878358209
15.4453731343
14.8063432836
11.818880597
12.5591044776
13.5680597015
10.4876119403
10.3826119403
10.0179104478
10.2889552239
16.1418656716
15.2099253731
10.5273134328
5.26298507463
6.62940298507
7.43970149254
7.0476119403
2.0978358209
3.79664179104
4.11246268657
4.50776119403
6.24074626866
7.8047761194
8.19253731343
7.93731343284
10.2020895522
11.1397014925
9.16171641791
7.79910447761
9.06940298507
9.34880597015
8.46955223881
8.3278358209
6.83492537313
2.06656716418
-0.840298507463
-4.805
-1.47440298507
1.85485074627
4.70126865672
4.51932835821
5.36708955224
3.1078358209
6.95888059701
3.26947761194
4.52873134328
1.81029850746
1.21
7.5128358209
6.30589552239
3.66350746269
3.44567164179
3.67440298507
5.54850746269
8.76895522388
8.57037313433
5.7002238806
5.68119402985
5.80798507463
2.74798507463
-1.4152238806
-1.1528358209
3.03097014925
7.26828358209
3.46246268657
3.54350746269
6.34641791045
6.70149253731
8.18925373134
6.23626865672
7.17641791045
6.99514925373
7.51350746269
8.68246268657
4.55104477612
3.73313432836
5.73298507463
6.60619402985
3.81910447761
3.41179104478
3.95970149254
3.79507462687
4.40619402985
8.41402985075
8.30052238806
6.80664179104
5.16320895522
7.4776119403
7.95492537313
7.38597014925
5.36410447761
5.65350746269
4.73111940299
4.02910447761
2.86559701493
0.428880597015
3.86231343284
5.95873134328
4.46597014925
2.12171641791
1.48388059701
3.88873134328
3.79335820896
0.438432835821
0.417537313433
1.80440298507
2.42067164179
2.93776119403
0.346940298507
0.24552238806
-0.594253731343
1.54701492537
6.50873134328
8.69440298507
5.61014925373
4.65828358209
4.20320895522
2.44746268657
4.10037313433
5.44156716418
5.32350746269
3.95940298507
5.26208955224
4.59820895522
8.02955223881
11.5170895522
11.3341791045
6.28268656716
4.1597761194
5.22895522388
5.03313432836
7.63111940299
5.33156716418
3.45298507463
4.0028358209
5.12544776119
6.51626865672
8.94641791045
8.01574626866
10.1106716418
16.7012686567
16.7200746269
9.16201492537
9.52164179104
13.4364925373
15.0370895522
9.85119402985
10.7581343284
8.55828358209
7.30940298507
9.52955223881
9.10865671642
6.80791044776
10.2314179104
9.14865671642
7.01320895522
11.5246268657
9.10052238806
7.70402985075
10.1534328358
14.1297014925
19.0912686567
21.5840298507
14.0792537313
20.2649253731
18.6281343284
12.356641791
5.57925373134
4.26350746269
4.4376119403
2.33335820896
9.20559701493
9.01097014925
11.3345522388
13.4844776119
13.438358209
17.9830597015
18.222761194
12.8179850746
12.7591791045
8.0247761194
10.8114179104
8.71223880597
9.9023880597
7.27791044776
10.7043283582
12.521119403
10.1310447761
9.34537313433
16.1368656716
18.1965671642
12.4991044776
6.00380597015
4.95380597015
10.6301492537
11.2543283582
15.8859701493
18.1529850746
20.0479850746
19.6309701493
22.412238806
15.0994029851
11.8614179104
17.1344029851
22.252761194
15.4995522388
15.087238806
13.5623880597
14.1423880597
14.9408208955
18.7475373134
21.322238806
22.3652985075
23.5818656716
25.6247761194
25.1407462687
23.1632089552
20.7997761194
23.5265671642
24.791641791
25.0726119403
26.0309701493
21.6546268657
23.4792537313
21.872761194
21.9069402985
15.0036567164
18.468880597
14.1319402985
14.1270895522
12.7294776119
13.6023134328
14.981641791
13.2365671642
14.8805970149
17.7906716418
22.9068656716
17.681641791
21.4805223881
22.2588059701
22.4530597015
22.6178358209
21.2182089552
23.6892537313
24.24
24.8495522388
26.2598507463
27.7097761194
19.8146268657
22.0887313433
21.6769402985
25.5414925373
26.7704477612
25.3403731343
17.3979850746
18.4418656716
18.9084328358
21.6062686567
17.4376865672
15.4409701493
21.9747014925
27.9629850746
29.493358209
29.6126865672
25.5987313433
21.8609701493
21.2767910448
21.0608955224
23.7956716418
22.7920149254
16.7057462687
16.5532089552
18.0676119403
18.8569402985
18.342761194
18.088358209
23.7902238806
25.9167164179
28.7512686567
26.301119403
26.9385820896
24.633880597
25.066641791
21.907761194
21.7320895522
24.3031343284
23.4410447761
17.4129104478
15.7635820896
14.6601492537
18.2148507463
19.6421641791
23.3298507463
25.0438059701
24.065
22.251641791
22.4010447761
24.946119403
24.1595522388
21.5613432836
24.1389552239
24.8197761194
28.3614179104
32.4335820896
23.3563432836
23.4140298507
26.9358208955
28.471641791
30.8525373134
27.8581343284
21.8423134328
23.7176865672
17.811641791
16.3985820896
17.9732835821
12.6140298507
14.6995522388
18.7963432836
22.0529850746
18.1246268657
15.7534328358
12.8262686567
16.6932089552
16.6870149254
19.8547014925
22.2087313433
23.2779850746
23.0426865672
21.5159701493
20.9136567164
21.312761194
16.5458955224
17.6656716418
16.4405970149
18.6617164179
23.1591044776
26.2114179104
24.5539552239
22.9942537313
24.811641791
24.7910447761
17.5630597015
14.3181343284
17.1643283582
16.8205223881
13.1376119403
14.3932835821
13.1295522388
13.2032089552
13.4249253731
12.2767164179
13.2111940299
14.6732835821
17.5058208955
12.1905223881
9.75044776119
9.06537313433
8.54037313433
10.0656716418
11.3051492537
12.8267164179
12.9100746269
12.2208208955
11.5453731343
12.8380597015
15.7702238806
17.2314925373
15.4902238806
13.2823134328
19.1932089552
20.7058955224
20.9571641791
17.9923134328
16.6714179104
18.0687313433
18.3168656716
17.9632089552
12.5273880597
15.1095522388
12.0008955224
12.162238806
13.9135074627
11.1974626866
10.2708208955
8.75746268657
6.83850746269
5.97320895522
6.90149253731
8.25559701493
7.94313432836
10.3061940299
11.5164179104
9.58253731343
7.73589552239
7.51440298507
5.30373134328
4.71604477612
4.43514925373
4.98925373134
8.10723880597
7.3171641791
5.40791044776
1.15791044776
2.69932835821
-0.139701492537
1.43626865672
4.3828358209
5.49955223881
2.21656716418
0.82223880597
1.37194029851
2.70559701493
4.03723880597
2.70679104478
3.28014925373
2.6223880597
4.93164179104
0.1
2.16619402985
0.855149253731
-1.35089552239
1.37925373134
7.25925373134
10.7519402985
9.90432835821
14.68
14.1191044776
11.6452985075
11.33
9.43350746269
12.3011940299
11.5449253731
6.9371641791
7.30559701493
8.50626865672
3.77417910448
-0.00626865671642
-1.56626865672
-1.77582089552
-1.88156716418
-1.39052238806
-0.931119402985
-0.730373134328
-1.05895522388
-0.837014925373
-0.353955223881
-0.344850746269
-0.418358208955
-0.64671641791
1.77246268657
2.19932835821
2.45470149254
5.33111940299
0.459104477612
2.76380597015
3.99164179104
7.63037313433
8.4376119403
4.20880597015
3.3321641791
4.15201492537
7.75686567164
6.65455223881
8.18029850746
6.88171641791
10.7029104478
8.28701492537
6.16552238806
8.55544776119
5.62574626866
6.87223880597
9.79186567164
9.50417910448
8.53589552239
11.1894029851
7.84365671642
10.6191791045
10.918880597
11.8479850746
13.4186567164
6.60156716418
5.79059701493
6.25104477612
4.86171641791
2.96417910448
5.80985074627
3.65626865672
3.66656716418
5.94485074627
9.83619402985
12.2964925373
15.2850746269
14.7937313433
13.866641791
14.7632835821
16.4820149254
14.1108208955
10.9285820896
3.33126865672
6.90298507463
7.97462686567
2.65910447761
4.18417910448
4.72253731343
5.56902985075
7.34708955224
9.86171641791
12.7274626866
9.77089552239
10.0830597015
17.0220149254
13.3700746269
11.3148507463
12.4567910448
14.2505970149
16.3093283582
18.6370895522
18.9655970149
18.8420895522
12.3125373134
13.5687313433
14.4676865672
11.568880597
10.955
7.59985074627
6.91888059701
7.99141791045
5.23425373134
9.57305970149
13.2089552239
16.84
19.2271641791
18.5134328358
13.1525373134
7.61208955224
7.37843283582
9.68776119403
9.51932835821
7.8076119403
8.82537313433
11.2945522388
10.1654477612
11.3988059701
11.7976865672
10.706641791
8.05574626866
8.27171641791
8.90888059701
9.69589552239
10.4752985075
14.4182835821
15.9645522388
15.5741791045
12.2879104478
12.4074626866
12.5065671642
16.7937313433
10.7721641791
10.1450746269
16.217238806
19.746119403
22.9002238806
23.2141044776
21.6693283582
23.3717164179
24.813358209
25.1820895522
24.192761194
21.8455223881
21.8139552239
22.15
16.6447761194
16.1576865672
15.547761194
15.3844029851
19.9593283582
20.8656716418
19.8509701493
15.1188059701
18.9973880597
20.6073134328
20.9359701493
20.806119403
22.9871641791
19.1139552239
12.8626119403
15.1370895522
16.706641791
12.5154477612
17.3860447761
19.8198507463
21.9437313433
24.8953731343
17.9579850746
16.6849253731
15.0845522388
16.9051492537
17.8426119403
14.9074626866
13.431119403
14.1208208955
12.4323134328
14.3792537313
15.2915671642
14.2297761194
13.4806716418
14.6450746269
18.4185074627
22.0075373134
21.8135820896
24.4813432836
19.1082089552
19.8635820896
18.1640298507
17.1107462687
20.5502985075
22.6186567164
27.986641791
26.2752238806
25.2614179104
27.038358209
25.5514925373
19.2794776119
17.7615671642
16.0579850746
19.4634328358
17.7193283582
15.4641791045
16.2964179104
20.7541791045
20.2002985075
16.5647761194
19.1897014925
25.3273880597
24.068358209
20.6551492537
24.1858208955
27.6532089552
19.5926865672
15.6297761194
20.2315671642
25.6195522388
27.1544029851
22.661119403
19.3126119403
18.705
18.9538059701
24.552238806
26.8582835821
30.4420149254
24.6170895522
26.5208955224
29.0914179104
30.276119403
29.5791791045
31.2278358209
32.837761194
31.4962686567
22.157238806
19.182761194
21.7541044776
24.4417910448
21.4167164179
26.1075373134
31.4749253731
28.8729850746
24.7367910448
24.0412686567
19.7132835821
18.4152238806
17.1535820896
19.9723880597
20.1214925373
14.1151492537
18.4770895522
21.3279104478
25.9686567164
27.7047761194
23.9376865672
25.0894029851
27.6841044776
28.5341044776
26.011119403
20.0298507463
12.9432089552
17.7432835821
15.5867910448
16.9134328358
15.405
16.0044776119
13.2270895522
16.8576119403
15.4478358209
12.0571641791
16.0581343284
16.7698507463
16.283880597
18.191641791
13.9239552239
16.0570895522
16.8299253731
14.7697761194
18.0455970149
12.5108955224
11.7371641791
11.6552238806
15.3008955224
12.5485820896
12.0497761194
12.3461940299
12.1455970149
14.1197761194
17.756119403
18.3596268657
16.7568656716
15.9532835821
17.6405223881
13.4735820896
12.7589552239
15.8955970149
15.6406716418
9.82164179104
12.1234328358
12.4869402985
15.8080597015
21.3829104478
20.0185074627
22.1474626866
22.9461940299
19.1152238806
17.4661940299
16.1767910448
18.5724626866
14.4262686567
10.5426865672
10.1714925373
13.1723134328
12.6103731343
15.6002238806
12.5709701493
10.9632089552
10.8770149254
9.50395522388
9.50828358209
10.5439552239
10.148358209
8.03798507463
7.13895522388
4.54589552239
3.39156716418
4.8323880597
5.65440298507
5.22753731343
7.40828358209
5.96850746269
7.76179104478
9.26507462687
8.29559701493
9.49850746269
9.45194029851
8.43179104478
11.6808208955
9.91552238806
5.68126865672
7.69432835821
5.24582089552
3.19746268657
2.1002238806
3.3826119403
4.29768656716
5.08985074627
5.84082089552
3.31925373134
4.1397761194
1.85328358209
-0.463208955224
1.67559701493
2.98880597015
4.96432835821
3.19089552239
0.677686567164
0.389402985075
-1.52753731343
1.52597014925
0.989179104478
0.262313432836
1.5702238806
1.73007462687
1.3652238806
-1.53462686567
-1.27507462687
-0.472089552239
-0.88947761194
-1.57313432836
0.395074626866
1.68776119403
2.65358208955
4.24589552239
2.90134328358
1.61873134328
3.38873134328
5.06798507463
2.9573880597
10.1288059701
9.43992537313
4.64447761194
