0.228666666667
-1.43577777778
-2.486
-1.19155555556
1.66777777778
2.00407407407
1.94133333333
0.680296296296
0.0995555555556
-1.80659259259
-4.49140740741
-7.42362962963
-4.71422222222
-3.99777777778
-5.14548148148
-2.94177777778
-2.42385185185
-2.55155555556
-0.935925925926
-2.09185185185
-1.09918518519
3.45822222222
2.67222222222
2.14703703704
2.40392592593
0.994592592593
0.168296296296
-3.21659259259
-0.209185185185
4.78051851852
6.99614814815
6.36644444444
3.74562962963
4.16555555556
5.34288888889
6.74659259259
6.39066666667
5.94903703704
6.50244444444
9.85385185185
8.02437037037
5.70162962963
4.26940740741
4.19614814815
5.73140740741
4.08881481481
5.70592592593
4.73548148148
3.18555555556
3.54592592593
6.64696296296
9.48474074074
9.39977777778
10.1222962963
9.1802962963
9.94155555556
9.39444444444
2.51555555556
0.436074074074
3.94162962963
5.98807407407
4.41533333333
3.21362962963
0.801703703704
3.46348148148
4.95585185185
7.16762962963
8.75496296296
8.22466666667
5.50333333333
4.29874074074
6.26859259259
4.39533333333
5.44866666667
6.66740740741
9.36807407407
9.12192592593
7.30525925926
2.84518518519
-1.11488888889
0.835259259259
6.16318518519
7.77059259259
3.48148148148
10.7961481481
9.43451851852
10.3811851852
14.6878518519
10.6698518519
7.29459259259
10.4225925926
12.6760740741
10.5692592593
3.90725925926
3.39881481481
5.73977777778
8.04459259259
11.337037037
7.46214814815
6.61059259259
5.06162962963
8.04059259259
12.9287407407
15.8725185185
18.7108148148
20.0098518519
20.8720740741
20.4674074074
12.5144444444
8.09977777778
4.0
6.98340740741
6.85681481481
7.49807407407
7.47259259259
4.37696296296
8.18681481481
9.7557037037
9.14296296296
10.6631111111
15.7193333333
16.3667407407
12.3912592593
11.3057777778
9.91074074074
10.7862222222
15.8881481481
13.6465185185
10.1242222222
12.3048148148
15.2894074074
17.9380740741
19.6821481481
17.6135555556
15.2615555556
13.0236296296
14.4208888889
16.9432592593
19.0087407407
19.8107407407
20.9138518519
20.9222222222
13.5691111111
15.2982962963
12.5033333333
12.0939259259
18.6012592593
22.0679259259
18.1528148148
19.2988148148
12.9242222222
15.2680740741
13.0695555556
15.6575555556
17.6035555556
21.2434814815
23.549037037
24.8417777778
20.4542222222
20.2841481481
19.5686666667
18.2191111111
19.2199259259
22.2583703704
25.3277777778
27.6916296296
21.279037037
19.0143703704
17.4858518519
16.240962963
17.1274074074
14.912962963
14.1785925926
15.1174814815
16.0867407407
15.3025185185
14.0151111111
15.1683703704
15.5024444444
12.1277037037
13.5233333333
15.7731851852
14.3665925926
14.2474074074
16.1788888889
18.3452592593
17.0347407407
19.3447407407
17.5320740741
16.4697037037
16.4082962963
15.6120740741
14.4318518519
13.7996296296
13.1422222222
15.6214074074
15.5536296296
14.063037037
14.9205925926
17.1568888889
15.1675555556
16.4245185185
14.7
17.079037037
22.3098518519
25.1000740741
25.7179259259
26.7093333333
25.6357037037
24.834962963
24.3025925926
19.4311111111
21.4391851852
24.1174814815
28.3083703704
27.1467407407
24.6405925926
21.5216296296
19.4075555556
24.1117037037
22.521037037
18.081037037
19.7493333333
23.0934074074
19.1404444444
18.6085925926
21.7406666667
25.7002222222
26.5016296296
25.1662962963
23.9481481481
19.9088888889
19.9678518519
19.2051851852
14.8743703704
12.2668148148
13.0928888889
15.8068148148
20.4411111111
23.3665185185
22.1216296296
22.3302222222
18.828
15.8134074074
14.7188888889
18.2599259259
21.2117777778
23.4931111111
20.9099259259
16.7148888889
20.9287407407
22.708
16.3420740741
13.5737777778
14.7733333333
17.1071111111
15.0257037037
13.6954074074
15.6845185185
19.7954814815
18.6272592593
19.0864444444
23.1414074074
25.3692592593
23.7657037037
23.084
16.9726666667
20.304962963
14.5528888889
15.6966666667
17.1637037037
18.3258518519
18.4748148148
15.7784444444
14.2487407407
13.3163703704
13.9333333333
14.2898518519
12.6253333333
10.9443703704
12.768962963
10.2431851852
8.60274074074
7.59377777778
7.74644444444
8.67896296296
6.58303703704
8.74044444444
9.68037037037
11.3699259259
13.4839259259
9.35111111111
7.97488888889
8.25688888889
10.5265925926
12.5460740741
10.046
9.70585185185
9.22288888889
8.41748148148
10.9314814815
16.8145925926
13.1821481481
8.23540740741
5.7497037037
3.6842962963
-1.21851851852
-3.39548148148
-3.41059259259
-2.602
-1.35466666667
0.120148148148
1.41725925926
1.88037037037
0.00155555555556
0.290296296296
1.81637037037
3.50059259259
3.29525925926
8.14518518519
10.528
11.0502222222
10.496962963
6.24518518519
10.6228148148
10.9028888889
10.3016296296
11.6367407407
11.0847407407
8.23022222222
5.41007407407
1.57607407407
0.682296296296
0.237925925926
-0.954518518519
-2.90222222222
-5.87822222222
-1.42762962963
-0.841259259259
0.491037037037
1.08259259259
-5.04703703704
-5.21822222222
-2.66185185185
-0.467851851852
2.48807407407
2.93651851852
4.89051851852
8.15925925926
9.51859259259
4.0722962963
2.00244444444
0.177259259259
0.135777777778
1.0382962963
2.7697037037
3.02362962963
8.262
8.91244444444
8.43585185185
4.78140740741
0.795703703704
0.113925925926
0.774444444444
2.3997037037
2.92340740741
2.79977777778
2.782
6.71688888889
3.73185185185
0.809185185185
-1.25059259259
-3.01022222222
-5.19
-2.12977777778
-0.0347407407407
-0.314888888889
-2.59807407407
-0.815407407407
-1.56088888889
0.319037037037
-1.23977777778
2.0162962963
1.03451851852
1.88755555556
0.436666666667
-1.92303703704
-1.58340740741
-0.757851851852
0.629555555556
1.32207407407
1.55444444444
-0.69237037037
0.535481481481
0.682888888889
2.00296296296
2.37725925926
2.60985185185
3.88125925926
2.74503703704
1.90251851852
0.784740740741
3.3557037037
6.23503703704
6.55681481481
6.44422222222
4.21562962963
1.76644444444
-0.604518518519
-1.95659259259
-1.67503703704
-0.856962962963
0.986592592593
0.660962962963
-0.733481481481
-2.47948148148
-2.45918518519
-2.29933333333
-1.00548148148
-1.24948148148
0.10362962963
0.812444444444
2.89237037037
3.99792592593
2.92348148148
4.24066666667
5.04311111111
3.8897037037
2.09362962963
0.935037037037
4.52
9.80222222222
10.1534814815
11.9374814815
11.6065185185
15.2066666667
12.3984444444
11.1941481481
6.92777777778
9.14762962963
7.85607407407
4.26725925926
3.60525925926
5.99577777778
10.9322222222
15.0357037037
16.3442962963
9.23155555556
13.0179259259
17.1845185185
13.7444444444
13.790962963
15.8156296296
14.9146666667
16.7874074074
16.058
19.4600740741
16.7248888889
17.8493333333
11.3988888889
6.73259259259
11.6512592593
19.3268888889
14.9822222222
16.5297037037
19.2007407407
20.6338518519
21.1408888889
18.3341481481
17.4259259259
19.0747407407
12.5634814815
6.17311111111
6.47155555556
4.62014814815
8.36585185185
8.39711111111
6.496
4.18303703704
8.55837037037
14.0323703704
17.9625925926
11.3455555556
7.53503703704
6.64303703704
9.96651851852
8.6037037037
8.10718518519
7.81348148148
7.5857037037
9.12948148148
9.11488888889
18.214
18.7764444444
23.0661481481
25.0668888889
24.5477037037
21.7605925926
20.8047407407
16.3100740741
17.4021481481
20.8242962963
14.4359259259
18.6036296296
23.3163703704
25.9477037037
26.364
19.3754814815
18.4356296296
14.9522222222
13.1442962963
15.1391111111
11.7919259259
14.5822222222
15.518
20.3002962963
25.292962963
25.396
28.5985925926
20.9911851852
14.7788148148
18.3
20.5991111111
21.578
23.1548148148
20.1932592593
18.5495555556
21.8608148148
19.6118518519
18.7477777778
23.1139259259
25.9168888889
20.0500740741
12.8165925926
10.1411851852
10.6086666667
13.1513333333
13.4094074074
15.6187407407
19.0597777778
19.4716296296
20.9785185185
18.6088888889
21.7674814815
23.7995555556
20.4656296296
14.2214814815
18.7500740741
21.1622962963
19.0227407407
18.1642222222
20.4762962963
22.9052592593
23.9735555556
26.4572592593
27.3519259259
28.1614074074
24.0381481481
21.017037037
20.148962963
19.8697037037
17.3442222222
20.0497037037
19.0005925926
13.9400740741
13.3508888889
15.4894074074
15.9213333333
19.7162962963
16.4774074074
17.834
12.9006666667
15.0945925926
17.0142962963
17.7761481481
21.8568888889
19.6506666667
21.9411851852
22.1716296296
24.8911851852
25.0462222222
27.162962963
28.2121481481
28.5661481481
27.6205185185
21.5500740741
20.9791851852
17.5475555556
15.7848888889
20.5879259259
23.7797777778
25.3996296296
26.2394814815
21.3198518519
16.0945925926
19.2097777778
16.4765925926
13.8559259259
16.2373333333
13.3757777778
14.9397777778
17.5641481481
17.7387407407
17.0571111111
16.0317037037
16.5059259259
16.1811851852
18.1942222222
19.1531111111
18.2944444444
18.5679259259
17.8320740741
18.9208148148
20.0734074074
22.0516296296
22.7591851852
21.2298518519
21.1478518519
21.5127407407
22.4265925926
20.0237777778
17.5508888889
14.86
16.966962963
16.5808888889
17.5197777778
20.1211111111
16.4027407407
19.6879259259
19.9060740741
22.8239259259
17.0866666667
17.089037037
16.7442962963
18.8144444444
14.9097037037
11.2588148148
14.4162962963
16.772962963
17.1161481481
14.9592592593
12.2302962963
12.2745925926
12.0277777778
19.8251111111
15.5524444444
13.9322962963
17.5900740741
12.7623703704
10.6501481481
5.62074074074
6.09311111111
7.71333333333
5.89888888889
7.84037037037
7.7237037037
12.4183703704
10.5074814815
9.79140740741
7.92955555556
6.01577777778
5.34814814815
3.97414814815
4.70392592593
8.43274074074
6.26711111111
7.65325925926
9.49518518519
8.63333333333
13.3824444444
12.4391111111
12.4033333333
12.4357777778
11.411037037
9.80037037037
7.52933333333
4.09466666667
1.55244444444
0.662962962963
2.99681481481
-0.47362962963
3.11866666667
6.08844444444
4.7917037037
2.24585185185
2.59081481481
3.22414814815
8.3702962963
10.3588148148
12.2377037037
12.0501481481
11.9526666667
11.0874814815
9.45059259259
1.46222222222
2.67007407407
4.30274074074
3.72311111111
3.0302962963
2.8602962963
1.072
0.686148148148
-0.330814814815
2.85288888889
1.14474074074
0.708222222222
1.66259259259
3.37637037037
2.44311111111
-0.278148148148
-0.335481481481
-0.87037037037
-6.01607407407
1.95125925926
1.47192592593
-6.38459259259
-8.30622222222
-4.1877037037
-7.11333333333
-5.59140740741
-4.98385185185
0.288296296296
-0.332444444444
-0.832814814815
-0.175703703704
-0.488666666667
-2.59807407407
-0.730444444444
2.83748148148
5.16659259259
6.49644444444
6.28088888889
4.39651851852
7.75592592593
8.38237037037
8.12740740741
7.35503703704
-6.94674074074
-8.00725925926
-7.75488888889
-9.28096296296
-5.6242962963
-4.8802962963
-7.94118518519
-8.33718518519
-1.68725925926
0.767851851852
0.0995555555556
-0.962296296296
0.83162962963
0.443703703704
-1.35851851852
0.303333333333
0.525333333333
0.657333333333
0.126296296296
1.5162962963
1.80518518519
0.437259259259
2.88844444444
6.64674074074
5.14459259259
1.40577777778
0.523481481481
1.39014814815
2.53755555556
3.71133333333
2.8382962963
5.66333333333
5.74607407407
4.71622222222
7.60340740741
9.54466666667
7.5517037037
8.88577777778
3.35977777778
3.70725925926
0.528592592593
2.23066666667
1.90577777778
-1.99614814815
2.00911111111
3.18622222222
4.22274074074
-0.404740740741
0.195333333333
-0.36162962963
1.8742962963
3.14792592593
3.2517037037
8.36651851852
5.67637037037
8.35533333333
8.4337037037
4.59451851852
5.10437037037
4.29577777778
7.78481481481
4.58644444444
6.6762962963
5.22688888889
5.29503703704
3.54362962963
5.73718518519
9.91688888889
6.4702962963
3.764
6.93925925926
4.72125925926
3.73592592593
5.90444444444
7.60874074074
6.80681481481
10.8160740741
12.8868148148
14.9602962963
17.9085185185
13.0539259259
11.4557037037
6.89437037037
5.78874074074
15.6271111111
15.9725185185
11.1111851852
14.5505185185
18.0083703704
19.6583703704
10.206
10.3455555556
4.39607407407
4.95748148148
3.87762962963
4.23318518519
4.55837037037
8.30296296296
11.6884444444
14.0697777778
11.3134814815
11.0716296296
12.3048148148
12.9135555556
12.8632592593
13.4745185185
13.7596296296
9.25548148148
12.5517777778
11.166962963
11.5671111111
9.37755555556
7.36414814815
7.09185185185
8.27318518519
7.9497037037
13.5617777778
12.1902962963
10.5345925926
13.1826666667
9.2477037037
13.6774814815
15.6168148148
12.4537037037
12.2439259259
16.4776296296
19.2561481481
21.1862962963
23.2791111111
25.2151111111
20.998
22.3312592593
18.9024444444
22.3039259259
18.0615555556
16.8067407407
16.0285925926
14.3554074074
18.2175555556
23.6699259259
26.1235555556
18.8297777778
17.8964444444
20.988962963
25.4415555556
27.915037037
29.0536296296
29.8262962963
30.3572592593
29.7779259259
25.6475555556
25.2865185185
24.6233333333
21.3862962963
22.2402962963
17.6374814815
16.8617037037
13.1928888889
13.1265925926
13.2475555556
13.9642962963
17.183037037
19.2531851852
16.4793333333
17.8304444444
19.5325925926
22.1662962963
20.0982222222
17.3086666667
23.4882962963
20.7382962963
18.6048148148
17.5452592593
16.8294814815
18.0437037037
19.0262962963
24.4268148148
25.8
18.2099259259
18.7302222222
20.4708148148
20.7759259259
24.6620740741
27.7558518519
25.5707407407
27.7347407407
27.3447407407
27.4853333333
28.7391111111
29.7883703704
26.7668888889
22.6396296296
22.9512592593
21.3612592593
26.3585185185
27.8892592593
21.2406666667
19.5162962963
21.429037037
22.6265185185
16.9668148148
18.0079259259
19.1800740741
25.6194814815
27.2022222222
28.091037037
27.2706666667
28.794
28.1615555556
23.0394814815
23.0878518519
22.9801481481
22.9484444444
22.5925925926
22.2562962963
21.0438518519
23.5444444444
28.2914074074
22.9503703704
20.9796296296
24.8484444444
23.5213333333
20.3902962963
23.6594074074
19.8056296296
16.1593333333
15.8754074074
18.6902222222
20.0958518519
19.1134814815
18.1853333333
23.1502962963
19.2448888889
19.9833333333
21.5326666667
22.3668148148
19.7404444444
15.9311111111
15.5199259259
20.3856296296
24.7614814815
26.9302962963
22.4698518519
19.7291111111
20.9215555556
21.8707407407
24.3738518519
24.6063703704
24.5888888889
23.8304444444
24.3276296296
27.0883703704
27.3168148148
27.5451851852
26.216962963
24.9692592593
25.2271111111
22.4814074074
17.7773333333
14.4882962963
18.1293333333
19.6365185185
23.4981481481
17.4645925926
19.7411851852
20.8098518519
16.7647407407
14.4297037037
18.5402962963
17.672
16.3359259259
13.6025185185
12.7174814815
10.7403703704
10.1114814815
9.59
10.3971851852
11.0401481481
10.6728148148
11.2241481481
10.9666666667
10.1653333333
9.49837037037
9.17881481481
12.6846666667
13.2464444444
13.2740740741
13.388
15.7957777778
14.1291111111
10.4602962963
9.53844444444
11.2902222222
11.5641481481
12.6468888889
9.558
8.84214814815
8.774
12.3434074074
14.547037037
11.5578518519
9.89940740741
8.94044444444
6.35703703704
8.0677037037
12.4116296296
13.7703703704
11.2776296296
12.5354814815
9.14296296296
8.85333333333
5.46414814815
4.26311111111
2.15585185185
3.42548148148
9.69355555556
9.56948148148
7.60992592593
7.10022222222
7.90718518519
11.825037037
11.462
8.54777777778
7.33466666667
5.52177777778
4.62762962963
3.046
1.20414814815
1.11237037037
3.01348148148
1.76207407407
1.86022222222
1.96888888889
3.294
5.31911111111
10.0634074074
6.88577777778
9.56207407407
3.36651851852
2.32066666667
1.5002962963
0.0415555555556
7.69548148148
9.54955555556
3.88577777778
0.922962962963
-0.00688888888889
5.40222222222
3.56125925926
2.9022962963
1.04762962963
-1.09659259259
0.546740740741
2.10955555556
5.78414814815
4.64666666667
2.58051851852
2.41251851852
1.11118518519
-0.202888888889
0.829407407407
6.86822222222
8.34896296296
10.5904444444
11.2055555556
7.89925925926
3.74444444444
3.48607407407
6.01985185185
7.50362962963
5.59562962963
4.30244444444
2.26140740741
3.6602962963
5.75866666667
6.17807407407
5.15874074074
0.872888888889
0.804666666667
2.46888888889
3.24866666667
2.88281481481
2.2697037037
2.20274074074
6.93577777778
9.99044444444
8.284
7.74762962963
6.49177777778
1.7262962963
7.97362962963
2.19888888889
1.47148148148
0.895925925926
-0.0981481481481
1.3642962963
0.774814814815
-0.997111111111
-1.12422222222
-2.81459259259
-3.40948148148
-2.422
-1.59281481481
-3.318
-2.37755555556
-3.29711111111
-0.44962962963
1.41296296296
-0.800592592593
0.217259259259
-0.312148148148
-1.55585185185
1.64496296296
4.04755555556
5.91237037037
5.92355555556
6.7057037037
5.53222222222
2.44555555556
4.16081481481
4.76348148148
6.64948148148
7.44081481481
6.04903703704
8.07548148148
7.01207407407
11.0326666667
6.3697037037
6.75081481481
6.07674074074
9.87177777778
11.9941481481
9.47637037037
9.44074074074
10.4604444444
10.9371111111
9.94866666667
10.4076296296
9.11081481481
7.26244444444
6.8237037037
9.10925925926
5.46548148148
2.10992592593
3.34325925926
2.37325925926
5.0537037037
4.18451851852
7.45177777778
10.2213333333
7.5182962963
5.83274074074
5.80955555556
6.01925925926
7.44059259259
6.78837037037
9.51911111111
8.37022222222
11.0042222222
14.0228888889
6.15681481481
5.94977777778
5.30548148148
7.35437037037
15.384
19.328962963
20.4894814815
18.0191851852
15.414
19.6422962963
14.8425925926
19.1640740741
12.8824444444
18.8014074074
19.1713333333
14.0456296296
16.0828148148
14.2664444444
17.9145185185
14.5068148148
12.1304444444
9.82933333333
11.0632592593
14.4462962963
17.1204444444
12.8619259259
14.2751111111
14.0465925926
10.8697037037
12.7674814815
14.8903703704
11.1028888889
17.2008888889
17.5511851852
21.4684444444
21.0773333333
16.3828888889
13.0618518519
19.6618518519
22.7278518519
12.5336296296
9.61711111111
9.63096296296
10.3468148148
11.2497777778
8.9237037037
11.288
11.0368148148
14.4183703704
21.9185185185
23.4465925926
19.9528148148
20.8882962963
25.875037037
20.1771851852
16.2625185185
21.3345925926
26.238
23.0004444444
19.5071111111
20.7697777778
23.4345925926
21.329037037
18.9487407407
14.9651111111
12.5001481481
11.948
16.2081481481
21.3134814815
23.4934814815
25.2742222222
26.2212592593
26.7505185185
27.4194074074
23.6821481481
23.5842962963
19.1584444444
15.069037037
15.5838518519
18.6704444444
15.5851851852
20.442962963
23.3328888889
24.7404444444
26.2403703704
27.2795555556
26.79
26.5257777778
29.1362962963
29.8128148148
30.0257777778
29.1815555556
24.54
19.4551111111
26.3942962963
29.1431111111
30.7937777778
27.5097777778
20.5535555556
17.8157777778
18.2937777778
26.7303703704
29.3364444444
23.8185185185
27.1537037037
32.6522222222
30.612962963
26.2787407407
22.5511111111
26.0422222222
31.6917037037
27.1148888889
20.6567407407
16.7332592593
14.7622222222
13.6200740741
15.6985185185
20.5759259259
24.792962963
25.7341481481
25.8803703704
24.5751111111
24.9642222222
17.3758518519
16.1434814815
24.5877777778
24.1566666667
24.2748148148
26.3855555556
28.8311851852
29.18
28.5561481481
25.4346666667
26.4542962963
25.0313333333
26.5584444444
26.4162962963
26.1281481481
21.6088888889
23.0977777778
24.8052592593
27.0384444444
23.6491111111
22.3885925926
18.6054814815
17.492962963
21.7122222222
17.458
15.1491851852
17.8061481481
17.919037037
17.3281481481
14.2623703704
11.4662222222
12.8902962963
15.7257777778
20.7393333333
15.8505185185
14.8117037037
15.2672592593
16.9314814815
16.5305925926
14.6307407407
15.8325925926
18.2855555556
22.858
17.9731111111
18.1584444444
23.7851851852
22.9034074074
21.1893333333
16.0042962963
15.072
14.0526666667
18.806
23.2577037037
19.9396296296
14.2351111111
14.4180740741
11.9866666667
11.733037037
12.9247407407
11.8832592593
10.1540740741
17.5506666667
14.9817777778
12.8665925926
12.4654814815
8.88711111111
9.51422222222
13.0054074074
8.98207407407
8.29407407407
8.42177777778
10.4548888889
10.5647407407
8.84718518519
11.4683703704
14.5874074074
9.28725925926
6.89851851852
7.26859259259
6.79785185185
8.72725925926
10.8306666667
11.374
10.850962963
13.8958518519
10.791037037
11.7857037037
12.2805925926
12.4985185185
9.96888888889
6.41266666667
4.67088888889
2.042
0.0746666666667
-2.61851851852
1.00725925926
2.19303703704
1.59962962963
2.7357037037
1.76303703704
2.82637037037
1.42037037037
0.985703703704
0.356222222222
9.12177777778
11.9162222222
13.0037777778
7.93444444444
6.50985185185
2.4857037037
-1.54481481481
-2.93377777778
-0.657259259259
1.894
2.72955555556
0.978148148148
0.898518518519
-0.279851851852
1.29407407407
2.55340740741
-0.683037037037
-5.91518518519
-3.94088888889
-3.16859259259
-2.1777037037
-4.23918518519
0.24962962963
2.72496296296
3.84851851852
5.14266666667
5.08666666667
5.13933333333
7.43222222222
9.85244444444
11.5303703704
8.19
4.49318518519
7.15785185185
6.85585185185
5.55948148148
3.45222222222
2.97859259259
4.39533333333
4.71103703704
2.64281481481
0.53562962963
1.64296296296
1.86296296296
1.5557037037
0.726444444444
0.122592592593
1.86355555556
2.6122962963
4.528
8.63622222222
2.80866666667
2.88044444444
5.5802962963
0.930222222222
1.24681481481
1.3217037037
-2.35659259259
-3.26177777778
0.900888888889
1.22762962963
0.0457037037037
-1.72888888889
1.51259259259
3.35577777778
3.25555555556
3.35859259259
2.11725925926
1.58725925926
4.57718518519
3.75755555556
4.10237037037
7.0917037037
4.23103703704
5.8017037037
1.41177777778
1.19703703704
0.923185185185
3.30325925926
0.874592592593
-0.262074074074
1.69414814815
0.793851851852
-1.16459259259
0.26837037037
-1.91377777778
-0.785851851852
2.10422222222
3.74681481481
1.24718518519
1.94748148148
0.469481481481
-0.299037037037
3.1922962963
1.9002962963
2.66496296296
4.4197037037
4.60437037037
1.55881481481
1.52525925926
2.33888888889
1.75340740741
7.03666666667
4.77037037037
3.6417037037
0.410074074074
1.58414814815
5.04362962963
3.86244444444
3.4
6.1762962963
8.70859259259
3.98192592593
5.492
4.39014814815
4.40555555556
5.56925925926
8.84022222222
9.26711111111
10.3635555556
9.73696296296
7.39733333333
9.33785185185
8.25103703704
10.2125185185
8.89562962963
6.30459259259
6.4582962963
2.7382962963
0.632666666667
0.878148148148
2.44792592593
5.11377777778
5.29422222222
5.34822222222
7.21703703704
6.37014814815
8.78962962963
10.252962963
5.79755555556
11.6982222222
15.8059259259
19.2156296296
11.7374814815
7.82674074074
11.0868888889
13.2574814815
15.6198518519
19.4012592593
21.8794814815
17.4783703704
16.9062962963
17.7436296296
17.2534074074
12.126
7.554
11.7660740741
11.3068888889
10.4213333333
16.820962963
13.1981481481
17.952962963
18.5377777778
16.7144444444
12.2254074074
8.62222222222
9.84444444444
9.44733333333
10.5274814815
6.53096296296
8.07814814815
10.7082962963
15.0082222222
20.1079259259
16.1224444444
19.6524444444
22.4065925926
17.4518518519
14.0624444444
14.1311851852
16.1471851852
10.3033333333
14.4952592593
16.5128888889
12.9278518519
10.2142962963
11.8122222222
10.6171111111
14.8435555556
18.8078518519
18.6277037037
24.942962963
18.656962963
17.2041481481
12.6859259259
14.9538518519
17.538
12.4765185185
19.2402962963
15.6304444444
18.8408148148
21.4300740741
17.0085925926
13.0503703704
12.8796296296
16.4834814815
20.6280740741
23.8319259259
26.7276296296
24.6578518519
19.9721481481
16.0200740741
13.6136296296
13.3208148148
13.7406666667
21.0013333333
16.3751111111
13.4193333333
14.7080740741
18.5199259259
17.7123703704
12.1797777778
12.1668888889
13.1262222222
16.6112592593
21.8025925926
24.4083703704
28.7005925926
30.9497777778
32.564
24.1725185185
19.4657037037
16.0795555556
16.2151851852
14.9634814815
12.9264444444
13.3567407407
16.1825185185
15.0238518519
17.2297777778
18.1903703704
18.7685185185
21.4196296296
22.2996296296
16.2760740741
16.3291851852
15.7742962963
24.980962963
28.4002222222
28.8881481481
21.6320740741
21.699037037
27.1173333333
21.5702222222
20.5883703704
18.2583703704
20.1700740741
21.189037037
16.7325185185
16.051037037
15.005037037
19.1254814815
21.1099259259
22.4114814815
20.5118518519
21.3040740741
21.6662222222
21.3479259259
23.490962963
23.9866666667
25.0442222222
25.8780740741
26.7103703704
26.314
19.3214814815
20.1377777778
21.3757777778
22.3422962963
22.6155555556
20.9907407407
20.7953333333
22.941037037
22.6197037037
21.3362222222
18.5701481481
14.8578518519
9.50511111111
9.72540740741
9.9882962963
11.6136296296
11.2854074074
11.4392592593
13.3751111111
17.543037037
20.4585925926
15.3282222222
13.9502222222
13.3374074074
16.098
14.7351851852
14.3383703704
16.3465185185
12.383037037
10.9391851852
9.68511111111
11.0874814815
9.93940740741
13.3706666667
15.1965925926
18.7054074074
16.1308888889
19.0237777778
13.9740740741
12.9442962963
13.3421481481
15.0134814815
11.4957777778
11.8924444444
11.8699259259
14.8168148148
14.3114074074
14.9102962963
13.0312592593
12.8265925926
11.8413333333
14.567037037
13.972
15.606
15.3091111111
14.9192592593
13.4960740741
10.076962963
9.30562962963
12.4641481481
11.6515555556
14.5517037037
12.8702962963
10.6477777778
9.73481481481
11.0496296296
15.9594074074
10.2741481481
13.3573333333
8.36185185185
7.10822222222
6.07133333333
8.68437037037
11.0852592593
10.1095555556
10.7597037037
10.4401481481
10.4208888889
12.107037037
10.2927407407
9.94022222222
7.55125925926
2.0982962963
2.56155555556
2.42955555556
4.59681481481
3.90059259259
3.63081481481
5.48962962963
11.5399259259
12.5157037037
12.7254074074
9.04259259259
8.0162962963
5.08022222222
5.48125925926
9.14614814815
6.41592592593
4.05185185185
1.56911111111
2.92096296296
2.05251851852
2.55881481481
4.05933333333
3.67459259259
4.51007407407
5.03837037037
4.34977777778
5.37681481481
5.58325925926
3.5097037037
1.84111111111
3.38644444444
2.71881481481
3.09740740741
4.148
1.98614814815
5.2242962963
5.94118518519
2.74962962963
2.27348148148
4.03888888889
0.249481481481
1.61214814815
0.948518518519
-0.281333333333
-1.64696296296
-1.86111111111
-2.74674074074
0.0458518518519
-0.46762962963
-5.06444444444
-7.21037037037
-8.426
-10.7556296296
-11.0103703704
-9.4442962963
-9.73237037037
-7.83459259259
-8.06562962963
-6.09288888889
-8.48244444444
-10.2099259259
-7.20896296296
-4.69362962963
-5.66133333333
-5.64548148148
-4.90777777778
-3.10014814815
2.99859259259
5.93407407407
5.57674074074
0.534518518519
0.709925925926
4.3057037037
2.35311111111
-1.36148148148
2.36614814815
6.85925925926
5.95548148148
8.19385185185
7.95725925926
5.11977777778
3.90488888889
6.58540740741
2.90896296296
1.01896296296
-2.7082962963
-5.59185185185
-7.82133333333
-9.30333333333
-7.20140740741
-3.65577777778
-3.16762962963
-5.6162962963
-0.225111111111
-0.606666666667
-4.592
-3.63496296296
-2.35185185185
-0.65562962963
-0.577333333333
1.94140740741
7.64414814815
9.82859259259
7.59725925926
9.04325925926
6.56133333333
6.70525925926
5.60533333333
7.82681481481
7.79644444444
7.10814814815
5.80355555556
4.58385185185
7.33518518519
4.94644444444
2.26725925926
2.33066666667
5.82081481481
7.88911111111
2.48785185185
1.93118518519
2.23214814815
0.919851851852
-1.2597037037
1.04385185185
2.65155555556
7.0322962963
10.0003703704
8.8377037037
6.98140740741
9.11340740741
8.40577777778
6.92437037037
4.12859259259
3.78044444444
10.2302222222
9.95555555556
12.0334814815
12.2964444444
16.8751111111
21.5266666667
19.6754814815
14.6824444444
13.0217777778
12.7846666667
10.9775555556
11.5864444444
9.81392592593
6.60244444444
11.0285925926
5.99674074074
8.21325925926
7.27637037037
13.2256296296
15.3288888889
17.1675555556
17.6396296296
18.9344444444
16.7140740741
10.5048888889
8.09251851852
4.84696296296
6.08325925926
4.34948148148
5.39014814815
5.88148148148
9.83874074074
9.45385185185
6.49392592593
6.93333333333
8.9937037037
12.5582962963
16.7617777778
19.6717777778
17.193037037
17.0616296296
13.8566666667
18.1841481481
20.7314814815
23.4247407407
18.7478518519
16.5734814815
21.322
19.6305185185
20.9773333333
20.6252592593
20.9812592593
19.1091851852
12.2473333333
13.6068148148
17.756962963
23.5405185185
26.5425925926
27.5726666667
20.6243703704
13.681037037
18.7925185185
21.2333333333
20.6282222222
22.3781481481
24.1326666667
25.4699259259
23.156
21.9198518519
18.7995555556
13.5664444444
11.08
11.9446666667
12.9391851852
14.1132592593
10.821037037
14.7725185185
12.692
13.0316296296
11.6816296296
16.0716296296
18.770962963
14.6468148148
16.9868888889
18.325037037
15.9303703704
17.8781481481
13.965037037
12.8038518519
15.8734814815
13.4646666667
15.0302222222
19.9412592593
18.7780740741
18.5928148148
23.0097777778
24.9525185185
25.4327407407
24.205037037
18.7077777778
15.1674814815
15.7133333333
16.1175555556
18.8195555556
21.7671851852
25.3539259259
29.2525925926
23.1968888889
23.1033333333
22.2045925926
25.4940740741
20.2856296296
19.0548148148
16.4175555556
17.560962963
18.5145925926
23.4599259259
26.3602962963
25.7936296296
20.1899259259
24.985037037
18.5772592593
19.4233333333
18.3533333333
19.2380740741
18.4648888889
18.8542222222
17.0477037037
21.5035555556
15.7967407407
15.2654074074
17.3554074074
23.2871851852
21.0523703704
21.5854814815
18.7378518519
24.3918518519
30.0808888889
26.2134814815
21.8340740741
17.2465185185
16.3599259259
19.9060740741
18.4763703704
20.9340740741
24.3742222222
19.8474074074
22.3401481481
16.4114814815
17.9977777778
17.1028888889
20.5819259259
22.056962963
23.7322222222
24.3145185185
20.182
17.7871851852
15.638962963
15.4496296296
14.893037037
13.1454814815
12.6506666667
10.2820740741
13.3386666667
16.8597037037
19.5965925926
19.8291851852
22.016
15.7891111111
13.0962962963
12.8226666667
16.0126666667
21.0042962963
24.4481481481
21.5378518519
22.8982962963
21.7202962963
20.1367407407
18.9591111111
18.0498518519
17.1908888889
20.7640740741
18.5915555556
18.2528148148
20.1963703704
22.6088148148
19.5032592593
23.8766666667
24.2508888889
19.4072592593
16.3258518519
14.765037037
13.3488888889
12.9092592593
12.4121481481
16.0420740741
13.893037037
10.9755555556
12.7398518519
12.8499259259
9.89118518519
10.6925185185
9.77192592593
9.84348148148
11.2877777778
11.9208888889
8.40037037037
11.4137777778
9.70125925926
11.1007407407
10.4300740741
6.97118518519
4.65725925926
7.95088888889
2.52414814815
2.20903703704
5.02244444444
5.25703703704
4.97474074074
7.47844444444
13.2811111111
8.012
6.97007407407
8.3782962963
14.1197777778
10.9840740741
2.48748148148
0.502592592593
1.31555555556
1.58762962963
1.33488888889
0.631851851852
-0.638296296296
-2.85962962963
-4.68377777778
-3.99111111111
-3.19296296296
-2.49414814815
-2.22340740741
-0.936444444444
-0.00859259259259
-3.30911111111
-2.2382962963
-0.217259259259
-0.410074074074
0.660148148148
3.97992592593
6.75014814815
10.7046666667
10.9277037037
12.8542222222
10.4278518519
7.5162962963
7.21548148148
7.61281481481
6.26733333333
2.81748148148
2.03133333333
0.457333333333
2.57066666667
7.75777777778
9.42466666667
6.91511111111
6.26666666667
6.02340740741
5.26
5.28533333333
8.12755555556
5.70481481481
4.64659259259
6.94718518519
6.85592592593
5.63859259259
-1.30096296296
-3.00422222222
-2.05696296296
-5.11437037037
-5.664
2.72414814815
4.25007407407
2.422
-0.361703703704
1.60614814815
0.457777777778
-2.29414814815
-3.12703703704
-0.434814814815
3.50577777778
2.27207407407
5.60392592593
6.67103703704
3.26511111111
1.08481481481
-0.510148148148
2.84281481481
8.24096296296
7.48466666667
3.87518518519
4.55459259259
5.31711111111
3.76607407407
0.68762962963
-0.688296296296
-2.82066666667
-0.0151111111111
1.53103703704
1.6237037037
1.3237037037
3.66185185185
2.62985185185
-0.749925925926
-2.278
-3.32288888889
-4.52777777778
-6.11762962963
-7.52659259259
-12.0223703704
-3.80644444444
-1.98851851852
-2.04414814815
-3.8097037037
-3.50548148148
-1.25711111111
-1.78251851852
-2.66207407407
-4.81481481481
-4.79866666667
-6.02562962963
-5.63881481481
-6.41340740741
-6.09607407407
-5.15644444444
-4.87214814815
-5.55244444444
-2.50607407407
-1.97748148148
-0.96562962963
-1.49244444444
0.329851851852
-0.189407407407
3.90681481481
5.47844444444
4.75385185185
3.7677037037
2.03237037037
2.76118518519
2.71259259259
2.77437037037
3.01244444444
3.76755555556
8.08822222222
9.67814814815
12.2645925926
12.438
12.7608148148
8.91651851852
6.53777777778
6.24192592593
6.21185185185
8.50762962963
6.64118518519
5.64162962963
9.68555555556
11.1133333333
7.83740740741
5.468
8.82325925926
8.97348148148
8.35533333333
5.23807407407
3.06585185185
1.91296296296
5.24385185185
11.3537777778
9.90051851852
6.69148148148
2.55844444444
-1.32888888889
0.334962962963
3.5497037037
5.03555555556
13.5662962963
13.0520740741
10.553037037
8.24866666667
7.56311111111
7.9362962963
10.7174074074
10.8616296296
10.5643703704
13.5814814815
14.778
12.8808148148
15.6334814815
16.5928148148
19.4616296296
13.7408148148
18.6136296296
22.9615555556
24.7344444444
19.5577777778
21.8995555556
21.6204444444
16.462
14.3743703704
14.6913333333
13.1626666667
17.1193333333
19.1927407407
21.334962963
15.4043703704
15.3685185185
16.6479259259
20.6368888889
24.0162962963
19.4455555556
22.3165925926
20.9246666667
18.6983703704
22.9991111111
16.9348888889
19.4895555556
24.4453333333
23.7181481481
15.9908888889
12.2841481481
10.8431111111
13.5751851852
14.5464444444
13.4321481481
17.606
12.0082962963
11.7277777778
8.94303703704
9.42488888889
12.9384444444
20.1911851852
23.1274814815
16.2544444444
15.6556296296
17.9397037037
21.6664444444
25.3772592593
29.0526666667
28.0856296296
21.6253333333
23.9805925926
25.7640740741
23.8358518519
23.892
24.5068888889
20.438962963
23.1442222222
25.3592592593
27.2615555556
26.8543703704
23.5957777778
24.1200740741
26.7083703704
28.4814074074
29.0080740741
25.3493333333
25.3524444444
20.0972592593
17.3835555556
16.109037037
16.7571111111
15.144962963
16.9162222222
16.8437777778
15.1641481481
18.9212592593
22.3484444444
26.1902962963
26.4264444444
19.859037037
17.1299259259
20.2321481481
21.5746666667
23.6964444444
20.9685185185
15.0060740741
15.8462962963
19.8921481481
22.4871111111
25.8286666667
27.5200740741
23.2723703704
27.1586666667
23.0823703704
28.2666666667
32.0897777778
26.9891851852
21.496
25.4859259259
26.6726666667
20.9583703704
23.5155555556
25.8614814815
26.0686666667
20.4502222222
22.4461481481
23.6517037037
26.1493333333
22.4216296296
22.889037037
17.6420740741
15.6988148148
14.4094814815
17.654962963
16.5187407407
16.3097777778
13.8445185185
16.1222962963
19.4032592593
14.5248888889
15.5128888889
13.6858518519
11.6934814815
13.7757037037
12.2116296296
15.5655555556
15.1482962963
13.2299259259
17.0317777778
18.114
14.981037037
15.8344444444
14.5502962963
15.1834074074
16.93
13.8642222222
13.2827407407
19.6071851852
18.1301481481
15.0897037037
8.7257037037
11.5865185185
14.1334814815
17.3526666667
18.5037777778
18.3628888889
17.1103703704
15.6531851852
13.714
14.7928888889
14.6868888889
17.9803703704
18.675037037
18.0447407407
21.9706666667
19.8144444444
16.1831851852
15.7737037037
19.3118518519
16.3817037037
15.5172592593
14.4561481481
16.0419259259
16.9059259259
15.7961481481
15.7899259259
16.798962963
21.2482222222
20.8137037037
18.1171851852
13.5567407407
14.2322962963
11.7147407407
11.5042222222
8.58548148148
13.613037037
9.56407407407
8.02414814815
8.22644444444
8.146
9.02940740741
8.16622222222
9.54377777778
7.83962962963
6.81674074074
10.711037037
10.0357037037
5.35844444444
5.74977777778
5.66125925926
9.408
6.75066666667
6.54385185185
6.52392592593
9.49133333333
12.5453333333
10.9391111111
12.5511111111
9.61933333333
11.2026666667
12.8362962963
11.6937777778
9.14607407407
8.24681481481
8.35881481481
5.43333333333
7.17614814815
6.90362962963
6.34925925926
9.14444444444
9.22422222222
6.82659259259
3.42718518519
2.31585185185
1.10874074074
0.329481481481
4.2102962963
6.83044444444
6.8982962963
7.76837037037
6.18562962963
5.69948148148
10.0131851852
6.35385185185
5.76422222222
2.866
1.11155555556
1.04155555556
4.48488888889
2.21355555556
3.68214814815
3.1102962963
6.39777777778
8.22474074074
1.40859259259
1.08992592593
-0.708740740741
-3.00992592593
-3.80392592593
-4.52214814815
0.0607407407407
0.941851851852
2.53807407407
6.78792592593
7.09125925926
6.40177777778
6.46355555556
7.27896296296
-1.10992592593
-0.573407407407
1.75792592593
1.60859259259
-2.20844444444
-4.70955555556
-2.36185185185
-4.426
-11.7918518519
-12.1786666667
-11.5988888889
-12.2868148148
-12.1620740741
-10.5375555556
-7.20666666667
-7.18488888889
-3.82696296296
-5.15333333333
-5.08748148148
-2.07096296296
0.779111111111
1.74385185185
0.656592592593
0.456074074074
-1.23525925926
-0.508888888889
-2.80851851852
-9.36177777778
-4.766
-2.90377777778
-2.02037037037
-1.57955555556
0.774074074074
2.30325925926
2.6842962963
3.97303703704
4.56088888889
6.33637037037
6.02925925926
5.00325925926
4.04451851852
3.52792592593
1.62066666667
1.13718518519
-0.751259259259
-1.21814814815
-1.60392592593
-1.78444444444
-1.05851851852
-1.33844444444
1.44474074074
0.553703703704
-0.0302222222222
0.976148148148
1.9802962963
4.79044444444
6.85518518519
6.57318518519
0.908592592593
-4.0917037037
-4.10340740741
-1.44925925926
-1.73081481481
-3.39925925926
-1.7757037037
-1.91955555556
1.0077037037
0.795555555556
0.0544444444444
1.07577777778
1.46503703704
2.5637037037
0.998
0.616296296296
3.26496296296
1.30414814815
1.80303703704
3.07814814815
3.74103703704
4.70525925926
7.7057037037
8.89296296296
9.98755555556
9.71925925926
9.98503703704
6.15807407407
4.86696296296
5.58288888889
6.86407407407
5.05444444444
13.731037037
10.7808148148
12.8117037037
12.0557037037
17.6911111111
15.0760740741
13.0594814815
11.020962963
11.1722222222
5.48992592593
8.20814814815
11.8231111111
12.442962963
10.3037777778
15.4525185185
18.0814814815
19.5414814815
14.3335555556
10.1186666667
13.7228148148
17.2246666667
20.5839259259
21.565037037
17.6599259259
15.0183703704
19.365037037
23.6745925926
21.6058518519
17.576
20.5123703704
13.0362962963
6.0557037037
8.85940740741
8.22311111111
12.5815555556
14.3960740741
20.4054074074
18.6887407407
11.6279259259
9.66577777778
9.76674074074
10.3277777778
11.1454074074
10.4667407407
12.7484444444
14.7759259259
16.5692592593
11.5905185185
8.62851851852
9.93681481481
12.5045925926
18.0521481481
19.6796296296
20.956
17.7045925926
13.8605925926
10.2465185185
11.3511851852
15.9711851852
17.716962963
13.9773333333
15.2345185185
15.0266666667
15.8663703704
17.228
17.6514074074
15.0281481481
15.6574074074
17.3637777778
19.9028888889
15.5455555556
14.8559259259
16.8675555556
13.1401481481
12.1602222222
12.6328148148
11.136962963
15.0101481481
16.6497037037
16.0367407407
17.5642962963
16.4742962963
15.1162222222
16.014
17.7117037037
21.1203703704
22.6944444444
28.1745185185
29.9224444444
23.8418518519
21.1787407407
23.7642962963
22.7645185185
22.9034814815
25.5194074074
27.5855555556
20.2253333333
18.9708888889
19.4744444444
25.5886666667
22.2322962963
18.9585185185
24.0242222222
26.373037037
26.4081481481
23.0198518519
19.3200740741
20.814
18.529037037
19.2303703704
20.9244444444
20.8011111111
20.114962963
17.028962963
13.7314074074
14.7824444444
13.9056296296
15.8347407407
18.4271111111
15.4585185185
16.9914074074
14.1855555556
16.3727407407
16.5285925926
14.5311851852
14.82
17.4244444444
19.2757037037
15.0438518519
15.9131111111
18.8028148148
19.7944444444
19.9861481481
22.4565185185
17.9547407407
18.0273333333
26.7925185185
20.7914814815
21.4228888889
23.336
26.1814074074
27.1920740741
21.2113333333
23.3684444444
19.5172592593
16.3837037037
17.367037037
15.9677777778
17.1158518519
19.6052592593
18.0077777778
24.226962963
22.5114074074
24.2312592593
25.8455555556
19.9548888889
17.4559259259
18.417037037
16.4319259259
18.6276296296
18.2867407407
16.3822222222
21.2511851852
19.4932592593
19.9455555556
15.6500740741
20.6484444444
23.6617777778
22.2923703704
18.4
20.7295555556
25.2802962963
24.1522222222
19.5127407407
15.7771111111
14.2379259259
13.555037037
11.4791111111
10.8988148148
9.5422962963
12.171037037
13.5557777778
13.262962963
13.0985925926
13.1692592593
19.1982962963
18.2618518519
13.2051111111
12.7195555556
12.750962963
19.3857037037
14.9902222222
10.6231111111
9.53540740741
11.8257037037
15.2924444444
18.1474074074
12.3525925926
13.3164444444
15.1628148148
11.5265925926
11.0234814815
9.92548148148
8.90088888889
8.50525925926
8.34118518519
10.0605185185
12.3177777778
12.1505185185
10.3315555556
10.9575555556
11.9715555556
9.39533333333
10.0853333333
7.4197037037
6.86414814815
6.26059259259
6.45866666667
5.54918518519
2.92414814815
5.58940740741
5.44822222222
8.53874074074
7.70355555556
8.36644444444
6.42392592593
5.01503703704
10.2355555556
8.36
9.0177037037
7.77111111111
6.474
5.30451851852
4.1917037037
4.93637037037
2.59007407407
1.69577777778
2.28674074074
1.68037037037
2.41733333333
2.60488888889
1.02162962963
1.73044444444
0.413037037037
1.4617037037
0.161703703704
3.04940740741
1.37392592593
-0.537703703704
-3.33348148148
-4.89977777778
-2.6222962963
2.29607407407
0.819925925926
-0.123851851852
-3.00837037037
0.0174074074074
4.344
9.04844444444
12.7907407407
10.4051111111
7.47444444444
7.43525925926
8.22933333333
3.47281481481
1.92925925926
1.45622222222
4.55607407407
6.61777777778
8.38644444444
8.34414814815
9.532
9.02548148148
6.73562962963
10.5174074074
7.39392592593
7.19303703704
10.014
10.2165925926
5.76666666667
4.93214814815
4.20259259259
3.552
4.93133333333
3.33533333333
3.23814814815
2.93837037037
4.41133333333
4.30992592593
4.61414814815
3.61377777778
3.18696296296
1.61496296296
3.41281481481
3.05785185185
1.90125925926
5.30237037037
8.39222222222
6.69525925926
6.64585185185
6.65177777778
8.18577777778
5.31074074074
3.41851851852
4.93185185185
6.00140740741
5.7037037037
7.64674074074
5.936
7.98014814815
4.89333333333
1.65851851852
3.72688888889
3.14718518519
3.15125925926
1.53281481481
3.21088888889
4.62088888889
6.92214814815
6.51985185185
2.85259259259
3.41118518519
3.75066666667
3.50177777778
2.2677037037
6.19711111111
4.19437037037
0.835407407407
-0.465925925926
-0.604296296296
-0.283333333333
2.16607407407
1.47444444444
-0.0732592592593
1.08888888889
1.46703703704
1.0177037037
1.98785185185
1.0757037037
2.06859259259
0.732222222222
2.97274074074
1.93244444444
4.11096296296
3.69955555556
1.94859259259
2.64
6.06859259259
6.66792592593
4.99903703704
4.92022222222
5.64777777778
9.62274074074
10.0440740741
8.65955555556
7.29696296296
7.27318518519
5.71385185185
6.522
5.22325925926
7.30251851852
7.12881481481
12.6982222222
8.35148148148
4.42622222222
9.85125925926
12.182
9.21696296296
6.97503703704
12.5907407407
15.0362222222
11.4637037037
5.62103703704
7.4337037037
12.2718518519
15.7074814815
9.73192592593
10.5568148148
14.6722962963
19.0882222222
13.923037037
19.1617037037
22.665037037
16.721037037
15.2684444444
13.0855555556
6.0762962963
8.41362962963
10.6995555556
10.9771851852
13.7862222222
10.2546666667
15.1674074074
17.710962963
19.8534814815
15.4981481481
14.9697777778
15.6477037037
17.6324444444
18.6178518519
21.180962963
16.3345185185
21.5607407407
21.5174074074
18.8318518519
22.5535555556
22.9422962963
22.5558518519
23.3139259259
22.7058518519
20.3714074074
14.4519259259
14.9722962963
11.9682962963
11.4935555556
13.7503703704
18.3142962963
20.9107407407
24.8685185185
26.3085185185
25.3441481481
20.6211111111
18.7038518519
18.8177777778
15.2877037037
15.8587407407
15.3201481481
19.335037037
17.7836296296
14.6324444444
11.6171851852
15.1794074074
16.1017777778
18.3373333333
21.3171111111
18.0734074074
16.043037037
21.9603703704
24.4636296296
22.4980740741
20.7205185185
22.103037037
23.0779259259
16.8921481481
13.9988148148
19.1079259259
17.751037037
14.4542222222
15.3477777778
16.1872592593
20.2127407407
20.3817777778
23.3687407407
23.9405185185
24.9980740741
23.1978518519
17.7288148148
18.1743703704
22.3680740741
24.7480740741
22.8082962963
21.6432592593
21.2134814815
19.6917777778
23.1245185185
26.3031851852
21.562962963
21.4342962963
16.3342962963
15.7358518519
13.2945185185
16.3071111111
15.4397777778
19.162962963
23.3366666667
21.1519259259
25.5044444444
29.0194814815
22.8184444444
22.5320740741
27.4191851852
20.2977037037
21.7781481481
19.575037037
18.8846666667
21.0316296296
25.8419259259
18.8533333333
16.7000740741
19.7568888889
21.4402962963
23.7051111111
27.4981481481
28.3225185185
26.6183703704
26.9863703704
24.7246666667
25.8859259259
23.3911851852
27.9863703704
26.6
22.5204444444
22.9719259259
27.0071111111
25.5858518519
19.0545925926
17.6681481481
17.4425925926
17.8716296296
18.6573333333
15.8334074074
16.3777777778
17.5014814815
25.2117777778
21.6485925926
18.7746666667
21.9781481481
24.7267407407
17.0886666667
13.672962963
17.2980740741
17.451037037
19.0391851852
19.2737037037
19.9034814815
21.5345185185
23.3444444444
19.2756296296
16.4635555556
13.4904444444
12.2011851852
13.3026666667
12.1620740741
14.808
16.4465925926
13.3768888889
13.9734814815
12.7405925926
18.3804444444
15.1093333333
12.9084444444
13.7420740741
17.7881481481
19.4736296296
18.891037037
14.8422962963
13.5717777778
14.3591111111
16.2665925926
14.478962963
11.936962963
13.3884444444
11.3805925926
10.2431851852
10.4293333333
16.976962963
16.7921481481
8.79333333333
12.1434814815
16.725037037
15.4932592593
15.7053333333
12.9276296296
13.7465185185
15.8360740741
14.9695555556
11.6546666667
12.4428148148
13.4548148148
10.2191851852
10.0392592593
9.82496296296
9.95022222222
16.0193333333
14.7960740741
10.3565925926
4.93548148148
6.22874074074
7.012
6.63281481481
1.79222222222
3.42155555556
4.00318518519
4.33303703704
6.19851851852
7.58251851852
8.01985185185
7.82785185185
10.091037037
11.078
8.9737037037
7.46237037037
8.74644444444
8.99296296296
8.24585185185
7.98814814815
6.58918518519
1.77555555556
-1.13577777778
-4.99955555556
-1.6137037037
1.66244444444
4.33325925926
4.18607407407
4.95674074074
2.87296296296
6.56518518519
3.35288888889
4.56555555556
1.87192592593
1.07296296296
7.36340740741
6.00385185185
3.31592592593
3.0822962963
3.32792592593
5.18288888889
8.45607407407
8.27644444444
5.36244444444
5.28948148148
5.44444444444
2.422
-1.56207407407
-1.31933333333
2.68903703704
6.89659259259
3.14518518519
3.25103703704
5.96244444444
6.36251851852
7.89037037037
6.08911111111
6.95725925926
6.67140740741
7.20533333333
8.28977777778
4.60985185185
3.49874074074
5.48851851852
6.29437037037
3.8337037037
3.25355555556
3.67392592593
3.6402962963
4.1237037037
8.06540740741
8.26007407407
6.72185185185
4.96422222222
7.21733333333
7.63392592593
7.11925925926
4.97592592593
5.35296296296
4.38866666667
3.66866666667
3.08148148148
0.703925925926
3.61407407407
5.58518518519
4.25503703704
2.25333333333
1.49622222222
4.16540740741
4.13577777778
0.785407407407
0.512518518519
1.63207407407
2.74133333333
3.26496296296
0.577481481481
0.358444444444
-0.440222222222
1.32096296296
6.16422222222
8.26222222222
5.99888888889
5.20696296296
4.35925925926
2.69785185185
3.85185185185
5.00162962963
4.88777777778
3.64466666667
4.91503703704
4.37133333333
7.72822222222
11.1557037037
10.9893333333
5.98874074074
3.92407407407
4.908
4.80866666667
7.24918518519
4.9697037037
3.04392592593
3.64355555556
4.718
6.02718518519
8.48333333333
7.60651851852
9.78474074074
16.4027407407
16.4562962963
9.0437037037
9.18666666667
13.1097777778
14.6804444444
9.62222222222
10.3544444444
8.12518518519
6.98496296296
9.28777777778
8.78466666667
6.5237037037
9.97874074074
8.88214814815
6.67503703704
11.0687407407
8.74266666667
7.35340740741
9.79377777778
13.878
18.7703703704
21.3685185185
14.006
19.9854814815
18.4768888889
12.1928148148
5.29844444444
3.87548148148
4.25933333333
2.1577037037
8.85392592593
8.55607407407
10.8899259259
13.229037037
13.1803703704
17.6492592593
18.1152592593
12.5951851852
12.4042222222
7.72733333333
10.455037037
8.44474074074
9.63303703704
6.88844444444
10.452962963
12.2460740741
9.74903703704
8.95244444444
15.8795555556
17.882
12.3807407407
5.62355555556
4.54385185185
10.2094074074
10.8841481481
15.5300740741
17.8332592593
19.7422222222
19.2793333333
22.1245185185
14.8914074074
11.6039259259
16.8194074074
21.9728148148
15.3411111111
14.7801481481
13.244962963
13.8205185185
14.5707407407
18.4024444444
20.9968148148
21.996
23.2983703704
25.3472592593
24.8107407407
22.8253333333
20.5321481481
23.198
24.5005925926
24.7765185185
25.6391111111
21.373037037
23.1982222222
21.5966666667
21.624
14.733037037
18.1959259259
13.9085925926
13.896962963
12.328962963
13.2532592593
14.7287407407
12.9397777778
14.6182962963
17.5005925926
22.692962963
17.4582222222
21.0697037037
21.9141481481
22.112962963
22.3457037037
20.8557777778
23.3108148148
23.8805925926
24.4431111111
25.934962963
27.385037037
19.6246666667
21.7011111111
21.4074814815
25.2314814815
26.4865925926
25.0311851852
17.0328148148
18.1313333333
18.5545925926
21.2942962963
17.1691851852
15.0514814815
21.6672592593
27.5854074074
29.171037037
29.3143703704
25.3713333333
21.5247407407
21.1064444444
20.7246666667
23.412
22.461037037
16.3445185185
16.2132592593
17.7558518519
18.5345185185
18.050962963
17.8195555556
23.5302222222
25.6353333333
28.5313333333
26.1511851852
26.7096296296
24.5176296296
24.6764444444
21.6237777778
21.4291851852
24.0824444444
23.2005925926
17.1144444444
15.3358518519
14.3742222222
17.8561481481
19.3407407407
23.0480740741
24.6816296296
23.885037037
21.9228888889
22.0927407407
24.6814074074
23.8445185185
21.2051111111
23.8693333333
24.5062962963
28.0740740741
32.1188888889
23.0139259259
23.1354074074
26.6983703704
28.1765185185
30.5528888889
27.5241481481
21.5507407407
23.3665185185
17.5445925926
16.1417777778
17.5482222222
12.2258518519
14.2932592593
18.4820740741
21.7628148148
18.0157777778
15.3937037037
12.4882222222
16.3411851852
16.3997037037
19.5435555556
21.8742222222
22.9185185185
22.7014074074
21.2154814815
20.6451851852
21.1042962963
16.3011111111
17.3459259259
16.0612592593
18.2353333333
22.8937777778
25.9240740741
24.3127407407
22.8498518519
24.5845185185
24.5502222222
17.5128888889
14.125037037
16.9045185185
16.4968148148
12.8495555556
14.050962963
12.7787407407
12.8434814815
13.0882962963
11.8788148148
12.8354074074
14.4959259259
17.3125925926
12.0197037037
9.41251851852
8.6662962963
8.24066666667
9.64681481481
10.8645925926
12.3785925926
12.4857037037
11.8667407407
11.0728888889
12.558962963
15.6054814815
17.147037037
15.3986666667
12.9297777778
18.891037037
20.4335555556
20.7228148148
17.661037037
16.3071111111
17.8753333333
18.3435555556
17.8631851852
12.1185185185
14.7446666667
11.8117037037
11.9541481481
13.6351851852
10.9617777778
9.94651851852
8.39414814815
6.5102962963
5.63762962963
6.51333333333
7.86385185185
7.67014814815
10.1922222222
11.5123703704
9.68525925926
8.00437037037
7.29503703704
5.02281481481
4.46540740741
4.24814814815
5.15666666667
8.34
7.67
5.59022222222
0.794444444444
2.31281481481
-0.306888888889
1.03037037037
3.97962962963
5.14281481481
2.20355555556
0.933481481481
1.702
3.118
4.65251851852
3.26725925926
3.15733333333
2.39651851852
4.54940740741
0.1
1.91548148148
0.603037037037
-1.55874074074
1.19777777778
6.96414814815
10.4628888889
9.58385185185
14.4674074074
13.9548888889
11.3314814815
11.018
9.12911111111
11.9727407407
11.2614814815
6.6797037037
6.95377777778
8.54059259259
4.16125925926
0.00881481481481
-1.88088888889
-2.1022962963
-1.93585185185
-1.59666666667
-1.01548148148
-0.864592592593
-1.35948148148
-0.986592592593
-0.47962962963
-0.557333333333
-0.403851851852
-0.689259259259
1.63533333333
2.00140740741
2.19281481481
4.97933333333
0.392888888889
2.52437037037
3.69051851852
7.25866666667
8.04044444444
3.89459259259
2.9397037037
3.80348148148
7.28503703704
6.294
7.80888888889
6.59844444444
10.4128888889
7.90059259259
5.73651851852
8.20377777778
5.24859259259
6.52711111111
9.43162962963
9.20303703704
8.16
10.820962963
7.50111111111
10.3853333333
10.9433333333
11.5422222222
13.0768888889
6.13437037037
5.42125925926
5.94274074074
4.42622222222
2.53607407407
5.42451851852
3.28444444444
3.23659259259
5.57140740741
9.38103703704
11.8722222222
14.9995555556
14.4617777778
13.7245925926
14.5639259259
16.2585185185
13.8641481481
10.608
2.99903703704
6.64244444444
7.68733333333
2.26488888889
3.75
4.27755555556
5.18674074074
6.89281481481
9.41622222222
12.4077777778
9.42688888889
9.73925925926
16.5677777778
13.0861481481
11.105037037
12.0842962963
14.0019259259
16.064
18.3796296296
18.7352592593
18.5407407407
12.0742222222
13.2163703704
14.1960740741
11.216962963
10.6933333333
7.22251851852
6.53674074074
7.60148148148
4.85985185185
9.09874074074
12.9342962963
16.5311111111
18.9776296296
18.2247407407
12.8725185185
7.28525925926
7.02844444444
9.36014814815
9.09733333333
7.44437037037
8.52748148148
10.9716296296
9.77614814815
11.1118518519
11.5618518519
10.3048888889
7.56511111111
8.0062962963
8.62385185185
9.27222222222
10.1671851852
14.0465925926
15.6751111111
15.2279259259
11.881037037
12.0537777778
12.1045925926
16.4812592593
10.4766666667
9.83118518519
15.9157777778
19.4318518519
22.5528148148
22.8654814815
21.3464444444
23.0466666667
24.4957777778
24.8888888889
23.9108888889
21.442962963
21.5148888889
21.8721481481
16.3708148148
15.8838518519
15.3708888889
15.1982962963
19.7340740741
20.5856296296
19.5922222222
14.8462962963
18.7219259259
20.3531851852
20.7088888889
20.4639259259
22.7297037037
18.8148148148
12.5552592593
14.8795555556
16.4534074074
12.1262222222
17.0397777778
19.5462222222
21.680962963
24.6702962963
17.7036296296
16.4192592593
14.7499259259
16.6131851852
17.59
14.5443703704
13.198
13.8660740741
12.1185925926
14.0183703704
14.920962963
13.8884444444
13.2082962963
14.3017777778
18.166
21.7038518519
21.5245925926
24.2082222222
18.8732592593
19.546
17.8156296296
16.8143703704
20.2919259259
22.3360740741
27.6699259259
26.1262222222
24.9345925926
26.7803703704
25.3123703704
19.0674074074
17.4848148148
15.664962963
19.1553333333
17.3560740741
15.1460740741
15.9622222222
20.2944444444
19.8028148148
16.1359259259
18.8305925926
25.0278518519
23.826
20.3234074074
23.9485185185
27.2732592593
19.3501481481
15.358
19.9387407407
25.2968148148
26.8236296296
22.3647407407
19.0641481481
18.4434074074
18.7427407407
24.2628888889
26.5634814815
30.1406666667
24.4743703704
26.1771111111
28.7511111111
29.9577037037
29.2680740741
30.9176296296
32.53
31.2312592593
21.8345185185
18.8302222222
21.4340740741
24.1107407407
21.2251111111
25.8237777778
31.1768888889
28.6268148148
24.4795555556
23.7403703704
19.4352592593
18.0660740741
16.942962963
19.7062222222
19.727037037
13.7457777778
18.0683703704
20.9383703704
25.7257037037
27.3635555556
23.5505925926
24.8897037037
27.3893333333
28.3084444444
25.7345185185
19.9371111111
12.6114814815
17.4608888889
15.2798518519
16.6644444444
15.0139259259
15.742962963
12.888
16.4151851852
15.1323703704
11.7241481481
15.665037037
16.4168148148
16.0581481481
17.9798518519
13.6862962963
15.7931111111
16.5678518519
14.4271111111
17.7317777778
12.1548148148
11.3307407407
11.462962963
15.0127407407
12.2121481481
11.683037037
12.1207407407
11.8514814815
13.8658518519
17.5132592593
18.1239259259
16.5431851852
15.6234814815
17.3005925926
13.425037037
12.4841481481
15.5024444444
15.3506666667
9.46681481481
11.8268888889
12.1996296296
15.623037037
21.2574814815
19.9540740741
22.0504444444
22.7012592593
18.9544444444
17.2354814815
15.8774074074
18.3757777778
14.2566666667
10.2805185185
9.90622222222
13.094962963
12.4932592593
15.4314074074
12.2764444444
10.674962963
10.4987407407
9.20303703704
9.17407407407
10.122
9.74311111111
7.66081481481
6.72111111111
4.27088888889
3.11992592593
4.51844444444
5.32355555556
4.84896296296
7.08466666667
5.86540740741
7.60340740741
8.97511111111
7.99177777778
9.23177777778
9.19214814815
8.13903703704
11.3586666667
9.70503703704
5.27896296296
7.37148148148
4.87162962963
3.05081481481
1.87177777778
2.96985185185
4.12059259259
4.75074074074
5.65948148148
2.99644444444
3.81051851852
1.57266666667
-0.75037037037
1.53622222222
2.74014814815
4.57622222222
2.85125925926
0.506740740741
0.159777777778
-1.68422222222
1.42592592593
0.799111111111
-0.0352592592593
1.26644444444
1.45814814815
1.09562962963
-1.87444444444
-1.58281481481
-0.801925925926
-1.25466666667
-1.862
0.0619259259259
1.39007407407
2.48214814815
4.07014814815
2.71185185185
1.336
3.02096296296
4.69659259259
2.63451851852
9.74874074074
9.1697037037
4.48044444444
