0.702291666667
-0.795416666667
-1.85
-0.775625
2.06416666667
2.48354166667
2.41708333333
1.07645833333
0.633541666667
-1.22895833333
-3.80583333333
-7.23645833333
-5.09020833333
-3.98
-5.55979166667
-2.52666666667
-1.973125
-2.65229166667
-1.45958333333
-2.209375
-0.917083333333
4.141875
3.28020833333
2.57479166667
3.05604166667
1.49
0.834583333333
-2.79916666667
0.173333333333
5.26625
7.595
6.933125
4.24895833333
4.72520833333
5.83229166667
7.35166666667
7.04
6.656875
7.14375
10.4160416667
8.55541666667
6.340625
5.03041666667
4.70541666667
6.30895833333
4.72541666667
6.37208333333
5.17020833333
3.889375
4.32166666667
7.43041666667
10.2708333333
10.1989583333
10.911875
9.576875
10.325625
9.89
1.91604166667
1.05083333333
4.59854166667
6.80104166667
5.153125
3.9375
1.350625
4.18708333333
5.62833333333
7.91958333333
9.50708333333
8.84729166667
6.155625
4.82729166667
7.20604166667
5.075625
5.88354166667
7.235625
9.94875
9.46375
7.43145833333
3.43604166667
-0.686458333333
1.27020833333
6.439375
8.0975
3.88520833333
11.3891666667
10.219375
10.964375
15.4985416667
11.2583333333
8.14895833333
11.1210416667
13.4870833333
11.0635416667
4.585625
4.10208333333
6.64895833333
8.991875
12.1364583333
8.08625
7.39791666667
5.855
8.78
13.6745833333
16.5702083333
19.4110416667
20.6179166667
21.4820833333
21.0372916667
12.7975
8.721875
4.80875
7.84458333333
7.62041666667
8.375625
8.26416666667
4.92791666667
9.07625
10.6002083333
9.80520833333
11.2058333333
16.393125
17.0239583333
12.954375
11.8852083333
10.7025
11.4029166667
16.4283333333
14.2514583333
10.2054166667
13.051875
16.0170833333
18.475
20.2660416667
18.16
15.78875
13.7297916667
15.1989583333
17.6975
19.7835416667
20.6035416667
21.6395833333
21.5302083333
14.0625
15.8239583333
12.9722916667
12.6725
19.2375
22.6425
18.7064583333
20.0058333333
13.5427083333
16.0227083333
13.5710416667
16.4258333333
18.4339583333
21.9995833333
24.2570833333
25.496875
21.1991666667
21.0654166667
20.0570833333
18.5366666667
19.900625
22.86
25.885
28.2552083333
21.5735416667
19.6575
18.099375
16.9816666667
17.7695833333
15.544375
14.83
15.78
16.7102083333
16.0354166667
14.660625
15.83625
16.1445833333
12.9504166667
14.2285416667
16.5689583333
15.1089583333
15.028125
16.9158333333
19.0258333333
17.7270833333
19.925625
18.2085416667
17.1497916667
17.0922916667
16.501875
15.1029166667
14.5095833333
14.0704166667
16.3129166667
16.2075
14.7783333333
15.6970833333
17.7429166667
15.7433333333
17.0477083333
15.2354166667
17.7325
22.9154166667
25.7245833333
26.2964583333
27.22375
26.2470833333
25.4402083333
24.8554166667
20.0064583333
22.07875
24.6010416667
28.8135416667
27.479375
25.2025
22.2147916667
19.9985416667
24.6416666667
23.3847916667
18.57
20.2808333333
23.6710416667
19.6979166667
19.2979166667
22.2970833333
26.3297916667
27.0483333333
25.818125
24.4704166667
20.2375
20.7202083333
20.048125
15.589375
12.9264583333
13.8427083333
16.4814583333
21.094375
24.02
22.7235416667
23.0827083333
19.4766666667
16.6227083333
15.4825
18.9545833333
21.7414583333
24.1564583333
21.605
17.3591666667
21.6666666667
23.3020833333
16.5541666667
14.2835416667
15.57
17.8729166667
15.56625
14.55125
16.4695833333
20.4779166667
19.0902083333
19.6127083333
23.6189583333
25.8589583333
24.2333333333
23.68
17.1352083333
20.8783333333
14.841875
16.29875
17.7116666667
18.775625
19.1016666667
16.5154166667
14.9535416667
13.9708333333
14.4370833333
14.756875
13.25375
11.61625
13.2589583333
10.9089583333
9.24645833333
8.08645833333
8.345625
9.15270833333
7.178125
9.56875
10.3464583333
11.5127083333
13.7291666667
9.89729166667
8.69208333333
9.114375
10.9854166667
12.8741666667
10.5520833333
10.1916666667
9.65354166667
9.17104166667
11.3310416667
17.36625
13.6770833333
8.933125
6.37270833333
4.284375
-0.640208333333
-2.82604166667
-2.7725
-1.99083333333
-0.85375
0.626875
1.18479166667
1.826875
0.193333333333
0.845833333333
2.47083333333
4.218125
3.97666666667
8.64291666667
11.1735416667
11.6752083333
11.010625
6.92895833333
11.0527083333
11.4604166667
10.850625
12.1685416667
11.5991666667
8.710625
5.83770833333
2.12083333333
1.26875
0.775
-0.453541666667
-2.20229166667
-5.27395833333
-0.729375
-0.24125
0.964166666667
1.583125
-4.66520833333
-4.80979166667
-2.02875
0.120625
3.02479166667
3.19604166667
5.36104166667
8.673125
10.1010416667
4.67895833333
2.64520833333
0.639375
0.658541666667
1.40395833333
3.355625
3.82166666667
8.88229166667
9.5425
9.049375
5.27208333333
1.38770833333
0.749375
1.03916666667
2.843125
3.53645833333
3.51208333333
3.36645833333
7.37708333333
4.40354166667
1.59083333333
-0.631666666667
-2.45479166667
-4.76333333333
-1.80729166667
0.345
0.204583333333
-2.04791666667
-0.209375
-1.10208333333
0.815625
-0.632083333333
2.576875
1.45770833333
2.4225
0.968125
-1.55645833333
-1.37479166667
-0.813958333333
0.664166666667
1.83645833333
2.213125
-0.368958333333
0.787291666667
0.652083333333
1.848125
2.12416666667
2.59395833333
4.01708333333
3.156875
2.36791666667
1.390625
3.84145833333
6.75166666667
7.14125
7.205625
4.77458333333
1.79395833333
0.0752083333333
-1.37958333333
-1.22625
-0.28125
1.51541666667
1.27583333333
-0.0764583333333
-1.79645833333
-1.89708333333
-1.75729166667
-0.416666666667
-0.80125
0.575208333333
1.25979166667
3.28208333333
4.69375
3.72
4.89083333333
5.79354166667
4.35020833333
2.40791666667
1.63916666667
5.02666666667
10.530625
10.8052083333
12.7416666667
12.1025
15.9691666667
13.1002083333
11.9558333333
7.57458333333
9.84375
8.436875
4.92875
4.44583333333
6.85979166667
11.5225
15.6510416667
16.930625
9.8125
13.8620833333
17.9695833333
14.1514583333
14.3529166667
16.46375
15.285
17.1427083333
16.4725
19.623125
16.6360416667
18.025625
11.3920833333
7.32583333333
12.1070833333
19.8791666667
15.3029166667
17.1002083333
19.7427083333
21.229375
21.6966666667
18.7577083333
17.9664583333
19.7008333333
13.0183333333
6.968125
7.33979166667
5.30083333333
9.10729166667
8.82270833333
7.18229166667
4.86541666667
9.16041666667
14.6197916667
18.4110416667
12.0289583333
8.41291666667
7.30479166667
10.6183333333
9.16854166667
8.78479166667
8.35854166667
8.19770833333
9.969375
9.49208333333
18.8497916667
19.5002083333
23.7177083333
25.728125
25.155
22.3735416667
21.5516666667
17.0960416667
17.865625
21.4422916667
15.0510416667
19.2575
23.9679166667
26.558125
26.9995833333
19.735
19.1358333333
15.6804166667
13.8183333333
15.7766666667
12.3629166667
15.0808333333
16.0952083333
20.7447916667
25.868125
25.994375
29.21375
21.1945833333
15.1614583333
18.9266666667
21.2164583333
22.1366666667
23.8170833333
20.9475
19.2616666667
22.38625
20.2327083333
19.4479166667
23.838125
26.5770833333
20.49375
13.5595833333
10.7922916667
11.3864583333
13.7875
14.0135416667
16.2908333333
19.6654166667
20.16625
21.63
19.0320833333
22.249375
24.3347916667
20.5764583333
14.91625
19.463125
21.6083333333
19.4566666667
18.8922916667
21.1097916667
23.5683333333
24.5922916667
26.9554166667
27.9
28.8729166667
24.4870833333
21.678125
20.768125
20.460625
17.9275
20.7602083333
19.719375
14.4083333333
13.9820833333
16.21625
16.6104166667
20.45875
17.0320833333
18.43
13.6185416667
15.9491666667
17.655625
18.5016666667
22.5320833333
20.095625
22.4141666667
22.8658333333
25.0945833333
25.6408333333
27.7029166667
28.834375
29.2177083333
28.218125
21.995
21.7233333333
18.0652083333
16.125
21.2208333333
24.3497916667
25.9341666667
26.7889583333
21.821875
16.679375
19.90625
17.0252083333
14.3464583333
17.0383333333
14.0047916667
15.5841666667
18.291875
18.2841666667
17.8220833333
16.7052083333
17.2639583333
16.67125
18.870625
19.7991666667
18.8829166667
19.1454166667
18.5070833333
19.5204166667
20.6897916667
22.5985416667
23.2729166667
21.62375
21.6685416667
22.0541666667
22.9722916667
20.37375
18.095
15.5591666667
17.7102083333
17.4310416667
18.1077083333
20.7191666667
16.956875
20.2247916667
20.4879166667
23.3529166667
17.5316666667
17.6379166667
17.3308333333
19.3658333333
14.979375
11.7704166667
15.2441666667
17.2970833333
17.7677083333
15.4739583333
12.7116666667
12.8979166667
12.585
20.3645833333
16.0172916667
14.5216666667
18.1447916667
13.205
10.9202083333
6.303125
6.84625
8.34458333333
6.42770833333
8.5775
7.71104166667
12.816875
10.9202083333
10.3535416667
8.499375
6.66375
5.96229166667
4.41895833333
5.27041666667
9.02604166667
6.65625
8.47791666667
10.175625
9.31708333333
14.1502083333
12.8966666667
12.9664583333
13.0514583333
12.026875
10.24625
8.36875
4.76979166667
2.290625
1.29333333333
3.60125
0.073125
3.4275
6.80833333333
5.538125
2.75041666667
3.23979166667
3.84479166667
8.96625
10.8766666667
12.7727083333
12.6783333333
12.6860416667
11.6225
9.99291666667
2.17541666667
3.25541666667
4.94645833333
4.33520833333
3.689375
3.46916666667
1.32166666667
1.21229166667
0.164375
3.40854166667
1.72979166667
1.21645833333
2.19854166667
3.83604166667
2.83979166667
0.418958333333
-0.0510416666667
-0.569791666667
-5.77354166667
2.40666666667
1.98354166667
-6.18729166667
-8.2625
-4.37041666667
-6.67125
-5.16958333333
-4.865
0.387708333333
-0.204583333333
-0.528333333333
0.265416666667
0.0372916666667
-2.13583333333
-0.591041666667
3.01083333333
5.73416666667
6.91854166667
6.85875
4.90791666667
8.2475
8.96979166667
8.86
7.92583333333
-6.29708333333
-7.25583333333
-7.16395833333
-9.23354166667
-5.79770833333
-4.47104166667
-8.6825
-9.76666666667
-3.561875
-0.448125
-1.24833333333
-1.85604166667
-0.37625
-0.499166666667
-1.77645833333
0.414166666667
0.886041666667
1.155625
0.672708333333
1.98833333333
2.28854166667
0.969791666667
3.5225
7.24833333333
5.72645833333
1.53791666667
0.873958333333
1.944375
2.62916666667
3.88416666667
3.025
6.381875
6.25583333333
5.281875
7.89708333333
10.04
7.92208333333
9.40854166667
3.60833333333
4.11645833333
1.00020833333
2.45104166667
2.3975
-1.42979166667
2.69916666667
3.893125
4.92104166667
0.276666666667
0.694791666667
0.270833333333
2.3175
3.759375
3.62541666667
9.019375
6.31125
8.92916666667
9.029375
5.26791666667
5.93791666667
4.620625
8.4775
5.20645833333
7.39979166667
5.77833333333
6.150625
4.2125
6.62916666667
10.843125
7.24208333333
4.399375
7.84604166667
5.58979166667
4.52979166667
6.56166666667
8.476875
7.56916666667
11.5585416667
13.5091666667
15.573125
18.7764583333
13.8860416667
12.12625
7.47729166667
6.51270833333
16.360625
16.6725
11.8185416667
15.2689583333
18.605625
20.3479166667
10.8710416667
11.1164583333
5.26395833333
5.72708333333
4.69916666667
5.183125
5.333125
9.041875
12.4083333333
14.746875
11.8608333333
11.7658333333
12.9652083333
13.6335416667
13.4058333333
14.1895833333
14.634375
9.91875
13.2789583333
11.8222916667
12.2283333333
10.0220833333
8.00583333333
7.930625
9.06895833333
8.75770833333
14.1825
12.9258333333
11.3204166667
13.5920833333
9.94041666667
14.2339583333
16.3616666667
13.1075
13.0083333333
17.1227083333
19.9239583333
21.80625
23.84375
25.859375
21.5222916667
22.9097916667
19.4547916667
22.871875
18.5877083333
17.3939583333
16.68
15.19875
18.79375
24.3472916667
26.7408333333
19.3975
18.495625
21.5325
26.0060416667
28.5595833333
29.615625
30.4595833333
31.0395833333
30.4266666667
26.1672916667
25.9085416667
25.2360416667
21.9160416667
22.71
17.993125
17.4802083333
13.9427083333
13.855625
13.9435416667
14.5141666667
17.684375
19.7220833333
17.13375
18.4970833333
19.946875
22.7264583333
20.8875
17.9945833333
24.1210416667
21.3710416667
19.3522916667
18.225625
17.39875
18.8054166667
19.83875
24.979375
26.335625
18.9066666667
19.389375
21.1575
21.320625
25.2895833333
28.4264583333
25.9852083333
28.3433333333
28.021875
28.185625
29.3777083333
30.4210416667
27.4270833333
23.19125
23.5860416667
22.0658333333
26.866875
28.6152083333
21.8014583333
20.0764583333
22.0827083333
23.2608333333
17.6220833333
18.7758333333
19.8379166667
26.295625
27.8422916667
28.7441666667
28.0458333333
29.5545833333
28.8704166667
23.8566666667
23.8985416667
23.639375
23.7370833333
23.1664583333
22.929375
21.621875
24.2172916667
28.9464583333
23.5802083333
21.72875
25.4633333333
24.1216666667
21.038125
24.3539583333
20.47
16.9410416667
16.6839583333
19.4233333333
20.6935416667
19.8335416667
18.9777083333
23.86625
19.9227083333
20.6664583333
22.1227083333
22.938125
20.476875
16.600625
16.1114583333
21.089375
25.379375
27.4177083333
23.0614583333
20.2925
21.6160416667
22.3802083333
25.080625
25.188125
25.133125
24.401875
24.8845833333
27.6297916667
27.7916666667
28.0439583333
26.8779166667
25.6435416667
25.8664583333
22.97375
18.418125
15.1202083333
18.78375
20.1633333333
24.1122916667
18.0179166667
20.394375
21.416875
17.050625
15.0004166667
19.0110416667
18.36875
16.9520833333
14.3347916667
13.2035416667
11.2079166667
10.7320833333
10.2333333333
11.0897916667
11.7722916667
11.4641666667
11.6691666667
11.6258333333
10.9877083333
10.0266666667
9.65270833333
13.3785416667
13.9360416667
13.8929166667
13.8397916667
16.12
14.156875
10.88875
9.99166666667
11.7583333333
11.93
13.1620833333
10.0622916667
9.4125
8.94708333333
12.6558333333
14.9710416667
11.7
9.8075
9.31875
7.036875
8.54770833333
12.4979166667
14.4522916667
11.9195833333
13.2377083333
9.54041666667
9.14958333333
6.10458333333
4.981875
2.73520833333
4.05395833333
10.360625
10.245
8.39458333333
7.72979166667
8.31979166667
12.4535416667
11.9945833333
9.24375
7.94166666667
5.86145833333
5.27229166667
3.550625
1.68270833333
1.55729166667
3.01875
1.12916666667
1.66395833333
1.744375
3.609375
5.455
10.518125
7.499375
10.0927083333
4.02
2.91875
2.03791666667
0.52
8.28729166667
10.171875
4.49791666667
1.44645833333
0.658333333333
5.86645833333
4.26625
3.54625
1.47916666667
-0.62625
0.795416666667
2.44645833333
6.47208333333
5.159375
3.33375
3.12666666667
1.36875
-0.131458333333
1.22270833333
7.35583333333
8.96729166667
11.061875
11.7839583333
8.43229166667
4.416875
4.10354166667
6.6975
8.15791666667
6.09875
4.94333333333
2.87791666667
4.26979166667
6.53458333333
6.82416666667
5.93770833333
1.57645833333
1.55479166667
3.14083333333
3.955
3.11854166667
1.7875
2.31125
7.45854166667
10.728125
8.88
8.44166666667
7.15
2.54083333333
8.68125
2.90458333333
2.16145833333
1.67104166667
0.360833333333
2.00333333333
1.31083333333
-0.530208333333
-0.579791666667
-2.295625
-2.76229166667
-1.77354166667
-0.916041666667
-2.73270833333
-1.7675
-2.736875
0.266041666667
1.508125
-0.624375
0.790208333333
0.31375
-0.702916666667
2.500625
4.65354166667
6.5425
6.36
7.37291666667
6.38770833333
3.04208333333
4.684375
5.21729166667
7.18291666667
8.36333333333
6.84604166667
8.975
7.63604166667
11.803125
6.87145833333
7.47104166667
6.806875
10.4747916667
12.7570833333
10.1102083333
10.18
10.981875
11.739375
10.6554166667
11.0902083333
9.81083333333
7.890625
7.52916666667
9.801875
6.20270833333
2.805
4.18979166667
2.98604166667
5.88166666667
4.784375
8.27145833333
10.910625
8.18416666667
6.68979166667
6.50395833333
6.78041666667
8.26979166667
7.69104166667
9.92291666667
9.14354166667
11.4810416667
14.451875
6.83125
6.7475
6.061875
8.09916666667
16.1647916667
19.8922916667
21.1291666667
18.6041666667
15.964375
20.300625
15.1477083333
19.8033333333
13.3827083333
19.3475
19.7710416667
14.5475
16.584375
14.8310416667
18.4658333333
14.9127083333
12.88375
10.5772916667
11.9641666667
15.0402083333
17.7164583333
13.3010416667
14.903125
14.65125
11.5491666667
13.4297916667
15.5379166667
11.7475
17.7435416667
18.1833333333
21.869375
21.6329166667
17.0627083333
13.5929166667
20.2860416667
23.2858333333
13.220625
10.1864583333
10.0297916667
10.86125
12.050625
9.53875
11.9208333333
11.83625
14.9060416667
22.503125
24.0470833333
20.5975
21.5147916667
26.5029166667
20.5458333333
16.8860416667
22.026875
26.776875
23.6314583333
20.0039583333
21.36125
24.0425
22.075625
19.6520833333
15.6102083333
13.1283333333
12.4722916667
16.9822916667
22.0360416667
24.1620833333
25.9839583333
26.9114583333
27.469375
28.0954166667
24.270625
24.2766666667
19.5789583333
15.6539583333
16.0933333333
19.2652083333
16.1
21.1041666667
24.0135416667
25.386875
26.7964583333
27.7583333333
27.6172916667
27.1545833333
29.753125
30.4429166667
30.6572916667
29.8547916667
25.0064583333
19.8477083333
27.0683333333
29.7191666667
31.2864583333
28.114375
20.8458333333
18.2825
18.8729166667
27.2102083333
29.7789583333
24.2147916667
27.6314583333
33.115
30.9745833333
26.6608333333
23.0079166667
26.6120833333
32.1695833333
27.6695833333
21.3364583333
17.505
15.385625
14.2145833333
16.4052083333
21.2972916667
25.458125
26.33125
26.5458333333
25.203125
25.6033333333
17.920625
16.7204166667
25.1241666667
24.7439583333
24.8972916667
27.0008333333
29.4135416667
29.7520833333
29.0464583333
26.0347916667
27.1964583333
25.615
27.2458333333
26.976875
26.6872916667
22.1197916667
23.7072916667
25.3783333333
27.5791666667
24.1810416667
23.1114583333
19.2777083333
18.3379166667
22.335
18.0508333333
15.7645833333
18.2945833333
18.5916666667
17.8872916667
15.0672916667
12.2083333333
13.5375
16.176875
21.289375
16.566875
15.4322916667
15.8377083333
17.4252083333
17.1966666667
15.2045833333
16.42
18.8066666667
23.3595833333
18.316875
18.5766666667
24.125
23.0164583333
21.3829166667
15.8558333333
15.4966666667
14.340625
19.5645833333
23.8514583333
20.58375
14.9297916667
14.9916666667
12.6952083333
12.4122916667
13.641875
12.6577083333
10.986875
18.181875
15.6539583333
13.5260416667
13.1975
9.689375
10.065
13.7608333333
9.656875
9.05854166667
8.935625
10.760625
10.8454166667
9.27479166667
12.1345833333
14.944375
9.64395833333
7.42395833333
7.48895833333
7.49270833333
9.55166666667
11.1389583333
11.9027083333
10.858125
14.2214583333
10.2772916667
11.595625
11.6035416667
11.773125
9.20833333333
5.96541666667
5.27041666667
2.60979166667
0.696666666667
-2.125625
1.41625
2.50395833333
2.13416666667
3.25854166667
2.300625
3.64
2.19395833333
1.50854166667
0.668541666667
9.54625
12.568125
13.481875
8.44875
7.11541666667
3.09916666667
-0.970416666667
-2.28229166667
-0.533958333333
1.40479166667
2.40291666667
1.09145833333
1.42395833333
0.225416666667
1.70020833333
2.9375
-0.0229166666667
-5.75708333333
-3.515625
-2.7675
-2.28958333333
-4.51916666667
-0.111041666667
3.1725
3.92979166667
5.80833333333
5.5275
5.68791666667
8.02270833333
10.3172916667
12.0127083333
8.65645833333
5.16041666667
7.93166666667
7.34791666667
5.62958333333
4.00354166667
3.71583333333
5.076875
5.32583333333
3.30916666667
0.970416666667
2.21833333333
2.40416666667
2.13229166667
1.27458333333
0.72875
2.40791666667
3.23604166667
5.08604166667
9.255625
3.40729166667
3.45375
6.23895833333
1.59416666667
2.02875
1.92666666667
-1.96041666667
-2.90125
1.4425
1.69208333333
0.637708333333
-1.04354166667
1.871875
3.93479166667
3.83416666667
3.955625
2.59916666667
2.03291666667
5.30916666667
4.34645833333
4.83229166667
7.65895833333
4.72041666667
6.34895833333
2.0325
1.8025
1.53604166667
3.86354166667
1.59166666667
0.364375
2.36979166667
1.55833333333
-0.646041666667
0.666875
-1.56604166667
-0.326666666667
2.673125
4.53020833333
1.7625
2.02
1.14479166667
0.3375
3.76291666667
2.348125
3.396875
5.27833333333
5.349375
2.07625
2.24520833333
2.79645833333
2.225
7.83541666667
5.36625
4.47520833333
1.19604166667
2.2725
5.71270833333
4.57666666667
4.20604166667
6.98958333333
9.398125
4.47729166667
5.97354166667
4.94583333333
5.16083333333
6.33020833333
9.48583333333
10.01125
11.0860416667
10.62375
8.18125
10.23625
9.15291666667
11.015625
9.58104166667
7.05229166667
7.3225
3.19291666667
1.044375
1.43770833333
2.97208333333
5.83895833333
6.05875
6.13979166667
7.96020833333
7.05083333333
9.60666666667
10.9
6.31645833333
12.4858333333
16.5633333333
19.9527083333
12.0954166667
8.46229166667
11.796875
14.0235416667
16.206875
20.035625
22.6275
18.1279166667
17.5791666667
18.4114583333
17.9066666667
12.849375
8.21020833333
12.5058333333
11.9816666667
10.6616666667
17.4208333333
13.5364583333
18.513125
19.1633333333
17.09
12.5845833333
9.40979166667
10.5183333333
9.96375
11.1695833333
7.199375
8.458125
11.3941666667
15.4289583333
20.7004166667
16.7316666667
20.2052083333
22.9927083333
18.0897916667
14.5075
14.6214583333
16.6639583333
10.8660416667
15.0866666667
17.049375
13.5739583333
10.7647916667
12.435
11.455
15.695
19.3985416667
19.274375
25.6922916667
19.0620833333
17.7725
13.2085416667
15.6102083333
18.3485416667
13.2064583333
19.8889583333
16.2941666667
19.3964583333
22.0897916667
17.4247916667
13.58875
13.4439583333
17.169375
21.1866666667
24.41625
27.285
25.1597916667
20.5783333333
16.6095833333
14.1614583333
14.0058333333
14.2966666667
21.6341666667
16.735
14.0933333333
15.4822916667
19.023125
18.3425
12.9304166667
12.915
13.938125
17.1372916667
22.4433333333
25.005625
29.2397916667
31.4829166667
33.1097916667
24.4227083333
20.0245833333
16.5583333333
16.771875
15.7725
13.65125
13.9439583333
16.86125
15.5520833333
17.7966666667
18.6614583333
19.349375
21.9214583333
22.8291666667
16.6420833333
17.076875
16.39375
25.7377083333
29.0264583333
29.4258333333
21.59125
22.228125
27.601875
21.891875
21.2177083333
18.8558333333
20.7625
21.8275
17.324375
16.5958333333
15.4052083333
20.025625
21.8066666667
23.1191666667
21.0414583333
21.78
22.2295833333
21.9629166667
24.141875
24.6960416667
25.630625
26.4358333333
27.3183333333
26.8620833333
20.1914583333
20.9439583333
22.0047916667
22.9152083333
23.3535416667
21.820625
21.3870833333
23.595
23.2054166667
22.0414583333
19.164375
15.278125
10.0791666667
10.4460416667
10.6147916667
12.0666666667
11.8958333333
12.07875
14.003125
18.2052083333
21.0622916667
15.8877083333
14.4004166667
13.9622916667
16.7089583333
15.2514583333
14.9672916667
17.0370833333
13.0633333333
11.4891666667
10.384375
11.8929166667
10.580625
14.233125
15.6185416667
19.1052083333
16.8870833333
19.6422916667
14.5954166667
13.6152083333
13.914375
15.4683333333
12.1810416667
12.641875
12.7235416667
15.476875
14.8377083333
15.520625
13.7008333333
13.3758333333
12.5841666667
15.316875
14.2172916667
16.0947916667
15.825
15.4127083333
14.095
10.715
9.88479166667
13.1045833333
12.1975
15.1891666667
13.3770833333
11.3464583333
9.893125
11.31375
16.296875
9.911875
12.869375
7.4625
7.0775
6.13458333333
9.37833333333
11.15875
9.81979166667
10.3827083333
10.1929166667
9.94458333333
12.2472916667
10.865625
10.050625
7.73416666667
2.08604166667
3.08729166667
2.73
5.199375
4.08
3.93729166667
5.949375
12.0085416667
13.0754166667
13.3539583333
9.70229166667
8.58333333333
5.65145833333
5.88520833333
9.47354166667
5.90895833333
3.175
1.16375
2.62458333333
2.51854166667
2.80229166667
4.036875
3.669375
4.76
5.66520833333
5.14916666667
6.01645833333
5.91645833333
3.49041666667
2.04354166667
3.64625
3.21770833333
3.61604166667
4.75854166667
2.60208333333
5.848125
6.50333333333
3.45979166667
2.88729166667
4.85375
0.606666666667
2.23833333333
1.56458333333
0.299791666667
-1.17604166667
-1.31645833333
-2.09979166667
0.55
-0.058125
-4.45145833333
-6.65875
-7.89979166667
-10.3470833333
-10.369375
-9.135625
-9.15895833333
-7.81708333333
-8.26729166667
-5.68416666667
-8.08666666667
-9.65583333333
-7.09416666667
-4.825
-5.83354166667
-6.77416666667
-5.50145833333
-3.01395833333
3.43479166667
6.35395833333
5.94416666667
1.13416666667
1.314375
4.88375
2.64270833333
-0.548125
2.835625
7.640625
6.61875
8.86354166667
8.63979166667
5.79875
4.48
6.84041666667
3.42229166667
1.51520833333
-2.053125
-5.35125
-7.07604166667
-8.700625
-6.67375
-3.24791666667
-2.75229166667
-5.11020833333
0.223333333333
-0.0295833333333
-3.81958333333
-2.90291666667
-2.01229166667
-0.0716666666667
-0.0575
2.595625
8.23104166667
9.76583333333
7.84979166667
9.354375
6.56041666667
6.91916666667
6.17833333333
8.64166666667
8.48729166667
7.79708333333
6.36541666667
5.093125
7.85708333333
5.545625
2.74916666667
2.99729166667
6.15145833333
8.34666666667
2.93791666667
2.779375
2.820625
1.42208333333
-0.701875
1.62291666667
3.28854166667
7.978125
10.63
9.73166666667
7.74541666667
9.836875
9.06875
7.63833333333
5.05145833333
4.53583333333
10.9839583333
10.61875
12.7179166667
12.9870833333
17.5029166667
22.1620833333
20.21625
15.091875
13.6260416667
13.3875
11.6241666667
12.2070833333
10.5395833333
7.33708333333
11.8602083333
6.77520833333
9.01979166667
7.73541666667
13.8575
16.0689583333
17.745
18.1002083333
19.0027083333
17.175625
10.894375
8.758125
5.45291666667
6.76625
5.14666666667
6.39166666667
6.731875
10.5627083333
10.19625
7.16375
7.70520833333
9.75208333333
13.1554166667
17.2914583333
20.2747916667
17.8552083333
17.7689583333
14.5308333333
18.78375
21.2233333333
23.7791666667
19.179375
17.3716666667
21.92375
20.2977083333
21.4414583333
21.3452083333
21.56375
19.8885416667
12.763125
14.2864583333
18.344375
24.095625
27.2033333333
28.1829166667
21.3366666667
14.086875
19.4520833333
21.9164583333
21.3620833333
23.1125
24.7252083333
26.0564583333
23.6479166667
22.5116666667
19.3358333333
14.126875
11.8304166667
12.7139583333
13.6645833333
14.8341666667
11.5064583333
15.2910416667
13.3502083333
13.7035416667
12.2654166667
16.6729166667
19.281875
15.0691666667
17.6085416667
18.9533333333
16.589375
18.524375
14.6108333333
13.3695833333
16.5791666667
14.1954166667
15.6020833333
20.5954166667
19.3360416667
19.2583333333
23.6175
25.595
26.0239583333
24.7779166667
19.2991666667
15.6497916667
16.3472916667
16.6020833333
19.405
22.4220833333
26.0089583333
29.8095833333
23.530625
23.6639583333
22.7741666667
26.0739583333
20.80625
19.8075
17.08
18.176875
19.1585416667
24.0672916667
26.8797916667
26.1954166667
20.8327083333
25.5066666667
19.1285416667
20.0360416667
19.0947916667
19.7745833333
19.0164583333
19.4220833333
17.655
22.1579166667
16.4033333333
15.9108333333
18.1995833333
23.9110416667
21.5175
22.1991666667
19.0079166667
24.6922916667
30.6554166667
26.6685416667
22.0766666667
17.850625
16.964375
20.2177083333
19.1997916667
21.5314583333
24.905625
20.3658333333
22.8035416667
17.0283333333
18.6925
17.663125
21.2545833333
22.7364583333
24.2327083333
24.868125
20.7660416667
18.3202083333
16.1864583333
16.34125
15.4695833333
13.6452083333
13.3685416667
10.869375
14.0616666667
17.5545833333
20.1983333333
20.2158333333
22.3970833333
16.3370833333
13.6058333333
13.3433333333
16.5485416667
21.5725
24.96875
22.0747916667
23.42375
22.1316666667
20.6658333333
19.5627083333
18.40875
17.8414583333
21.13375
19.0691666667
18.8064583333
20.7085416667
23.1254166667
20.0664583333
24.4258333333
24.881875
19.818125
16.7785416667
15.3202083333
13.6097916667
13.6008333333
13.2141666667
16.6097916667
14.3789583333
11.6045833333
13.3847916667
13.56375
10.0975
11.2652083333
10.3739583333
10.510625
11.9135416667
12.3433333333
8.84729166667
11.7772916667
9.97979166667
11.371875
10.2860416667
6.13833333333
4.1725
8.49041666667
2.52083333333
2.538125
5.44854166667
6.02104166667
5.778125
7.85958333333
13.861875
8.724375
7.55979166667
9.02666666667
14.710625
11.5835416667
3.19833333333
1.145
2.13979166667
2.2125
1.84895833333
0.861041666667
-0.108541666667
-2.301875
-4.21208333333
-3.746875
-2.78791666667
-2.18354166667
-1.674375
-0.750208333333
0.467708333333
-2.926875
-1.70916666667
0.461041666667
0.234583333333
0.73625
3.83604166667
6.66125
11.093125
11.3052083333
13.33
10.985
8.076875
7.685
8.14979166667
6.83979166667
3.47895833333
2.60979166667
0.956041666667
2.98520833333
8.34791666667
10.0464583333
7.6475
6.92125
6.63979166667
5.86375
5.718125
8.1475
5.7375
5.24833333333
7.46270833333
7.436875
6.27208333333
-0.952083333333
-2.6775
-1.48041666667
-4.85958333333
-5.14020833333
3.16958333333
4.87604166667
2.76375
0.0929166666667
2.27395833333
0.96
-1.62354166667
-2.69479166667
-0.0575
4.08770833333
2.78916666667
6.17
7.35604166667
3.909375
1.6925
0.045
3.32708333333
8.893125
8.08833333333
4.503125
5.30270833333
5.890625
4.2375
1.40458333333
-0.0677083333333
-1.98125
0.590625
2.37895833333
2.23895833333
1.84833333333
4.10166666667
3.115625
-0.389791666667
-1.76604166667
-3.13125
-4.01
-5.52729166667
-6.82041666667
-11.5583333333
-3.13895833333
-1.28104166667
-1.73270833333
-3.345625
-2.9175
-0.768125
-1.20479166667
-2.12520833333
-4.29604166667
-4.16291666667
-5.31520833333
-4.934375
-5.79270833333
-5.52791666667
-4.93208333333
-4.22875
-4.94520833333
-2.01291666667
-1.45916666667
-0.6325
-0.989166666667
0.815416666667
0.510208333333
4.31145833333
5.94645833333
5.32041666667
4.43145833333
2.44208333333
3.28729166667
3.16020833333
3.30958333333
3.63583333333
4.34291666667
8.808125
10.4125
12.9958333333
13.3333333333
13.5535416667
9.57
7.255625
7.07958333333
6.74395833333
9.09708333333
7.55854166667
6.47375
10.38625
11.924375
8.639375
6.22270833333
9.52895833333
9.77083333333
9.10958333333
5.776875
3.53583333333
2.545625
6.00041666667
11.3747916667
9.815
6.719375
2.979375
-0.55
1.123125
4.34916666667
5.82520833333
14.30875
13.6914583333
11.376875
8.950625
8.37
8.82
11.468125
11.3877083333
11.38125
14.16375
15.3366666667
13.2785416667
16.3185416667
17.344375
20.0795833333
14.1202083333
19.065625
23.5791666667
25.3364583333
20.1514583333
22.521875
22.0322916667
17.08375
15.09
15.4333333333
13.7010416667
17.6204166667
19.7672916667
21.936875
15.973125
15.950625
17.2583333333
21.2610416667
24.576875
20.1295833333
22.9760416667
21.55
19.3122916667
23.6164583333
17.2714583333
20.038125
25.1277083333
24.384375
16.463125
12.9745833333
11.6889583333
14.294375
15.145625
14.021875
18.2789583333
12.5135416667
12.3745833333
9.69375
10.141875
13.3922916667
20.845
23.7695833333
16.5577083333
16.5933333333
18.9370833333
22.4089583333
25.9316666667
29.6945833333
28.6085416667
22.1645833333
24.469375
26.4033333333
24.3589583333
24.371875
25.1864583333
21.2547916667
23.730625
26.0522916667
27.9725
27.5139583333
24.283125
24.8920833333
27.3922916667
29.0597916667
29.6914583333
26.0589583333
25.905
20.6133333333
18.1616666667
16.9777083333
17.4354166667
16.000625
17.745625
17.4220833333
15.8041666667
19.6064583333
22.96375
26.8389583333
27.0620833333
20.3704166667
17.7866666667
20.9072916667
22.1108333333
24.295625
21.5529166667
15.5872916667
16.4445833333
20.6385416667
23.11125
26.3916666667
28.2014583333
23.790625
27.8435416667
23.6725
28.8310416667
32.73375
27.628125
22.1829166667
26.099375
27.283125
21.555625
23.8952083333
26.4783333333
26.6508333333
20.8941666667
23.0435416667
24.3789583333
26.7702083333
23.0235416667
23.3466666667
17.85375
16.0477083333
15.1922916667
18.228125
17.006875
17.0083333333
14.4329166667
16.7239583333
19.9664583333
15.243125
16.055
14.389375
12.541875
14.5845833333
13.005
16.390625
15.6735416667
13.8916666667
17.7054166667
18.7495833333
15.7395833333
16.440625
15.1791666667
15.869375
17.5020833333
14.2310416667
13.6933333333
20.2860416667
18.07625
14.8377083333
9.0
12.2070833333
14.7285416667
17.9120833333
19.1579166667
19.0795833333
17.8970833333
16.21625
14.3491666667
15.2810416667
15.3110416667
18.46375
19.3035416667
18.6341666667
22.3858333333
20.3695833333
16.6004166667
16.2983333333
19.6658333333
17.053125
16.268125
15.0379166667
16.6997916667
17.5754166667
16.3935416667
16.3429166667
17.1477083333
21.5927083333
21.2691666667
18.5922916667
13.96
14.8227083333
12.4454166667
11.986875
9.37916666667
14.065
10.0254166667
8.82604166667
8.77625
8.91791666667
9.77666666667
8.733125
10.0370833333
8.30020833333
7.384375
11.2352083333
10.5585416667
6.04458333333
6.55104166667
6.36625
10.271875
7.28875
6.85875
7.054375
9.96770833333
13.1372916667
11.5766666667
13.0070833333
9.75708333333
11.041875
13.0952083333
12.0091666667
9.65854166667
8.84729166667
8.96
6.11645833333
7.63166666667
7.465625
7.05895833333
9.73229166667
9.84291666667
7.55395833333
3.17
1.44791666667
0.636458333333
0.358333333333
4.55333333333
6.96083333333
7.42520833333
8.256875
6.70854166667
6.14270833333
10.4645833333
6.471875
6.315625
3.15916666667
1.81895833333
1.51958333333
5.27208333333
2.75875
4.2725
3.72333333333
7.09604166667
8.759375
2.09645833333
1.73458333333
-0.321875
-2.36458333333
-3.21083333333
-3.87604166667
0.5825
1.59791666667
3.07479166667
7.50645833333
7.74541666667
7.04
6.918125
7.669375
-1.00354166667
-0.0247916666667
2.35020833333
2.20770833333
-1.73041666667
-3.97166666667
-1.72895833333
-4.25354166667
-11.37125
-11.4925
-11.3210416667
-12.819375
-11.891875
-10.6233333333
-7.25458333333
-7.52395833333
-4.37854166667
-6.06833333333
-5.805
-2.22166666667
1.07479166667
2.23666666667
1.24125
1.0375
-0.863333333333
0.145416666667
-2.33520833333
-8.91
-5.41729166667
-3.46645833333
-2.165625
-1.87729166667
0.680416666667
2.50458333333
3.19458333333
4.584375
5.08583333333
6.86770833333
6.506875
5.65520833333
4.09291666667
3.72729166667
2.04
1.49104166667
-0.311041666667
-0.721666666667
-1.09458333333
-1.13583333333
-0.493541666667
-1.07770833333
1.940625
1.11458333333
0.914375
1.788125
2.37541666667
5.078125
7.42875
7.01
0.435416666667
-4.388125
-3.77041666667
-1.08229166667
-1.233125
-2.86104166667
-1.15375
-1.25375
1.51125
1.29479166667
0.623541666667
1.70458333333
2.02083333333
3.20125
1.61020833333
1.08729166667
3.816875
1.87208333333
2.62583333333
3.81270833333
4.65770833333
5.18854166667
8.36895833333
9.468125
10.7045833333
10.3925
10.58875
6.93229166667
5.704375
6.35479166667
7.77083333333
5.80395833333
14.5783333333
11.3583333333
13.6114583333
12.8120833333
18.4341666667
15.7983333333
13.753125
11.7091666667
11.7802083333
6.22041666667
9.07291666667
12.618125
13.1083333333
10.9602083333
16.1816666667
18.5747916667
20.196875
14.8391666667
10.8783333333
14.426875
17.8529166667
21.1808333333
22.1210416667
18.2670833333
15.5989583333
20.0097916667
24.2964583333
22.1860416667
18.1214583333
20.955
13.655625
6.54645833333
9.63979166667
8.83604166667
13.3454166667
14.8141666667
20.983125
19.23375
12.2735416667
10.3147916667
10.426875
10.9720833333
12.004375
11.1227083333
13.3620833333
15.4077083333
17.24375
12.0610416667
9.46083333333
10.644375
13.2529166667
18.780625
20.3360416667
21.5360416667
18.4510416667
14.5602083333
10.8520833333
11.9833333333
16.4791666667
18.468125
14.618125
16.0204166667
15.7575
16.5208333333
17.8752083333
18.3766666667
15.5872916667
16.338125
17.9989583333
20.4575
15.6052083333
14.8985416667
17.4439583333
13.5145833333
12.8591666667
13.2270833333
11.7610416667
15.4370833333
17.3620833333
16.744375
18.115
17.0072916667
15.944375
16.65125
18.5052083333
21.7164583333
23.369375
28.800625
30.5302083333
24.32125
21.6472916667
24.0472916667
23.4064583333
23.553125
26.19625
28.289375
20.6741666667
19.65875
20.096875
26.1375
22.82
19.556875
24.5572916667
26.9839583333
26.914375
23.6104166667
19.8241666667
21.3625
19.1825
19.895
21.46
21.345
20.578125
17.7758333333
14.4904166667
15.5502083333
14.745625
16.3489583333
18.7975
16.1470833333
17.7339583333
14.8810416667
16.8941666667
17.270625
15.3810416667
15.5008333333
18.0464583333
19.908125
15.4470833333
16.72375
19.3622916667
20.38375
20.51
23.1304166667
18.6147916667
18.3997916667
27.3652083333
21.0860416667
22.0339583333
23.9527083333
26.7633333333
27.7620833333
21.5616666667
24.03625
19.8216666667
17.163125
18.1158333333
16.808125
17.85625
20.1764583333
18.5120833333
24.7783333333
23.1285416667
24.8147916667
26.3470833333
20.53
18.1235416667
19.1660416667
17.1054166667
19.27375
18.81625
17.2377083333
22.0660416667
19.9822916667
20.630625
16.3633333333
21.0845833333
24.014375
22.59875
18.850625
21.384375
25.7608333333
24.7029166667
20.0539583333
16.3285416667
14.95625
14.2172916667
12.2260416667
11.6058333333
10.110625
12.6791666667
14.1352083333
13.800625
13.7145833333
13.57375
19.6314583333
18.97125
13.7758333333
13.3966666667
13.295
20.089375
15.2772916667
10.9679166667
10.1452083333
12.3677083333
15.9520833333
18.6658333333
12.905
13.6175
15.69875
12.0722916667
11.4616666667
10.2860416667
9.44458333333
8.98854166667
8.81458333333
10.581875
12.8929166667
12.33125
10.5575
11.18875
12.2091666667
9.80791666667
10.6079166667
8.01020833333
7.50333333333
5.80104166667
6.609375
5.72354166667
2.64916666667
5.33479166667
5.52458333333
9.26229166667
8.26416666667
9.01916666667
7.131875
5.74708333333
10.8489583333
8.96854166667
9.77020833333
8.369375
7.00270833333
6.04958333333
4.75541666667
5.64291666667
3.051875
2.02
2.55104166667
2.16604166667
3.07875
3.18020833333
1.360625
2.39625
1.13041666667
2.17104166667
0.690833333333
2.32979166667
0.650833333333
-0.181666666667
-3.03520833333
-4.723125
-2.33666666667
2.98395833333
1.14604166667
0.331458333333
-3.068125
0.144583333333
4.47875
9.48416666667
13.3527083333
10.8004166667
8.09645833333
8.04625
8.885
3.27458333333
1.33208333333
1.50229166667
5.04625
7.191875
9.093125
8.92395833333
10.3854166667
9.65458333333
7.43958333333
11.0908333333
7.97208333333
7.76833333333
10.561875
10.6914583333
6.42583333333
5.78770833333
5.025
3.83416666667
5.51395833333
3.58645833333
3.33145833333
2.76979166667
4.49583333333
4.73645833333
4.98416666667
3.97729166667
3.09791666667
1.454375
3.94958333333
3.74104166667
2.538125
5.76729166667
9.13958333333
7.376875
7.33166666667
7.01958333333
8.88958333333
5.92145833333
4.09041666667
5.429375
6.635625
6.44416666667
8.248125
6.55083333333
8.643125
5.74354166667
2.25541666667
4.185625
3.6625
3.96895833333
1.76875
3.734375
5.39895833333
7.43833333333
7.105625
3.58645833333
4.12270833333
4.46854166667
4.22979166667
2.84625
6.97895833333
4.86854166667
1.354375
0.133541666667
-0.105833333333
0.281041666667
2.993125
2.27625
0.560833333333
1.90333333333
2.12875
1.59541666667
2.70541666667
1.6175
2.653125
1.49854166667
3.67458333333
2.52125
4.99729166667
4.321875
2.290625
3.10645833333
6.65166666667
7.33145833333
5.70395833333
5.515
6.34083333333
10.5047916667
10.8033333333
9.53145833333
8.0775
8.06833333333
6.261875
7.30604166667
6.01979166667
7.94375
7.865625
13.49
8.985625
5.060625
10.3070833333
12.7660416667
9.788125
7.69375
13.2391666667
15.5625
11.7427083333
6.12916666667
8.120625
12.8739583333
16.4754166667
10.3164583333
11.143125
15.2822916667
19.72125
14.445625
19.78125
23.3110416667
17.4089583333
15.93625
13.521875
6.53541666667
8.95770833333
11.143125
11.5285416667
14.3154166667
10.9170833333
15.65
18.3245833333
20.32625
16.0204166667
15.6435416667
16.1679166667
18.2214583333
19.1035416667
21.5864583333
16.935625
22.0833333333
21.9122916667
19.3260416667
23.2052083333
23.5097916667
23.0416666667
23.9510416667
23.1970833333
21.063125
14.825
15.3979166667
12.3658333333
11.9858333333
14.3766666667
18.8622916667
21.3441666667
25.4516666667
26.9072916667
25.838125
21.1304166667
19.2702083333
19.391875
15.8227083333
16.6364583333
16.0008333333
19.8508333333
18.4704166667
15.308125
12.27875
15.834375
16.6520833333
18.605
21.978125
18.6897916667
16.8877083333
22.5685416667
25.00625
23.01875
21.0466666667
22.84125
23.7272916667
17.37375
14.7029166667
19.7008333333
18.381875
15.023125
15.8685416667
16.7202083333
20.7535416667
20.8772916667
23.9504166667
24.4977083333
25.5258333333
23.36375
18.38125
18.7095833333
22.9489583333
25.2733333333
23.4041666667
22.2197916667
21.76125
20.436875
23.66375
26.8575
22.1047916667
21.9439583333
17.1147916667
16.3472916667
13.968125
16.894375
16.169375
19.614375
23.8658333333
21.61375
26.0741666667
29.51125
23.124375
23.0270833333
27.9125
20.8177083333
22.2452083333
19.9302083333
19.3989583333
21.5252083333
26.3229166667
19.1433333333
17.3260416667
20.3439583333
22.0860416667
24.2758333333
28.0260416667
28.841875
27.2858333333
27.4266666667
25.2583333333
26.4975
23.9535416667
28.5120833333
27.1366666667
23.0285416667
23.488125
27.5041666667
26.1089583333
19.8
18.334375
18.2841666667
18.471875
19.156875
16.6120833333
17.0195833333
18.0483333333
25.7435416667
22.1760416667
19.399375
22.5360416667
25.2777083333
17.8095833333
14.3741666667
18.0858333333
17.9058333333
19.6766666667
19.8889583333
20.46625
22.04875
23.9272916667
19.6360416667
17.1864583333
14.225
12.838125
13.8610416667
12.6016666667
15.4047916667
17.1364583333
14.0135416667
14.5872916667
13.2979166667
18.8689583333
15.8014583333
13.5958333333
14.31375
18.6008333333
19.9983333333
19.3633333333
15.4129166667
14.1775
14.876875
16.8333333333
14.9516666667
12.383125
13.9347916667
11.8672916667
10.72875
11.083125
17.52875
17.3625
9.10458333333
12.3679166667
17.084375
15.5325
15.565
13.3933333333
13.990625
15.1104166667
14.6652083333
11.9595833333
12.65875
13.6664583333
10.7197916667
10.6775
10.18375
10.5797916667
16.2479166667
15.566875
10.67375
5.545
6.97375
7.80645833333
7.40416666667
2.361875
4.11791666667
4.20583333333
4.65708333333
6.27583333333
7.99604166667
8.33979166667
8.03104166667
10.2970833333
11.1925
9.32333333333
8.08854166667
9.34625
9.65604166667
8.66166666667
8.61958333333
7.04625
2.31729166667
-0.586458333333
-4.638125
-1.35479166667
2.02
5.016875
4.80458333333
5.71895833333
3.30916666667
7.2975
3.19833333333
4.4975
1.75791666667
1.326875
7.64
6.565625
3.96333333333
3.7575
3.97291666667
5.86354166667
9.0375
8.82208333333
5.99041666667
6.01770833333
6.12
3.02770833333
-1.28895833333
-1.01145833333
3.32520833333
7.58708333333
3.73604166667
3.79395833333
6.67666666667
6.9925
8.44583333333
6.36395833333
7.36583333333
7.27333333333
7.77875
9.019375
4.499375
3.93458333333
5.94229166667
6.87458333333
3.80583333333
3.54770833333
4.20479166667
3.928125
4.64833333333
8.71375
8.335
6.88
5.33416666667
7.701875
8.23125
7.614375
5.69708333333
5.91291666667
5.02541666667
4.338125
2.680625
0.192708333333
4.07583333333
6.27979166667
4.64770833333
2.00958333333
1.47395833333
3.65104166667
3.50020833333
0.142291666667
0.33625
1.95166666667
2.14479166667
2.65625
0.149791666667
0.148541666667
-0.725833333333
1.74
6.80458333333
9.065625
5.27625
4.18770833333
4.06854166667
2.23270833333
4.31354166667
5.82
5.69833333333
4.23020833333
5.55958333333
4.79270833333
8.2875
11.82625
11.6308333333
6.534375
4.3625
5.50395833333
5.22645833333
7.958125
5.64354166667
3.80458333333
4.31145833333
5.47416666667
6.93625
9.34395833333
8.36770833333
10.390625
16.9572916667
16.9464583333
9.26416666667
9.80854166667
13.7164583333
15.345
10.0477083333
11.1047916667
8.93020833333
7.58854166667
9.735625
9.38666666667
7.05208333333
10.4483333333
9.37708333333
7.30354166667
11.9160416667
9.40833333333
8.00520833333
10.4633333333
14.345
19.36625
21.7685416667
14.1410416667
20.50625
18.7575
12.4964583333
5.81979166667
4.59708333333
4.59125
2.48354166667
9.50770833333
9.401875
11.7158333333
13.7033333333
13.6597916667
18.2710416667
18.315
13.0095833333
13.0639583333
8.27854166667
11.1179166667
8.94166666667
10.1341666667
7.6125
10.9210416667
12.756875
10.4579166667
9.6825
16.3583333333
18.4664583333
12.60125
6.32916666667
5.305625
10.9916666667
11.571875
16.1914583333
18.4283333333
20.3110416667
19.93375
22.65875
15.2779166667
12.081875
17.4047916667
22.4933333333
15.6352083333
15.3516666667
13.8360416667
14.418125
15.25875
19.0447916667
21.6020833333
22.6822916667
23.825625
25.8633333333
25.42375
23.4533333333
21.0304166667
23.8083333333
25.0404166667
25.326875
26.3677083333
21.8970833333
23.7202083333
22.1089583333
22.1502083333
15.236875
18.7025
14.3247916667
14.3254166667
13.07375
13.9027083333
15.1989583333
13.4902083333
15.1058333333
18.0389583333
23.0897916667
17.8733333333
21.8339583333
22.5547916667
22.744375
22.8510416667
21.5283333333
24.0139583333
24.5485416667
25.19875
26.5402083333
27.99
19.9777083333
22.4227083333
21.908125
25.80875
27.015
25.6070833333
17.7125
18.7091666667
19.2120833333
21.8745833333
17.669375
15.7760416667
22.2379166667
28.286875
29.7695833333
29.8679166667
25.79375
22.15
21.4229166667
21.35
24.125
23.07625
17.01625
16.845
18.3354166667
19.1339583333
18.5927083333
18.320625
24.013125
26.1579166667
28.9383333333
26.4297916667
27.135625
24.7333333333
25.4010416667
22.151875
21.9925
24.4927083333
23.6475
17.6679166667
16.1302083333
14.9052083333
18.5235416667
19.9004166667
23.57125
25.3552083333
24.2208333333
22.5339583333
22.665625
25.1733333333
24.430625
21.8677083333
24.3714583333
25.08875
28.6072916667
32.7035416667
23.6495833333
23.6539583333
27.1389583333
28.725
31.1085416667
28.144375
22.0914583333
24.019375
18.0414583333
16.6195833333
18.3377083333
12.9470833333
15.049375
19.0664583333
22.3027083333
18.2179166667
16.0633333333
13.115625
16.995625
16.93375
20.1214583333
22.4958333333
23.58625
23.33625
21.7739583333
21.1435416667
21.49125
16.7566666667
17.9404166667
16.7666666667
19.0283333333
23.386875
26.4572916667
24.7610416667
23.118125
25.0070833333
25.0002083333
17.6058333333
14.4845833333
17.3875
17.0989583333
13.3852083333
14.6875
13.4304166667
13.5129166667
13.7145833333
12.6191666667
13.533125
14.8252083333
17.671875
12.3375
10.0410416667
9.40729166667
8.79666666667
10.4258333333
11.6827083333
13.2102083333
13.2752083333
12.5247916667
11.951875
13.0766666667
15.9129166667
17.304375
15.5689583333
13.58625
19.4529166667
20.9397916667
21.1575
18.276875
16.9854166667
18.2352083333
18.2945833333
18.049375
12.878125
15.4222916667
12.163125
12.3402083333
14.1520833333
11.4010416667
10.550625
9.06916666667
7.119375
6.26333333333
7.23520833333
8.59083333333
8.176875
10.4058333333
11.5183333333
9.49333333333
7.50520833333
7.703125
5.545625
4.93208333333
4.595
4.84479166667
7.90770833333
7.013125
5.25041666667
1.47
3.030625
0.00416666666667
1.78375
4.72875
5.80708333333
2.22854166667
0.725625
1.08833333333
2.35208333333
3.509375
2.226875
3.38604166667
2.81708333333
5.25958333333
0.1
2.38229166667
1.071875
-1.17229166667
1.53479166667
7.51208333333
11.0002083333
10.1797916667
14.8622916667
14.26
11.9152083333
11.5975
9.69395833333
12.58375
11.7877083333
7.15854166667
7.60770833333
8.47583333333
3.44145833333
-0.01875
-1.29583333333
-1.49479166667
-1.83479166667
-1.214375
-0.858333333333
-0.615208333333
-0.802083333333
-0.709583333333
-0.244583333333
-0.161875
-0.429375
-0.611458333333
1.89020833333
2.36895833333
2.67958333333
5.63270833333
0.516666666667
2.97125
4.24958333333
7.94979166667
8.778125
4.47875
3.66895833333
4.45270833333
8.1625
6.965
8.499375
7.12479166667
10.9522916667
8.61854166667
6.53416666667
8.85770833333
5.95020833333
7.168125
10.1025
9.76333333333
8.85895833333
11.5054166667
8.13791666667
10.8202083333
10.8964583333
12.1116666667
13.7125
7.00270833333
6.10729166667
6.515625
5.23645833333
3.33125
6.14041666667
3.97541666667
4.03604166667
6.26520833333
10.2277083333
12.6616666667
15.5304166667
15.0795833333
13.988125
14.9341666667
16.6747916667
14.3220833333
11.20375
3.616875
7.12625
8.22208333333
2.9975
4.55604166667
5.10458333333
5.89708333333
7.73791666667
10.2447916667
13.0008333333
10.0664583333
10.3779166667
17.411875
13.614375
11.495625
12.7766666667
14.4639583333
16.5204166667
18.8585416667
19.1641666667
19.1025
12.51625
13.8708333333
14.7004166667
11.87125
11.18
7.92354166667
7.246875
8.32645833333
5.55583333333
9.98041666667
13.4441666667
17.10625
19.440625
18.760625
13.3929166667
7.89333333333
7.67833333333
9.96791666667
9.88145833333
8.119375
9.08083333333
11.5722916667
10.4995833333
11.6445833333
12.00125
11.0529166667
8.47708333333
8.50020833333
9.15354166667
10.0597916667
10.7404166667
14.7370833333
16.2139583333
15.8722916667
12.6377083333
12.7102083333
12.8522916667
17.061875
11.0258333333
10.4141666667
16.4764583333
20.0160416667
23.1972916667
23.51375
21.945625
23.6516666667
25.0875
25.4327083333
24.4352083333
22.191875
22.0695833333
22.389375
16.8797916667
16.3929166667
15.7002083333
15.54375
20.1520833333
21.1070833333
20.0729166667
15.3522916667
19.2335416667
20.824375
21.1308333333
21.099375
23.2085416667
19.3697916667
13.1264583333
15.3585416667
16.92375
12.8497916667
17.6841666667
20.0554166667
22.1697916667
25.0879166667
18.1752083333
16.913125
15.373125
17.1558333333
18.0597916667
15.2185416667
13.6310416667
14.3408333333
12.70125
14.6883333333
15.6091666667
14.5222916667
13.7154166667
14.939375
18.6358333333
22.269375
22.0614583333
24.7164583333
19.31
20.1379166667
18.4635416667
17.365625
20.771875
22.86125
28.2583333333
26.4027083333
25.5420833333
27.2597916667
25.7570833333
19.4610416667
17.9991666667
16.3964583333
19.728125
18.0291666667
15.7383333333
16.58375
21.148125
20.54125
16.9329166667
19.4975
25.585
24.276875
20.9397916667
24.389375
27.9789583333
19.8016666667
15.8629166667
20.4825
25.8970833333
27.4389583333
22.9164583333
19.52625
18.9297916667
19.1354166667
24.8008333333
27.1102083333
30.7020833333
24.739375
26.8164583333
29.3833333333
30.54875
29.8464583333
31.4941666667
33.1020833333
31.7235416667
22.4341666667
19.4872916667
22.0297916667
24.7254166667
21.5808333333
26.3516666667
31.729375
29.085
24.9583333333
24.2979166667
19.951875
18.7158333333
17.3352083333
20.2014583333
20.4589583333
14.4325
18.8277083333
21.6622916667
26.1779166667
27.998125
24.269375
25.2608333333
27.9379166667
28.728125
26.24875
20.1095833333
13.2291666667
17.98625
15.85125
17.1275
15.7408333333
16.22875
13.5183333333
17.23875
15.7197916667
12.3429166667
16.396875
17.0735416667
16.4777083333
18.373125
14.1266666667
16.28375
17.0554166667
15.0647916667
18.3154166667
12.8172916667
12.08625
11.8208333333
15.5485416667
12.8364583333
12.365
12.5397916667
12.399375
14.339375
17.9639583333
18.5620833333
16.9395833333
16.236875
17.931875
13.5152083333
12.9947916667
16.2325
15.8891666667
10.1264583333
12.3779166667
12.73375
15.9675
21.4895833333
20.07375
22.230625
23.1570833333
19.25375
17.6654166667
16.4345833333
18.74125
14.5720833333
10.7672916667
10.3995833333
13.2385416667
12.7116666667
15.7454166667
12.823125
11.2095833333
11.2025
9.763125
9.795
10.90625
10.49625
8.36125
7.49854166667
4.78166666667
3.62333333333
5.10125
5.93895833333
5.553125
7.685625
6.058125
7.89770833333
9.51458333333
8.55625
9.72729166667
9.675
8.6825
11.9572916667
10.0970833333
6.02583333333
7.97166666667
5.56729166667
3.32333333333
2.29625
3.7375
4.45041666667
5.38166666667
5.99604166667
3.595625
4.42229166667
2.095
-0.21625
1.795625
3.20333333333
5.2975
3.48229166667
0.824166666667
0.58625
-1.3925
1.61125
1.1525
0.517916666667
1.83104166667
1.96333333333
1.59708333333
-1.24333333333
-1.01020833333
-0.189375
-0.575416666667
-1.32520833333
0.681875
1.94479166667
2.80020833333
4.39645833333
3.06458333333
1.86125
3.705
5.38666666667
3.23416666667
10.455
9.67166666667
4.78520833333
