-1.28569620253
-3.47772151899
-4.51670886076
-2.51721518987
0.40417721519
0.476835443038
0.427215189873
-0.581265822785
-1.60379746835
-3.65227848101
-6.68012658228
-8.02202531646
-3.51962025316
-4.05253164557
-3.82518987342
-4.26594936709
-3.86278481013
-2.22886075949
0.736075949367
-1.71556962025
-1.68253164557
1.27835443038
0.733164556962
0.78417721519
0.323291139241
-0.586835443038
-1.95886075949
-4.54886075949
-1.43050632911
3.23126582278
5.0846835443
4.55873417722
2.13924050633
2.37936708861
3.78189873418
4.81962025316
4.31835443038
3.68974683544
4.4564556962
8.06
6.32734177215
3.66291139241
1.83898734177
2.57265822785
3.88759493671
2.05962025316
3.57911392405
3.35113924051
0.94164556962
1.07303797468
4.14835443038
6.97746835443
6.84898734177
7.6064556962
7.91582278481
8.71594936709
7.81253164557
4.4317721519
-1.5246835443
1.84594936709
3.39873417722
2.06303797468
0.904683544304
-0.951265822785
1.15620253165
2.81316455696
4.76987341772
6.35569620253
6.23696202532
3.42329113924
2.61240506329
3.27886075949
2.22303797468
4.05987341772
4.85316455696
7.51734177215
8.03367088608
6.90189873418
0.961012658228
-2.48126582278
-0.549493670886
5.28367088608
6.72848101266
2.19341772152
8.90253164557
6.93278481013
8.52265822785
12.1017721519
8.78974683544
4.56936708861
8.19556962025
10.0892405063
8.99215189873
1.74481012658
1.15189873418
2.84037974684
5.02481012658
8.78632911392
5.47025316456
4.09810126582
2.52911392405
5.68620253165
10.5517721519
13.647721519
16.4743037975
18.0703797468
18.9287341772
18.6482278481
11.6129113924
6.11455696203
1.42430379747
4.23316455696
4.41936708861
4.69835443038
4.94898734177
2.61898734177
5.34898734177
7.06063291139
7.02974683544
8.93316455696
13.5708860759
14.2705063291
10.5932911392
9.45721518987
7.3835443038
8.81746835443
14.1632911392
11.7198734177
9.86367088608
9.92050632911
12.9687341772
16.2234177215
17.8162025316
15.8705063291
13.576835443
10.7689873418
11.9416455696
14.5359493671
16.5341772152
17.2818987342
18.5996202532
18.9824050633
11.9949367089
13.6212658228
11.0056962025
10.2465822785
16.5734177215
20.2346835443
16.3850632911
17.0418987342
10.9491139241
12.8617721519
11.4740506329
13.2058227848
14.9564556962
18.8311392405
21.2889873418
22.7525316456
18.0770886076
17.7911392405
18.0083544304
17.2082278481
17.0498734177
20.3411392405
23.5518987342
25.8910126582
20.3362025316
16.9629113924
15.5283544304
13.8781012658
15.076835443
12.8972151899
12.1001265823
13.0010126582
14.0984810127
12.965443038
11.9556962025
13.0374683544
13.4539240506
9.50417721519
11.2775949367
13.2364556962
11.9964556962
11.7559493671
13.8241772152
16.1716455696
14.8239240506
17.4884810127
15.3715189873
14.3020253165
14.2258227848
12.774556962
12.29
11.5325316456
10.1805063291
13.4160759494
13.4697468354
11.7791139241
12.4462025316
15.287721519
13.3326582278
14.435443038
12.99
14.9953164557
20.3765822785
23.1074683544
23.8749367089
25.0679746835
23.6846835443
22.9030379747
22.5392405063
17.5936708861
19.3998734177
22.5746835443
26.6956962025
26.0851898734
22.8524050633
19.3134177215
17.5227848101
22.4194936709
19.7646835443
16.5186075949
18.0551898734
21.2481012658
17.3588607595
16.4125316456
19.9626582278
23.6939240506
24.7593670886
23.0849367089
22.28
18.8582278481
17.5686075949
16.5174683544
12.5950632911
10.1644303797
10.6996202532
13.6549367089
18.3594936709
21.28
20.2043037975
19.93
16.7605063291
13.2297468354
12.2843037975
16.0425316456
19.5208860759
21.3784810127
18.6920253165
14.6613924051
18.5710126582
20.8115189873
15.6665822785
11.3130379747
12.2320253165
14.6629113924
13.3001265823
10.9637974684
13.1815189873
17.6172151899
17.1494936709
17.4050632911
21.6203797468
23.8024050633
22.2732911392
21.1807594937
16.4544303797
18.4775949367
13.6318987342
13.7746835443
15.4175949367
16.8893670886
16.4773417722
13.4258227848
11.9982278481
11.227721519
12.3253164557
12.7992405063
10.6198734177
8.7982278481
11.2024050633
8.11987341772
6.54582278481
6.02202531646
5.83278481013
7.16443037975
4.68569620253
6.09784810127
7.55632911392
10.9144303797
12.7030379747
7.61088607595
5.69101265823
5.52392405063
9.06253164557
11.4987341772
8.43037974684
8.1553164557
7.84708860759
6.01556962025
9.65379746835
15.0559493671
11.6020253165
6.00683544304
3.7617721519
1.76607594937
-3.06556962025
-5.21291139241
-5.44658227848
-4.55189873418
-2.95430379747
-1.49405063291
2.15898734177
2.04759493671
-0.609113924051
-1.48341772152
-0.272278481013
1.21
1.12037974684
6.55493670886
8.46810126582
9.0535443038
8.85784810127
4.06303797468
9.25139240506
9.12443037975
8.55151898734
9.94227848101
9.44202531646
6.69291139241
4.04443037975
-0.159493670886
-1.18797468354
-1.47810126582
-2.55481012658
-5.1335443038
-7.80544303797
-3.65303797468
-2.75506329114
-1.01848101266
-0.515189873418
-6.26417721519
-6.52113924051
-4.68215189873
-2.34417721519
0.77417721519
2.10848101266
3.39126582278
6.51746835443
7.66189873418
2.13506329114
-0.0483544303797
-1.29772151899
-1.53291139241
-0.127721518987
0.895949367089
0.478987341772
6.28405063291
6.90784810127
6.47734177215
3.21506329114
-1.09392405063
-1.91215189873
-0.0707594936709
0.984683544304
0.966455696203
0.527088607595
0.914683544304
4.61430379747
1.58924050633
-1.68367088608
-3.22481012658
-4.78113924051
-6.55253164557
-3.16037974684
-1.24594936709
-1.97240506329
-4.35430379747
-2.7482278481
-3.02329113924
-1.26556962025
-3.17886075949
0.225569620253
-0.313670886076
0.181392405063
-1.25734177215
-3.09392405063
-2.24974683544
-0.57835443038
0.521392405063
-0.319113924051
-0.546202531646
-1.72493670886
-0.270379746835
0.784936708861
2.49886075949
3.18481012658
2.66278481013
3.44734177215
1.43253164557
0.41582278481
-1.14848101266
1.80367088608
4.58341772152
4.69139240506
4.01455696203
2.43215189873
1.68037974684
-2.77430379747
-3.79898734177
-3.1046835443
-2.69265822785
-0.700379746835
-1.30025316456
-2.82835443038
-4.65721518987
-4.25037974684
-4.02962025316
-2.88341772152
-2.67962025316
-1.4035443038
-0.614303797468
1.64848101266
1.77443037975
0.382405063291
2.16759493671
2.64721518987
2.41721518987
1.09202531646
-1.30683544304
2.90607594937
7.47721518987
8.07696202532
9.37151898734
10.0249367089
12.7734177215
10.1574683544
8.76379746835
4.86417721519
6.92316455696
6.0053164557
2.15303797468
0.921139240506
3.23949367089
9.04886075949
13.0736708861
14.4753164557
7.37746835443
10.3259493671
14.6820253165
12.4453164557
11.9984810127
13.7470886076
13.7311392405
15.6543037975
14.7356962025
18.9396202532
17.0087341772
17.2897468354
11.4227848101
4.84253164557
10.1978481013
17.5640506329
13.9589873418
14.7110126582
17.4703797468
18.7317721519
19.3649367089
16.9837974684
15.6987341772
17.0791139241
11.1125316456
3.63848101266
3.69898734177
2.44962025316
6.00075949367
7.04
4.30620253165
2.00430379747
6.64126582278
12.1598734177
16.5340506329
9.16392405063
4.73379746835
4.53189873418
7.8846835443
6.80367088608
5.94683544304
6.07632911392
5.63329113924
6.45189873418
7.91278481013
16.1853164557
16.4653164557
20.9874683544
22.9615189873
22.6098734177
19.8067088608
18.4211392405
13.8011392405
15.9250632911
18.8498734177
12.4741772152
16.517721519
21.2360759494
23.9987341772
24.3360759494
18.227721519
16.2008860759
12.627721519
10.9930379747
13.106835443
9.96974683544
12.9916455696
13.6786075949
18.8772151899
23.4582278481
23.4882278481
26.6362025316
20.3413924051
13.5579746835
16.2987341772
18.63
19.7951898734
21.0462025316
17.7858227848
16.2791139241
20.1846835443
17.6311392405
16.5164556962
20.8035443038
23.8143037975
18.6315189873
10.444556962
8.06215189873
8.1264556962
11.1236708861
11.4805063291
13.4764556962
17.125443038
17.2579746835
18.8994936709
17.2578481013
20.2294936709
22.0926582278
20.1106329114
12.0064556962
16.4744303797
19.7388607595
17.6384810127
15.8392405063
18.456835443
20.7897468354
22.0008860759
24.8653164557
25.6035443038
25.894556962
22.6053164557
18.912278481
18.1749367089
17.9841772152
15.4805063291
17.782278481
16.7067088608
12.4463291139
11.3343037975
13.17
13.7220253165
17.3472151899
14.7087341772
15.93
10.6086075949
12.3681012658
14.9702531646
15.4611392405
19.704556962
18.2258227848
20.4311392405
19.9582278481
24.2424050633
23.1473417722
25.443164557
26.2264556962
26.4864556962
25.7150632911
20.1262025316
18.6063291139
15.8951898734
14.6984810127
18.5725316456
21.962278481
23.6946835443
24.4851898734
19.7194936709
14.2283544304
16.9892405063
14.7269620253
12.2913924051
13.6810126582
11.3659493671
12.8860759494
15.2406329114
15.9973417722
14.6163291139
13.883164557
14.0884810127
14.6175949367
16.0367088608
17.0903797468
16.4181012658
16.7282278481
15.6756962025
17.0087341772
18.1079746835
20.3089873418
21.1179746835
19.9737974684
19.4878481013
19.7888607595
20.6818987342
18.9074683544
15.815443038
12.6329113924
14.5932911392
13.8702531646
15.6443037975
18.2130379747
14.6337974684
17.9698734177
18.0501265823
21.1359493671
15.6706329114
15.3372151899
14.874556962
17.0563291139
14.6882278481
9.62683544304
11.7751898734
15.1040506329
15.0360759494
13.3165822785
10.6912658228
10.2844303797
10.2517721519
18.1048101266
14.0684810127
12.0508860759
15.8221518987
11.3469620253
9.78898734177
3.44379746835
3.68784810127
5.69784810127
4.21101265823
5.48670886076
7.76291139241
11.1455696203
9.19126582278
7.99607594937
6.11253164557
3.94962025316
3.38974683544
2.55873417722
2.89784810127
6.54164556962
5.02455696203
5.02063291139
7.32329113924
6.45025316456
10.9321518987
10.9806329114
10.6067088608
10.4727848101
9.44607594937
8.37341772152
4.85164556962
1.93898734177
-0.798481012658
-1.34708860759
1.07088607595
-2.21987341772
2.13215189873
3.78898734177
2.41126582278
0.633037974684
0.519240506329
1.24518987342
6.47164556962
8.71139240506
10.5301265823
10.0464556962
9.61405063291
9.38202531646
7.72
-0.813670886076
0.798227848101
2.24594936709
1.77101265823
0.923797468354
0.91746835443
0.276329113924
-0.992025316456
-1.91037974684
1.07683544304
-0.721012658228
-0.910632911392
-0.0463291139241
1.91050632911
1.1753164557
-2.49911392405
-1.24075949367
-1.82936708861
-6.78810126582
0.499746835443
-0.162658227848
-7.01430379747
-8.44632911392
-3.60518987342
-8.52367088608
-6.93658227848
-5.36164556962
-0.0277215189873
-0.738481012658
-1.80189873418
-1.58417721519
-2.16772151899
-4.07278481013
-1.17620253165
2.28202531646
3.35518987342
5.14746835443
4.43784810127
2.76544303797
6.19012658228
6.50898734177
5.79063291139
5.53265822785
-9.02
-10.406835443
-9.63924050633
-9.43075949367
-5.07139240506
-6.18518987342
-5.57481012658
-3.77936708861
4.29569620253
4.64506329114
4.39632911392
1.88746835443
4.68329113924
3.44835443038
-0.0250632911392
-0.0510126582278
-0.624556962025
-0.935189873418
-1.61898734177
0.0103797468354
0.262151898734
-1.26037974684
0.863670886076
4.72632911392
3.28367088608
0.984303797468
-0.594683544304
-0.375443037975
2.24683544304
3.16151898734
2.2435443038
3.36886075949
4.12075949367
2.91240506329
6.66658227848
7.96316455696
6.37126582278
7.21708860759
2.56898734177
2.40291139241
-0.975569620253
1.52911392405
0.339493670886
-3.80202531646
-0.192151898734
0.930506329114
1.99518987342
-2.57987341772
-1.39987341772
-2.3764556962
0.461772151899
1.19734177215
2.06025316456
6.28189873418
3.64987341772
6.52620253165
6.5317721519
2.44556962025
2.44202531646
3.25746835443
5.57278481013
2.61012658228
4.36873417722
3.46784810127
2.56405063291
1.41
2.89164556962
6.96443037975
4.00835443038
1.73746835443
4.04582278481
1.95
1.20430379747
3.80696202532
4.84063291139
4.37139240506
8.44784810127
10.9010126582
13.0075949367
15.1415189873
10.3996202532
9.31784810127
5.03215189873
3.47784810127
13.2883544304
13.7386075949
8.8553164557
12.2575949367
16.1018987342
17.4616455696
8.08215189873
7.88556962025
1.62924050633
2.50189873418
1.25721518987
1.19987341772
2.08708860759
5.94658227848
9.38898734177
11.906835443
9.56886075949
8.8582278481
10.1981012658
10.6139240506
11.1301265823
11.1958227848
10.9694936709
7.13962025316
10.2317721519
9.07430379747
9.46151898734
7.32240506329
5.31734177215
4.41632911392
5.73569620253
5.37582278481
11.5818987342
9.84518987342
8.02898734177
11.8743037975
7.03405063291
11.9050632911
13.2393670886
10.3692405063
9.80569620253
14.4191139241
17.1244303797
19.2092405063
21.4765822785
23.1596202532
19.3258227848
20.4844303797
17.1416455696
20.4948101266
16.3805063291
14.9344303797
13.9494936709
11.6643037975
16.3807594937
21.5059493671
24.1555696203
17.0172151899
15.9832911392
19.2532911392
23.6379746835
25.8582278481
27.2621518987
27.8073417722
28.1820253165
27.7092405063
23.9917721519
23.3026582278
22.667721519
19.6958227848
20.7440506329
16.5035443038
14.8897468354
10.7998734177
10.8029113924
11.0240506329
12.2118987342
15.582278481
17.7556962025
14.39
15.7049367089
18.2108860759
20.3774683544
17.5781012658
15.1193670886
21.4693670886
18.7197468354
16.2198734177
15.3734177215
15.0146835443
15.6139240506
16.4326582278
22.6639240506
24.0889873418
15.9894936709
16.6243037975
18.2798734177
19.0381012658
22.6624050633
25.6160759494
24.247721519
25.7935443038
25.1858227848
25.2507594937
26.7020253165
27.7703797468
24.6640506329
20.877721519
20.9264556962
19.1134177215
24.7372151899
25.5734177215
19.4546835443
17.7287341772
19.3434177215
20.6032911392
14.8750632911
15.5572151899
17.0801265823
23.463164557
25.1612658228
26.0094936709
24.7974683544
26.3665822785
25.9002531646
20.4308860759
20.5049367089
20.8751898734
20.4303797468
20.7618987342
20.1087341772
19.1972151899
21.3963291139
26.2027848101
20.9429113924
18.5881012658
22.8860759494
21.6074683544
18.3232911392
21.4453164557
17.6829113924
13.6662025316
13.2956962025
16.3520253165
18.19
16.8144303797
15.66
20.8635443038
17.0839240506
17.8018987342
19.6501265823
20.5458227848
17.3889873418
13.7959493671
13.6330379747
18.1413924051
22.7916455696
25.3734177215
20.5829113924
17.9301265823
18.7074683544
20.2459493671
22.1183544304
22.7497468354
22.8493670886
22.0055696203
22.5544303797
25.3615189873
25.8
25.9515189873
24.1129113924
22.8189873418
23.1881012658
20.9120253165
15.7315189873
12.4743037975
16.04
17.953164557
21.5396202532
15.6975949367
17.6588607595
18.8735443038
15.8544303797
12.6111392405
17.0432911392
15.4517721519
14.37
11.267721519
11.167721519
9.24734177215
8.13240506329
7.53772151899
8.1864556962
8.7035443038
8.14974683544
9.80797468354
8.8653164557
7.54037974684
7.81341772152
7.66392405063
10.4705063291
11.0464556962
11.2975949367
11.9462025316
14.7584810127
14.0424050633
9.09151898734
8.09151898734
9.7964556962
10.3951898734
11.0036708861
7.94784810127
7.02202531646
8.22151898734
11.3494936709
13.1925316456
11.1017721519
10.1946835443
7.73443037975
4.1882278481
6.53518987342
12.1375949367
11.5975949367
9.22721518987
10.2967088608
7.87303797468
7.91113924051
3.42101265823
1.96924050633
0.30746835443
1.41860759494
7.5646835443
7.41569620253
5.10518987342
5.09392405063
6.59303797468
9.81911392405
9.76113924051
6.32341772152
5.4
4.44025316456
2.56974683544
1.43227848101
-0.322784810127
-0.308734177215
2.99455696203
3.77721518987
2.48506329114
2.6853164557
2.28620253165
4.88455696203
8.6135443038
4.92708860759
7.86746835443
1.28012658228
0.412658227848
-0.216835443038
-1.48493670886
5.80873417722
7.56367088608
1.93240506329
-0.744936708861
-2.12810126582
3.92303797468
1.30987341772
0.84835443038
-0.328987341772
-2.59607594937
-0.245569620253
1.03569620253
3.58632911392
3.01088607595
0.175949367089
0.133037974684
0.290253164557
-0.42835443038
-0.42253164557
5.31253164557
6.37759493671
9.08784810127
9.36189873418
6.20037974684
1.59772151899
1.5146835443
3.8546835443
5.41734177215
3.98962025316
2.25860759494
0.29582278481
1.71493670886
3.28088607595
4.11658227848
2.67493670886
-1.37012658228
-1.58670886076
0.326708860759
0.996329113924
2.13012658228
3.81088607595
1.85810126582
5.26860759494
7.6364556962
6.37987341772
5.53088607595
4.39164556962
-0.870886075949
5.71708860759
-0.0524050632911
-0.73
-1.57556962025
-1.56417721519
-0.67253164557
-0.934303797468
-2.48721518987
-2.85810126582
-4.47088607595
-5.4746835443
-4.48911392405
-3.75113924051
-5.1864556962
-4.32341772152
-5.08139240506
-2.73417721519
1.11164556962
-1.35987341772
-1.60772151899
-2.30860759494
-4.27594936709
-1.08594936709
2.11392405063
3.9064556962
4.53025316456
4.57810126582
2.80164556962
0.54253164557
2.49075949367
3.31493670886
4.94898734177
4.49987341772
3.50493670886
5.20746835443
5.0235443038
8.57518987342
4.77215189873
4.45367088608
3.75025316456
7.94620253165
9.56113924051
7.45683544304
7.08518987342
8.79632911392
8.37835443038
7.69582278481
8.23227848101
6.87556962025
5.26050632911
4.5735443038
6.89898734177
3.11430379747
-0.108227848101
0.642025316456
0.417848101266
2.41164556962
2.26670886076
4.83632911392
8.02075949367
5.39379746835
3.0964556962
3.5946835443
3.58949367089
4.79658227848
3.90873417722
8.2317721519
5.90367088608
9.48379746835
12.6537974684
4.00430379747
3.40189873418
2.89341772152
4.97734177215
12.8929113924
17.5306329114
18.4483544304
16.1526582278
13.6606329114
17.5386075949
13.8705063291
17.1263291139
11.285443038
17.06
17.2583544304
12.4405063291
14.4815189873
12.4646835443
16.1565822785
13.2124050633
9.72670886076
7.44303797468
8.19012658228
12.5493670886
15.2211392405
11.4594936709
12.2720253165
12.1207594937
8.70227848101
10.6516455696
12.8248101266
9.04405063291
15.4696202532
15.533164557
20.1886075949
19.3079746835
14.2130379747
11.3660759494
17.6703797468
20.9483544304
10.3392405063
7.80088607595
8.35683544304
8.70569620253
8.69405063291
6.96189873418
9.27215189873
8.48481012658
12.8625316456
20.0551898734
21.5298734177
17.8939240506
18.8853164557
23.8746835443
18.9996202532
14.2718987342
19.1248101266
24.5153164557
20.9912658228
17.9218987342
18.8841772152
21.4970886076
18.9498734177
16.7018987342
12.906835443
10.496835443
10.2774683544
13.7381012658
19.0088607595
21.3598734177
23.0115189873
24.0179746835
24.4572151899
25.2640506329
21.8055696203
21.3748101266
17.8192405063
13.2041772152
13.9582278481
16.7748101266
13.9397468354
18.332278481
21.1613924051
22.6784810127
24.4653164557
25.7550632911
24.1516455696
24.5183544304
27.1672151899
27.8029113924
28.0117721519
27.0339240506
23.0529113924
18.2020253165
24.2430379747
27.3062025316
29.2218987342
25.5805063291
19.6193670886
16.326835443
16.444556962
25.1941772152
27.9251898734
22.5529113924
25.6297468354
31.1755696203
29.4607594937
25.0598734177
21.0944303797
24.222278481
30.1688607595
25.3439240506
18.49
14.2688607595
12.7751898734
11.7263291139
13.4451898734
18.2717721519
22.6726582278
23.8278481013
23.7597468354
22.5725316456
22.9270886076
15.6384810127
14.3011392405
22.8760759494
22.2846835443
22.2873417722
24.4235443038
26.9746835443
27.3532911392
26.9934177215
23.5162025316
24.0846835443
23.1708860759
24.3667088608
24.6249367089
24.3407594937
19.9781012658
21.1526582278
22.9779746835
25.3117721519
21.9541772152
20.0825316456
16.4644303797
14.7970886076
19.7260759494
15.5660759494
13.1825316456
16.2489873418
15.773164557
15.5402531646
11.6946835443
9.10063291139
10.8253164557
14.2872151899
18.984556962
13.5626582278
12.8326582278
13.4479746835
15.3555696203
14.4072151899
12.796835443
13.9579746835
16.6249367089
21.2575949367
16.8759493671
16.8241772152
22.7
22.5429113924
20.5717721519
16.4779746835
13.716835443
13.1356962025
16.3864556962
21.3639240506
17.8862025316
12.0165822785
12.5870886076
9.72367088608
9.5646835443
10.6410126582
9.41278481013
7.4964556962
15.5360759494
12.8367088608
10.7644303797
10.1278481013
6.32949367089
7.75987341772
10.596835443
6.82784810127
5.85443037975
6.78240506329
9.48113924051
9.66860759494
7.48379746835
9.34316455696
13.4517721519
8.15227848101
5.22189873418
6.56392405063
4.57949367089
6.09886075949
9.84607594937
9.6864556962
10.8312658228
12.853164557
12.4289873418
12.3926582278
14.4389873418
14.8118987342
12.3953164557
7.83987341772
2.75924050633
0.231392405063
-1.91126582278
-4.19189873418
-0.296329113924
1.20291139241
-0.104936708861
1.06670886076
0.0469620253165
0.230506329114
-1.04962025316
-0.682025316456
-0.640126582278
7.76860759494
9.83405063291
11.4796202532
6.29392405063
4.57708860759
0.529240506329
-3.37544303797
-5.01139240506
-1.05253164557
3.45189873418
3.77050632911
0.617974683544
-0.778101265823
-1.88898734177
-0.00253164556962
1.32772151899
-2.78594936709
-6.42
-5.29670886076
-4.44772151899
-1.82455696203
-3.34810126582
1.39860759494
1.29962025316
3.59113924051
3.02050632911
3.68025316456
3.38873417722
5.54810126582
8.36898734177
9.98848101266
6.7017721519
2.3646835443
4.68987341772
5.28873417722
5.33620253165
1.69443037975
0.624936708861
2.22012658228
2.74974683544
0.517974683544
-0.851012658228
-0.192784810127
0.136455696203
-0.284810126582
-1.02101265823
-1.8117721519
0.126835443038
0.621898734177
2.74721518987
6.66126582278
0.89835443038
1.0482278481
3.47835443038
-1.18746835443
-1.24670886076
-0.606835443038
-3.62367088608
-4.41430379747
-0.82746835443
-0.252911392405
-1.84392405063
-3.91607594937
0.366708860759
1.51037974684
1.41189873418
1.45556962025
0.578734177215
0.168227848101
2.24025316456
1.87886075949
1.77164556962
5.2846835443
2.66873417722
4.05632911392
-0.56746835443
-0.735189873418
-1.03227848101
1.51670886076
-1.40848101266
-2.26303797468
-0.461898734177
-1.64518987342
-2.82
-1.00443037975
-3.0217721519
-2.25151898734
0.287721518987
1.24936708861
-0.397721518987
1.71518987342
-1.68291139241
-2.32784810127
1.37126582278
0.470759493671
0.329746835443
1.68088607595
2.2253164557
-0.0877215189873
-0.771392405063
0.880886075949
0.24835443038
4.48873417722
2.87303797468
0.984556962025
-2.09886075949
-0.614556962025
2.90974683544
1.58367088608
0.83
3.58113924051
6.51
2.39987341772
3.95620253165
2.61658227848
1.99670886076
3.14088607595
6.78202531646
6.89063291139
8.05924050633
6.90607594937
4.89658227848
6.47291139241
5.37544303797
7.64860759494
6.70949367089
3.91848101266
3.7017721519
1.28772151899
-0.681392405063
-0.910506329114
0.77746835443
2.80189873418
2.85341772152
2.82253164557
4.84278481013
4.19974683544
6.18126582278
8.18759493671
4.14367088608
9.18202531646
13.3896202532
16.8653164557
10.5944303797
5.79810126582
8.82139240506
10.8111392405
13.7455696203
17.3764556962
19.4930379747
15.4072151899
14.7594936709
15.6120253165
15.1711392405
9.81860759494
5.46253164557
9.40493670886
9.15430379747
9.65101265823
14.9083544304
12.1139240506
16.1672151899
16.5435443038
15.5203797468
11.0803797468
6.10949367089
7.69329113924
7.79936708861
8.47632911392
4.39848101266
6.86594936709
8.52
13.6672151899
18.2160759494
14.1810126582
17.8891139241
20.5389873418
15.4165822785
12.6416455696
12.5665822785
14.4973417722
8.50987341772
12.6096202532
14.8007594937
10.8672151899
8.46139240506
9.82632911392
7.9453164557
12.1292405063
16.9234177215
16.5646835443
22.5502531646
17.364556962
15.3930379747
11.0167088608
12.8613924051
14.9534177215
10.1511392405
17.1716455696
13.5126582278
17.0650632911
19.3212658228
15.6811392405
11.3325316456
11.0759493671
14.2958227848
18.8432911392
21.965443038
24.9512658228
23.0567088608
18.0398734177
14.1383544304
11.8688607595
11.1348101266
11.9639240506
18.9788607595
15.226835443
11.2706329114
12.2381012658
16.9174683544
15.7082278481
9.78481012658
9.78215189873
10.5382278481
14.9327848101
19.7586075949
22.503164557
26.9803797468
29.2478481013
30.8226582278
23.375443038
17.6834177215
14.5540506329
14.4415189873
12.3810126582
10.6129113924
11.4846835443
14.0163291139
13.3379746835
15.4192405063
16.6886075949
16.9151898734
19.8216455696
20.6089873418
15.1096202532
13.9441772152
13.7964556962
22.5667088608
26.3998734177
27.1697468354
21.7591139241
20.0108860759
25.573164557
20.5427848101
18.5791139241
16.3513924051
18.2801265823
19.1520253165
14.8448101266
14.3141772152
13.7321518987
16.2544303797
18.8894936709
20.153164557
18.8207594937
19.7864556962
19.8715189873
19.3881012658
21.4132911392
21.7215189873
23.1764556962
24.0984810127
24.7702531646
24.5658227848
16.5456962025
17.5653164557
19.3663291139
20.5162025316
20.2625316456
18.3436708861
18.9093670886
20.8559493671
20.7479746835
19.0864556962
16.6767088608
13.5202531646
7.67518987342
7.42670886076
7.98696202532
10.1682278481
9.3382278481
9.39924050633
11.3725316456
15.4298734177
18.5381012658
13.5397468354
12.5156962025
11.3432911392
14.1478481013
13.0848101266
12.3302531646
14.1430379747
10.2135443038
9.18430379747
7.45227848101
8.5182278481
7.89417721519
10.6187341772
13.8478481013
17.4318987342
13.7187341772
17.0512658228
11.9940506329
10.8021518987
11.5163291139
13.5626582278
9.30949367089
9.50012658228
9.14518987342
12.7143037975
12.6293670886
12.9629113924
10.8949367089
11.0753164557
9.47063291139
12.1755696203
13.1892405063
14.0486075949
13.6650632911
13.3449367089
11.5851898734
8.03987341772
7.46063291139
10.4212658228
9.91139240506
12.5158227848
11.2551898734
8.41924050633
9.22873417722
10.2083544304
14.8837974684
11.4303797468
14.9140506329
11.2313924051
7.2053164557
5.86708860759
6.47012658228
10.8520253165
11.0334177215
11.963164557
11.2287341772
11.9396202532
11.6603797468
8.46481012658
9.59088607595
6.96556962025
2.13696202532
0.881265822785
1.47088607595
2.67493670886
3.32620253165
2.65240506329
4.02303797468
10.0441772152
10.7289873418
10.7182278481
6.93569620253
6.20772151899
3.2564556962
4.19316455696
8.10012658228
8.0364556962
6.85050632911
2.85987341772
3.86949367089
0.564303797468
1.78151898734
4.13126582278
3.69303797468
3.71202531646
3.03291139241
1.79848101266
3.33569620253
4.52392405063
3.57227848101
1.19493670886
2.55556962025
1.13088607595
1.44367088608
2.19810126582
0.0213924050633
3.23303797468
4.14582278481
0.483291139241
0.314303797468
1.43797468354
-0.888860759494
-0.38417721519
-1.01886075949
-2.13620253165
-3.14835443038
-3.60101265823
-4.81341772152
-1.5653164557
-1.77556962025
-7.01936708861
-8.97189873418
-10.1062025316
-12.0591139241
-13.0559493671
-10.4296202532
-11.5610126582
-7.89139240506
-7.42151898734
-7.39607594937
-9.74329113924
-11.9744303797
-7.57620253165
-4.27607594937
-5.11367088608
-2.04607594937
-3.01430379747
-3.37481012658
1.60582278481
4.59341772152
4.40316455696
-1.38253164557
-1.22012658228
2.46227848101
1.42873417722
-3.95708860759
0.866708860759
4.36721518987
3.83924050633
6.05632911392
5.78164556962
2.95265822785
2.07202531646
5.77379746835
1.2735443038
-0.564683544304
-4.8
-6.35873417722
-10.1973417722
-11.2263291139
-8.88417721519
-4.95632911392
-4.49113924051
-7.23164556962
-1.65430379747
-2.44797468354
-7.05582278481
-5.97025316456
-3.43670886076
-2.52037974684
-2.23481012658
-0.145189873418
5.77379746835
10.0303797468
6.79544303797
8.05164556962
6.57443037975
6.01974683544
3.77772151899
5.22658227848
5.59189873418
4.91278481013
4.01227848101
2.95898734177
5.67367088608
3.03278481013
0.729113924051
0.20417721519
4.76797468354
6.43101265823
1.05265822785
-0.774810126582
0.354936708861
-0.681012658228
-3.04189873418
-0.805189873418
0.619113924051
4.01544303797
7.99329113924
5.98506329114
4.54544303797
6.80696202532
6.2882278481
4.64746835443
1.1882278481
1.37088607595
7.82430379747
7.83746835443
9.84911392405
10.093164557
14.8739240506
19.4983544304
17.9501265823
13.3741772152
11.0953164557
10.8586075949
8.91620253165
9.60594936709
7.50151898734
4.25949367089
8.37556962025
3.51088607595
5.63835443038
5.81253164557
11.2113924051
12.9686075949
15.3289873418
16.1669620253
18.7150632911
15.2427848101
9.26101265823
5.97240506329
2.91455696203
3.90139240506
1.80329113924
2.19430379747
3.16911392405
7.52721518987
7.08481012658
4.35620253165
4.46962025316
6.57189873418
10.654556962
15.0705063291
17.7467088608
15.0797468354
14.8039240506
11.705443038
16.2735443038
19.1624050633
22.2921518987
17.3711392405
14.0291139241
19.4015189873
17.5010126582
19.4970886076
18.3288607595
19.1234177215
16.6241772152
10.6013924051
11.4403797468
15.8837974684
21.7675949367
24.4340506329
25.6275949367
18.3521518987
12.3878481013
16.6860759494
19.0515189873
18.2840506329
20.0318987342
22.2444303797
23.5960759494
21.5878481013
20.0317721519
17.0878481013
11.7743037975
8.68620253165
9.4917721519
10.6246835443
11.8108860759
8.63392405063
13.1175949367
10.5893670886
10.8888607595
9.81835443038
14.1550632911
17.1430379747
13.2958227848
15.0034177215
16.3210126582
13.8249367089
15.8160759494
11.9046835443
11.0015189873
13.6218987342
11.1346835443
13.2035443038
17.8553164557
16.9972151899
16.4705063291
21.0718987342
22.9034177215
23.5458227848
22.3786075949
16.8208860759
13.6269620253
13.6939240506
14.5713924051
16.9501265823
19.6750632911
23.2646835443
27.474556962
22.1317721519
21.3136708861
20.386835443
23.642278481
18.6262025316
16.6550632911
14.3007594937
15.5992405063
16.4617721519
21.523164557
24.6988607595
24.5132911392
18.1403797468
23.3232911392
16.817721519
17.4674683544
15.9872151899
17.5251898734
16.705443038
17.0435443038
15.1096202532
19.4164556962
13.8626582278
13.2056962025
14.6620253165
21.2972151899
19.5653164557
19.6283544304
17.8770886076
23.433164557
28.2469620253
24.7618987342
21.0608860759
15.3210126582
14.4296202532
18.9115189873
16.1669620253
19.0258227848
22.6783544304
18.1940506329
20.8610126582
14.4441772152
15.7805063291
15.3186075949
18.4358227848
19.8903797468
22.1353164557
22.5455696203
18.315443038
16.0878481013
13.893164557
12.6051898734
13.0548101266
11.547721519
10.3591139241
8.41012658228
11.0330379747
14.6432911392
17.6764556962
18.5953164557
20.7982278481
14.0412658228
11.4716455696
11.1621518987
14.3024050633
19.193164557
22.7860759494
19.8197468354
21.2213924051
20.4053164557
18.4478481013
17.0351898734
16.9040506329
15.1158227848
19.5860759494
17.0717721519
16.4849367089
18.564556962
20.9632911392
17.7067088608
22.1253164557
22.2365822785
18.0973417722
14.8815189873
12.9926582278
12.516835443
10.7024050633
9.85253164557
14.2313924051
12.3412658228
8.96759493671
10.6841772152
10.5710126582
9.23493670886
8.86518987342
7.84936708861
7.7146835443
9.29253164557
10.5759493671
6.97253164557
10.2534177215
8.81443037975
10.2340506329
10.8887341772
9.62721518987
6.20405063291
6.22848101266
2.53088607595
1.15708860759
3.66075949367
2.81886075949
2.41189873418
6.26202531646
11.4287341772
5.73911392405
5.08835443038
6.31037974684
12.2359493671
9.07265822785
0.217215189873
-1.54658227848
-1.31569620253
-0.405569620253
-0.306329113924
-0.0986075949367
-2.32886075949
-4.64151898734
-6.18898734177
-4.77075949367
-4.48544303797
-3.48518987342
-3.97316455696
-1.53075949367
-1.52632911392
-4.52924050633
-3.92544303797
-2.38240506329
-2.46481012658
0.416962025316
4.43797468354
7.03113924051
9.46379746835
9.7217721519
11.3374683544
8.65202531646
5.72392405063
5.7182278481
5.89949367089
4.4446835443
0.709746835443
0.183037974684
-1.13620253165
1.24797468354
5.87506329114
7.43936708861
4.57784810127
4.17620253165
4.05772151899
3.33126582278
3.9046835443
8.06240506329
5.6
2.72493670886
5.30088607595
5.00556962025
3.6164556962
-2.41506329114
-4.04835443038
-3.89569620253
-5.92569620253
-7.33620253165
1.3064556962
2.25101265823
1.33405063291
-1.81227848101
-0.524050632911
-1.14367088608
-4.43341772152
-4.50632911392
-1.63772151899
1.65037974684
0.624936708861
3.80151898734
4.48556962025
1.20886075949
-0.852784810127
-2.27974683544
1.29746835443
6.16101265823
5.55734177215
1.87265822785
2.16835443038
3.49063291139
2.26227848101
-1.59835443038
-2.66683544304
-5.49772151899
-1.94835443038
-1.17227848101
-0.33835443038
-0.351392405063
2.25658227848
1.08379746835
-1.89797468354
-3.91417721519
-3.93518987342
-6.17873417722
-8.00215189873
-9.78
-13.502278481
-5.93594936709
-4.24607594937
-3.03784810127
-5.29164556962
-5.38037974684
-2.81670886076
-3.62164556962
-4.38012658228
-6.47075949367
-6.82607594937
-8.29443037975
-7.8853164557
-8.39379746835
-7.90632911392
-5.87113924051
-6.92569620253
-7.48974683544
-4.08025316456
-3.6317721519
-2.02898734177
-3.09911392405
-1.21569620253
-2.42291139241
2.61607594937
3.98367088608
2.94772151899
1.64772151899
0.723924050633
1.08227848101
1.28658227848
1.06873417722
1.02506329114
1.93202531646
5.79240506329
7.33189873418
9.93265822785
9.58075949367
10.2330379747
6.83063291139
4.24848101266
3.57063291139
4.51202531646
6.62658227848
3.71202531646
2.98556962025
7.45037974684
8.52721518987
5.28025316456
3.05987341772
6.57670886076
6.43037974684
5.95025316456
3.51670886076
1.56443037975
-0.104683544304
2.82886075949
11.2825316456
10.1739240506
6.59860759494
1.21493670886
-3.81151898734
-2.17898734177
0.99835443038
2.51569620253
11.196835443
11.0124050633
7.92291139241
6.00493670886
4.98898734177
5.11721518987
8.32405063291
9.17898734177
7.95746835443
11.724556962
12.9939240506
11.61
13.447721519
14.1910126582
17.4916455696
12.5321518987
17.1703797468
20.9924050633
22.8118987342
17.6627848101
19.914556962
20.3046835443
14.4782278481
12.0946835443
12.324556962
11.4451898734
15.5241772152
17.3608860759
19.4116455696
13.5891139241
13.5121518987
14.6987341772
18.6473417722
22.2253164557
17.2615189873
20.2148101266
18.9311392405
16.7402531646
21.0303797468
15.8589873418
17.7363291139
22.2672151899
21.593164557
14.4835443038
10.0816455696
8.14455696203
11.2802531646
12.6313924051
11.5506329114
15.4597468354
10.3955696203
9.66443037975
6.54683544304
7.14126582278
11.4906329114
18.1062025316
21.0775949367
15.2879746835
12.6662025316
14.7567088608
19.2955696203
23.6088607595
27.0050632911
26.4164556962
19.9041772152
22.4207594937
23.7263291139
22.1641772152
22.3601265823
22.3394936709
17.835443038
21.2764556962
23.1488607595
24.9960759494
24.7506329114
21.4032911392
21.6583544304
24.5270886076
26.6335443038
26.8287341772
23.0835443038
23.59
18.4503797468
14.9021518987
13.3387341772
14.5949367089
12.4140506329
14.2687341772
14.995443038
13.1226582278
16.7335443038
20.3848101266
24.1216455696
24.3979746835
18.2273417722
15.0325316456
18.0758227848
19.8655696203
21.7826582278
19.1062025316
13.1521518987
13.936835443
17.5111392405
20.495443038
24.0324050633
25.3474683544
21.6153164557
24.9727848101
21.1996202532
26.4662025316
30.0365822785
24.9518987342
19.305443038
23.5294936709
24.7267088608
19.0534177215
22.3044303797
23.8934177215
24.2124050633
19.0286075949
20.5408860759
21.3320253165
24.1678481013
20.5043037975
21.4302531646
16.966835443
14.5848101266
11.9113924051
15.8278481013
14.9606329114
14.0843037975
11.9689873418
14.2
17.6059493671
12.2351898734
13.7844303797
11.4426582278
8.98683544304
11.1948101266
9.67949367089
12.9321518987
13.4713924051
11.1173417722
14.8826582278
16.0874683544
12.5617721519
13.9003797468
12.545443038
12.9967088608
15.1039240506
12.6920253165
11.9703797468
17.4429113924
18.3008860759
15.8939240506
7.85075949367
9.60632911392
12.2335443038
15.5725316456
16.4178481013
16.0756962025
14.5987341772
13.8570886076
11.6886075949
13.2356962025
12.6965822785
16.4364556962
16.6691139241
16.1653164557
20.6464556962
18.0440506329
14.8520253165
14.0981012658
18.1821518987
14.2393670886
13.123164557
12.6001265823
13.9443037975
14.7703797468
13.8911392405
14.0274683544
15.685443038
20.1493670886
19.3606329114
16.5953164557
12.2693670886
12.3481012658
9.38506329114
9.96936708861
6.05607594937
12.1705063291
8.09341772152
5.46658227848
6.47417721519
5.68240506329
6.64544303797
6.35797468354
7.96974683544
6.36696202532
5.00367088608
9.03936708861
8.36759493671
3.16886075949
3.19278481013
3.41025316456
6.65291139241
5.03278481013
5.53810126582
4.83025316456
7.9735443038
10.6586075949
8.90734177215
11.096835443
9.17924050633
11.7156962025
12.0091139241
10.6860759494
7.51392405063
6.32974683544
6.44240506329
3.25063291139
5.72139240506
5.11240506329
4.08481012658
7.27126582278
7.24746835443
4.50708860759
4.24518987342
5.08569620253
2.61683544304
0.233164556962
3.11569620253
6.41556962025
5.21911392405
6.20987341772
4.5164556962
4.28632911392
8.57164556962
5.97658227848
4.00886075949
1.93164556962
-1.14607594937
-0.482405063291
1.97544303797
0.475443037975
1.79936708861
1.15594936709
4.16924050633
6.52063291139
-0.783544303797
-0.964683544304
-1.94253164557
-5.06607594937
-5.69898734177
-6.58253164557
-1.60455696203
-1.15151898734
0.824556962025
4.49620253165
5.00594936709
4.36417721519
5.01367088608
6.03658227848
-1.45151898734
-2.32227848101
-0.133797468354
-0.302911392405
-3.73240506329
-7.06392405063
-4.37974683544
-4.97303797468
-13.1350632911
-14.3692405063
-12.4821518987
-10.5898734177
-13.0232911392
-10.2617721519
-7.0553164557
-6.10341772152
-2.06784810127
-2.2335443038
-2.79898734177
-1.59101265823
-0.165569620253
0.171518987342
-1.20848101266
-1.39898734177
-2.42367088608
-2.59493670886
-4.32025316456
-10.8012658228
-2.68886075949
-1.10734177215
-1.55632911392
-0.62746835443
1.07367088608
1.66278481013
1.05291139241
2.02227848101
2.88772151899
4.64367088608
4.50734177215
2.92620253165
3.8917721519
2.89164556962
0.283291139241
0.00721518987342
-2.15481012658
-2.80253164557
-3.22772151899
-3.85392405063
-2.86291139241
-2.16886075949
-0.137215189873
-1.23696202532
-3.04582278481
-1.6146835443
0.720886075949
3.87101265823
5.02658227848
5.18113924051
2.42037974684
-3.1453164557
-5.16683544304
-2.6182278481
-3.31696202532
-5.11759493671
-3.75746835443
-4.04291139241
-0.600886075949
-0.799367088608
-1.76215189873
-0.932405063291
-0.307215189873
0.528987341772
-0.954936708861
-0.887215189873
1.50291139241
-0.505443037975
-0.824936708861
0.733291139241
0.814810126582
3.16392405063
5.58607594937
7.05734177215
7.70151898734
7.57278481013
8.05683544304
3.68810126582
2.19810126582
3.12101265823
3.97164556962
2.66493670886
11.0297468354
8.93810126582
10.2608860759
9.64443037975
15.3216455696
12.7705063291
10.8469620253
8.8264556962
9.23227848101
3.15721518987
5.45025316456
9.28886075949
10.3211392405
8.20962025316
13.1230379747
16.5065822785
17.45
12.7215189873
7.69544303797
11.4788607595
15.2240506329
18.6767088608
19.7916455696
15.7244303797
13.1674683544
17.3069620253
21.6892405063
19.7563291139
15.8359493671
19.0969620253
11.0618987342
4.49126582278
6.36886075949
6.26658227848
10.1455696203
13.0616455696
18.5626582278
16.9481012658
9.56886075949
7.5964556962
7.6635443038
8.27265822785
8.40405063291
8.37316455696
10.7911392405
12.7610126582
14.4183544304
10.0912658228
5.97392405063
7.67848101266
10.1182278481
15.7248101266
17.5851898734
19.1063291139
15.3215189873
11.6293670886
8.31658227848
9.32936708861
14.3502531646
15.3230379747
11.9303797468
12.7302531646
12.6986075949
13.7791139241
15.1636708861
15.3391139241
13.2434177215
13.4849367089
15.3392405063
18.1298734177
15.3550632911
14.7208860759
15.0302531646
11.9421518987
9.9317721519
10.7393670886
9.14708860759
13.6446835443
14.3770886076
13.7784810127
15.8105063291
14.7749367089
12.4732911392
13.9810126582
15.176835443
19.2211392405
20.5391139241
26.177721519
27.9825316456
22.3110126582
19.6807594937
22.8627848101
20.7172151899
20.8301265823
23.3613924051
25.3434177215
18.7948101266
16.7783544304
17.4869620253
23.8397468354
20.3569620253
17.0486075949
22.3227848101
24.4244303797
24.7951898734
21.1369620253
17.7139240506
19.0635443038
16.4448101266
17.1115189873
19.2164556962
19.0667088608
18.6346835443
14.6465822785
11.3087341772
12.3321518987
11.2236708861
14.1927848101
17.2434177215
13.2637974684
14.6232911392
11.9641772152
14.7111392405
14.1617721519
11.8210126582
12.65
15.4397468354
17.2586075949
13.7575949367
13.327721519
17.0218987342
17.9149367089
18.3127848101
20.306835443
15.8496202532
16.84
24.9651898734
19.8508860759
19.4737974684
21.3692405063
24.3264556962
25.3732911392
20.0946835443
21.2391139241
18.5487341772
13.8974683544
14.9797468354
13.2859493671
14.7530379747
17.782278481
16.3978481013
22.4681012658
20.5424050633
22.3727848101
24.2429113924
18.1218987342
15.3270886076
16.0296202532
14.2829113924
16.5672151899
16.5967088608
13.6518987342
18.6524050633
17.9330379747
17.7601265823
13.3739240506
19.257721519
22.5374683544
21.3160759494
16.9626582278
18.6392405063
23.742278481
22.3951898734
17.7905063291
14.0181012658
11.9467088608
11.4439240506
9.09848101266
8.64240506329
7.72962025316
10.5498734177
11.7086075949
11.5470886076
11.1308860759
11.8789873418
17.8164556962
15.9983544304
11.3834177215
10.5589873418
11.0155696203
17.1434177215
14.0755696203
9.52139240506
7.58873417722
10.0964556962
13.1856962025
16.4940506329
10.5912658228
12.3587341772
13.4530379747
9.78227848101
9.62620253165
8.7746835443
7.16632911392
6.96341772152
6.82949367089
8.39670886076
10.4836708861
11.5698734177
9.6117721519
10.2181012658
11.2091139241
8.07962025316
8.42063291139
5.53569620253
4.82569620253
7.72481012658
5.9764556962
4.99316455696
3.8035443038
6.40227848101
5.20481012658
6.22949367089
5.91341772152
6.28253164557
4.16518987342
2.67974683544
8.27962025316
6.41746835443
6.61784810127
5.8635443038
4.7864556962
2.92506329114
2.39101265823
2.68215189873
1.1153164557
0.658860759494
1.44569620253
0.13164556962
0.304050632911
0.77164556962
-0.0560759493671
-0.392911392405
-1.87607594937
-0.801012658228
-1.52455696203
5.34481012658
3.68126582278
-1.6753164557
-4.28405063291
-5.46481012658
-3.53493670886
0.102278481013
-0.217974683544
-1.57797468354
-2.81784810127
-0.387088607595
3.91329113924
7.6582278481
11.0007594937
9.14443037975
5.48886075949
5.48683544304
6.13670886076
4.10303797468
3.83367088608
1.30962025316
2.99506329114
4.78556962025
6.13126582278
6.49227848101
6.80924050633
7.01670886076
4.49139240506
8.68810126582
5.54658227848
5.35784810127
8.26696202532
8.69962025316
3.6653164557
2.20139240506
1.57873417722
2.65088607595
3.0735443038
2.53240506329
2.93898734177
3.47784810127
4.14316455696
2.94873417722
3.43430379747
2.45405063291
3.47443037975
2.12759493671
1.69962025316
0.880506329114
-0.129240506329
3.81936708861
6.00721518987
4.52037974684
4.45683544304
5.47683544304
5.9417721519
3.35949367089
1.27658227848
3.34544303797
3.97784810127
3.34012658228
5.72734177215
3.97455696203
5.8635443038
2.18189873418
-0.244683544304
2.26303797468
1.50278481013
0.545316455696
0.779113924051
1.54126582278
2.14164556962
5.27683544304
4.64670886076
0.511392405063
1.1435443038
1.45860759494
1.17911392405
0.42417721519
3.70291139241
2.04265822785
-0.821012658228
-2.37721518987
-2.19797468354
-2.08291139241
-0.472658227848
-1.08367088608
-2.09759493671
-1.50974683544
-0.642405063291
-0.822911392405
-0.301392405063
-0.653670886076
0.20582278481
-1.71379746835
0.733924050633
0.0536708860759
1.28379746835
1.71367088608
0.856202531646
1.15240506329
4.21012658228
4.54873417722
2.74810126582
3.02607594937
3.43379746835
6.81063291139
7.61987341772
5.87772151899
4.80569620253
4.73848101266
3.96696202532
4.02075949367
2.68278481013
5.25746835443
4.77658227848
10.172278481
6.32784810127
2.40443037975
8.39721518987
10.3162025316
7.39544303797
4.68493670886
10.5198734177
13.3562025316
10.5739240506
3.99936708861
5.24063291139
10.3494936709
13.2586075949
7.86493670886
8.68594936709
12.7287341772
17.0687341772
12.2564556962
17.185443038
20.6035443038
14.5275949367
13.1379746835
11.6950632911
4.61265822785
6.67759493671
9.28455696203
9.21810126582
12.0992405063
8.14518987342
13.6265822785
15.7521518987
18.3443037975
13.8297468354
12.8197468354
13.9902531646
15.7527848101
17.0683544304
19.8893670886
14.4130379747
19.8925316456
20.2593670886
17.2535443038
20.4783544304
21.1311392405
21.0056962025
21.28
21.1401265823
18.1653164557
13.2624050633
13.6111392405
10.6983544304
9.92607594937
11.7496202532
16.5643037975
19.5278481013
23.007721519
24.3981012658
23.7675949367
18.9963291139
16.8978481013
16.9855696203
13.5798734177
13.3765822785
13.1496202532
17.6869620253
15.5925316456
12.4736708861
9.50835443038
13.0891139241
14.3456962025
17.4827848101
19.2115189873
16.1074683544
13.35
20.0193670886
22.7302531646
20.8362025316
19.6815189873
19.7475949367
21.0073417722
15.356835443
11.7505063291
17.2149367089
15.7373417722
12.6378481013
13.6884810127
14.4882278481
18.4910126582
18.8002531646
21.5132911392
22.1615189873
23.3173417722
22.6711392405
15.647721519
16.4688607595
20.5173417722
23.0725316456
20.9089873418
19.803164557
19.4688607595
17.3137974684
21.4091139241
24.5316455696
19.8348101266
19.8050632911
13.8430379747
13.7848101266
11.1449367089
14.4332911392
13.1115189873
17.7213924051
21.647721519
19.6787341772
23.6860759494
27.447721519
21.8392405063
20.952278481
25.8450632911
18.6417721519
20.2870886076
18.4397468354
17.243164557
19.4565822785
24.3075949367
17.9263291139
14.7016455696
17.885443038
19.3789873418
21.8835443038
25.8163291139
26.6643037975
24.4894936709
25.5820253165
23.0216455696
23.9346835443
21.5955696203
26.3092405063
24.8872151899
20.9010126582
21.3269620253
25.4188607595
23.9141772152
16.6734177215
15.5435443038
14.7569620253
15.9564556962
17.0629113924
13.3506329114
14.3278481013
15.7584810127
23.5143037975
19.9667088608
16.7826582278
20.1974683544
22.9691139241
14.7887341772
11.4359493671
14.7820253165
16.0011392405
17.0070886076
17.3116455696
18.1087341772
19.8943037975
21.482278481
18.1232911392
14.1586075949
11.1475949367
10.1707594937
11.5230379747
10.7572151899
12.9072151899
14.2443037975
11.3448101266
12.0132911392
10.9605063291
16.8215189873
12.9002531646
10.7167088608
11.9178481013
15.1989873418
17.7975949367
17.3835443038
13.02
11.6413924051
12.7112658228
14.457721519
12.9681012658
10.514556962
11.6456962025
9.82683544304
8.69341772152
8.34240506329
15.2144303797
14.9707594937
7.80113924051
11.4267088608
15.5797468354
15.3663291139
16.1516455696
11.44
12.9664556962
18.1515189873
15.9416455696
10.6832911392
11.7511392405
12.7815189873
8.62670886076
8.00481012658
8.68278481013
7.94341772152
15.2902531646
12.3359493671
9.34379746835
2.9917721519
3.8546835443
4.47265822785
4.17265822785
-0.0243037974684
1.20164556962
3.35835443038
3.29734177215
5.94911392405
6.2653164557
6.99772151899
7.18113924051
9.43481012658
10.7148101266
7.85911392405
5.46582278481
6.83050632911
6.87911392405
6.91924050633
5.97582278481
5.1317721519
0.0462025316456
-2.88784810127
-6.15253164557
-2.44050632911
0.520759493671
2.14962025316
2.21329113924
2.52189873418
1.48430379747
4.22835443038
3.84746835443
4.78405063291
2.23405063291
0.26253164557
6.48075949367
4.21253164557
1.24987341772
0.92582278481
1.27012658228
3.01050632911
6.60126582278
6.53405063291
3.36101265823
2.96746835443
3.28784810127
0.490759493671
-2.43139240506
-2.3017721519
0.660253164557
4.69329113924
1.26101265823
1.51759493671
3.68367088608
4.35493670886
6.11632911392
5.21037974684
5.65481012658
4.75291139241
5.37734177215
5.96088607595
4.95873417722
2.10759493671
4.04151898734
4.44088607595
3.92088607595
2.31569620253
1.98164556962
2.72139240506
2.44810126582
5.99734177215
8.02139240506
6.21949367089
3.78329113924
5.67329113924
5.72632911392
5.53911392405
2.67303797468
3.57012658228
2.35936708861
1.53202531646
4.3617721519
2.33367088608
2.14202531646
3.36683544304
3.0017721519
3.03189873418
1.57113924051
5.80632911392
6.16493670886
2.83708860759
1.07455696203
0.61253164557
4.64303797468
5.20759493671
1.94430379747
1.02860759494
0.473037974684
-0.0174683544304
4.12227848101
5.69886075949
8.30443037975
8.46139240506
5.28506329114
4.18240506329
2.37974683544
2.39291139241
2.30506329114
1.7782278481
2.85835443038
3.02810126582
5.94265822785
9.01734177215
8.94518987342
4.24683544304
2.52493670886
3.00848101266
3.47556962025
4.98810126582
2.82088607595
0.616582278481
1.51151898734
2.30594936709
3.12569620253
5.73518987342
5.1782278481
7.85151898734
14.6298734177
14.8937974684
8.34050632911
7.20253164557
11.1748101266
12.5621518987
8.26303797468
7.96240506329
5.55632911392
5.05860759494
7.85658227848
6.86151898734
4.83873417722
8.4764556962
7.30227848101
4.66936708861
8.36455696203
6.62050632911
5.27556962025
7.65886075949
12.3870886076
16.8715189873
20.0906329114
13.5772151899
18.3255696203
17.5826582278
11.222278481
3.63265822785
1.57518987342
3.19962025316
1.11898734177
6.76949367089
5.85379746835
8.25632911392
11.7116455696
11.6453164557
15.6669620253
17.4787341772
11.2756962025
10.3
5.96620253165
8.34189873418
6.85860759494
8.03316455696
4.5782278481
8.96101265823
10.6191139241
7.48810126582
6.62139240506
14.3540506329
16.0146835443
11.6781012658
3.3735443038
2.11240506329
7.71329113924
8.68746835443
13.4183544304
15.9335443038
17.9288607595
17.19
20.4212658228
13.6587341772
10.0775949367
14.9497468354
20.3127848101
14.4017721519
12.9553164557
11.3613924051
11.9150632911
12.3781012658
16.3535443038
19.0679746835
19.8062025316
21.6184810127
23.7002531646
22.8550632911
20.8212658228
18.9439240506
21.2486075949
22.7773417722
23.0227848101
23.317721519
19.7041772152
21.5302531646
19.9624050633
19.9439240506
13.1255696203
16.5794936709
12.5821518987
12.532278481
9.9553164557
11.1811392405
13.2256962025
11.18
13.0632911392
15.7816455696
21.4246835443
16.1339240506
18.6315189873
19.8710126582
20.0974683544
20.7313924051
18.7112658228
21.0659493671
21.7496202532
22.0312658228
24.0032911392
25.4535443038
18.4964556962
19.4001265823
19.8103797468
23.3883544304
24.8007594937
23.1930379747
14.8636708861
16.2864556962
16.455443038
19.4405063291
15.5779746835
12.7425316456
19.847721519
25.3489873418
27.2610126582
27.5483544304
24.0249367089
19.5320253165
20.0967088608
18.7311392405
21.1375949367
20.4994936709
14.1986075949
14.1965822785
15.9072151899
16.6193670886
16.3218987342
16.2246835443
21.9875949367
23.9707594937
27.2337974684
25.2649367089
25.3517721519
23.8308860759
22.3632911392
19.94
19.6306329114
22.7720253165
21.7724050633
15.3479746835
12.8027848101
12.6793670886
15.7281012658
17.5564556962
21.3782278481
22.5325316456
22.8116455696
19.9737974684
20.2640506329
23.1121518987
21.9770886076
19.0927848101
22.2726582278
22.6491139241
26.3735443038
30.2551898734
20.985443038
21.48
25.2936708861
26.4270886076
28.7774683544
25.5451898734
19.8239240506
21.2816455696
15.9592405063
14.6183544304
15.026835443
9.92367088608
11.8797468354
16.615443038
20.043164557
17.3706329114
13.2586075949
10.4815189873
14.2540506329
14.6955696203
17.697721519
19.893164557
20.7867088608
20.676835443
19.4350632911
19.053164557
19.8696202532
14.8487341772
15.4464556962
13.8096202532
15.7070886076
21.3197468354
24.2243037975
22.88
21.9948101266
23.2365822785
23.1173417722
17.2160759494
12.9792405063
15.3669620253
14.5756962025
11.1407594937
12.0221518987
10.6988607595
10.7088607595
11.0862025316
9.51683544304
10.6067088608
13.4469620253
16.1678481013
11.0058227848
7.41037974684
6.30291139241
6.46303797468
7.16012658228
8.25278481013
9.72506329114
9.96658227848
9.76936708861
8.27101265823
10.9115189873
14.6256962025
16.6448101266
14.8560759494
10.8339240506
17.1001265823
18.8174683544
19.3373417722
15.6972151899
14.1455696203
16.726835443
18.4983544304
17.2712658228
9.69670886076
12.5816455696
10.6901265823
10.722278481
11.9827848101
9.56050632911
8.02151898734
6.23911392405
4.56620253165
3.64265822785
4.20987341772
5.54303797468
6.05607594937
9.51367088608
11.4994936709
10.2983544304
9.60037974684
5.99227848101
3.35620253165
2.9782278481
3.14367088608
6.14962025316
9.71746835443
9.76658227848
6.67227848101
-1.36215189873
0.023164556962
-1.29810126582
-1.3746835443
1.5882278481
3.02556962025
2.1246835443
1.59582278481
3.65873417722
5.55924050633
8.30164556962
6.58835443038
2.42772151899
1.05443037975
2.28278481013
0.0998734177215
0.426582278481
-0.894050632911
-2.79189873418
0.121012658228
5.21518987342
8.74886075949
7.67898734177
13.2102531646
12.9837974684
9.47101265823
9.17088607595
7.3246835443
10.025443038
9.58
5.15063291139
4.86949367089
8.74936708861
6.45784810127
0.0973417721519
-3.74721518987
-4.04164556962
-2.25886075949
-2.81582278481
-1.51632911392
-1.66189873418
-3.14075949367
-1.87101265823
-1.22772151899
-1.81772151899
-0.319240506329
-0.938607594937
0.82417721519
0.826835443038
0.640126582278
2.89303797468
-0.00379746835443
1.10291139241
1.9064556962
5.05582278481
5.68670886076
2.02962025316
0.612151898734
1.73253164557
4.48683544304
4.15215189873
5.60670886076
4.92
8.69405063291
5.60860759494
3.19240506329
6.11974683544
3.00886075949
4.48063291139
7.29
7.41860759494
5.93240506329
8.63759493671
5.47151898734
9.00113924051
11.092278481
9.72658227848
11.0459493671
3.3635443038
3.23075949367
4.11405063291
1.84012658228
-0.00113924050633
3.14430379747
1.07962025316
0.686835443038
3.36075949367
6.68088607595
9.3564556962
13.3064556962
12.492278481
12.8830379747
13.3824050633
14.9311392405
12.4016455696
8.70924050633
1.02898734177
5.10025316456
5.98303797468
-0.0730379746835
1.17886075949
1.64202531646
2.91962025316
4.19873417722
6.77291139241
10.5153164557
7.38582278481
7.70202531646
13.8767088608
11.4010126582
9.85582278481
9.87481012658
12.5282278481
14.6079746835
16.8516455696
17.3679746835
16.7536708861
10.6626582278
11.127721519
12.5839240506
9.1282278481
9.13974683544
4.98696202532
4.27025316456
5.29025316456
2.64063291139
6.28481012658
11.3039240506
14.6940506329
17.4987341772
16.5164556962
11.2124050633
5.34392405063
4.95379746835
7.41962025316
6.59569620253
5.28898734177
6.76227848101
9.0564556962
7.46860759494
9.41063291139
10.1584810127
7.91936708861
4.6564556962
6.43291139241
6.93481012658
6.76012658228
8.34227848101
11.8432911392
13.9598734177
13.1710126582
9.46734177215
9.96278481013
9.71898734177
14.6298734177
8.72594936709
7.97316455696
14.1281012658
17.566835443
20.4948101266
20.7974683544
19.4329113924
21.12
22.607721519
23.1496202532
22.237721519
19.0512658228
19.7443037975
20.2246835443
14.7482278481
14.2597468354
14.3215189873
14.0969620253
18.3978481013
18.9237974684
18.0583544304
13.2303797468
17.0875949367
18.8501265823
19.3627848101
18.4369620253
21.2032911392
17.0450632911
10.7321518987
13.3529113924
14.9537974684
9.81696202532
14.9856962025
17.922278481
20.1192405063
23.3382278481
16.196835443
14.8434177215
12.7612658228
14.8835443038
16.0936708861
12.3918987342
11.815443038
12.3526582278
10.2610126582
11.8806329114
12.7265822785
11.8659493671
11.5913924051
12.266835443
16.6646835443
19.9026582278
19.8148101266
22.5893670886
17.4815189873
17.6559493671
15.7483544304
15.0578481013
18.7594936709
20.6602531646
25.7926582278
25.2420253165
22.9981012658
25.2462025316
23.8920253165
17.8120253165
15.842278481
13.3321518987
17.3282278481
15.2091139241
13.2539240506
13.977721519
17.5697468354
17.4467088608
13.5955696203
16.7021518987
23.252278481
22.3864556962
18.357721519
22.5435443038
25.0264556962
17.9118987342
13.7474683544
18.2020253165
23.3808860759
24.8615189873
20.605443038
17.5913924051
16.8905063291
17.4872151899
22.5460759494
24.82
28.3534177215
23.6283544304
24.1372151899
26.7324050633
28.0712658228
27.4253164557
29.0801265823
30.7032911392
29.6608860759
19.9173417722
16.7313924051
19.5313924051
22.1497468354
20.0884810127
24.1412658228
29.4134177215
27.165443038
22.9549367089
21.9582278481
17.7846835443
15.9927848101
15.6894936709
18.1288607595
17.3903797468
11.5548101266
15.6481012658
18.6292405063
24.282278481
25.3411392405
21.2575949367
23.7055696203
25.6387341772
26.9708860759
24.0943037975
19.3827848101
10.6421518987
15.7850632911
13.4586075949
15.1888607595
12.6948101266
14.1935443038
10.876835443
13.7883544304
13.2592405063
9.74759493671
13.3303797468
14.3225316456
14.7217721519
16.7262025316
12.2821518987
14.2297468354
15.015443038
12.3911392405
15.8682278481
10.0435443038
8.92050632911
10.3193670886
13.3030379747
10.2196202532
9.50683544304
10.7850632911
10.1049367089
12.357721519
16.0743037975
16.724556962
15.2762025316
13.6651898734
15.2855696203
13.1373417722
10.8529113924
13.1712658228
13.6316455696
7.36443037975
10.0691139241
10.4955696203
14.5248101266
20.5160759494
19.5720253165
21.4710126582
21.247721519
18.0005063291
15.8637974684
14.1035443038
17.2111392405
13.2493670886
8.72556962025
8.33341772152
12.637721519
11.7964556962
14.4317721519
10.5307594937
8.96873417722
8.25050632911
7.41873417722
7.19493670886
7.61974683544
7.33860759494
5.42278481013
4.24316455696
2.64341772152
1.51544303797
2.66088607595
3.36037974684
2.59936708861
5.16379746835
5.24860759494
6.6646835443
7.25430379747
6.18784810127
7.65025316456
7.65392405063
6.40240506329
9.44835443038
8.45405063291
2.89658227848
5.45784810127
2.65367088608
2.17974683544
0.517088607595
0.521518987342
3.07012658228
2.73797468354
4.58582278481
1.08329113924
1.85886075949
-0.0917721518987
-2.45443037975
0.708227848101
1.26126582278
2.27240506329
0.835316455696
-0.505949367089
-1.20075949367
-2.61443037975
0.832658227848
-0.324556962025
-1.80063291139
-0.535316455696
-0.153291139241
-0.507721518987
-3.88746835443
-3.40518987342
-2.75670886076
-3.42088607595
-3.57962025316
-1.91569620253
-0.377848101266
1.46683544304
3.03126582278
1.58746835443
-0.339620253165
0.839113924051
2.49417721519
0.717974683544
7.4964556962
7.57113924051
3.50607594937
