0.32572815534
-1.30533980583
-2.3567961165
-1.10669902913
1.74873786408
2.10242718447
2.03805825243
0.760873786408
0.208349514563
-1.68941747573
-4.35184466019
-7.38572815534
-4.79155339806
-3.99398058252
-5.22932038835
-2.85689320388
-2.33223300971
-2.57223300971
-1.04262135922
-2.11582524272
-1.06165048544
3.59708737864
2.79621359223
2.23398058252
2.53650485437
1.09563106796
0.30427184466
-3.13145631068
-0.131067961165
4.87932038835
7.11883495146
6.48223300971
3.84737864078
4.27941747573
5.44291262136
6.87019417476
6.52291262136
6.09339805825
6.63300970874
9.96873786408
8.13291262136
5.83184466019
4.42427184466
4.29990291262
5.84834951456
4.21854368932
5.84165048544
4.82436893204
3.32941747573
3.70398058252
6.80621359223
9.64533980583
9.56213592233
10.2833980583
9.26097087379
10.0196116505
9.49533980583
2.39388349515
0.560970873786
4.07485436893
6.15417475728
4.56514563107
3.36097087379
0.913883495146
3.61097087379
5.09330097087
7.32087378641
8.90786407767
8.35203883495
5.63621359223
4.40660194175
6.45951456311
4.53349514563
5.53708737864
6.78262135922
9.48669902913
9.19223300971
7.33067961165
2.96524271845
-1.02776699029
0.924077669903
6.21951456311
7.83796116505
3.56378640777
10.916407767
9.59466019417
10.4999029126
14.8536893204
10.7899029126
7.4686407767
10.5654368932
12.8411650485
10.6699029126
4.04582524272
3.54233009709
5.92446601942
8.2372815534
11.5000970874
7.58941747573
6.77029126214
5.22291262136
8.19145631068
13.0805825243
16.0150485437
18.8531067961
20.1332038835
20.9968932039
20.5834951456
12.5719417476
8.22631067961
4.16475728155
7.15825242718
7.01242718447
7.67631067961
7.63446601942
4.48941747573
8.36805825243
9.92747572816
9.27718446602
10.7737864078
15.8563106796
16.5012621359
12.5062135922
11.4238834951
10.072038835
10.9118446602
15.9982524272
13.7701941748
10.1404854369
12.4570873786
15.4372815534
18.0473786408
19.8010679612
17.7250485437
15.3691262136
13.1674757282
14.5790291262
17.0962135922
19.1665048544
19.972038835
21.0615533981
21.0463106796
13.6695145631
15.4053398058
12.5986407767
12.2113592233
18.7308737864
22.1850485437
18.2646601942
19.4433009709
13.0504854369
15.4219417476
13.1721359223
15.8139805825
17.7726213592
21.3972815534
23.6933980583
24.9748543689
20.6057281553
20.4433009709
19.6684466019
18.283592233
19.3585436893
22.3813592233
25.4415533981
27.806407767
21.3393203883
19.1455339806
17.6108737864
16.392038835
17.2575728155
15.0418446602
14.3111650485
15.2523300971
16.2140776699
15.4512621359
14.1466990291
15.3045631068
15.6331067961
12.2949514563
13.6666990291
15.9361165049
14.5178640777
14.405631068
16.3287378641
18.483592233
17.1751456311
19.462815534
17.6696116505
16.6083495146
16.5472815534
15.7930097087
14.5680582524
13.943592233
13.3311650485
15.7626213592
15.6866019417
14.2085436893
15.0790291262
17.2761165049
15.2851456311
16.5518446602
14.8088349515
17.2113592233
22.4327184466
25.2267961165
25.836407767
26.814368932
25.7596116505
24.9584466019
24.4141747573
19.5475728155
21.5693203883
24.2161165049
28.4111650485
27.2145631068
24.7549514563
21.6632038835
19.527961165
24.2196116505
22.6968932039
18.1809708738
19.857184466
23.2110679612
19.2539805825
18.7488349515
21.8541747573
25.8282524272
26.6126213592
25.2997087379
24.0549514563
19.9755339806
20.1212621359
19.3765048544
15.0199029126
12.4014563107
13.2451456311
15.9440776699
20.5738834951
23.5001941748
22.2433009709
22.483592233
18.9600970874
15.9783495146
14.8742718447
18.4013592233
21.3197087379
23.6276699029
21.0514563107
16.8457281553
21.0788349515
22.8290291262
16.3852427184
13.7185436893
14.9360194175
17.2633009709
15.1362135922
13.8694174757
15.8445631068
19.9341747573
18.7212621359
19.1934951456
23.2380582524
25.4685436893
23.8608737864
23.2047572816
17.0057281553
20.4221359223
14.6116504854
15.8193203883
17.2757281553
18.4172815534
18.602815534
15.9278640777
14.3918446602
13.4502912621
14.035631068
14.3854368932
12.7538834951
11.0808737864
12.8685436893
10.3789320388
8.73398058252
7.69378640777
7.86922330097
8.7759223301
6.70466019417
8.90941747573
9.81572815534
11.3989320388
13.534368932
9.46223300971
8.12087378641
8.43174757282
10.6204854369
12.6132038835
10.1489320388
9.80466019417
9.31058252427
8.5713592233
11.0130097087
16.9272815534
13.2823300971
8.37708737864
5.87621359223
3.80611650485
-1.10165048544
-3.27922330097
-3.28058252427
-2.47757281553
-1.25339805825
0.223495145631
1.37029126214
1.86961165049
0.0406796116505
0.403495145631
1.95029126214
3.64669902913
3.43378640777
8.24631067961
10.659223301
11.1774757282
10.6012621359
6.38466019417
10.7103883495
11.016407767
10.4134951456
11.7446601942
11.189223301
8.32766990291
5.49699029126
1.68699029126
0.801165048544
0.347572815534
-0.853203883495
-2.75932038835
-5.75533980583
-1.28495145631
-0.718446601942
0.587572815534
1.18398058252
-4.96873786408
-5.13475728155
-2.53291262136
-0.348058252427
2.5972815534
2.98922330097
4.9867961165
8.2640776699
9.63737864078
4.19601941748
2.13330097087
0.271165048544
0.24213592233
1.11300970874
2.88902912621
3.18650485437
8.38805825243
9.04116504854
8.56087378641
4.88155339806
0.915436893204
0.243398058252
0.828349514563
2.48970873786
3.04834951456
2.94388349515
2.90097087379
6.85145631068
3.86815533981
0.968737864078
-1.12466019417
-2.89699029126
-5.1032038835
-2.06388349515
0.0431067961165
-0.209611650485
-2.48563106796
-0.691747572816
-1.46766990291
0.420582524272
-1.11660194175
2.13019417476
1.12029126214
1.99611650485
0.544466019417
-1.84854368932
-1.54126213592
-0.769514563107
0.636893203883
1.42689320388
1.68883495146
-0.626116504854
0.585922330097
0.676310679612
1.97126213592
2.3254368932
2.60640776699
3.90932038835
2.82893203883
1.99766990291
0.90854368932
3.45446601942
6.34
6.67572815534
6.59912621359
4.32932038835
1.77262135922
-0.46640776699
-1.83912621359
-1.58330097087
-0.739902912621
1.09427184466
0.786601941748
-0.599126213592
-2.34048543689
-2.34466019417
-2.18912621359
-0.885922330097
-1.1586407767
0.199902912621
0.903495145631
2.97145631068
4.13932038835
3.08601941748
4.3732038835
5.19553398058
3.98368932039
2.15757281553
1.07912621359
4.62349514563
9.95029126214
10.2860194175
12.1014563107
11.7077669903
15.3621359223
12.5417475728
11.3490291262
7.05941747573
9.28932038835
7.97475728155
4.40194174757
3.77650485437
6.17184466019
11.0526213592
15.160776699
16.4637864078
9.34970873786
13.1899029126
17.3446601942
13.8272815534
13.905631068
15.9476699029
14.9897087379
16.8589320388
16.1426213592
19.4934951456
16.7066990291
17.8849514563
11.3977669903
6.85368932039
11.7441747573
19.4397087379
15.0475728155
16.6452427184
19.3108737864
20.7549514563
21.2540776699
18.4203883495
17.5363106796
19.2024271845
12.6562135922
6.33563106796
6.64815533981
4.75912621359
8.51689320388
8.48359223301
6.63631067961
4.32223300971
8.6813592233
14.1513592233
18.0541747573
11.4849514563
7.71368932039
6.77708737864
10.0998058252
8.71873786408
8.24553398058
7.92427184466
7.70990291262
9.30087378641
9.19145631068
18.3433009709
18.9240776699
23.1997087379
25.2015533981
24.6710679612
21.885631068
20.9570873786
16.4699029126
17.4968932039
20.9501941748
14.5609708738
18.7366019417
23.4499029126
26.072038835
26.4933980583
19.4489320388
18.5783495146
15.1006796117
13.2815533981
15.2691262136
11.9081553398
14.6834951456
15.6357281553
20.3905825243
25.4098058252
25.5178640777
28.7239805825
21.0324271845
14.8567961165
18.4274757282
20.7248543689
21.6917475728
23.2899029126
20.3462135922
18.693592233
21.9676699029
19.7381553398
18.8906796117
23.2610679612
26.0514563107
20.14
12.967961165
10.2733980583
10.7666990291
13.2810679612
13.5323300971
15.7558252427
19.1825242718
19.6133009709
21.1111650485
18.6950485437
21.865631068
23.9087378641
20.4888349515
14.3633009709
18.8949514563
21.2529126214
19.1112621359
18.3129126214
20.6050485437
23.0402912621
24.0999029126
26.5590291262
27.4633980583
28.3066019417
24.1291262136
21.1518446602
20.2752427184
19.9906796117
17.4631067961
20.1936893204
19.1466019417
14.0357281553
13.4794174757
15.6367961165
16.0619417476
19.8674757282
16.5908737864
17.9546601942
13.0466990291
15.2684466019
17.1450485437
17.9239805825
21.9944660194
19.7409708738
22.0375728155
22.3133009709
24.9324271845
25.1669902913
27.2729126214
28.3380582524
28.6994174757
27.7426213592
21.6404854369
21.1301941748
17.6526213592
15.8542718447
20.7168932039
23.8957281553
25.5084466019
26.350776699
21.422815534
16.2132038835
19.3514563107
16.5882524272
13.9554368932
16.4003883495
13.5038834951
15.0714563107
17.7127184466
17.8504854369
17.2127184466
16.1688349515
16.6602912621
16.2812621359
18.3318446602
19.2849514563
18.4141747573
18.6857281553
17.9693203883
19.0429126214
20.1986407767
22.162815534
22.8641747573
21.3102912621
21.2537864078
21.6227184466
22.5373786408
20.0949514563
17.6621359223
15.0024271845
17.1182524272
16.7545631068
17.6388349515
20.242815534
16.5147572816
19.7976699029
20.0248543689
22.9317475728
17.1778640777
17.2001941748
16.8636893204
18.927184466
14.9236893204
11.3626213592
14.5842718447
16.879223301
17.2496116505
15.0644660194
12.3280582524
12.4021359223
12.1413592233
19.9347572816
15.6477669903
14.0524271845
17.7030097087
12.852038835
10.7049514563
5.75961165049
6.2459223301
7.84242718447
6.00650485437
7.99126213592
7.72087378641
12.4991262136
10.5921359223
9.9059223301
8.04524271845
6.14747572816
5.47330097087
4.06524271845
4.81980582524
8.55368932039
6.34650485437
7.82077669903
9.63339805825
8.77242718447
13.5386407767
12.5319417476
12.5187378641
12.5610679612
11.5368932039
9.89106796117
7.70067961165
4.23174757282
1.70330097087
0.791844660194
3.12009708738
-0.362524271845
3.18116504854
6.2354368932
4.94359223301
2.34815533981
2.72300970874
3.35077669903
8.49165048544
10.4648543689
12.346407767
12.1776699029
12.1016504854
11.1961165049
9.56087378641
1.60834951456
2.78951456311
4.43398058252
3.84766990291
3.16427184466
2.9840776699
1.12291262136
0.793300970874
-0.229805825243
2.96572815534
1.26339805825
0.811165048544
1.77155339806
3.47038834951
2.52388349515
-0.135242718447
-0.277184466019
-0.809805825243
-5.96689320388
2.04427184466
1.57611650485
-6.34504854369
-8.29757281553
-4.22524271845
-7.02300970874
-5.50504854369
-4.95922330097
0.308737864078
-0.306116504854
-0.770873786408
-0.0860194174757
-0.38145631068
-2.50359223301
-0.702330097087
2.87242718447
5.28213592233
6.58252427184
6.39805825243
4.50077669903
7.8559223301
8.50145631068
8.27689320388
7.47155339806
-6.81475728155
-7.85436893204
-7.63495145631
-9.27126213592
-5.65941747573
-4.79689320388
-8.09233009709
-8.62776699029
-2.06873786408
0.519902912621
-0.175048543689
-1.1440776699
0.585339805825
0.251941747573
-1.44339805825
0.325922330097
0.598932038835
0.758932038835
0.237572815534
1.61174757282
1.9040776699
0.545339805825
3.01825242718
6.76941747573
5.26300970874
1.4327184466
0.594563106796
1.50291262136
2.55650485437
3.74640776699
2.87582524272
5.80951456311
5.84990291262
4.83126213592
7.66300970874
9.64563106796
7.62747572816
8.99213592233
3.41029126214
3.79058252427
0.624466019417
2.27601941748
2.00563106796
-1.88019417476
2.14932038835
3.32970873786
4.3654368932
-0.266310679612
0.296116504854
-0.232815533981
1.9645631068
3.27242718447
3.32805825243
8.50019417476
5.80553398058
8.47252427184
8.5545631068
4.7313592233
5.2740776699
4.36165048544
7.92563106796
4.7132038835
6.82388349515
5.33941747573
5.46912621359
3.67961165049
5.91922330097
10.1052427184
6.62805825243
3.89349514563
7.1240776699
4.89825242718
3.89757281553
6.03815533981
7.78563106796
6.96262135922
10.9670873786
13.0139805825
15.0854368932
18.0854368932
13.2233980583
11.5932038835
7.01310679612
5.93611650485
15.7768932039
16.1151456311
11.2554368932
14.6966019417
18.1303883495
19.7987378641
10.3413592233
10.5022330097
4.5727184466
5.11436893204
4.04466019417
4.42650485437
4.71611650485
8.45359223301
11.8354368932
14.2077669903
11.4252427184
11.2129126214
12.439223301
13.0605825243
12.9738834951
13.62
13.937961165
9.39048543689
12.7
11.3005825243
11.7016504854
9.50844660194
7.49524271845
7.26281553398
8.4359223301
8.11466019417
13.6882524272
12.3401941748
10.6948543689
13.2659223301
9.3886407767
13.7912621359
15.7686407767
12.5865048544
12.4001941748
16.6084466019
19.3918446602
21.3127184466
23.3938834951
25.3463106796
21.1052427184
22.4482524272
19.0141747573
22.4200970874
18.1686407767
16.9262135922
16.1611650485
14.5270873786
18.3351456311
23.8080582524
26.2491262136
18.9448543689
18.019223301
21.099223301
25.5566019417
28.0462135922
29.1683495146
29.9549514563
30.4963106796
29.9102912621
25.7530097087
25.4136893204
24.7481553398
21.4942718447
22.3366019417
17.7089320388
16.9873786408
13.3450485437
13.2752427184
13.389223301
14.0768932039
17.2845631068
19.3486407767
16.6125242718
17.9661165049
19.6169902913
22.2799029126
20.2587378641
17.4483495146
23.6170873786
20.867184466
18.7570873786
17.6833980583
16.9451456311
18.1987378641
19.1918446602
24.5396116505
25.909223301
18.3515533981
18.8641747573
20.6104854369
20.8868932039
24.7900970874
27.8930097087
25.6548543689
27.859223301
27.4825242718
27.6278640777
28.869223301
29.9173786408
26.9014563107
22.7518446602
23.08
21.504368932
26.4614563107
28.0368932039
21.3545631068
19.6299029126
21.5618446602
22.7552427184
17.1005825243
18.1640776699
19.3133980583
25.7572815534
27.3323300971
28.2237864078
27.4286407767
28.9488349515
28.3059223301
23.2060194175
23.2532038835
23.113592233
23.1083495146
22.7093203883
22.393592233
21.1613592233
23.6810679612
28.4246601942
23.0783495146
21.1325242718
24.973592233
23.6432038835
20.5225242718
23.8010679612
19.9408737864
16.3189320388
16.0397087379
18.8391262136
20.2172815534
19.2606796117
18.3470873786
23.2967961165
19.3830097087
20.1224271845
21.6530097087
22.4836893204
19.8909708738
16.0672815534
15.6405825243
20.5293203883
24.8869902913
27.0301941748
22.5905825243
19.8437864078
21.0633009709
21.9747572816
24.5176699029
24.7249514563
24.6999029126
23.9462135922
24.4414563107
27.1984466019
27.4134951456
27.6459223301
26.3518446602
25.1063106796
25.3575728155
22.5826213592
17.9076699029
14.617184466
18.2624271845
19.7434951456
23.6234951456
17.5781553398
19.8739805825
20.9330097087
16.8229126214
14.545631068
18.6366990291
17.8145631068
16.4612621359
13.7513592233
12.816407767
10.8361165049
10.2377669903
9.72145631068
10.5381553398
11.1883495146
10.8348543689
11.3150485437
11.1014563107
10.332815534
9.60631067961
9.2759223301
12.8258252427
13.3866990291
13.4
13.4803883495
15.8612621359
14.134368932
10.5473786408
9.63009708738
11.3859223301
11.6378640777
12.7512621359
9.66106796117
8.95844660194
8.80941747573
12.4066990291
14.6333009709
11.5865048544
9.88019417476
9.01737864078
6.4959223301
8.16495145631
12.4294174757
13.9093203883
11.4076699029
12.6791262136
9.2240776699
8.91388349515
5.5945631068
4.40922330097
2.2740776699
3.55368932039
9.82922330097
9.70699029126
7.76922330097
7.22805825243
7.99155339806
11.953592233
11.5704854369
8.68932038835
7.45873786408
5.59155339806
4.75854368932
3.14854368932
1.30223300971
1.20262135922
3.01466019417
1.63310679612
1.81970873786
1.9232038835
3.35844660194
5.3467961165
10.1561165049
7.01087378641
9.67009708738
3.50019417476
2.44262135922
1.60970873786
0.139029126214
7.81514563107
9.67631067961
4.01019417476
1.02912621359
0.128737864078
5.49708737864
3.70495145631
3.03349514563
1.1354368932
-1.00067961165
0.59786407767
2.17766990291
5.92398058252
4.75077669903
2.7340776699
2.55834951456
1.16388349515
-0.188446601942
0.909805825243
6.96718446602
8.47504854369
10.6867961165
11.3233009709
8.00776699029
3.88116504854
3.61223300971
6.15805825243
7.6367961165
5.69737864078
4.43310679612
2.3872815534
3.78427184466
5.91660194175
6.30941747573
5.31660194175
1.01640776699
0.957378640777
2.60572815534
3.39252427184
2.93097087379
2.17194174757
2.22514563107
7.04223300971
10.1413592233
8.40485436893
7.88844660194
6.62582524272
1.89233009709
8.11766990291
2.34262135922
1.61213592233
1.05368932039
-0.00446601941748
1.49427184466
0.884077669903
-0.901844660194
-1.01310679612
-2.70932038835
-3.27747572816
-2.29029126214
-1.45504854369
-3.19912621359
-2.2532038835
-3.18233009709
-0.303398058252
1.43194174757
-0.764757281553
0.33427184466
-0.185145631068
-1.38194174757
1.81893203883
4.17116504854
6.04106796117
6.01262135922
6.84155339806
5.70669902913
2.5672815534
4.26669902913
4.85601941748
6.75815533981
7.62912621359
6.2113592233
8.25873786408
7.13844660194
11.1896116505
6.47262135922
6.8972815534
6.22563106796
9.99466019417
12.1496116505
9.60504854369
9.59174757282
10.5666019417
11.1003883495
10.0930097087
10.5466990291
9.25310679612
7.39077669903
6.96718446602
9.25048543689
5.61485436893
2.25145631068
3.51553398058
2.49805825243
5.22203883495
4.30631067961
7.61912621359
10.3619417476
7.65417475728
6.0067961165
5.95116504854
6.17436893204
7.60970873786
6.97262135922
9.60106796117
8.52796116505
11.1011650485
14.1100970874
6.29388349515
6.11242718447
5.45961165049
7.50572815534
15.5429126214
19.4434951456
20.6198058252
18.1388349515
15.5266019417
19.7765048544
14.9044660194
19.2941747573
12.9838834951
18.9123300971
19.2933009709
14.1469902913
16.1845631068
14.3811650485
18.027184466
14.5893203883
12.2841747573
9.98174757282
11.2466019417
14.5669902913
17.242038835
12.9502912621
14.4034951456
14.17
11.0083495146
12.9022330097
15.0224271845
11.2338834951
17.3112621359
17.6798058252
21.5502912621
21.1909708738
16.5212621359
13.1701941748
19.7889320388
22.8412621359
12.6734951456
9.73291262136
9.71174757282
10.4513592233
11.412038835
9.0486407767
11.4168932039
11.2001941748
14.5173786408
22.0380582524
23.5690291262
20.0838834951
21.0160194175
26.0032038835
20.2516504854
16.3891262136
21.4750485437
26.3480582524
23.1286407767
19.6082524272
20.8906796117
23.5589320388
21.4813592233
19.0923300971
15.0965048544
12.6275728155
12.0553398058
16.3658252427
21.4608737864
23.6294174757
25.4190291262
26.3622330097
26.8966990291
27.5572815534
23.8019417476
23.7248543689
19.2439805825
15.1885436893
15.6876699029
18.7913592233
15.6896116505
20.5768932039
23.4715533981
24.8724271845
26.3534951456
27.3767961165
26.9585436893
26.6539805825
29.2618446602
29.9416504854
30.154368932
29.3186407767
24.6351456311
19.5349514563
26.5315533981
29.2603883495
30.8937864078
27.6329126214
20.6130097087
17.9102912621
18.4111650485
26.8277669903
29.4269902913
23.8991262136
27.2511650485
32.7468932039
30.6866019417
26.3563106796
22.6440776699
26.1582524272
31.7885436893
27.2281553398
20.7953398058
16.8899029126
14.8882524272
13.7412621359
15.842815534
20.722815534
24.9280582524
25.8549514563
26.0160194175
24.703592233
25.0941747573
17.4866990291
16.2610679612
24.6966019417
24.2759223301
24.402038835
26.5106796117
28.9496116505
29.2962135922
28.6555339806
25.556407767
26.6052427184
25.15
26.6983495146
26.5300970874
26.2421359223
21.7127184466
23.2217475728
24.9222330097
27.1483495146
23.757184466
22.5360194175
18.7432038835
17.6653398058
21.8381553398
17.5785436893
15.274368932
17.9050485437
18.0560194175
17.442038835
14.4257281553
11.617184466
13.0223300971
15.8174757282
20.8508737864
15.9968932039
14.9380582524
15.3834951456
17.0323300971
16.6658252427
14.7473786408
15.9518446602
18.3909708738
22.9603883495
18.043592233
18.2433980583
23.854368932
22.9266990291
21.2290291262
15.9741747573
15.1584466019
14.1112621359
18.960776699
23.3784466019
20.0712621359
14.3762135922
14.5347572816
12.1310679612
11.8710679612
13.070776699
12.0408737864
10.3236893204
17.679223301
15.1183495146
13.0013592233
12.6148543689
9.05038834951
9.62660194175
13.1587378641
9.11922330097
8.45029126214
8.52640776699
10.5172815534
10.6217475728
8.9340776699
11.6041747573
14.659223301
9.35893203883
7.00563106796
7.31300970874
6.93873786408
8.89553398058
10.893592233
11.4816504854
10.8526213592
13.9618446602
10.6865048544
11.7466019417
12.1425242718
12.3504854369
9.81368932039
6.32145631068
4.79291262136
2.15757281553
0.201747572816
-2.51737864078
1.09048543689
2.25640776699
1.70854368932
2.84213592233
1.87242718447
2.99223300971
1.57834951456
1.09203883495
0.419708737864
9.20815533981
12.0496116505
13.1016504854
8.03902912621
6.6327184466
2.61077669903
-1.42747572816
-2.80038834951
-0.632718446602
1.79504854369
2.66223300971
1.00106796117
1.00563106796
-0.176796116505
1.37689320388
2.63145631068
-0.548252427184
-5.88300970874
-3.8540776699
-3.08699029126
-2.20087378641
-4.29611650485
0.176504854369
2.81611650485
3.86563106796
5.27854368932
5.17669902913
5.25038834951
7.55291262136
9.94766990291
11.6281553398
8.28533980583
4.62873786408
7.31572815534
6.95572815534
5.57378640777
3.56417475728
3.1286407767
4.5340776699
4.83669902913
2.77883495146
0.624951456311
1.76009708738
1.9727184466
1.67339805825
0.838349514563
0.245825242718
1.97427184466
2.73893203883
4.64155339806
8.76262135922
2.93106796117
2.9967961165
5.71368932039
1.0654368932
1.40563106796
1.44475728155
-2.2759223301
-3.1886407767
1.01097087379
1.32213592233
0.165436893204
-1.58951456311
1.5859223301
3.47378640777
3.37330097087
3.48029126214
2.21553398058
1.67786407767
4.7267961165
3.87737864078
4.25048543689
7.20689320388
4.33106796117
5.91300970874
1.53825242718
1.32067961165
1.04786407767
3.41796116505
1.02029126214
-0.134757281553
1.83165048544
0.950194174757
-1.05922330097
0.349126213592
-1.84310679612
-0.692038834951
2.22038834951
3.9059223301
1.35194174757
1.96223300971
0.606893203883
-0.169223300971
3.30844660194
1.99126213592
2.81427184466
4.59504854369
4.75611650485
1.6645631068
1.67223300971
2.43184466019
1.84980582524
7.19961165049
4.8913592233
3.81116504854
0.569708737864
1.7245631068
5.17961165049
4.00825242718
3.5645631068
6.34223300971
8.84893203883
4.08223300971
5.59009708738
4.5032038835
4.55902912621
5.72398058252
8.97174757282
9.4186407767
10.5108737864
9.91718446602
7.55689320388
9.52067961165
8.43475728155
10.3759223301
9.0354368932
6.4567961165
6.63427184466
2.83048543689
0.716213592233
0.992038834951
2.55533980583
5.26097087379
5.45058252427
5.50883495146
7.36815533981
6.50893203883
8.95601941748
10.3850485437
5.90262135922
11.8583495146
15.9602912621
19.3652427184
11.810776699
7.95601941748
11.2314563107
13.4133980583
15.7393203883
19.53
22.0319417476
17.6108737864
17.0434951456
17.8793203883
17.3863106796
12.2733009709
7.68776699029
11.916407767
11.4442718447
10.4700970874
16.9431067961
13.2666019417
18.067961165
18.6650485437
16.7917475728
12.2981553398
8.78300970874
9.98165048544
9.55233009709
10.6577669903
6.66689320388
8.15553398058
10.8478640777
15.0945631068
20.2282524272
16.2468932039
19.7641747573
22.5258252427
17.5817475728
14.1526213592
14.2311650485
16.2525242718
10.4185436893
14.6152427184
16.622038835
13.0594174757
10.3268932039
11.9382524272
10.7881553398
15.0168932039
18.9283495146
18.7593203883
25.0952427184
18.7393203883
17.3203883495
12.7924271845
15.0876699029
17.7033980583
12.6254368932
19.3724271845
15.7655339806
18.9540776699
21.5651456311
17.0932038835
13.1600970874
12.9938834951
16.6232038835
20.7419417476
23.950776699
26.8411650485
24.7601941748
20.0953398058
16.1404854369
13.725631068
13.4601941748
13.8537864078
21.1299029126
16.4488349515
13.556407767
14.8655339806
18.622815534
17.8408737864
12.3325242718
12.3194174757
13.2910679612
16.7184466019
21.9331067961
24.5303883495
28.8100970874
31.0584466019
32.6748543689
24.2233009709
19.579223301
16.1766990291
16.3284466019
15.1282524272
13.0739805825
13.4762135922
16.3204854369
15.1311650485
17.3448543689
18.2866019417
18.8866990291
21.5225242718
22.4066990291
16.350776699
16.4814563107
15.9003883495
25.1350485437
28.5276699029
28.9980582524
21.6240776699
21.806407767
27.2161165049
21.6357281553
20.7160194175
18.3803883495
20.2910679612
21.3191262136
16.8532038835
16.1623300971
15.0866990291
19.3091262136
21.2515533981
22.5554368932
20.6198058252
21.4004854369
21.7802912621
21.4733009709
23.622815534
24.1311650485
25.1634951456
25.9915533981
26.833592233
26.4259223301
19.4986407767
20.3019417476
21.5038834951
22.4589320388
22.7654368932
21.1598058252
20.9153398058
23.074368932
22.739223301
21.4798058252
18.6912621359
14.9436893204
9.62213592233
9.87223300971
10.1159223301
11.7057281553
11.4095145631
11.5694174757
13.503592233
17.677184466
20.5819417476
15.442038835
14.0419417476
13.4647572816
16.2224271845
14.8400970874
14.4659223301
16.487184466
12.5212621359
11.050776699
9.82737864078
11.2517475728
10.0700970874
13.5462135922
15.2827184466
18.7872815534
16.2847572816
19.1500970874
14.1003883495
13.0804854369
13.4587378641
15.1065048544
11.635631068
12.0449514563
12.0430097087
14.9514563107
14.4185436893
15.0348543689
13.1672815534
12.9382524272
11.9929126214
14.7198058252
14.0213592233
15.7049514563
15.4147572816
15.0197087379
13.6187378641
10.2072815534
9.42349514563
12.5946601942
11.7626213592
14.6816504854
12.9739805825
10.7899029126
9.76708737864
11.1031067961
16.027961165
10.2000970874
13.2574757282
8.17844660194
7.10281553398
6.08436893204
8.82553398058
11.1
10.050776699
10.6833980583
10.3901941748
10.3236893204
12.135631068
10.4093203883
9.96252427184
7.58834951456
2.09572815534
2.66854368932
2.49
4.71941747573
3.93737864078
3.69300970874
5.58300970874
11.6360194175
12.6294174757
12.8537864078
9.17708737864
8.13203883495
5.19611650485
5.56368932039
9.21291262136
6.31291262136
3.87368932039
1.48611650485
2.86038834951
2.14796116505
2.60834951456
4.05504854369
3.67388349515
4.56097087379
5.16601941748
4.51194174757
5.50708737864
5.65165048544
3.50611650485
1.88233009709
3.44019417476
2.82087378641
3.20252427184
4.27233009709
2.11126213592
5.35184466019
6.05572815534
2.89368932039
2.39805825243
4.20485436893
0.322524271845
1.73970873786
1.0740776699
-0.162718446602
-1.55048543689
-1.75
-2.61495145631
0.148058252427
-0.384563106796
-4.93980582524
-7.09825242718
-8.31922330097
-10.6724271845
-10.8796116505
-9.38126213592
-9.61572815534
-7.83155339806
-8.10689320388
-6.00990291262
-8.4013592233
-10.0972815534
-7.18524271845
-4.72019417476
-5.69631067961
-5.87514563107
-5.02873786408
-3.0827184466
3.0872815534
6.01932038835
5.65116504854
0.656310679612
0.832912621359
4.42349514563
2.41194174757
-1.19553398058
2.4613592233
7.01883495146
6.09048543689
8.32961165049
8.09640776699
5.25825242718
4.02242718447
6.63718446602
3.01339805825
1.12048543689
-2.57504854369
-5.54242718447
-7.66951456311
-9.18067961165
-7.09339805825
-3.5727184466
-3.08310679612
-5.51330097087
-0.13359223301
-0.489223300971
-4.4345631068
-3.48533980583
-2.28330097087
-0.536796116505
-0.471359223301
2.07475728155
7.7640776699
9.8154368932
7.64922330097
9.10660194175
6.5613592233
6.74902912621
5.72223300971
7.99262135922
7.93718446602
7.24834951456
5.91825242718
4.68766990291
7.44087378641
5.06922330097
2.36553398058
2.46640776699
5.88815533981
7.98203883495
2.57970873786
2.10378640777
2.35194174757
1.02291262136
-1.1459223301
1.16155339806
2.78165048544
7.22485436893
10.1281553398
9.02
7.1372815534
9.26029126214
8.54106796117
7.07
4.31660194175
3.9345631068
10.3839805825
10.0910679612
12.172815534
12.4369902913
17.0032038835
21.6558252427
19.7859223301
14.7655339806
13.1446601942
12.9073786408
11.1094174757
11.7133009709
9.96126213592
6.75194174757
11.1981553398
6.15475728155
8.37669902913
7.37
13.3542718447
15.4791262136
17.2854368932
17.733592233
18.9484466019
16.8084466019
10.584368932
8.22796116505
4.97067961165
6.22223300971
4.51194174757
5.59398058252
6.05504854369
9.98611650485
9.60514563107
6.62961165049
7.09019417476
9.14805825243
12.6800970874
16.8697087379
19.7948543689
17.327184466
17.2054368932
13.993592233
18.3051456311
20.8324271845
23.497184466
18.835631068
16.7362135922
21.444368932
19.7665048544
21.0717475728
20.7723300971
21.0999029126
19.2675728155
12.3523300971
13.745631068
17.8766990291
23.6534951456
26.6769902913
27.6970873786
20.7696116505
13.7646601942
18.9267961165
21.3723300971
20.7772815534
22.5272815534
24.2532038835
25.5894174757
23.2559223301
22.040776699
18.9089320388
13.6800970874
11.2325242718
12.1017475728
13.0866990291
14.2601941748
10.9604854369
14.8787378641
12.8258252427
13.1680582524
11.8005825243
16.1933009709
18.8751456311
14.7329126214
17.1139805825
18.4536893204
16.0641747573
18.0094174757
14.0965048544
12.9191262136
16.0172815534
13.613592233
15.146407767
20.0745631068
18.8915533981
18.7286407767
23.1331067961
25.0833980583
25.5533009709
24.322038835
18.8281553398
15.2654368932
15.8424271845
16.2163106796
18.9391262136
21.9008737864
25.4874757282
29.3662135922
23.2652427184
23.217961165
22.3208737864
25.6118446602
20.3906796117
19.2078640777
16.5523300971
17.6866990291
18.6455339806
23.5831067961
26.4666990291
25.8754368932
20.3212621359
25.090776699
18.6896116505
19.5481553398
18.5046601942
19.3473786408
18.5773786408
18.9703883495
17.1710679612
21.6370873786
15.9209708738
15.3967961165
17.5273786408
23.4147572816
21.1475728155
21.7108737864
18.7926213592
24.4532038835
30.1973786408
26.3063106796
21.8833980583
17.3698058252
16.4829126214
19.9694174757
18.6238834951
21.0546601942
24.482815534
19.9525242718
22.4342718447
16.537184466
18.1387378641
17.2176699029
20.7185436893
22.1958252427
23.8338834951
24.427961165
20.300776699
17.8955339806
15.7504854369
15.6308737864
15.0105825243
13.2466019417
12.7966990291
10.4010679612
13.4862135922
17.0012621359
19.719223301
19.9077669903
22.0938834951
15.9003883495
13.1999029126
12.9287378641
16.1215533981
21.1205825243
24.5544660194
21.6476699029
23.0053398058
21.8042718447
20.2444660194
19.0823300971
18.1229126214
17.3231067961
20.839223301
18.6883495146
18.3645631068
20.300776699
22.714368932
19.6185436893
23.9885436893
24.3793203883
19.4910679612
16.4181553398
14.8781553398
13.402038835
13.0502912621
12.5758252427
16.1577669903
13.9921359223
11.1037864078
12.8715533981
12.9955339806
9.93300970874
10.8090291262
9.89466019417
9.97922330097
11.4147572816
12.0069902913
8.49116504854
11.4880582524
9.75834951456
11.155631068
10.4003883495
6.8013592233
4.55844660194
8.06038834951
2.5240776699
2.27582524272
5.10883495146
5.4127184466
5.13825242718
7.55572815534
13.3994174757
8.15786407767
7.09048543689
8.51048543689
14.2406796117
11.1051456311
2.63194174757
0.633495145631
1.48339805825
1.71504854369
1.43941747573
0.678834951456
-0.530291262136
-2.74601941748
-4.58834951456
-3.94145631068
-3.11058252427
-2.43077669903
-2.11174757282
-0.89786407767
0.0879611650485
-3.23116504854
-2.13038834951
-0.0795145631068
-0.278349514563
0.676310679612
3.95048543689
6.73165048544
10.7837864078
11.0045631068
12.9504854369
10.5417475728
7.63019417476
7.31097087379
7.72194174757
6.38417475728
2.95145631068
2.14834951456
0.559223300971
2.65485436893
7.87805825243
9.55174757282
7.06436893204
6.40038834951
6.1486407767
5.38281553398
5.37349514563
8.13194174757
5.71145631068
4.76922330097
7.05194174757
6.97466019417
5.76805825243
-1.22990291262
-2.93776699029
-1.93951456311
-5.0627184466
-5.5572815534
2.81495145631
4.37737864078
2.49252427184
-0.269514563107
1.74194174757
0.560388349515
-2.1567961165
-3.03902912621
-0.358155339806
3.6245631068
2.37747572816
5.71932038835
6.81048543689
3.39631067961
1.20893203883
-0.396990291262
2.94126213592
8.37368932039
7.60737864078
4.00359223301
4.70689320388
5.43446601942
3.86145631068
0.833495145631
-0.562038834951
-2.64941747573
0.108640776699
1.70368932039
1.74893203883
1.43029126214
3.75058252427
2.72854368932
-0.676504854369
-2.17368932039
-3.2840776699
-4.42223300971
-5.99699029126
-7.38291262136
-11.927961165
-3.67077669903
-1.84475728155
-1.98058252427
-3.71514563107
-3.38553398058
-1.15737864078
-1.66466019417
-2.55242718447
-4.70941747573
-4.66941747573
-5.88058252427
-5.49572815534
-6.28669902913
-5.97990291262
-5.11048543689
-4.74155339806
-5.42893203883
-2.40601941748
-1.8713592233
-0.897669902913
-1.38970873786
0.428446601942
-0.0471844660194
3.98902912621
5.5732038835
4.86980582524
3.90300970874
2.11572815534
2.86854368932
2.80388349515
2.88359223301
3.13854368932
3.88504854369
8.23466019417
9.8272815534
12.4138834951
12.6202912621
12.922038835
9.05019417476
6.68446601942
6.41242718447
6.32038834951
8.62747572816
6.82757281553
5.81097087379
9.82834951456
11.2785436893
8.00048543689
5.62213592233
8.96669902913
9.13611650485
8.50815533981
5.34815533981
3.1613592233
2.04223300971
5.39737864078
11.3580582524
9.88310679612
6.69699029126
2.64475728155
-1.16980582524
0.495922330097
3.71194174757
5.19640776699
13.7174757282
13.1821359223
10.7205825243
8.39184466019
7.72660194175
8.11621359223
10.8700970874
10.9687378641
10.7306796117
13.7000970874
14.8918446602
12.9612621359
15.7727184466
16.745631068
19.5870873786
13.8176699029
18.7053398058
23.087184466
24.8567961165
19.6787378641
22.0260194175
21.7045631068
16.5882524272
14.52
14.8425242718
13.2721359223
17.222038835
19.3096116505
21.4572815534
15.5203883495
15.4872815534
16.7721359223
20.7645631068
24.1300970874
19.5849514563
22.4513592233
21.052038835
18.8237864078
23.1248543689
17.0039805825
19.6006796117
24.5840776699
23.8541747573
16.0875728155
12.4241747573
11.0154368932
13.722038835
14.669223301
13.5525242718
17.7433980583
12.110776699
11.8594174757
9.0954368932
9.57067961165
13.0308737864
20.324368932
23.2573786408
16.316407767
15.8472815534
18.142815534
21.8176699029
25.4906796117
29.1833980583
28.192038835
21.7349514563
24.0803883495
25.8941747573
23.9426213592
23.9899029126
24.645631068
20.6051456311
23.2636893204
25.5005825243
27.4066019417
26.9891262136
23.7362135922
24.2777669903
26.8473786408
28.5982524272
29.1469902913
25.4933980583
25.4640776699
20.2021359223
17.5421359223
16.2859223301
16.8952427184
15.3190291262
17.0846601942
16.9609708738
15.2945631068
19.060776699
22.4736893204
26.3224271845
26.5559223301
19.962815534
17.2633009709
20.3694174757
21.6839805825
23.819223301
21.087961165
15.1248543689
15.9690291262
20.0436893204
22.6145631068
25.9430097087
27.659223301
23.3783495146
27.2977669903
23.202815534
28.3811650485
32.2215533981
27.1194174757
21.6365048544
25.6109708738
26.7970873786
21.0800970874
23.5932038835
25.9872815534
26.1874757282
20.5402912621
22.5673786408
23.7999029126
26.2758252427
22.5433009709
22.9818446602
17.6853398058
15.7698058252
14.5690291262
17.772038835
16.6183495146
16.4523300971
13.964368932
16.2446601942
19.5186407767
14.6710679612
15.6233980583
13.8295145631
11.8666019417
13.9398058252
12.3727184466
15.7334951456
15.2554368932
13.3651456311
17.1689320388
18.2434951456
15.1354368932
15.9582524272
14.6782524272
15.3230097087
17.0461165049
13.9384466019
13.3659223301
19.7457281553
18.1188349515
15.0380582524
8.78126213592
11.7133009709
14.2549514563
17.4667961165
18.637184466
18.5082524272
17.27
15.7683495146
13.8433009709
14.8925242718
14.8145631068
18.0786407767
18.803592233
18.1647572816
22.0551456311
19.9280582524
16.2681553398
15.8804854369
19.3844660194
16.5181553398
15.6698058252
14.5748543689
16.1757281553
17.0425242718
15.9174757282
15.9022330097
16.8700970874
21.3178640777
20.9069902913
18.2138834951
13.6384466019
14.3530097087
11.863592233
11.6030097087
8.74708737864
13.7050485437
9.65854368932
8.18805825243
8.33854368932
8.30252427184
9.18145631068
8.28223300971
9.64398058252
7.93359223301
6.93203883495
10.8168932039
10.1421359223
5.49834951456
5.91203883495
5.80485436893
9.58417475728
6.86019417476
6.60825242718
6.63233009709
9.58796116505
12.6651456311
11.0691262136
12.6440776699
9.6472815534
11.1694174757
12.8886407767
11.7583495146
9.25058252427
8.36912621359
8.48174757282
5.57233009709
7.2686407767
7.01834951456
6.49359223301
9.26446601942
9.35038834951
6.97495145631
3.37417475728
2.13941747573
1.01233009709
0.335242718447
4.28019417476
6.85699029126
7.00563106796
7.86776699029
6.29203883495
5.78980582524
10.1051456311
6.37815533981
5.8767961165
2.92533980583
1.25533980583
1.13873786408
4.64553398058
2.32436893204
3.80252427184
3.23553398058
6.53970873786
8.33368932039
1.54854368932
1.22174757282
-0.629514563107
-2.87815533981
-3.68378640777
-4.39077669903
0.166893203883
1.07495145631
2.64737864078
6.9345631068
7.2245631068
6.53174757282
6.55631067961
7.35854368932
-1.08796116505
-0.461650485437
1.87825242718
1.73116504854
-2.11126213592
-4.5586407767
-2.23300970874
-4.39067961165
-11.7054368932
-12.0395145631
-11.5418446602
-12.3947572816
-12.1073786408
-10.5552427184
-7.21631067961
-7.25388349515
-3.93941747573
-5.33932038835
-5.23368932039
-2.10106796117
0.839708737864
1.84388349515
0.77572815534
0.574563106796
-1.15951456311
-0.375631067961
-2.71213592233
-9.26951456311
-4.89922330097
-3.01893203883
-2.05
-1.63990291262
0.755339805825
2.3440776699
2.78834951456
4.09757281553
4.6672815534
6.44446601942
6.12660194175
5.13582524272
4.05398058252
3.56844660194
1.70640776699
1.20883495146
-0.661165048544
-1.11776699029
-1.50009708738
-1.65213592233
-0.943495145631
-1.28572815534
1.54553398058
0.668155339806
0.162038834951
1.14145631068
2.06048543689
4.84912621359
6.97213592233
6.66233009709
0.81213592233
-4.15262135922
-4.03514563107
-1.37436893204
-1.62932038835
-3.28980582524
-1.64902912621
-1.78427184466
1.11058252427
0.896310679612
0.17067961165
1.20378640777
1.57834951456
2.69359223301
1.12291262136
0.71145631068
3.37766990291
1.42048543689
1.97077669903
3.22737864078
3.92718446602
4.80388349515
7.84106796117
9.01
10.1334951456
9.85611650485
10.1075728155
6.31572815534
5.03786407767
5.73980582524
7.04854368932
5.20737864078
13.9034951456
10.897961165
12.9740776699
12.2098058252
17.842815534
15.2232038835
13.200776699
11.160776699
11.2963106796
5.63776699029
8.38446601942
11.985631068
12.5786407767
10.4377669903
15.6006796117
18.1824271845
19.6745631068
14.4366990291
10.2733980583
13.8659223301
17.3532038835
20.7046601942
21.6780582524
17.7830097087
15.1369902913
19.4966019417
23.8014563107
21.7242718447
17.6868932039
20.602038835
13.1629126214
6.15524271845
9.01854368932
8.34766990291
12.7374757282
14.4811650485
20.5227184466
18.8001941748
11.7588349515
9.79796116505
9.9013592233
10.4585436893
11.3200970874
10.6006796117
12.8733980583
14.904368932
16.706407767
11.6867961165
8.79844660194
10.0800970874
12.6569902913
18.2
19.8130097087
21.0744660194
17.8566990291
14.002815534
10.3701941748
11.4799029126
16.0748543689
17.8698058252
14.1074757282
15.3947572816
15.1759223301
16.0003883495
17.3597087379
17.7993203883
15.1419417476
15.7961165049
17.4932038835
20.0155339806
15.5578640777
14.864368932
16.9851456311
13.2159223301
12.3025242718
12.7538834951
11.2646601942
15.0969902913
16.7938834951
16.1799029126
17.6770873786
16.5830097087
15.2844660194
16.1436893204
17.8730097087
21.2419417476
22.8316504854
28.3024271845
30.0465048544
23.9399029126
21.2736893204
23.8217475728
22.8955339806
23.0354368932
25.6574757282
27.7296116505
20.3166990291
19.110776699
19.6019417476
25.7001941748
22.3519417476
19.0809708738
24.1327184466
26.4973786408
26.5108737864
23.1405825243
19.4229126214
20.9261165049
18.6612621359
19.3655339806
21.0337864078
20.912038835
20.2090291262
17.1810679612
13.8862135922
14.9386407767
14.076407767
15.9393203883
18.5021359223
15.5985436893
17.1429126214
14.3265048544
16.4787378641
16.6795145631
14.7048543689
14.9586407767
17.5514563107
19.4045631068
15.1254368932
16.0782524272
18.9168932039
19.914368932
20.0930097087
22.5937864078
18.089223301
18.102815534
26.9090291262
20.8521359223
21.5473786408
23.4617475728
26.2995145631
27.307961165
21.2830097087
23.5045631068
19.5791262136
16.5423300971
17.5196116505
16.1386407767
17.2666990291
19.7219417476
18.1110679612
24.3394174757
22.6370873786
24.3500970874
25.9468932039
20.0722330097
17.5919417476
18.5697087379
16.569223301
18.759223301
18.3946601942
16.556407767
21.4170873786
19.5930097087
20.0852427184
15.7950485437
20.7369902913
23.7334951456
22.3550485437
18.4921359223
20.8626213592
25.3778640777
24.2641747573
19.6226213592
15.8894174757
14.3845631068
13.69
11.6313592233
11.0433009709
9.65796116505
12.2747572816
13.6738834951
13.3724271845
13.2239805825
13.2515533981
19.286407767
18.4060194175
13.3216504854
12.8574757282
12.8621359223
19.5296116505
15.0489320388
10.6937864078
9.65980582524
11.9363106796
15.4267961165
18.2525242718
12.4641747573
13.377961165
15.2717475728
11.6373786408
11.1132038835
9.99912621359
9.01194174757
8.60388349515
8.43766990291
10.1667961165
12.4352427184
12.1877669903
10.3777669903
11.0045631068
12.0198058252
9.47922330097
10.1918446602
7.54048543689
6.99436893204
6.16737864078
6.48912621359
5.58524271845
2.86815533981
5.53737864078
5.46388349515
8.68611650485
7.81815533981
8.5
6.56815533981
5.16466019417
10.3602912621
8.48378640777
9.17126213592
7.89281553398
6.5813592233
5.45611650485
4.30640776699
5.07970873786
2.68388349515
1.76174757282
2.34058252427
1.77902912621
2.55194174757
2.72242718447
1.09097087379
1.86572815534
0.558932038835
1.60572815534
0.269611650485
2.90262135922
1.22650485437
-0.465242718447
-3.27300970874
-4.8640776699
-2.56436893204
2.4367961165
0.887087378641
-0.0311650485437
-3.02019417476
0.0434951456311
4.37145631068
9.1367961165
12.9051456311
10.4859223301
7.60145631068
7.55932038835
8.36281553398
3.43223300971
1.80747572816
1.4654368932
4.65524271845
6.73475728155
8.52990291262
8.46194174757
9.7059223301
9.15378640777
6.87941747573
10.6341747573
7.51116504854
7.31009708738
10.1259223301
10.3134951456
5.9013592233
5.10660194175
4.37009708738
3.60912621359
5.05
3.38533980583
3.25718446602
2.90417475728
4.42854368932
4.39689320388
4.68932038835
3.68776699029
3.16902912621
1.58233009709
3.52194174757
3.19660194175
2.03145631068
5.39747572816
8.54417475728
6.83398058252
6.7859223301
6.72699029126
8.32951456311
5.43514563107
3.55553398058
5.03281553398
6.13009708738
5.85475728155
7.76941747573
6.06077669903
8.11524271845
5.06640776699
1.78029126214
3.82038834951
3.25165048544
3.31844660194
1.58106796117
3.3167961165
4.77902912621
7.02689320388
6.63932038835
3.00203883495
3.55650485437
3.89669902913
3.65038834951
2.38631067961
6.35582524272
4.33165048544
0.94067961165
-0.344854368932
-0.503689320388
-0.16854368932
2.33388349515
1.63834951456
0.0555339805825
1.25475728155
1.60145631068
1.13572815534
2.13446601942
1.18631067961
2.18805825243
0.88786407767
3.11514563107
2.05252427184
4.29203883495
3.82631067961
2.01708737864
2.73524271845
6.18766990291
6.8032038835
5.14233009709
5.04145631068
5.7886407767
9.80252427184
10.1983495146
8.83718446602
7.45524271845
7.43563106796
5.8259223301
6.68155339806
5.38601941748
7.43300970874
7.27844660194
12.8588349515
8.48009708738
4.55495145631
9.9440776699
12.3011650485
9.33388349515
7.12145631068
12.722815534
15.1433009709
11.5206796117
5.72485436893
7.57378640777
12.3945631068
15.8637864078
9.85077669903
10.6760194175
14.7968932039
19.2170873786
14.0293203883
19.2874757282
22.7966019417
16.8608737864
15.4047572816
13.1752427184
6.17
8.52417475728
10.7897087379
11.0895145631
13.8939805825
10.3898058252
15.2655339806
17.8360194175
19.9496116505
15.6049514563
15.1066990291
15.7532038835
17.7525242718
18.7166019417
21.2640776699
16.4566019417
21.6667961165
21.5981553398
18.9322330097
22.6859223301
23.0580582524
22.6547572816
23.4433980583
22.805631068
20.5126213592
14.5281553398
15.0587378641
12.049223301
11.5937864078
13.8778640777
18.4263106796
20.9991262136
24.9876699029
26.4309708738
25.4447572816
20.7249514563
18.8198058252
18.9347572816
15.3965048544
16.0168932039
15.4591262136
19.4397087379
17.9234951456
14.7697087379
11.7512621359
15.3126213592
16.2142718447
18.3918446602
21.4518446602
18.1987378641
16.2151456311
22.0839805825
24.5741747573
22.604368932
20.7876699029
22.2534951456
23.2108737864
16.9901941748
14.142038835
19.2286407767
17.8793203883
14.5703883495
15.453592233
16.2957281553
20.3225242718
20.4819417476
23.4872815534
24.0539805825
25.105631068
23.2317475728
17.8609708738
18.2834951456
22.4867961165
24.8553398058
22.9293203883
21.7606796117
21.3254368932
19.8434951456
23.2342718447
26.4153398058
21.6734951456
21.5382524272
16.4929126214
15.8599029126
13.4314563107
16.427184466
15.5876699029
19.2551456311
23.4444660194
21.2462135922
25.620776699
29.1189320388
22.8803883495
22.6324271845
27.5195145631
20.4032038835
21.8725242718
19.6473786408
18.989223301
21.1326213592
25.9399029126
18.9125242718
16.8274757282
19.8763106796
21.5718446602
23.8216504854
27.606407767
28.4285436893
26.754368932
27.0763106796
24.8336893204
26.0099029126
23.5057281553
28.0933980583
26.7094174757
22.6242718447
23.0767961165
27.1080582524
25.6927184466
19.206407767
17.8040776699
17.6141747573
17.9934951456
18.7594174757
15.9922330097
16.5077669903
17.6122330097
25.3201941748
21.756407767
18.9021359223
22.0915533981
24.8391262136
17.235631068
13.8155339806
17.4583495146
17.5436893204
19.169223301
19.3984466019
20.0187378641
21.6391262136
23.4631067961
19.349223301
16.6105825243
13.64
12.3312621359
13.4165048544
12.2505825243
14.9294174757
16.5868932039
13.5063106796
14.0981553398
12.8538834951
18.4800970874
15.2506796117
13.0484466019
13.8587378641
17.954368932
19.5804854369
18.9876699029
14.9586407767
13.6948543689
14.4650485437
16.3822330097
14.5754368932
12.0282524272
13.5003883495
11.4802912621
10.3419417476
10.5622330097
17.0898058252
16.907961165
8.85640776699
12.1897087379
16.7980582524
15.5016504854
15.6766990291
13.0223300971
13.7966019417
15.6883495146
14.9075728155
11.7170873786
12.4866990291
13.4974757282
10.3216504854
10.1693203883
9.89786407767
10.077961165
16.0659223301
14.9523300971
10.422038835
5.05970873786
6.38019417476
7.17368932039
6.78970873786
1.90796116505
3.5645631068
4.04446601942
4.39893203883
6.21504854369
7.66650485437
8.08524271845
7.86990291262
10.132815534
11.1010679612
9.04524271845
7.58990291262
8.86883495146
9.1272815534
8.33019417476
8.11660194175
6.68184466019
1.88631067961
-1.02359223301
-4.92621359223
-1.5613592233
1.7354368932
4.47223300971
4.31242718447
5.11242718447
2.96194174757
6.7145631068
3.32145631068
4.55145631068
1.84902912621
1.12495145631
7.41970873786
6.11854368932
3.44757281553
3.21951456311
3.45883495146
5.32145631068
8.57466019417
8.3872815534
5.49077669903
5.43737864078
5.58184466019
2.54485436893
-1.50660194175
-1.25621359223
2.8186407767
7.0372815534
3.26524271845
3.36165048544
6.10825242718
6.4913592233
8.00339805825
6.14485436893
7.04029126214
6.79359223301
7.32233009709
8.43757281553
4.58757281553
3.58718446602
5.58077669903
6.41213592233
3.82776699029
3.31330097087
3.78262135922
3.69893203883
4.23048543689
8.1972815534
8.27601941748
6.75378640777
5.03941747573
7.31611650485
7.75466019417
7.22038834951
5.12262135922
5.46747572816
4.5186407767
3.80553398058
2.99941747573
0.599514563107
3.70834951456
5.72640776699
4.33495145631
2.20359223301
1.49174757282
4.06077669903
4.00660194175
0.654368932039
0.476504854369
1.69708737864
2.62029126214
3.14048543689
0.490388349515
0.315145631068
-0.49854368932
1.40708737864
6.29466019417
8.42572815534
5.85174757282
4.99951456311
4.30029126214
2.60242718447
3.94621359223
5.1686407767
5.0532038835
3.76359223301
5.04640776699
4.45708737864
7.84203883495
11.2931067961
11.1200970874
6.10048543689
4.01368932039
5.02912621359
4.89339805825
7.39378640777
5.10650485437
3.19873786408
3.77912621359
4.87262135922
6.21252427184
8.65796116505
7.76155339806
9.90854368932
16.5152427184
16.555631068
9.08834951456
9.31388349515
13.2329126214
14.8157281553
9.70883495146
10.5069902913
8.28902912621
7.10747572816
9.3786407767
8.90699029126
6.63116504854
10.0741747573
8.98252427184
6.80368932039
11.2410679612
8.87854368932
7.48611650485
9.92980582524
13.9724271845
18.8916504854
21.4502912621
14.0333980583
20.090776699
18.5334951456
12.2541747573
5.40504854369
4.02213592233
4.32631067961
2.22398058252
8.98689320388
8.72844660194
11.0583495146
13.3260194175
13.2773786408
17.7760194175
18.1562135922
12.6793203883
12.5386407767
7.83980582524
10.5900970874
8.54601941748
9.73446601942
7.03601941748
10.5483495146
12.3501941748
9.89349514563
9.10067961165
15.9767961165
18.0009708738
12.4261165049
5.76718446602
4.69873786408
10.3689320388
11.0241747573
15.6654368932
17.9545631068
19.857961165
19.4124271845
22.233592233
14.9705825243
11.7019417476
16.9389320388
22.0787378641
15.4017475728
14.8958252427
13.3649514563
13.9426213592
14.7105825243
18.5332038835
21.1204854369
22.1363106796
23.4059223301
25.4521359223
24.935631068
22.9538834951
20.6332038835
23.3224271845
24.6102912621
24.8886407767
25.787184466
21.4794174757
23.3050485437
21.7008737864
21.730776699
14.8354368932
18.2989320388
13.9932038835
13.9842718447
12.4803883495
13.3849514563
14.8241747573
13.0517475728
14.717184466
17.6101941748
22.7737864078
17.5430097087
21.2250485437
22.0447572816
22.2418446602
22.4486407767
20.9929126214
23.4536893204
24.0166019417
24.5966990291
26.0585436893
27.5085436893
19.6967961165
21.8476699029
21.5099029126
25.3485436893
26.5938834951
25.1476699029
17.1710679612
18.2484466019
18.6886407767
21.4122330097
17.2713592233
15.1989320388
21.7836893204
27.7284466019
29.292815534
29.427961165
25.4577669903
21.6523300971
21.1714563107
20.8522330097
23.5581553398
22.5866990291
16.4808737864
16.3422330097
17.8740776699
18.6561165049
18.1611650485
17.9221359223
23.6283495146
25.7418446602
28.6147572816
26.2082524272
26.7965048544
24.562038835
24.8239805825
21.7308737864
21.5437864078
24.1655339806
23.2913592233
17.227961165
15.4976699029
14.4827184466
17.9917475728
19.454368932
23.1549514563
24.8186407767
23.953592233
22.0473786408
22.2090291262
24.7821359223
23.9634951456
21.3400970874
23.9723300971
24.6249514563
28.1826213592
32.2382524272
23.1431067961
23.2406796117
26.7885436893
28.2882524272
30.665631068
27.6506796117
21.6605825243
23.5000970874
17.6460194175
16.2388349515
17.7087378641
12.3722330097
14.4467961165
18.6010679612
21.8727184466
18.0568932039
15.5298058252
12.6154368932
16.4744660194
16.5085436893
19.6611650485
22.0005825243
23.0551456311
22.8300970874
21.3294174757
20.7463106796
21.1827184466
16.3941747573
17.4667961165
16.2051456311
18.3968932039
22.9939805825
26.032815534
24.4040776699
22.9045631068
24.6702912621
24.6413592233
17.5314563107
14.1983495146
17.0033009709
16.6193203883
12.9588349515
14.1805825243
12.9109708738
12.9794174757
13.2157281553
12.0291262136
12.9770873786
14.5633009709
17.3861165049
12.0840776699
9.54058252427
8.81699029126
8.35398058252
9.80475728155
11.0312621359
12.5482524272
12.6465048544
12.0012621359
11.2525242718
12.6650485437
15.6681553398
17.1795145631
15.4337864078
13.0631067961
19.0057281553
20.5366990291
20.8113592233
17.7870873786
16.4451456311
17.9488349515
18.3338834951
17.9014563107
12.2733009709
14.8827184466
11.8836893204
12.0329126214
13.7400970874
11.0501941748
10.0698058252
8.53155339806
6.63427184466
5.76475728155
6.66077669903
8.01252427184
7.77349514563
10.2353398058
11.5136893204
9.64660194175
7.90359223301
7.37766990291
5.12893203883
4.56
4.31873786408
5.09368932039
8.25174757282
7.53650485437
5.52116504854
0.931844660194
2.45883495146
-0.243495145631
1.18398058252
4.13252427184
5.27805825243
2.20883495146
0.891067961165
1.57689320388
2.96203883495
4.41990291262
3.05475728155
3.20339805825
2.4813592233
4.69359223301
0.1
2.01009708738
0.698446601942
-1.47970873786
1.26631067961
7.07601941748
10.5723300971
9.7045631068
14.5481553398
14.0173786408
11.4502912621
11.1366019417
9.24368932039
12.097184466
11.3686407767
6.7772815534
7.08689320388
8.52747572816
4.01485436893
0.00339805825243
-1.7613592233
-1.97912621359
-1.91572815534
-1.51854368932
-0.983106796117
-0.814563106796
-1.24601941748
-0.930194174757
-0.432718446602
-0.477572815534
-0.40932038835
-0.672718446602
1.6867961165
2.0767961165
2.29194174757
5.11213592233
0.417961165049
2.61563106796
3.80417475728
7.39912621359
8.1913592233
4.0132038835
3.08747572816
3.93514563107
7.46339805825
6.43029126214
7.94912621359
6.70553398058
10.5227184466
8.04669902913
5.8986407767
8.33689320388
5.39174757282
6.6572815534
9.56786407767
9.31766990291
8.30233009709
10.9604854369
7.63097087379
10.4741747573
10.9340776699
11.657961165
13.2061165049
6.31097087379
5.56048543689
6.05902912621
4.59077669903
2.69786407767
5.57
3.42475728155
3.39990291262
5.71281553398
9.55300970874
12.0333009709
15.1070873786
14.5872815534
13.7782524272
14.639223301
16.3432038835
13.9572815534
10.7289320388
3.12514563107
6.74077669903
7.79582524272
2.41446601942
3.9145631068
4.44640776699
5.33116504854
7.06514563107
9.58436893204
12.5285436893
9.55708737864
9.86941747573
16.7393203883
13.193592233
11.1844660194
12.2248543689
14.096407767
16.1570873786
18.4766990291
18.8224271845
18.6546601942
12.1642718447
13.3502912621
14.2983495146
11.3504854369
10.7923300971
7.36504854369
6.68116504854
7.74922330097
5.00126213592
9.27805825243
13.0382524272
16.6475728155
19.0716504854
18.3339805825
12.9786407767
7.40961165049
7.16097087379
9.48359223301
9.2567961165
7.58165048544
8.64019417476
11.093592233
9.92339805825
11.2204854369
11.6503883495
10.4574757282
7.75087378641
8.10669902913
8.73184466019
9.43291262136
10.2842718447
14.1872815534
15.7844660194
15.3586407767
12.0349514563
12.1872815534
12.2567961165
16.5995145631
10.5882524272
9.95
16.0296116505
19.550776699
22.6839805825
22.9972815534
21.469223301
23.1701941748
24.6153398058
24.9997087379
24.0169902913
21.5951456311
21.6282524272
21.9774757282
16.4745631068
15.9875728155
15.4382524272
15.2684466019
19.8191262136
20.6912621359
19.6900970874
14.9489320388
18.8261165049
20.4496116505
20.7953398058
20.5933009709
22.8268932039
18.9282524272
12.6718446602
14.9766990291
16.5493203883
12.2736893204
17.1714563107
19.6499029126
21.780776699
24.7555339806
17.7999029126
16.5199029126
14.876407767
16.7240776699
17.6861165049
14.6817475728
13.2862135922
13.9627184466
12.2375728155
14.1554368932
15.0608737864
14.0181553398
13.3111650485
14.4317475728
18.2613592233
21.8191262136
21.6340776699
24.3112621359
18.9624271845
19.6657281553
17.9472815534
16.927184466
20.3898058252
22.4429126214
27.7896116505
26.1825242718
25.0587378641
26.8776699029
25.4026213592
19.1477669903
17.5896116505
15.8141747573
19.2722330097
17.4933009709
15.2662135922
16.0882524272
20.4684466019
19.9534951456
16.2978640777
18.9665048544
25.1417475728
23.9175728155
20.4487378641
24.0387378641
27.4168932039
19.4423300971
15.4611650485
20.049223301
25.4194174757
26.9483495146
22.4772815534
19.1590291262
18.5422330097
18.822038835
24.3723300971
26.6750485437
30.2545631068
24.5283495146
26.3075728155
28.8797087379
30.0780582524
29.386407767
31.0355339806
32.6462135922
31.3322330097
21.9561165049
18.9633009709
21.5548543689
24.236407767
21.2974757282
25.930776699
31.2896116505
28.7200970874
24.5768932039
23.8539805825
19.5402912621
18.1986407767
17.0222330097
19.8074757282
19.8766990291
13.8863106796
18.2229126214
21.0859223301
25.8177669903
27.4926213592
23.6969902913
24.9654368932
27.5003883495
28.3938834951
25.8391262136
19.9719417476
12.7369902913
17.5677669903
15.3958252427
16.7590291262
15.1622330097
15.8419417476
13.0162135922
16.5830097087
15.2513592233
11.8504854369
15.814368932
16.5508737864
16.1436893204
18.0601941748
13.776407767
15.8933009709
16.6666990291
14.5570873786
17.8505825243
12.29
11.4846601942
11.5360194175
15.1217475728
12.3393203883
11.8219417476
12.206407767
11.9630097087
13.9619417476
17.6049514563
18.2133980583
16.6237864078
15.7482524272
17.429223301
13.4433009709
12.5884466019
15.6508737864
15.4601941748
9.60145631068
11.939223301
12.3085436893
15.6936893204
21.3054368932
19.9782524272
22.0877669903
22.7941747573
19.0153398058
17.3231067961
15.9911650485
18.450776699
14.3210679612
10.3800970874
10.0063106796
13.1241747573
12.5369902913
15.4957281553
12.3875728155
10.7838834951
10.6419417476
9.31776699029
9.30067961165
10.2819417476
9.8959223301
7.80339805825
6.87883495146
4.37504854369
3.22281553398
4.63757281553
5.44844660194
4.99203883495
7.20660194175
5.90378640777
7.66330097087
9.08475728155
8.10660194175
9.33194174757
9.29077669903
8.24932038835
11.4810679612
9.78466019417
5.43106796117
7.49330097087
5.01368932039
3.10640776699
1.95844660194
3.12582524272
4.18805825243
4.87902912621
5.72737864078
3.11922330097
3.93504854369
1.67873786408
-0.641553398058
1.58883495146
2.83427184466
4.72300970874
2.97970873786
0.572233009709
0.246796116505
-1.62475728155
1.46398058252
0.870873786408
0.0779611650485
1.38116504854
1.56106796117
1.19708737864
-1.74572815534
-1.46582524272
-0.677184466019
-1.11669902913
-1.75233009709
0.187669902913
1.50300970874
2.54660194175
4.13747572816
2.78398058252
1.44310679612
3.16009708738
4.83699029126
2.75631067961
9.8927184466
9.2727184466
4.54223300971
