-4.07125
-5.42708333333
-9.63208333333
-10.8666666667
-2.42395833333
-0.354583333333
-1.05083333333
-2.29458333333
-3.73520833333
-6.44041666667
-10.3572916667
-11.8202083333
-10.838125
-12.35
-11.6870833333
-10.295
-8.37458333333
-9.651875
-9.46291666667
-8.36375
-6.368125
-3.704375
-0.565833333333
-0.700625
-1.0075
-3.81916666667
-7.92520833333
-12.0585416667
-5.84020833333
-1.78333333333
2.38291666667
-5.075
-4.87291666667
-0.370208333333
-0.656666666667
-0.630416666667
2.30270833333
1.83208333333
0.486875
1.46541666667
2.364375
0.0979166666667
-0.342708333333
-0.240208333333
-1.468125
-3.26666666667
0.882291666667
-0.158125
-1.404375
-4.58
-3.81083333333
-2.22479166667
-2.775
-2.40416666667
-1.28375
-2.46770833333
-0.894375
-4.53875
-5.41041666667
-1.774375
1.46916666667
-1.106875
-5.384375
-6.01208333333
-4.99666666667
-2.45125
2.17833333333
-0.928125
0.7975
-0.2775
1.29833333333
0.735416666667
0.264166666667
-0.370625
-0.504583333333
-0.313958333333
2.19625
0.82
-4.10354166667
-5.71604166667
-6.60770833333
-1.97791666667
-0.891041666667
-0.613541666667
-0.26875
1.52291666667
1.02958333333
8.39770833333
2.98833333333
0.80125
-0.368125
4.23416666667
1.07729166667
0.1075
-1.790625
-2.41229166667
-2.85770833333
-0.805208333333
-0.949375
-0.859166666667
-1.35479166667
0.6975
-0.13125
1.37645833333
2.900625
4.93041666667
5.98479166667
6.10770833333
3.00458333333
-0.393958333333
-2.51458333333
-1.950625
-1.47666666667
-0.881875
-0.207083333333
-0.119583333333
0.329583333333
2.21916666667
2.554375
1.443125
3.64104166667
6.01104166667
3.58166666667
1.73458333333
0.688125
-1.196875
1.269375
6.17479166667
3.42729166667
1.785625
0.769375
2.98416666667
5.43833333333
4.49458333333
3.61625
1.57354166667
0.632291666667
2.80458333333
6.54583333333
5.64291666667
8.278125
7.80583333333
4.16020833333
1.283125
5.363125
5.65895833333
4.366875
7.351875
9.41625
8.38104166667
6.44583333333
3.331875
6.593125
4.89104166667
5.31916666667
10.165625
11.2214583333
13.33625
10.08625
11.046875
11.6739583333
12.383125
11.2370833333
8.19458333333
13.0039583333
16.37
11.3916666667
9.15375
10.1827083333
8.38104166667
8.39583333333
6.32625
7.20895833333
7.13708333333
6.82458333333
7.57729166667
7.22708333333
5.76145833333
6.790625
5.59583333333
7.63333333333
7.51416666667
8.01291666667
7.64375
8.98479166667
8.22541666667
9.93958333333
8.33666666667
10.6664583333
10.3958333333
9.95354166667
10.1502083333
10.0564583333
8.12395833333
7.5875
8.403125
10.4402083333
8.37770833333
5.89791666667
9.01541666667
10.083125
12.5170833333
7.74416666667
6.31145833333
6.58166666667
10.5045833333
11.9727083333
13.6041666667
13.6139583333
15.5641666667
14.2604166667
13.1370833333
11.1889583333
10.671875
14.1208333333
17.1191666667
15.153125
13.4633333333
10.7389583333
9.80791666667
13.9089583333
11.2854166667
9.905
9.98354166667
8.949375
7.89354166667
8.47458333333
10.9520833333
13.6814583333
14.095625
13.2114583333
11.938125
10.7970833333
10.120625
6.99729166667
7.17354166667
6.236875
5.03458333333
5.2475
9.36645833333
11.4085416667
13.0639583333
11.1095833333
10.3420833333
8.2275
5.291875
5.31895833333
10.97625
13.1304166667
9.62708333333
7.47416666667
8.82541666667
9.03479166667
7.69270833333
9.20958333333
9.671875
8.47125
8.694375
9.8675
8.25541666667
9.55583333333
8.84833333333
9.32645833333
13.0745833333
12.3120833333
14.1827083333
12.2591666667
11.945
9.58208333333
7.30333333333
5.79791666667
7.510625
7.25395833333
8.68104166667
4.81791666667
6.216875
4.05166666667
2.87541666667
4.18125
3.1
7.40770833333
4.31958333333
2.41083333333
1.23645833333
-0.00729166666667
2.869375
3.06520833333
1.959375
0.911666666667
3.28645833333
6.61
4.91333333333
1.04208333333
0.408541666667
1.03916666667
3.27729166667
5.23166666667
5.57833333333
3.37166666667
0.834583333333
2.356875
8.699375
5.30125
1.538125
-1.27729166667
-4.435625
-7.53166666667
-7.35875
-7.19645833333
-7.27208333333
-4.988125
-4.24375
-5.69083333333
-3.98166666667
-4.64708333333
-4.03979166667
-2.40895833333
-0.819375
-0.502291666667
-0.551458333333
6.695625
7.654375
3.32916666667
0.894791666667
3.57041666667
5.17895833333
6.57104166667
7.04958333333
6.76458333333
3.64208333333
-1.04145833333
-5.53979166667
-2.800625
-3.17895833333
-4.9775
-10.0822916667
-11.4822916667
-8.59645833333
-7.76625
-9.68354166667
-8.40104166667
-12.1189583333
-12.0320833333
-7.29208333333
-7.13041666667
-2.680625
-0.15125
0.146041666667
2.64895833333
2.26333333333
-1.60375
-3.50979166667
-3.79645833333
-5.25958333333
-6.05229166667
-0.372708333333
-0.871458333333
0.128541666667
5.74229166667
3.00583333333
-1.16541666667
-3.344375
-6.26270833333
-4.72354166667
-0.473541666667
-0.754583333333
-2.48479166667
-2.38958333333
0.91125
-2.8725
-3.87875
-5.0
-10.6083333333
-13.7235416667
-7.5
-3.53875
-7.95625
-9.45270833333
-6.01604166667
-7.67145833333
-3.458125
-5.39729166667
-4.36125
-2.93291666667
-4.27479166667
-4.42979166667
-8.109375
-9.96666666667
-10.2572916667
-7.49708333333
-4.36416666667
-4.520625
-7.38895833333
-3.31145833333
-6.80458333333
-8.10854166667
-5.13916666667
-5.17125
-4.38270833333
-1.98354166667
-1.13479166667
-2.788125
-2.80395833333
1.73645833333
2.78708333333
2.16604166667
-1.895625
-5.24520833333
-8.6775
-9.908125
-9.76
-9.41895833333
-8.21833333333
-4.35708333333
-5.89416666667
-6.75666666667
-8.030625
-9.19625
-8.88020833333
-9.31625
-7.45916666667
-5.768125
-5.11875
-6.4025
-6.41833333333
-2.45166666667
0.0633333333333
0.260416666667
-3.58
-4.46854166667
-4.023125
2.99041666667
6.52791666667
7.66916666667
7.91291666667
9.29875
5.990625
3.87729166667
2.63979166667
0.1725
-0.758541666667
-1.71520833333
-2.250625
-1.74270833333
0.86875
2.28375
4.57666666667
-0.23125
6.674375
7.47
4.32895833333
1.89625
3.19875
4.440625
6.096875
8.78104166667
8.88895833333
9.86145833333
7.69645833333
2.87833333333
1.625
1.13979166667
3.21958333333
7.26125
5.378125
4.16645833333
6.0175
8.571875
9.3
5.5125
3.37291666667
0.603541666667
-3.32708333333
-4.26583333333
-2.343125
-0.546666666667
-2.70458333333
-0.386666666667
-2.33083333333
-4.34270833333
-0.785833333333
5.27625
1.52708333333
-0.652291666667
1.28833333333
4.605
1.078125
-1.98729166667
-1.681875
-0.049375
1.83354166667
-0.276666666667
6.77104166667
7.55895833333
7.90875
10.5402083333
10.3597916667
6.71604166667
9.91895833333
10.3172916667
9.44729166667
8.22520833333
6.803125
4.82479166667
7.945625
11.26375
14.3997916667
10.8220833333
6.20875
8.00541666667
5.87020833333
7.46791666667
7.44416666667
6.25354166667
8.513125
10.78125
11.759375
14.1497916667
14.6079166667
13.3122916667
8.90875
8.733125
11.8864583333
11.1241666667
13.3666666667
13.8116666667
10.3870833333
7.219375
9.10625
3.81416666667
8.73270833333
15.7014583333
8.796875
5.74145833333
5.985
4.69083333333
4.82145833333
6.27208333333
7.18166666667
7.78791666667
9.56229166667
8.924375
10.2375
10.5102083333
13.054375
7.246875
5.93645833333
9.31645833333
10.4135416667
10.330625
8.19270833333
9.25333333333
12.5766666667
12.59875
13.6633333333
15.77
15.91125
16.1508333333
14.699375
12.5333333333
11.114375
9.86791666667
11.490625
11.4579166667
8.29916666667
7.39270833333
6.62916666667
10.0797916667
12.0472916667
10.7295833333
9.08854166667
8.96770833333
8.42875
10.093125
9.39145833333
12.7214583333
11.8820833333
7.89916666667
14.913125
14.8114583333
14.050625
15.2064583333
16.28
15.6160416667
15.1347916667
15.045625
14.495
13.2614583333
12.99125
12.463125
11.6595833333
12.4314583333
14.6460416667
10.9670833333
6.54729166667
6.509375
8.48916666667
10.2197916667
8.403125
7.64416666667
7.254375
9.48041666667
7.50104166667
9.336875
9.838125
9.25520833333
9.17020833333
8.64833333333
7.035625
8.53083333333
8.95020833333
7.56458333333
6.81395833333
6.63645833333
7.7975
8.43979166667
12.218125
12.88125
11.189375
10.7285416667
12.1297916667
8.445
5.531875
5.84145833333
10.7097916667
10.4670833333
9.43229166667
9.49645833333
10.100625
14.3379166667
13.346875
7.98625
5.87645833333
6.42583333333
8.04333333333
7.310625
6.10916666667
7.56041666667
4.9175
6.77020833333
7.82354166667
6.64229166667
3.76958333333
7.34916666667
9.13770833333
7.64916666667
6.29833333333
6.55020833333
3.08416666667
2.641875
1.558125
1.71791666667
0.351458333333
2.59875
0.62625
0.528333333333
6.65520833333
5.06729166667
5.77625
1.744375
0.230833333333
0.492916666667
-1.06416666667
-0.458333333333
1.8
1.89145833333
0.988541666667
3.92625
4.04604166667
4.96458333333
3.97291666667
9.034375
6.85291666667
6.01104166667
1.379375
1.15166666667
-2.60125
-3.10041666667
-3.68145833333
-3.89020833333
-3.67270833333
-2.5075
1.44104166667
-0.149791666667
-3.56104166667
-6.03229166667
-4.659375
0.250208333333
4.42104166667
4.26291666667
7.14979166667
8.51541666667
6.676875
-1.16
-2.48395833333
-1.93645833333
0.365416666667
-1.65166666667
-1.83958333333
-1.39604166667
-2.78583333333
-3.89604166667
-5.751875
-2.43604166667
-2.25333333333
-2.11916666667
-1.15520833333
-0.581458333333
-3.77958333333
-5.13270833333
-5.49541666667
-7.83020833333
-14.40375
-9.86416666667
-8.07604166667
-12.059375
-14.0454166667
-9.959375
-12.96125
-11.03875
-10.64875
-5.35166666667
-3.731875
-4.55375
-3.63354166667
-4.34354166667
-8.44145833333
-7.49666666667
-4.120625
-0.231875
1.35708333333
2.12
1.025
2.21291666667
3.69916666667
4.503125
-9.99520833333
-13.208125
-13.9035416667
-12.23625
-16.184375
-14.3383333333
-11.24125
-12.21125
-12.996875
-10.7579166667
-3.716875
-5.08541666667
-6.14354166667
-3.054375
-3.80041666667
-4.42375
-3.82041666667
-1.98
-4.63020833333
-4.61875
-3.85104166667
-1.58708333333
-6.13958333333
-2.18020833333
0.580833333333
-2.63208333333
-4.94020833333
-6.61854166667
-8.33583333333
-7.54875
-5.22895833333
-1.52416666667
0.667916666667
-0.533333333333
-1.54145833333
-0.390833333333
0.391875
0.938958333333
0.0620833333333
-1.408125
-0.813541666667
-2.53125
-3.04895833333
-3.65875
-6.97833333333
-7.82979166667
-7.28854166667
-6.68166666667
-6.91958333333
-9.98416666667
-10.0579166667
-7.230625
-7.30583333333
-2.9675
2.16125
0.0985416666667
-0.0683333333333
1.18375
-2.273125
-3.82229166667
-4.801875
-1.740625
-2.3325
0.0829166666667
-1.29791666667
-1.74104166667
-1.7
-2.14479166667
-0.185
1.02229166667
-0.00875
-0.495625
-2.09166666667
-2.05375
-0.299791666667
-0.229583333333
0.31125
-1.82916666667
-1.00208333333
1.045
2.64625
2.948125
1.961875
0.822916666667
-0.828125
-1.208125
2.70666666667
3.04520833333
1.00354166667
2.37166666667
5.64604166667
5.70291666667
-1.325625
-2.52625
-2.08416666667
-1.9375
-3.54041666667
-2.82354166667
-3.126875
-1.58333333333
1.11354166667
2.748125
-0.126875
-0.580625
3.33520833333
3.03791666667
2.14770833333
0.02125
0.251041666667
1.61375
2.53
1.59333333333
3.01729166667
0.1175
-2.14395833333
0.382083333333
-1.57416666667
1.13895833333
5.24708333333
3.89166666667
0.850416666667
1.40270833333
0.684583333333
3.76395833333
4.96520833333
3.549375
2.36354166667
4.71895833333
6.0075
8.49208333333
10.641875
11.6404166667
9.91875
11.1485416667
8.46395833333
11.1410416667
10.840625
8.5025
6.595625
6.40041666667
7.92854166667
10.605625
8.74458333333
6.49166666667
6.8975
8.70041666667
12.8472916667
15.9245833333
15.1641666667
16.4891666667
16.7572916667
16.0585416667
14.66875
12.60125
12.49
9.43458333333
11.9883333333
9.06229166667
7.06854166667
6.11520833333
4.70375
5.53729166667
6.18625
6.5675
8.86229166667
9.23625
9.18270833333
10.4447916667
11.8139583333
10.8745833333
9.21916666667
12.8329166667
10.4622916667
9.45520833333
8.77395833333
8.50916666667
7.73
10.831875
14.5716666667
9.838125
7.64479166667
10.6879166667
11.0139583333
9.95145833333
12.5710416667
14.9122916667
16.24375
15.5691666667
16.318125
15.6466666667
16.114375
13.83
14.1779166667
12.7641666667
11.0510416667
13.0185416667
15.93
14.410625
12.7
14.8233333333
13.874375
11.4564583333
10.5991666667
9.34
13.5214583333
13.4839583333
15.33125
13.6922916667
15.444375
16.0002083333
15.6979166667
14.013125
13.0316666667
14.2497916667
14.13625
13.6672916667
12.8416666667
9.50916666667
12.2183333333
13.3641666667
11.66875
10.3852083333
12.3316666667
12.2341666667
10.5210416667
11.4472916667
8.04125
7.28520833333
7.84854166667
8.21208333333
9.91958333333
10.5710416667
9.70416666667
11.1239583333
9.861875
8.33208333333
8.999375
10.47125
9.24541666667
8.55104166667
5.25458333333
8.555625
10.8708333333
14.3047916667
11.3020833333
10.5545833333
10.1585416667
10.8216666667
12.1583333333
13.0245833333
12.8839583333
11.3889583333
12.2564583333
13.3183333333
13.36
12.6966666667
12.930625
12.5920833333
14.4425
7.171875
5.410625
6.43479166667
7.95541666667
10.4804166667
8.558125
8.10166666667
8.579375
9.83479166667
10.1995833333
9.43395833333
9.30208333333
6.92395833333
5.16770833333
7.67083333333
3.10625
6.62229166667
6.50416666667
6.4375
6.40833333333
6.598125
5.84854166667
6.55479166667
5.5375
2.52729166667
4.05354166667
5.65020833333
6.43875
4.69479166667
6.26270833333
5.84625
5.74916666667
4.07916666667
1.533125
1.87
6.24520833333
7.67020833333
4.411875
5.01229166667
2.94125
4.0825
6.52291666667
6.400625
5.60583333333
1.79270833333
-3.28958333333
-1.960625
2.54083333333
7.78145833333
6.69958333333
5.43125
3.38583333333
3.34458333333
-0.035
-1.303125
-1.75666666667
-1.07104166667
1.61083333333
3.87229166667
2.58375
1.88395833333
2.42270833333
5.853125
3.29145833333
1.69
2.361875
1.84666666667
-0.314375
-1.04770833333
-2.67729166667
-3.34041666667
-2.04104166667
-0.91
-2.61645833333
-1.736875
-0.438125
0.265625
4.09125
3.03875
1.2675
-0.293333333333
-1.57083333333
-1.70354166667
-3.92708333333
-3.31458333333
2.08833333333
-1.808125
-2.45541666667
-3.420625
-3.0425
0.40125
-0.4425
-2.65145833333
-5.338125
-3.36854166667
-0.773958333333
0.901666666667
-0.476458333333
-1.99041666667
-2.75375
-4.558125
-4.63270833333
-5.07416666667
-2.37541666667
3.07166666667
1.22604166667
5.43333333333
0.477291666667
-0.605625
-1.505
1.26333333333
3.64708333333
-1.18916666667
-1.68291666667
-2.67479166667
-1.56125
1.52416666667
2.88833333333
-1.22125
-2.93041666667
-3.239375
-2.16645833333
0.267083333333
-3.29541666667
-2.99333333333
-3.06666666667
0.731458333333
4.87416666667
4.63604166667
2.85270833333
-2.85354166667
-3.22
-1.25
-2.678125
-4.57770833333
-5.736875
-5.96395833333
-1.955625
-3.00291666667
-7.46270833333
-8.249375
-7.05791666667
-8.37729166667
-5.633125
-9.93208333333
-10.4339583333
-9.605
-12.0125
-8.66645833333
-9.571875
-7.84541666667
-4.03125
-9.02833333333
-12.5285416667
-11.6722916667
-8.23166666667
-5.411875
-0.240625
1.93270833333
-0.08
-1.579375
-2.50104166667
-3.020625
-3.34354166667
-1.49645833333
1.79708333333
3.42145833333
1.73916666667
0.785208333333
0.638541666667
-1.365625
-4.97229166667
-4.03604166667
0.975833333333
4.37708333333
1.59375
-0.31375
5.3375
6.485625
5.07479166667
4.723125
-1.6625
-2.20875
2.18354166667
-1.38625
-2.14125
-2.42916666667
-3.41083333333
-3.74520833333
-1.31041666667
2.00729166667
1.29145833333
1.6175
-0.0539583333333
-2.38020833333
-0.640416666667
0.661666666667
0.021875
0.938125
1.84625
2.15
3.79958333333
1.1125
-0.5275
-1.08458333333
1.88166666667
2.199375
4.51895833333
9.11166666667
6.69458333333
3.44791666667
8.506875
5.84604166667
4.17875
5.74583333333
4.12895833333
7.37291666667
6.225
5.534375
6.28125
3.714375
6.23416666667
4.473125
3.37229166667
3.81333333333
2.27458333333
2.62354166667
7.095625
6.66270833333
5.00958333333
4.181875
3.94604166667
4.67625
5.44833333333
5.79020833333
9.29020833333
10.1760416667
7.391875
6.83041666667
5.08854166667
5.24375
7.13458333333
6.37708333333
6.46104166667
6.41416666667
6.70083333333
6.33645833333
5.155625
4.40833333333
5.569375
6.19166666667
5.75666666667
11.7822916667
11.42375
8.03770833333
10.7797916667
11.6295833333
8.34229166667
4.66729166667
8.55791666667
13.0125
11.7729166667
8.68458333333
10.4116666667
12.8229166667
11.234375
6.67479166667
4.14520833333
5.10270833333
4.71145833333
8.58604166667
10.0814583333
12.2827083333
14.35625
12.9475
13.9308333333
13.9672916667
13.9454166667
11.3097916667
7.56666666667
7.89125
11.578125
10.61375
6.958125
12.51875
13.3114583333
13.5995833333
15.6679166667
15.3158333333
16.7116666667
16.0791666667
15.7202083333
17.1245833333
17.093125
13.7802083333
9.48604166667
10.3216666667
15.4427083333
15.4472916667
15.3064583333
13.30375
10.0370833333
5.32270833333
8.79395833333
13.1320833333
15.2575
13.1572916667
16.8679166667
20.1429166667
16.6895833333
13.0616666667
13.8414583333
13.9127083333
14.9810416667
11.1183333333
9.50791666667
8.424375
9.54020833333
9.534375
10.4416666667
12.9214583333
13.27875
14.2483333333
13.4141666667
13.2320833333
9.540625
8.748125
6.45083333333
11.9925
12.8077083333
13.2952083333
15.1416666667
15.746875
15.4064583333
14.7535416667
15.3408333333
15.6429166667
15.83
14.9566666667
14.0483333333
12.4114583333
9.87
10.9679166667
11.5416666667
13.984375
13.8397916667
9.27375
9.03541666667
11.1204166667
5.98645833333
4.18395833333
1.98208333333
11.515625
9.99104166667
8.78083333333
7.92145833333
6.80145833333
7.77833333333
9.390625
8.03708333333
6.71583333333
7.745
10.9625
7.66916666667
6.41583333333
8.01333333333
5.909375
8.32291666667
6.04395833333
4.818125
8.60770833333
11.61
11.25125
7.455
4.10479166667
6.53958333333
12.414375
12.516875
11.5091666667
8.59604166667
6.51041666667
6.91979166667
5.8325
7.6825
4.41083333333
4.21375
3.45625
7.32770833333
6.79708333333
5.30708333333
4.010625
3.23979166667
5.47395833333
2.65166666667
1.53583333333
-0.130833333333
-1.43666666667
0.140208333333
-0.907708333333
3.08895833333
2.98458333333
1.55104166667
0.154375
-1.72416666667
-1.89958333333
3.80625
4.22166666667
2.44729166667
2.70458333333
5.48333333333
4.28875
4.50333333333
2.82958333333
4.97479166667
4.45625
-1.14395833333
-3.07958333333
-6.06083333333
-8.14791666667
-9.06395833333
-4.665
-2.84458333333
-3.688125
-2.04916666667
-2.07791666667
-2.780625
-4.359375
-5.38458333333
-5.559375
-2.37833333333
7.96916666667
5.49541666667
2.915
0.850625
-4.815
-7.024375
-8.48458333333
-9.21479166667
-5.35020833333
-3.896875
-4.78791666667
-5.87291666667
-7.58
-2.59583333333
-5.29583333333
-9.21625
-11.4104166667
-10.3495833333
-8.15041666667
-8.651875
-10.63875
-4.911875
-1.12979166667
0.0622916666667
1.16958333333
1.27895833333
1.16625
2.24145833333
4.396875
6.36833333333
1.44333333333
-0.799791666667
2.56583333333
3.17479166667
0.2825
-0.779375
-0.238958333333
0.457083333333
0.505833333333
-1.873125
-3.20979166667
-2.18354166667
-1.066875
-1.85895833333
-3.2475
-4.70791666667
-3.809375
-0.05125
-1.67625
0.602291666667
-2.46458333333
-2.55770833333
-1.46166666667
-2.81166666667
-4.27291666667
-4.76666666667
-7.89479166667
-9.13083333333
-4.53645833333
-2.03416666667
-6.59541666667
-9.31125
-4.00916666667
-1.50916666667
-0.107916666667
0.0433333333333
-1.14104166667
-1.40104166667
-0.059375
-0.200625
0.358958333333
-0.326875
-1.71395833333
-1.62291666667
-2.09854166667
-2.463125
-5.729375
-1.85541666667
-6.39145833333
-5.53291666667
-6.73041666667
-6.38291666667
-9.105625
-11.2525
-10.0595833333
-9.43916666667
-8.33291666667
-4.50729166667
-2.59333333333
-3.296875
-3.18166666667
-3.95458333333
-2.919375
-1.62645833333
-2.74354166667
-4.58354166667
-4.21479166667
-4.81875
-3.25041666667
-5.48270833333
-4.92666666667
-0.448125
-0.498541666667
-3.36104166667
-5.65770833333
-8.47625
-6.86270833333
-6.299375
-2.585
-2.636875
-2.03125
-2.34145833333
-2.26
-3.21
-5.63979166667
-7.32270833333
-4.315
-2.76375
-2.99458333333
-1.60875
1.19979166667
0.08
1.38041666667
2.90145833333
1.65708333333
-1.17520833333
-2.21958333333
-0.782916666667
-2.63875
-3.47104166667
-2.04375
-2.68729166667
-1.40125
-0.313541666667
1.01395833333
0.768541666667
0.663125
1.514375
0.682916666667
0.132916666667
0.87875
5.441875
1.288125
-0.236875
-1.40145833333
-0.390833333333
1.42583333333
4.054375
6.83458333333
7.55354166667
4.8275
3.22270833333
4.42666666667
-0.967083333333
-1.23229166667
-2.611875
1.05645833333
1.93604166667
2.48291666667
5.685
6.25583333333
10.0320833333
10.0747916667
1.159375
0.148958333333
0.708333333333
2.28104166667
2.80833333333
2.665625
3.183125
5.53166666667
6.25270833333
6.94583333333
7.718125
6.57958333333
7.59791666667
7.19541666667
6.49104166667
5.23666666667
5.66791666667
5.72083333333
6.68333333333
6.90166666667
7.55979166667
5.6525
4.749375
5.70416666667
3.68854166667
6.98958333333
8.96625
11.81375
7.926875
6.295
7.013125
6.47291666667
6.739375
6.31395833333
6.59770833333
7.961875
5.258125
8.18979166667
10.7122916667
7.44520833333
7.61208333333
7.635
9.84083333333
9.14895833333
11.559375
14.08625
9.67604166667
8.4325
6.28729166667
5.39416666667
7.39583333333
7.44145833333
8.12854166667
5.965
5.20875
3.67666666667
7.91708333333
6.04458333333
6.55041666667
6.43020833333
7.49166666667
6.399375
9.51916666667
12.3045833333
16.6952083333
18.3714583333
13.3122916667
11.358125
10.5345833333
10.7414583333
8.61354166667
8.43729166667
8.59125
10.339375
8.72458333333
9.86875
8.65875
7.42916666667
8.76166666667
9.22479166667
10.0214583333
9.385625
10.7452083333
12.2927083333
11.8575
17.099375
12.6095833333
9.93729166667
14.3397916667
14.4922916667
12.5220833333
9.9675
8.92270833333
11.0935416667
12.38875
13.023125
12.371875
12.2291666667
10.8745833333
10.9691666667
12.0722916667
10.2439583333
9.73208333333
10.0135416667
12.710625
11.51
12.1679166667
12.2525
12.634375
12.2545833333
14.399375
13.5254166667
11.2514583333
10.4260416667
10.56875
11.2716666667
12.5289583333
13.3395833333
11.55875
13.6554166667
13.495625
6.695625
5.61791666667
5.915
6.06708333333
7.22979166667
7.03229166667
7.8525
8.06958333333
9.89833333333
9.75520833333
10.7052083333
9.89291666667
8.97666666667
9.06270833333
6.33895833333
8.36208333333
7.56666666667
5.12166666667
5.00895833333
4.760625
4.953125
5.77854166667
6.02395833333
4.37416666667
6.699375
10.4514583333
10.07
6.45833333333
5.06625
5.86958333333
7.01041666667
6.81875
4.631875
6.026875
8.19979166667
10.7964583333
9.54583333333
5.31270833333
6.49229166667
6.094375
7.21333333333
4.20395833333
4.00854166667
7.42375
10.0972916667
6.295
3.43916666667
2.27270833333
7.145625
5.189375
6.78583333333
3.96458333333
2.19416666667
0.829791666667
3.23125
5.63375
2.71979166667
5.03416666667
3.10333333333
2.21041666667
2.914375
2.92958333333
2.16916666667
2.254375
4.75354166667
3.27895833333
3.86416666667
4.703125
2.08104166667
1.76333333333
-1.49083333333
-2.298125
-2.20375
-0.812291666667
1.074375
-0.596666666667
-0.561458333333
1.09854166667
3.41416666667
6.49729166667
5.29166666667
5.42145833333
1.875
-0.13125
-0.8675
1.758125
-0.155625
-2.41979166667
-2.98916666667
-1.4425
-0.617291666667
-1.25125
-0.988333333333
-0.821458333333
0.481458333333
0.976041666667
0.308541666667
0.791875
0.968541666667
-1.26604166667
-3.02916666667
-0.69125
-0.263333333333
-0.224375
-0.127916666667
-3.33333333333
0.240833333333
-0.0908333333333
-2.41041666667
-2.24666666667
-3.398125
-4.626875
-3.00270833333
-2.23416666667
-4.31583333333
-6.105
-5.41666666667
-8.96604166667
-6.19291666667
-8.75333333333
-9.39083333333
-14.41875
-13.0125
-16.2670833333
-15.461875
-16.9704166667
-15.5460416667
-12.6675
-14.350625
-12.6552083333
-15.70625
-15.5147916667
-14.93125
-9.51
-10.44625
-11.5783333333
-8.99875
-6.13416666667
-4.04895833333
1.386875
-2.79104166667
-4.00979166667
-3.10645833333
-2.20395833333
-7.50645833333
-9.01770833333
-5.22125
0.230625
0.139375
0.866041666667
3.13458333333
-4.12208333333
-5.83104166667
-4.14541666667
-2.94895833333
-6.434375
-7.61145833333
-10.2283333333
-14.5695833333
-15.4404166667
-17.706875
-15.7279166667
-13.814375
-15.588125
-10.9333333333
-11.7622916667
-13.7758333333
-15.4804166667
-14.9289583333
-6.706875
-5.52333333333
-9.03354166667
-2.44625
-0.600208333333
0.451458333333
-0.0910416666667
-0.00166666666667
-0.801666666667
0.85375
0.830416666667
0.152291666667
1.56604166667
1.51041666667
1.098125
-1.27479166667
-1.07875
-3.08166666667
-2.67583333333
-4.13791666667
-3.23375
-3.02979166667
-3.50375
-2.48979166667
-3.01041666667
-4.62291666667
-4.91708333333
-2.54020833333
-4.27
-0.5625
0.0495833333333
-0.241666666667
0.271458333333
3.42145833333
-0.29375
-3.45395833333
-1.85083333333
1.21458333333
5.23375
4.48375
6.51270833333
5.30229166667
7.256875
9.82854166667
6.5175
3.8025
5.89104166667
3.95354166667
1.49208333333
2.61666666667
1.675
0.434375
1.30104166667
1.49958333333
1.871875
0.168958333333
0.93125
3.10375
4.145
4.02875
7.375625
-0.145416666667
-3.06479166667
-1.39520833333
-5.13041666667
-2.34270833333
-3.30083333333
-1.45333333333
-1.06770833333
3.261875
1.00583333333
-0.150625
0.649791666667
2.46645833333
6.22375
10.1083333333
6.83666666667
5.679375
7.40479166667
7.07
9.119375
11.0539583333
9.791875
7.01020833333
8.656875
8.894375
8.180625
10.0885416667
10.8464583333
10.50875
7.52708333333
7.11708333333
6.34083333333
7.77041666667
12.22125
13.8797916667
12.4160416667
9.42270833333
8.25604166667
7.93729166667
11.02875
9.29458333333
8.96125
11.6289583333
14.3602083333
11.9910416667
11.99125
5.235625
3.43104166667
5.03291666667
5.866875
6.42375
4.84291666667
4.81083333333
5.50458333333
2.53604166667
5.179375
4.63770833333
7.82229166667
8.79270833333
8.81291666667
10.17
7.63291666667
8.181875
8.691875
6.69729166667
6.62145833333
7.91333333333
8.245625
9.5225
10.3514583333
9.07583333333
8.88791666667
10.9595833333
12.233125
12.4310416667
7.610625
7.72666666667
8.57791666667
9.02958333333
9.903125
10.0225
11.2808333333
13.8629166667
14.5427083333
11.5395833333
10.4472916667
11.570625
13.4697916667
10.9233333333
7.11125
6.958125
12.0620833333
9.1275
12.4377083333
14.0691666667
13.2733333333
10.50625
13.4652083333
11.1402083333
11.0727083333
10.0814583333
10.04
11.1366666667
8.51916666667
11.441875
9.063125
6.605
8.64166666667
9.3075
9.66604166667
7.17479166667
13.4158333333
12.55625
15.4285416667
15.1977083333
13.5797916667
9.85208333333
7.368125
8.66395833333
10.9339583333
10.570625
11.8204166667
9.43916666667
10.75375
10.1008333333
8.35895833333
8.57979166667
6.12375
8.26333333333
9.65354166667
11.2510416667
11.14125
7.49520833333
8.52416666667
9.49229166667
9.32770833333
5.39458333333
2.869375
6.14208333333
5.48333333333
3.36270833333
6.68958333333
9.088125
9.07666666667
10.1289583333
7.46708333333
5.24729166667
8.985625
11.1241666667
11.715
11.404375
12.9358333333
13.5766666667
12.2858333333
8.865625
8.97729166667
7.24208333333
7.0675
8.45395833333
7.184375
6.2625
8.15104166667
11.57
13.0339583333
13.7664583333
11.9145833333
9.895
9.244375
5.60916666667
4.37770833333
7.65416666667
8.07270833333
5.28916666667
2.59583333333
4.396875
6.81729166667
4.439375
7.34166666667
6.32729166667
3.315625
1.70041666667
1.37208333333
1.03541666667
1.73125
0.759791666667
0.714166666667
0.95375
0.59125
-2.33916666667
-1.378125
-3.26791666667
-2.873125
-0.558333333333
-0.357291666667
-2.38583333333
-3.38708333333
2.734375
-0.740208333333
-0.497083333333
3.176875
6.03645833333
0.378958333333
-2.83479166667
-3.73354166667
-4.371875
-3.93208333333
-4.61625
-5.228125
-6.53645833333
-7.35770833333
-7.85479166667
-6.95416666667
-5.86458333333
-6.79770833333
-6.94729166667
-7.73458333333
-7.04416666667
-9.97916666667
-6.0075
-4.60854166667
-6.92520833333
-6.013125
0.261041666667
2.22729166667
4.87520833333
6.8925
5.84354166667
2.589375
3.234375
4.18708333333
4.06708333333
0.297708333333
-1.34270833333
-3.621875
-4.921875
-1.62583333333
1.4075
4.79479166667
4.15270833333
1.80020833333
0.493125
0.312708333333
0.0575
-0.444583333333
-0.085625
0.232083333333
1.42395833333
3.84479166667
-2.4525
-4.68
-7.10270833333
-8.90291666667
-11.815
-11.7020833333
-7.258125
0.723125
-6.24458333333
-4.69041666667
-1.83041666667
-6.37541666667
-8.46145833333
-8.40291666667
-9.08229166667
-1.481875
-0.592708333333
-0.325208333333
-0.33
-1.78541666667
-2.60791666667
-8.10645833333
-9.49895833333
1.279375
-0.0760416666667
0.126458333333
0.60375
0.106458333333
-2.34895833333
-2.69645833333
-7.07979166667
-7.67125
-7.13395833333
-6.29395833333
-4.696875
-2.5375
-1.27895833333
-1.93125
-4.54791666667
-6.933125
-9.063125
-9.47229166667
-13.7360416667
-15.4379166667
-19.679375
-14.561875
-8.27666666667
-10.9858333333
-11.7939583333
-9.09416666667
-9.07020833333
-8.30041666667
-9.55729166667
-10.0589583333
-11.0747916667
-12.675625
-14.668125
-18.410625
-13.4929166667
-16.3960416667
-13.3397916667
-15.1514583333
-15.9204166667
-11.9141666667
-8.19208333333
-7.87770833333
-7.50291666667
-5.08479166667
-3.329375
2.24979166667
-1.32020833333
-2.02645833333
-2.50104166667
-4.02291666667
0.25875
-0.571041666667
-0.632916666667
-0.00916666666667
0.744583333333
1.18520833333
-0.186875
0.59375
-0.896041666667
-1.04291666667
-0.863125
-1.61145833333
0.112708333333
-1.02520833333
-1.04604166667
-0.943541666667
0.33
3.51416666667
1.486875
-0.594375
0.208125
0.390416666667
-1.355
1.29604166667
-1.14
-1.5175
-2.72104166667
1.80895833333
4.80020833333
1.445
-4.09416666667
-7.05520833333
-8.00104166667
-7.771875
-3.93333333333
1.95833333333
2.96333333333
2.21375
1.331875
0.63
0.429791666667
2.27604166667
2.93645833333
2.38333333333
4.58375
4.75708333333
6.01583333333
5.67979166667
5.87666666667
8.63729166667
6.956875
5.37895833333
8.28229166667
10.3339583333
10.08125
11.365625
10.6360416667
8.63479166667
5.89458333333
4.91979166667
7.89583333333
9.06666666667
5.99708333333
8.97541666667
9.0425
5.16020833333
2.0025
6.61979166667
12.2966666667
11.0783333333
12.2108333333
13.585
9.70479166667
8.70791666667
7.61041666667
4.90604166667
8.94854166667
11.459375
7.17354166667
5.34979166667
4.559375
3.42729166667
5.20958333333
5.39604166667
5.265625
4.42854166667
2.50895833333
4.86104166667
4.66083333333
4.87375
6.77916666667
9.45166666667
7.07729166667
6.60770833333
7.234375
10.8933333333
13.14125
14.3702083333
15.9779166667
14.8916666667
13.8779166667
15.9770833333
13.8379166667
10.2152083333
12.3058333333
12.6160416667
10.3691666667
12.9416666667
13.4425
14.0097916667
13.3883333333
11.0339583333
12.0016666667
14.31625
15.8589583333
14.291875
13.2825
13.5839583333
10.4325
8.21395833333
8.46479166667
8.041875
7.94270833333
5.62104166667
6.57020833333
6.58145833333
9.448125
12.2639583333
13.3575
10.4327083333
9.89958333333
7.5225
9.87916666667
11.9502083333
12.424375
7.33354166667
7.28875
11.34
12.5970833333
13.829375
15.6835416667
11.5516666667
13.530625
12.9683333333
12.035
16.1375
17.5385416667
12.4285416667
9.525625
12.6702083333
9.32375
9.48916666667
12.8710416667
14.8747916667
14.501875
13.1795833333
12.4658333333
13.0660416667
12.9320833333
10.6775
11.57875
10.085625
7.91166666667
5.54916666667
10.206875
8.905
8.191875
5.85895833333
9.40479166667
9.310625
7.52520833333
6.40354166667
6.070625
7.70229166667
5.2
7.025625
7.50354166667
6.055625
3.74354166667
5.34229166667
7.07020833333
3.95979166667
3.87395833333
2.8575
2.98916666667
6.86645833333
7.26166666667
10.48
12.5077083333
5.975
6.14833333333
4.23520833333
2.535625
3.56416666667
5.42666666667
7.02541666667
7.6825
7.43020833333
3.93895833333
2.97
4.7575
6.15729166667
6.199375
9.55833333333
8.03479166667
6.973125
6.89333333333
4.62333333333
5.30604166667
8.97083333333
8.33541666667
9.07520833333
7.21770833333
5.28645833333
6.10166666667
7.744375
5.94208333333
8.75833333333
8.85666666667
8.37166666667
8.65520833333
4.871875
3.66041666667
3.55333333333
3.096875
4.86625
0.786875
0.575
1.23375
4.16791666667
0.744791666667
1.49458333333
1.81479166667
-1.1475
0.811875
5.151875
0.621041666667
-0.890833333333
0.395416666667
2.035625
1.77625
0.0422916666667
0.677083333333
-1.156875
0.589375
3.36979166667
5.34541666667
3.55208333333
2.33416666667
4.00375
7.240625
7.03916666667
3.25708333333
5.20520833333
1.76125
-1.100625
2.18395833333
0.873541666667
1.35104166667
4.143125
4.34979166667
0.352916666667
-2.04041666667
-2.86854166667
-3.47833333333
-2.48625
-3.20125
1.595625
-0.26625
1.74208333333
2.325625
1.76520833333
2.35916666667
0.797916666667
0.17
-1.87208333333
-2.42958333333
-3.213125
-0.772291666667
-1.348125
-1.10895833333
-0.972291666667
0.863541666667
-1.31145833333
-1.99979166667
-1.92083333333
-7.55520833333
-6.59125
-7.98979166667
-9.03520833333
-6.70604166667
-2.17895833333
-1.29354166667
1.048125
3.70666666667
3.3125
2.81791666667
-2.33
-10.778125
-7.845
-2.8675
-3.53395833333
-10.693125
-12.48875
-7.150625
-12.98
-20.196875
-18.8979166667
-18.7739583333
-18.54
-18.4725
-14.688125
-11.4064583333
-11.4252083333
-9.36979166667
-8.03979166667
-9.168125
-6.22166666667
-3.71645833333
-1.91
-2.63354166667
-4.28604166667
-9.645
-9.02854166667
-13.9283333333
-19.6841666667
-15.9720833333
-12.2308333333
-11.3160416667
-9.48916666667
-3.9225
-0.443125
-0.613333333333
-2.1925
-4.68625
2.68729166667
0.946666666667
-1.62854166667
-0.892708333333
-1.218125
-2.58083333333
-2.04479166667
-3.60375
-4.714375
-5.3775
-7.861875
-4.71125
-4.883125
-3.73833333333
-7.316875
-11.1927083333
-10.3535416667
-7.64083333333
-1.9175
2.736875
1.39104166667
-3.80979166667
-14.41625
-15.7358333333
-13.115
-10.74
-13.050625
-12.2083333333
-9.41916666667
-8.66166666667
-8.46
-9.415625
-10.1066666667
-8.55270833333
-8.7475
-4.12208333333
-4.57208333333
-1.50583333333
-2.60625
-5.10041666667
-3.564375
-2.96291666667
-3.51375
3.03208333333
4.35854166667
2.60333333333
1.29958333333
1.13875
-0.94875
-3.28625
-1.49541666667
-2.48145833333
-1.81291666667
-0.174791666667
2.30333333333
2.66770833333
1.86625
2.980625
6.47020833333
3.910625
3.45375
-0.276875
-0.382708333333
0.0541666666667
-0.662291666667
4.95666666667
3.51645833333
5.161875
4.436875
7.5425
5.93895833333
2.24729166667
1.01458333333
1.35520833333
4.59583333333
6.23458333333
8.5025
4.375625
2.58229166667
6.10166666667
9.99416666667
8.02229166667
7.55645833333
2.89625
0.73125
4.52145833333
3.70166666667
2.024375
2.85666666667
2.4675
4.25375
0.741041666667
4.78770833333
1.74041666667
0.471041666667
3.605625
2.74895833333
0.4325
3.704375
4.80458333333
2.69541666667
0.849375
3.118125
4.22708333333
5.79229166667
6.33229166667
7.04875
8.12145833333
7.27625
4.85875
5.36395833333
8.419375
7.98729166667
8.61625
8.80166666667
8.47479166667
8.50708333333
7.73729166667
10.5789583333
7.86229166667
5.78104166667
5.205625
7.11041666667
10.0191666667
8.37041666667
9.54125
7.87833333333
5.415625
4.3975
5.545
5.24333333333
8.77625
8.48604166667
6.759375
10.4875
9.00479166667
7.953125
9.62625
10.9329166667
13.4514583333
14.7291666667
17.2304166667
15.975
13.0654166667
13.5066666667
13.325625
10.12125
11.1122916667
12.87125
13.3691666667
10.215
6.17416666667
11.32375
13.4072916667
9.95270833333
8.56666666667
14.6347916667
15.6722916667
14.725
11.6610416667
10.7279166667
11.7054166667
11.1777083333
11.240625
11.985
10.3279166667
8.96270833333
5.23020833333
6.66875
7.754375
10.0289583333
11.72625
9.705625
10.444375
9.168125
8.44833333333
6.86895833333
6.01895833333
5.5575
4.50729166667
7.71145833333
10.19
9.566875
7.08833333333
8.858125
10.676875
14.0058333333
11.4916666667
8.81375
11.305
15.1433333333
14.3191666667
12.958125
13.3345833333
14.1795833333
14.9379166667
14.4589583333
11.8527083333
9.55458333333
10.3914583333
10.7822916667
11.1695833333
11.5679166667
8.77166666667
8.51083333333
14.299375
11.738125
12.8789583333
13.4010416667
10.425625
10.0895833333
8.356875
8.41895833333
8.98270833333
10.0814583333
11.4610416667
14.626875
11.05
8.9275
7.414375
11.6177083333
14.5566666667
10.0339583333
13.8504166667
12.9
15.183125
13.4652083333
8.35583333333
6.56104166667
5.25791666667
4.26083333333
1.36479166667
2.00916666667
1.261875
2.16875
1.20104166667
1.61270833333
3.16208333333
7.24604166667
9.41479166667
5.920625
4.949375
2.529375
5.221875
8.696875
2.30625
3.33708333333
6.15354166667
7.044375
9.19541666667
6.20958333333
4.51291666667
3.765625
2.78145833333
5.23166666667
5.79895833333
4.12354166667
5.13833333333
2.39916666667
1.12833333333
3.38916666667
4.90770833333
4.85166666667
3.29375
3.556875
4.16625
5.68
3.97020833333
0.615208333333
-0.345416666667
0.898333333333
-0.241875
-0.0683333333333
0.551458333333
2.31395833333
3.20875
3.3725
2.010625
1.27041666667
0.620208333333
2.19395833333
4.425
4.20020833333
4.67729166667
2.21916666667
1.64583333333
1.61375
0.695
-2.02041666667
-1.21104166667
-1.430625
-1.610625
-1.315
-1.64291666667
-2.46145833333
-2.619375
-2.76875
-3.84166666667
-4.28
-4.151875
-3.39125
-6.84708333333
-10.4520833333
-11.5152083333
-10.8029166667
-4.55604166667
-2.361875
-6.80458333333
-7.60354166667
-6.2
-0.960625
3.389375
7.08041666667
3.22645833333
3.505
4.64604166667
0.79
-1.20708333333
-2.15979166667
-2.975625
0.174166666667
2.81729166667
3.91645833333
4.14229166667
3.76958333333
3.84625
3.19145833333
3.39125
3.15104166667
2.27479166667
3.25041666667
3.734375
-0.0233333333333
-0.232291666667
-2.398125
-1.19375
-1.20208333333
-2.71854166667
-4.52958333333
-4.29583333333
-0.942916666667
0.0914583333333
0.824166666667
-1.53104166667
-0.971458333333
-1.80875
-0.86125
-1.35354166667
-2.290625
-1.93458333333
2.44395833333
3.24895833333
-0.680625
-0.405
3.65854166667
1.06791666667
0.0825
-1.473125
2.16416666667
0.450208333333
1.743125
1.15125
0.805625
-1.641875
-2.18708333333
-2.00875
-1.32541666667
-1.53458333333
-1.5375
-3.59208333333
-4.570625
-4.014375
-3.54625
-2.46666666667
-1.20833333333
-0.277916666667
-3.23604166667
-4.781875
-0.316458333333
-1.21958333333
-3.34979166667
-3.95354166667
-3.96645833333
-2.87333333333
-4.23625
-3.69395833333
-4.75604166667
-6.14458333333
-3.31104166667
-2.5325
-3.98645833333
-4.82125
-2.34083333333
-5.03520833333
-8.10604166667
-5.35104166667
-1.52270833333
-1.73854166667
-4.3975
-3.56645833333
-4.41479166667
1.47791666667
-1.946875
-5.18875
-5.3375
1.53583333333
3.36625
3.26166666667
1.93375
1.23166666667
0.296041666667
0.676458333333
-0.267083333333
-0.19125
1.2025
2.36458333333
1.954375
0.841458333333
-0.2825
-0.6775
0.762916666667
2.09416666667
3.13708333333
4.60208333333
4.27458333333
-2.103125
-4.85583333333
-1.523125
1.25125
0.357291666667
-2.94125
0.149166666667
2.55354166667
7.38708333333
7.81479166667
8.521875
6.61479166667
4.119375
4.133125
-2.83541666667
-4.913125
-2.246875
-1.26458333333
0.38375
2.99479166667
2.4875
7.82166666667
6.79958333333
8.19125
7.27354166667
6.22895833333
4.34604166667
7.55166666667
6.62208333333
10.2422916667
9.42166666667
8.79791666667
5.64895833333
6.200625
9.33
9.424375
11.4127083333
11.889375
11.2352083333
7.48708333333
6.7425
4.19708333333
0.799583333333
2.78
3.14854166667
6.67979166667
9.88479166667
13.2504166667
12.859375
10.6710416667
8.441875
6.788125
7.10791666667
7.00604166667
7.47
9.795
9.449375
5.54916666667
7.131875
7.55895833333
8.89979166667
10.0485416667
9.18791666667
10.9066666667
9.2675
7.80395833333
9.42416666667
10.6704166667
10.6202083333
10.3202083333
10.1066666667
9.43083333333
8.60354166667
9.7275
8.83166666667
6.08291666667
9.70416666667
10.455625
10.7489583333
12.0864583333
11.53625
12.805
12.55625
13.5760416667
7.15895833333
10.5541666667
11.4970833333
13.0804166667
9.621875
11.59
10.96125
9.86958333333
7.974375
12.025
10.1185416667
9.76625
10.6622916667
9.978125
9.43479166667
9.601875
10.001875
10.1272916667
9.704375
13.8929166667
14.52625
17.4658333333
12.0345833333
10.0589583333
11.8252083333
11.2120833333
8.25583333333
10.5616666667
6.920625
7.41291666667
10.0539583333
12.005625
8.4975
6.49604166667
9.80416666667
11.0822916667
12.3414583333
14.7577083333
13.27625
14.6208333333
16.2789583333
12.879375
13.9383333333
10.9308333333
15.4822916667
11.7754166667
8.84729166667
9.66020833333
13.2702083333
12.06125
9.944375
8.65541666667
6.768125
8.618125
9.44104166667
8.61791666667
9.121875
14.3747916667
12.3189583333
9.16979166667
8.956875
9.223125
9.64208333333
7.65854166667
9.71479166667
9.59604166667
9.889375
7.6425
7.325
8.15
8.945625
10.651875
9.09604166667
6.03604166667
5.74979166667
6.59083333333
7.88854166667
8.20541666667
8.380625
9.14729166667
8.921875
7.25458333333
4.743125
8.404375
6.69041666667
9.598125
11.6520833333
10.829375
11.7045833333
7.936875
5.93958333333
4.14333333333
4.10729166667
6.36291666667
6.88229166667
6.83625
6.793125
4.18791666667
3.75895833333
6.35916666667
5.17333333333
3.0475
7.53645833333
8.694375
8.27333333333
9.95979166667
9.55708333333
9.25333333333
10.18875
9.773125
7.94604166667
5.19625
3.92375
4.01020833333
5.94395833333
4.60958333333
3.32666666667
4.903125
8.933125
0.443541666667
-1.70208333333
-2.80104166667
2.0825
-0.0914583333333
-4.56041666667
-6.05125
-6.56270833333
-5.57166666667
-2.5525
-0.737083333333
-1.184375
0.660208333333
5.34875
4.72916666667
3.83770833333
2.15625
5.35833333333
2.75916666667
0.23375
3.31729166667
-0.309166666667
-2.5925
-7.73958333333
-12.84875
-7.68041666667
-3.04166666667
-0.11875
1.13875
1.07625
-1.59979166667
-1.42625
-0.435416666667
1.57520833333
-3.435
-3.39416666667
-0.114583333333
1.19604166667
-0.241666666667
-2.05895833333
-2.46791666667
-1.10041666667
-0.839166666667
3.35020833333
1.55333333333
0.383541666667
0.852708333333
-5.59875
-8.57958333333
-6.50104166667
-2.55354166667
0.562916666667
-4.86291666667
-3.935625
1.7975
3.01916666667
1.94083333333
-0.19125
3.74729166667
3.5
3.43145833333
1.74625
0.196458333333
-0.0860416666667
1.58395833333
1.316875
-2.65208333333
-2.90666666667
0.043125
-0.495
-0.1325
2.36229166667
4.58
2.59833333333
-1.156875
-0.4175
0.152916666667
-0.276875
-0.441875
1.198125
-0.6875
-1.645
-3.0775
-3.93541666667
-2.803125
1.29104166667
-1.54145833333
-3.77520833333
-3.64958333333
-3.87583333333
-3.10125
-4.61208333333
-3.855625
-1.50354166667
-1.214375
-2.376875
-3.87416666667
-3.38166666667
-4.06729166667
-3.77270833333
-0.158125
1.36958333333
-0.015
-1.506875
-2.20583333333
-1.33770833333
-0.859791666667
-1.319375
-0.119166666667
-0.964791666667
-0.920833333333
-5.27270833333
0.498541666667
6.2525
1.88770833333
-1.59
-3.01541666667
0.627916666667
-0.815
1.09104166667
-0.694791666667
-1.09291666667
-0.561666666667
-0.7325
0.996458333333
1.22916666667
2.43583333333
2.323125
3.88270833333
3.52854166667
1.83604166667
-0.892708333333
2.16833333333
2.13125
3.40083333333
2.0275
-0.277916666667
1.54208333333
1.36270833333
0.123958333333
-2.09604166667
-2.783125
-0.817291666667
0.61
1.744375
-0.998958333333
0.593958333333
2.134375
-1.16333333333
2.658125
6.40875
6.87625
6.11479166667
5.898125
2.04958333333
-1.65875
-2.070625
-1.31666666667
-0.872708333333
0.0560416666667
2.09229166667
1.32770833333
0.619166666667
5.15479166667
6.39708333333
9.10729166667
7.76020833333
5.88375
4.34
4.79395833333
2.16520833333
-1.81458333333
1.055625
0.795208333333
1.82979166667
3.21645833333
0.228333333333
1.60895833333
6.37104166667
0.972916666667
-0.600416666667
-0.05375
-0.781458333333
0.576666666667
0.382291666667
4.12083333333
7.1475
6.09958333333
7.568125
4.37604166667
0.359166666667
1.20125
5.39791666667
8.656875
7.608125
6.35166666667
4.61416666667
5.50520833333
4.80333333333
5.87395833333
7.54520833333
9.71854166667
11.4095833333
12.3029166667
11.5454166667
8.66125
7.615
8.620625
9.97979166667
10.9591666667
11.2045833333
9.66604166667
10.9022916667
8.90916666667
3.110625
4.808125
6.66270833333
4.36291666667
4.60333333333
2.04958333333
2.57875
4.30958333333
5.18395833333
6.31083333333
6.72854166667
11.0866666667
9.92291666667
9.57229166667
10.3427083333
9.17229166667
8.28375
7.880625
11.0247916667
12.783125
11.7235416667
13.9975
13.651875
13.2277083333
11.5185416667
10.6047916667
13.3647916667
12.028125
9.09541666667
7.46625
9.06041666667
10.2879166667
12.0583333333
10.5864583333
10.5320833333
15.8675
15.7247916667
15.5852083333
14.919375
13.570625
13.2110416667
11.6097916667
10.6652083333
11.5672916667
8.86354166667
6.92770833333
8.62625
5.05520833333
10.248125
6.23958333333
6.055625
9.43333333333
12.84375
16.0814583333
15.1666666667
14.8310416667
14.4860416667
13.1470833333
9.23166666667
10.4233333333
12.3252083333
10.1785416667
7.45333333333
6.901875
7.65083333333
10.7058333333
7.20770833333
10.36125
13.639375
14.305625
12.818125
11.3147916667
13.249375
13.7070833333
11.3170833333
13.766875
13.41625
17.265625
14.6679166667
11.5202083333
11.4035416667
13.5220833333
15.701875
15.2645833333
11.6814583333
9.04375
10.963125
8.62895833333
8.96291666667
7.31791666667
6.21270833333
6.251875
7.35416666667
9.77583333333
9.226875
7.264375
7.20125
5.791875
5.75291666667
8.615
8.07354166667
9.59166666667
10.7345833333
11.4795833333
10.7945833333
10.44625
10.77
9.91
12.3320833333
11.8847916667
12.493125
12.851875
11.2666666667
13.5041666667
13.7185416667
11.39625
10.2672916667
9.54645833333
8.6775
5.48041666667
4.6075
6.29645833333
6.966875
9.1225
7.38104166667
4.21604166667
1.03625
2.768125
4.86979166667
4.58666666667
4.07916666667
5.37395833333
4.52104166667
4.0175
4.920625
8.52875
4.656875
3.76770833333
2.72416666667
3.24354166667
5.08145833333
6.47958333333
7.35916666667
8.16458333333
10.1625
10.296875
9.91979166667
9.1425
9.05916666667
9.77791666667
6.475
7.07
6.82854166667
6.11729166667
8.46770833333
4.69666666667
7.790625
4.82854166667
3.87708333333
2.70729166667
-0.44
-0.874375
0.972083333333
-0.774583333333
1.51229166667
1.73895833333
0.55375
0.070625
-0.497916666667
-2.33
-2.95270833333
-4.88270833333
-4.65479166667
-0.783125
1.34020833333
-2.52020833333
-5.80145833333
-2.14770833333
-9.248125
-8.64104166667
-1.43
-3.19916666667
-6.14875
-6.22833333333
-5.41458333333
-3.62604166667
-1.32083333333
-2.87604166667
-1.879375
-0.928541666667
-2.37270833333
-4.611875
-2.09604166667
-6.75729166667
-7.64833333333
-4.261875
0.22125
4.90020833333
4.98958333333
4.84916666667
6.94125
6.33041666667
2.84791666667
2.44666666667
7.36104166667
5.36625
1.02208333333
1.70145833333
0.410416666667
-2.76375
-5.258125
-4.65729166667
-5.21166666667
-5.77083333333
-6.22625
-3.633125
-3.76270833333
-4.29333333333
-5.57875
-4.75520833333
-4.208125
-4.96770833333
-4.51520833333
-1.49229166667
-1.14708333333
-1.34104166667
-2.74458333333
-3.719375
-1.15875
-0.861041666667
2.24791666667
2.28729166667
-1.84979166667
-1.13833333333
-0.611875
1.88416666667
1.13
1.95833333333
0.03875
-0.0870833333333
0.275208333333
-0.191666666667
0.970833333333
0.215
-0.490416666667
3.171875
2.99041666667
1.49083333333
1.4375
0.971666666667
0.22125
0.094375
1.70166666667
2.383125
-0.00145833333333
-1.98125
-0.663333333333
-1.65625
-1.45854166667
-0.814791666667
-1.28270833333
-2.49354166667
-5.835
2.49208333333
4.3375
5.9575
4.51416666667
-0.269166666667
2.58229166667
3.7425
6.33354166667
0.608125
-1.058125
-0.691041666667
-1.99854166667
-3.05125
-3.251875
-0.0510416666667
1.30270833333
2.39041666667
3.83979166667
3.516875
1.53104166667
1.08541666667
6.14270833333
3.62520833333
-0.729375
2.485625
1.13625
1.34916666667
2.955625
3.885
4.98583333333
6.70645833333
7.038125
5.39833333333
2.38791666667
1.25208333333
-0.009375
-0.5775
-0.457291666667
0.4525
2.54729166667
2.23229166667
2.47645833333
3.701875
4.645
1.10916666667
-1.15645833333
-3.2175
-2.21604166667
0.622916666667
-0.505208333333
-3.83833333333
-3.316875
2.27625
1.21979166667
2.97791666667
2.034375
0.350625
0.621041666667
0.332291666667
-0.765416666667
1.596875
4.506875
4.94979166667
5.01583333333
5.99104166667
5.309375
5.15979166667
4.18791666667
2.884375
-0.894791666667
2.43145833333
5.86041666667
7.01395833333
10.1189583333
8.46125
8.216875
10.0625
10.5525
9.339375
8.9775
8.634375
8.29625
7.41375
5.22958333333
4.08375
5.03895833333
3.6625
9.42229166667
10.3314583333
5.78291666667
4.35270833333
6.72541666667
7.27854166667
9.92979166667
10.280625
9.61104166667
4.634375
2.4575
2.57270833333
3.82583333333
3.110625
3.67145833333
7.24520833333
8.74041666667
7.94
6.76166666667
7.79020833333
6.20145833333
8.958125
9.76770833333
7.18125
4.49520833333
5.88458333333
7.83625
8.033125
9.475
9.45916666667
9.34895833333
8.458125
8.25916666667
9.7025
11.355625
13.115
10.9095833333
10.4360416667
9.08229166667
7.42354166667
10.961875
12.984375
15.324375
14.9695833333
13.5060416667
14.4475
10.6033333333
8.215625
7.46770833333
7.42020833333
10.68375
8.08083333333
5.60583333333
9.70416666667
11.6108333333
8.76770833333
6.476875
8.51604166667
12.609375
6.66541666667
8.41541666667
10.4260416667
11.3235416667
9.78104166667
9.85291666667
8.783125
12.6185416667
11.3741666667
6.58770833333
6.62729166667
7.975625
9.67604166667
12.135625
14.4645833333
15.54375
13.2004166667
13.2872916667
15.7897916667
15.72625
14.65875
15.4447916667
17.6141666667
11.2214583333
8.05416666667
7.63979166667
8.48604166667
12.276875
11.0610416667
14.0210416667
15.0227083333
13.9647916667
13.1352083333
12.20125
8.12041666667
8.45479166667
10.3233333333
11.4908333333
8.71666666667
9.84958333333
9.83354166667
10.884375
14.164375
15.074375
14.0291666667
15.4416666667
14.474375
14.53875
10.4822916667
9.03354166667
9.56458333333
11.5077083333
9.65708333333
7.19895833333
6.28520833333
7.625625
7.64395833333
7.27541666667
7.35
7.520625
8.22645833333
8.63666666667
6.37270833333
6.47583333333
6.13895833333
3.935
6.93916666667
8.16166666667
5.51020833333
4.85395833333
3.20270833333
7.800625
6.74125
6.17625
4.056875
4.90125
2.5975
4.271875
11.2510416667
8.74895833333
5.903125
8.4025
5.43791666667
2.31645833333
9.14854166667
6.93166666667
3.2675
2.17958333333
2.5625
3.26854166667
5.01041666667
9.04770833333
9.645
12.1233333333
11.8058333333
11.3977083333
9.04083333333
6.76020833333
7.32666666667
2.04979166667
-0.932916666667
0.0158333333333
-1.03854166667
2.621875
4.13041666667
4.199375
4.38166666667
1.7825
1.64083333333
4.05333333333
4.768125
3.53125
2.71083333333
-0.005625
-1.033125
-0.887708333333
0.539166666667
-0.080625
-0.232708333333
-1.43125
3.958125
4.34020833333
2.00958333333
5.16833333333
4.2325
4.506875
6.4425
2.508125
1.17916666667
1.68979166667
-0.294791666667
-0.566458333333
-1.62458333333
-1.871875
-1.33416666667
0.172708333333
-1.07395833333
-0.843333333333
-1.383125
-5.884375
-8.42479166667
-3.60291666667
-0.158958333333
0.39125
-3.8825
-7.129375
-7.29479166667
-8.57291666667
-5.22229166667
-3.750625
-4.64083333333
-1.90375
-1.63083333333
-3.97458333333
-5.57625
-4.91791666667
-5.921875
-6.91916666667
-5.33645833333
-4.90916666667
-1.92645833333
-0.464791666667
0.915833333333
-0.982083333333
-1.26208333333
-0.63125
-0.657916666667
-1.13708333333
-0.07875
2.64916666667
-0.267291666667
