1.14
1.11
0.65
0.02
0
0.01
0.01
0.94
3.4
7.61
5.76
2.51
1.42
0.9
0.1
0.07
0
0
0.02
0.01
0.04
1.2
3.22
0.55
0.05
0.01
2.48
0.71
2.31
4.01
1.5
10.9
6.42
0
1.15
0.04
0.53
5.17
0.39
0
1.38
7.42
3.57
2.11
4.42
0.98
1.09
1.64
0.04
0
0
0.01
0.6
3.08
0.55
0
0
0.03
0.2
0.29
0.38
1.96
7.93
0.14
1.76
0.87
3
20.02
2.44
17.09
2.93
7.45
8.96
0.51
2.85
0.19
3.07
0.08
1.88
2.67
2.32
0.39
0.18
6.97
7.26
2
7.75
6.54
8.32
2.8
3.85
8.28
3.43
1.79
1.8
4.94
3.87
0.25
0
0
0
0.01
0
0.01
1.46
15.06
0.47
0
0
2.52
3.84
9.65
11.49
1.03
4.27
0.06
0.03
0.04
5.67
7.77
5.19
0.59
1.33
3.08
4.22
0.94
0
0
0.06
0.05
14.23
0.06
0
0.01
0
0.03
0.58
4.57
0.03
0
0
0.06
6.32
2.12
4.68
0.72
6.17
0
0
0
0.02
8.06
0.08
0
0.02
4.95
1.41
5.12
0.03
0
0.01
0.32
9.77
0.67
8.62
6.6
1.02
0.16
0.23
0.02
0
0.76
11.39
1.79
0.42
0.22
1.21
16.56
0.14
0.27
0.32
0.02
0
0
0
0
0
5.8
8.27
6.28
0.02
0
0.34
31.5
0.25
0.19
3.35
1.46
0.27
1.42
0.07
1.59
0.26
0.67
0.45
0.03
0.35
0.01
1.36
24.88
0.99
11.57
1.97
11.1
0.21
5.53
0.03
0
0
2.23
18.45
4.03
0.54
0.84
0.1
0
0.35
0.13
0.11
0.13
7.48
0.79
2.64
0.75
1.8
2.16
3.97
3.52
0.27
0.01
0
0
0
0
8.22
9.44
0.16
0
0
0.01
0.08
6.28
0.11
0
0.02
0
0.11
0.03
0
0
0.04
1.88
12.57
0.1
0.06
0.02
0.02
0
0
0.03
0.15
0
0
0
0
0.02
0.02
2.68
0.07
0.05
0
0
0
0.05
0.23
0.37
1.2
0.12
3.45
0.27
0.8
0
0
0
0
0
0
0.17
0
0.03
0.63
1.7
0.02
8.72
3.97
1.49
0.11
12.47
10.47
7.33
13.51
21.7
0.51
1.05
0.29
10.59
1.47
1.48
7.28
0.17
0
0.04
0
0
0.21
0
0.03
0.53
0.01
2.8
1.41
0.08
0.02
0.98
3.58
0
0
0.01
4.66
4.59
1.36
3.22
13.89
39.31
14.49
0.36
13.43
6.3
8.46
1.94
16.8
2.76
1.73
0.4
0.05
0.04
0.31
2.16
0.49
0.02
0.18
3.97
11.63
3.97
1.69
2.58
0.69
0.31
4.71
1.6
5.29
0.86
0.01
0.04
0
0.02
0
0
0
0
0.01
0
0
0
0
5.63
4.3
5.78
0.19
2.69
2.64
1.17
0.94
1.02
9.43
20.22
3.92
16.54
16.19
6.73
9.45
4.63
2.42
0.22
0.11
1.52
4.07
0.2
0.1
0
2.01
1.4
0.01
0
0
0
0
0
0
0
0
0
0
0.27
1.7
0.27
1.31
1.31
0.82
0.11
10.17
1.42
0.29
0.01
1.64
1.33
2.11
0.34
0.11
0
0
0
0.02
0.31
0.13
0.66
0.23
0
0.01
0.65
3.55
7.13
4.27
4.76
1.17
9.22
8.95
3.68
4.68
1.7
0.19
0.02
0.62
3.35
6.65
2.2
0
0
0
0
0
0
0.01
0.72
3.33
2.58
0.85
1.18
0.83
9.22
12.42
0.31
5.15
0.21
2.21
0
0
0.11
8.5
0.56
0
0.22
0.29
4.05
0
0
0
0
0
0
0
0
0.01
0.01
0.03
2.25
0.02
0.01
0.05
0.17
0.01
0
1.75
1.44
28.24
0.52
4.07
3.16
0
0.01
0
0
0.05
9.33
0.34
4.08
13.32
0.31
0
0.09
18.95
0.57
0.55
2.43
3.06
3.54
2.5
0.66
3.25
1.12
8.11
4.86
7.59
5.4
12.09
3.59
0.76
16.4
11.27
8.94
1.31
5.72
3.12
6.88
0.56
0.47
9.95
16.42
7.68
5.79
10.67
10.56
0.13
0.02
5.4
6.36
6.54
22.54
0.01
0
0
0
0
3.15
0.26
0.02
0.63
0.03
0
0
1.53
0
0.21
0
0
1.78
0
0.01
8.55
6.52
0
0
0
0.44
4.95
3.32
3.55
0.07
1.25
2.27
0.69
1.47
0.08
0
0
0.01
7.32
11.56
7.11
0.96
0
0
0.03
4.4
2.05
0
11.64
3.83
3.16
2.58
7.95
4.97
1.46
0.01
0.04
2.43
0
0
0
0.01
0.02
6.8
0.49
2.51
0
0.01
0
0
0.06
2.42
0.01
0
0.11
0.36
3.86
19.75
0.93
0.62
0.02
0.71
0.06
1.33
0.03
0.1
1.45
6.54
0.45
2.06
0
0
0.14
9.74
6.68
0.6
0.06
0.41
0.12
3.22
0
0.01
0
0
0.08
0.12
0.35
5.39
0.38
0.23
0.02
0.07
0.62
0.05
0.05
1.68
9.53
8.23
4.64
0.9
2.13
0.01
0.02
0.01
0
0.01
6.95
0.36
1.03
5.39
4.65
1.3
0.35
2.67
3.25
3.74
8.95
1.74
0.1
0.15
0.01
0.01
0.45
0.35
13.53
11.33
5.16
0.1
0.71
4.67
0.01
3.26
1.02
1.85
2.71
0.55
3.44
1.75
0.11
0.01
0.3
0.8
1.63
5.45
11.83
13.34
3.01
3.34
1.2
1.1
0.08
3.08
2.05
0.1
3.41
0.34
14.98
3.59
8.26
3.16
2.88
5.14
0.55
0.01
0
0
0.38
0.73
0.24
0
0
0
0
0
0.01
0.02
8.31
4.6
2.84
3.84
1.39
0.51
0.14
2.07
2.22
1.17
0.01
0
0
0
0.4
1.32
0.43
0.73
0.03
0
0
0
0
0
0
2.33
1.51
5.67
3.27
0.33
0.58
1.45
4.33
6.73
16.02
11.77
4.1
1.36
3.7
1.85
0.88
2.72
1.61
0.08
0.06
0.15
0
1.64
18.21
2.31
5.85
7.42
0
0
0
0.04
0
0
0.01
0.01
0.45
0.63
0.01
0.51
0.47
0
0
0
0.03
0.02
0
0.03
0.03
0
0.83
1.46
0.08
0
0.84
2.37
0.03
0
0.02
28.67
1.2
3.02
12.27
5.52
0.15
0.03
2.27
1.48
1.95
0
0
0
0
3.8
4.25
5.71
0.03
0.08
4.57
1.82
0.01
0
0
0.08
1.78
1.53
3.54
1.83
12.74
21.34
2.28
10.46
0.11
2.07
5.03
2.24
45.46
1.38
0.17
0.28
4.45
0.62
2.1
0.17
0.28
0.56
0
0.01
1.41
0.37
11.32
4.15
0.18
7.38
6.34
0.21
0.19
0
1.55
9.51
0.05
15.64
5.59
0.73
0.22
1.8
5.4
0.13
0
0
0
0
0
0.53
4.71
0.41
0.38
0.1
0.04
1.57
1.59
5.64
1.46
3.01
16.07
17.33
5.45
1.48
11.29
9.94
0.22
0.36
0
0.07
0.86
0.19
4.44
0.1
0
0
0
14.71
0.33
34.52
48.82
4.98
0.01
0
0
0
0.23
0
0
6.37
10.53
0.64
0.4
2.82
0.02
0.37
3.96
2.44
0.02
0.05
0
0
0
0
0
0
0
0
0.02
1.09
0
0
0.42
0.61
0.01
0.72
2.88
1.84
0.8
2.49
3.44
0.29
2.93
9.02
2.6
0.06
0.79
0.05
0.98
11.68
1.35
0
0.02
2.26
8.97
0.86
1.64
0.34
1.27
0
11.6
19.9
5.09
6.74
2.62
3.68
16.85
0.25
2.49
8.74
1.11
8.62
0.47
0.08
0.05
0.42
1.33
0.01
0.52
4.91
4.74
3.48
1.99
2.32
2.75
0.17
0.1
1.6
1.2
0.58
1.04
0.96
0.39
4.03
2.01
3.35
1.02
0.01
0
0.57
7.55
2.84
1.47
3.59
0.04
2.58
0.6
5.57
8.35
10.8
1.02
3.76
15.48
3.08
1.02
18.01
7.08
2.39
7.91
7.63
27.35
8.4
0.85
10.62
0.52
1.35
4.9
2.13
0.03
0.18
4.83
0.67
0.06
1.95
1.48
0.69
2.3
1.82
0.95
0.23
0.87
0.86
8.66
1.85
0.2
1.5
1.72
6.27
15.88
0.94
0.11
0.14
5.32
3.08
8.33
0.03
0
0
0
0
0
0
0
0
0.25
0.49
1.12
0.13
0.56
0.76
0.45
7.25
9
9.94
0.87
0
0
0
0
0
1.55
2.81
4.04
0.14
0.01
0
0
0.01
0.05
0.19
0
0
0
0
0
0
0.93
0.76
0
0.04
0
0
1.05
7.76
3.43
14.09
1.73
0.24
0
0
0
0.08
16.47
1.73
5.61
1.82
0.1
0.1
3.97
6.25
0.29
0.06
1.24
0.01
0.31
0
0
0
0
0
0.21
0.96
0
0
0
2
0.08
0.07
0
0.65
22.36
9.95
1.78
1.2
1.67
1.66
0.8
0
0
0
0
0
0
0
0
0
14.59
3.38
0.13
0.35
0.11
0.66
4.34
3.47
4.18
0.02
0
2.43
3.02
8.83
3.04
0
2
23.83
3.92
0
0
0
0
0.06
0.24
0.64
0.04
0.53
0.62
0.33
6.67
2.25
0
0
0.06
0.11
0
0
0
0
0
0.01
0
0.39
2.29
0.42
1.39
0
0.01
14.27
4.76
5.04
1.46
0.04
4.7
0.04
3.33
3.25
0
0.01
1.56
1.34
0.44
1.48
4.15
3.97
2.49
8.3
0.87
0.02
0.29
9.48
0.36
0.01
0.08
0
0
0
0
0
0
0
0
2.44
0.03
0
0
0
0
6.4
11.23
0.82
7.93
8.1
0.29
0.37
4.84
0
0
0.06
0.07
0.01
2.64
0.2
1.03
4.84
3
3.75
0.11
0
0.01
2.18
0.87
0.43
0.33
0
1.31
8.63
0.74
4.33
0.04
0
0.9
0.95
0.31
1.81
0.22
0.11
0
0.18
0
0
0.41
0
0
3.21
0.68
0
0
0
0
0
0
0
0
0
0
0
0.04
0
0.04
10.87
0.56
0.49
0.04
0.01
4.44
0
0
0
3.23
0.06
0
0
0
5.68
22.02
55.47
5.27
2.6
3.12
9.33
8.05
12.25
10.62
0.59
0.11
2.48
0.24
0.1
0.01
0.03
0
8.27
1.39
0.01
0.06
0.28
0.04
0
0
0
0
0.01
0.01
0.08
0
0.01
0.07
0.27
0.03
0.1
0.08
7.36
3.26
4.76
0.37
7.02
7.54
7.31
1.78
0.1
0.15
4.99
0.17
1.46
0.4
0.01
3.44
0.01
0
0
0
0.01
0.01
0.07
1.16
3.09
9.08
1.89
8.9
8.1
1.78
10.54
0.36
2.7
20.57
3.32
1.7
0.51
6.89
13.5
4.69
2.51
1.43
1.23
0.28
1.41
5.49
1.47
0
0
0
0.91
0.99
10.2
8.85
6.32
3.27
1.78
1.53
2.37
0.65
0.18
0
2.9
7.01
7.37
3.34
0.59
3
3.77
2.06
0.47
0.02
0
0.05
1.33
0.74
2.24
7.48
1.97
7.76
7.36
10.85
1.37
2.92
0.38
6.09
4.12
0.99
0.21
0.13
0.1
0.3
1.09
0
0
0
0
0.04
0
0.13
0.68
0
0
0
0
2.07
4.07
5.77
2.44
2.33
0.03
0.01
0
0
0.04
0.07
0.01
0
0
0.03
0
0.37
3.01
2.02
0.04
3.22
4.69
5.58
1.83
5.33
12.27
6.09
5.96
4.88
4.14
3.09
3.85
0.5
2.69
2.8
7.47
15.39
0.1
0.91
7.73
6.01
7.07
18.94
0.94
6.41
4.25
10.71
1.65
5.72
2.02
0
0
0.11
14.28
0.01
0.15
0.02
8.16
0.07
1.87
2.55
1.05
1.15
1.28
1.75
3.84
5.9
1.61
2.37
0.02
0
7.05
1.19
0.59
1.81
1.21
2.87
3.02
4.47
1.95
0.18
0.59
0.01
3.38
0
0.75
1.42
29.94
8.93
23.16
3.79
8.96
3.9
2.84
0.29
0
5.56
0.16
0
0.01
0.04
0.02
0.04
0.14
0.52
0
0
0
0.27
0.47
0.51
0.16
0
0
0
0
6.44
0.01
0
0
7.11
1.44
1.97
0.01
0.28
2.69
2.01
0.04
0
0
0.05
0.23
0.66
5.66
0
0
0
0
0
0
0.01
9.47
0.42
13.52
9.72
0
0
0
0.03
0.1
0
0
0.15
0.03
0
0
0
3.51
1.65
1.66
6.64
18.97
9.57
0.02
0.03
0
0
1.13
0
0.01
0
0
0.14
1.11
0
0
0
3.6
2.73
1.19
0.01
0
0
0
0
0
0
0
1.62
0.45
5.59
0.07
0
0
0
0.8
11.85
15.48
3.06
2.73
4.28
5.84
15.62
3.28
0.81
0.04
8.17
0.35
4.78
0.04
0
1.64
0
0
0
0
0.01
0
0.09
4.85
0.06
0
0
0
0.81
10.41
2.45
2.64
2.12
0.08
0.06
3.97
2.09
10.86
0.53
2.62
3.21
0
0
0
0
0
0.02
0.02
0
1.52
1.13
0.02
0.98
0.11
0.02
0
0
0.05
0.01
0
0
0.01
0.01
0
0
0
0.03
0.77
0.21
0.28
0.47
0.19
0.38
0.53
0
0
1.6
14.24
23.38
13.81
4.75
2.48
2.36
0.12
0
0
0
0.39
4.1
1.3
1.37
1.88
2.29
1.56
0
0.01
0
0
0
0.09
2.96
1.08
0.67
0.21
3.61
0.51
2.34
11.33
8.9
0.03
0.08
0.02
0.03
0
2.09
10.86
11.05
4.95
3.28
0.27
3.24
4.61
1.18
0.51
1.06
1.29
11.77
25.79
3.79
21.34
5.13
1.23
0.08
0.72
0.06
5.47
7.09
7.54
0.19
0.92
0.52
1.23
4.09
3.02
8.28
5.26
2.14
9.88
1.33
5.14
48.61
3.01
9.57
1.55
2.05
1.11
0.02
0
0.01
0
0
0
0
0
0
1.4
1.57
0
0
0.67
0.94
2.41
0.01
0
0
4.85
0.34
0
0.07
0.02
0.34
0.51
0.1
0
0
0.03
0.01
0
0
0
0
0
0
0
0
0
0
1.8
2.27
1.8
9.39
5.47
1.96
0.35
4.13
11.25
8.74
1.8
2.72
0.63
0.93
0.07
0.16
0.89
0
0.01
2.81
0
0
0.01
2.79
0
0
0
0
0
0
0
0
0
0
0
0.01
0
1.57
0.29
0.14
0.73
0.04
1.73
0.05
0.08
0.3
0
0.41
1.84
3.24
2.22
7.79
0.05
4.42
0.7
0.03
17.46
3.69
35.24
1.66
19.14
10.58
9.33
3.84
20.06
15.07
14.21
7.06
0.72
1.24
1.29
0.01
0.42
12.24
12.48
0.28
25.67
0.04
1.09
0
0
0.01
4.37
0.1
0.01
0.01
0
0
0.41
5.1
4.93
0.03
0.08
5.9
0
0.59
3.05
0.87
3.09
1.27
8.67
4.73
0.41
0.01
0
0
0
0
0
4.18
0.28
3.34
22
20.39
7.41
0.23
3.53
0.59
0
0
0
0
0
0.01
1.92
5.24
2.61
0.05
1.86
9
3.39
0.38
0.11
3.85
0.97
0.74
0.03
0.03
0.44
6.28
9.4
0.39
0.01
0.01
0
0.01
0.08
0
0
0
0
0
0
0.7
34.1
0.54
0
0
0
0
0
0.01
0
0
8.88
0.94
10.15
8.23
15.64
21.22
6.53
13.18
2.62
0.65
5.25
3.39
0.12
0.35
0.01
2.43
0.2
2.79
3.97
4.68
3.73
5.16
5.14
0.01
0.02
1.65
1.13
7.74
1.08
1.5
5.91
2.19
1.78
1.83
2.59
3.62
1.05
0.04
0.01
0
0.05
0
0
0
6.81
1.78
4.6
0.1
4.73
3.54
0.25
6.74
6.69
0.27
0
0.01
0
0.01
0.01
0.03
0.03
0
0
0
0
0
0
0
0.01
0
0
0
0.08
3.64
2.28
0.08
0.05
0.44
6.52
35.99
20.88
12.45
2.95
0.15
0.04
0.02
0
0
0
0.02
0.01
0.01
0.05
0.03
0.01
0.09
1.7
0.11
0
0
0
6.69
0.03
7.59
5.02
8.17
1.75
6
2.42
0.01
0
0
1.23
0.06
0
0.02
0.09
0.04
2.19
11.26
2.12
3.08
1.22
0.76
0.8
0.3
1.08
1.09
0.25
2.25
2.26
0.14
0.05
0.02
0
0
0
2.84
1.51
2.2
3.08
0.42
2.31
5.46
4.56
0.06
0.03
3.08
1.39
4.49
4.47
0.32
0
0
0
0.16
0
10.18
4.93
0.02
0
0
0
0.03
0.01
0
0.01
0
0
0.01
0.15
0.07
0.46
0
0
0
0
0
1.26
1.24
0
0
0.5
0
0
0.01
0
0
0.01
0
0
2.67
4.44
3.01
3.2
5.17
0.46
0.02
0
0
0.27
1.65
0.37
10.33
7.88
2.83
1.31
1.48
4.43
2.9
0.31
0
0
5.99
3.27
3.19
0.14
1.07
1.36
4.66
8.79
6.73
4.89
2.31
1.02
0
0
0
0
0
0
0.24
0.03
0.83
1.1
9.96
3.09
0.93
1.16
2.59
4.25
0.78
0.6
0
0
0.07
1.62
7.29
0.52
3.43
0.08
0.02
0
1.81
0.12
0
0
6.91
4.5
29.66
9.44
3.82
0
0
0.02
3.08
9.25
8.54
0
0
0
0
0
0
8.39
3.19
4.26
3.95
10.44
3.9
4.13
7.06
2.42
1.4
0.2
0.1
0.11
0
4.83
20.03
2.22
2.71
0.51
8.92
4.79
11.97
4.59
4.77
0.78
0
17.69
0
0
0
0
5.89
0.01
0.9
5.92
0.37
0.06
0
0
0.08
0
0.02
0
12.27
1.49
3.28
4.2
2.78
0
0
0
7.54
0
19.93
8.83
0.83
6.84
14.33
0.01
2.13
0.19
1.95
4.34
0.35
0.19
0.15
3.96
0.1
5
0.74
0.43
0.94
4.34
2.93
0.04
7.38
0
0
10.01
0.04
7.68
0.13
0.09
0.16
0
0
0
0.04
1.29
0.18
22.86
5.19
3.36
1
3
7.37
0.54
0
0
0
0.52
0.07
4
0.17
4.69
0.01
0
0
0
2.69
0.11
0
0
0
0
0
0
0
0
4.04
0.02
2.37
2.82
0.91
1.46
3.73
2.71
0.23
0.24
0
0
0.73
0.61
0.24
0.16
0.61
0.08
0
0
0
0
0
0
0
0
0
0
0
0
2.37
2.14
0.03
1.51
14.99
1.84
2.3
1.95
21.35
3.83
0.2
0.01
0
0
0
0
0
1.03
0.17
1.72
7.39
0.37
0.2
0.04
0.03
0.12
5.38
2
4.28
10.53
0.18
0.16
0.29
0.14
3.93
2.28
5.42
1.31
3.06
0.14
0.05
0.18
3.08
1.24
1.59
1.27
2.87
5.93
2.05
2.91
0
0
0.01
0.82
3.03
8.67
7.23
4.96
0.56
0
0
1.56
2.06
5.81
1.52
0.63
3.22
0.03
0
0
4.98
3.52
3.78
10.03
7.99
3.15
2.38
2.64
18.78
12.6
0.41
8.27
10.53
9.87
4.72
3.91
0.17
0.49
0.59
0
0
0
0.01
1.5
0
0.05
0.3
0.62
0.25
1.6
7.82
0.24
0
0
0
0.01
0
0.02
0.02
0.47
0.45
0.26
0.02
0.29
0
0.02
0
0
0
0
0
0
0.01
12.74
5.1
11.32
0.1
2.92
0.13
0.02
0.02
0
0.02
0.02
0.03
0
0
0
0.01
8.68
2.37
1.73
10.18
23.38
1.19
1.03
0.78
0.85
4.62
27.89
25.84
0.34
2.91
7.19
2.04
0.88
0
0
0.01
1.45
5.02
0.33
0.03
0
2.33
0.02
6.38
2.04
4.94
3.28
2.27
4.65
3.65
0.51
1.32
0.39
5.93
0
0
0
0
0
0
0.47
0.12
0.15
11.04
1.15
1.59
1.52
5.55
0.04
0
9.11
4.09
1.29
0.1
0.07
6.97
0.95
0.04
0.56
0
3.57
3.22
0
0
2.77
0.94
4.84
4.55
0.32
1.9
6.03
21.94
6.47
4.22
17.88
10.79
0.72
0.02
0.12
1.67
0.05
0.02
0
0
1.72
18.34
1.33
0.01
0
0
0.42
0.4
0.03
0
0
0
0
0
0
0
0
0.02
0.17
5
6.71
9.58
3.79
5.61
0.66
0.08
0
0
0
0
0
13.05
0.16
0
0
0
11.88
6.45
1.93
1.79
6.48
0.01
0
0
0
0.9
0
0
0
1.58
0
0
0
0
0
3.73
1.66
15.62
0.23
0.08
2.04
0
1.64
4.6
9.82
1.48
0.13
2.48
3.88
6.3
0.72
3.07
0.7
0.11
0.67
2.73
1.32
0.64
0.26
11.47
0.07
0
4.72
0.16
0.02
0
0
0
16.15
3.67
0.09
6.99
17.36
8.2
0.35
0.01
0
0
0
0
0
0
0
0.03
0
0
0
0
0
0
0
0
0
2.42
0.01
0
0
0
0
0
0
0
0.06
0.02
0.5
5.16
25
25.53
32.57
6.61
0.49
6.98
0.54
0.02
2.62
2.66
0.97
2.95
11.06
0.2
0.11
0.37
1.79
0.65
0.04
0.31
0.02
0.03
0
0.01
0.01
0.16
0.19
0.86
1.8
1.84
3.61
3.79
2.24
5.4
0.5
1.08
0.1
1.62
0.01
0
0
0
0.6
0.37
0.01
0.02
0.18
8.53
0.88
0.02
0.07
0
0
0.01
1.62
0.31
9.16
0.53
8.07
12.43
2.46
7.21
5.18
1.3
2.39
0.39
3.45
2.48
3.34
5.32
8.47
16.13
10.72
20.82
2.36
0.9
6.58
6.16
7.08
0.2
1.97
0.49
1.26
0.66
0.7
0.11
1.89
8.2
0.06
0
0.01
0.03
0.03
0.01
0.47
2.47
0.13
0.62
4.83
0.45
2.01
0.03
0
0
0
0
0.01
0.01
0.07
4.39
0.37
4.23
2.81
3.57
0.19
4.07
1.15
0.72
2.42
1.14
1.76
2.44
0.45
5.02
0.52
0.69
0.07
0
0
3.89
12.01
8.68
10.24
20.34
0
0.01
0
0
0
0
0
0
0
0
0
0
1.64
1.28
6.99
4.9
4.49
0.41
2.37
2.47
15.65
7.59
7.53
0.15
4.32
3.47
0.37
0.23
0
1.2
0.07
0
0.14
0.02
3.18
0.11
0.06
0.27
1.81
5.72
7.77
0.05
0
0
0.09
0
0.13
2.27
3.36
0.44
0
0
0
0.07
0
0
0
0
0.25
0.01
0.22
17.37
2.29
0.36
0.11
0
0
0
4.48
0.07
22.3
0.84
9.94
2.91
0.92
0.02
0.13
0.02
3.97
11.35
7.51
0.09
0.03
0
0
7.39
0.12
4.12
4.13
11.23
1.12
5.33
7.51
2.7
0.98
4.67
4.42
0.1
0.23
0.29
1.78
3.96
13.42
2.19
20.92
0.89
6.55
2.71
4.72
2.11
0.02
9.83
2.93
18.13
0.65
0.41
0.62
0.86
0
0.01
0
0
1.04
0
0
0
4.46
17.49
0
0
0
0
0
0
0.03
13.39
4.28
9.76
0.49
5.73
4.4
3.69
0.04
0.12
1.8
0.38
10.57
1.4
7.13
22.91
1.94
5.1
1.49
12.11
4.23
3.53
0.18
0.53
0.04
5.53
0.28
0
0.04
1.13
0.22
0.03
0.02
0.18
8.66
0.05
0
0
1.23
8.98
0.39
1.17
1.22
5.32
2.01
2.52
0
0
2.11
0
0
4.02
0.76
1.32
31.92
0
0.01
2.32
0.6
0
0.09
3.07
0
0
0.06
7.2
0.01
0.02
0
12.16
12.12
7.08
0.02
0
0.1
0.04
0.08
0
0
0
0
0
0
3.26
3.36
2.9
0
0
3.15
7.05
6.88
8.69
6.34
1.47
0.15
0.01
0.02
0.01
16.5
9.73
3.89
1.55
0.08
0
0
0.2
0.34
0
0.09
3.06
1.74
0.01
0.03
0.05
0.01
0
0
0
2.85
1.7
10.17
11.95
2.58
3.86
4.2
1.66
0.37
9.13
8.75
6.05
4.19
0.05
0.07
8.23
0.02
0.01
0
0
0
0
0
0
0
0
0
0.22
0
0
1.23
0.29
0.01
0
0.1
1.3
8.58
24.69
17.64
7.7
2.17
0.55
0.21
0
0.01
0.36
0.54
0.01
0.02
1.42
0.12
0.36
4.66
8.5
4.54
5.59
2.73
3.16
6.99
0.11
0.09
2.04
2.35
0
0
0.01
2.83
2.27
1.49
0.06
0.01
0.03
0.18
7.97
2.93
13.54
4.83
3.63
1.23
2.41
2.63
2.21
1.29
10.26
11.46
1.95
4.08
8.7
3.87
4.64
5.03
9.27
6.1
2.69
8.29
0.02
0
0
0.16
1.96
1.91
4.55
0.66
0.04
0.07
5.65
2.59
7.13
2.18
0.94
4.43
4.83
2.56
0.65
0.86
2.05
0.25
9.72
2.5
0.61
0.2
4.08
7.97
5.47
15.84
3.62
11.88
5.11
0.5
0.05
0.13
8.47
4.79
0.26
4.88
2.88
17.36
12.57
4.27
2.27
0.93
0.09
25.31
3.19
0.09
0
0
0.49
0
2.75
5.11
2.3
0
0.01
2.07
0.96
0
0
0.01
0.79
0.58
0
3.12
0
0
0
0
0
0
2.25
10.58
0.26
0.03
0.44
8.48
0.44
1.65
0.01
0
0
0
0
0
0
0
0
0
0.31
3.38
2.48
5.57
5.43
0.27
0
0
0
0.2
0
0
4.9
0.36
0.29
3.16
2.82
6.12
1.03
0.01
0.14
0.39
14.94
0.24
0.26
0.02
0.02
0.71
0.01
0
0
0
0
0
0
0
0
0.96
3.25
0.19
0.01
0
0
3.09
3.5
3.74
4.7
6.11
1.58
1.13
0.51
0.08
6.63
0.55
0.99
0.02
0
2.77
0.03
6.26
10.47
8.47
24.07
3.81
1.07
0.03
0.05
0.59
0.03
8.66
2.55
0
4.41
0.04
0.03
3.89
0
0
0.03
0.56
0.29
0
0
0
0
10.64
0
0.01
0.72
0
0
0
0
0
0
0
6.33
1.82
1.6
2.17
0.04
6.17
5.18
0.41
0.17
0.3
1.01
0
0
8.76
0.24
9.31
0.08
15.62
0
0
0
0
0
0.23
1.31
2.15
9.13
1.71
1.7
0.23
0.87
0.13
0
0
0.07
7.45
2.54
5.92
0.26
0
1.66
0.06
0
0
0
0.01
0.02
3.58
19.74
13.76
1.41
3.27
0.06
5.39
1.23
0
0.04
0.01
0
0.01
0.11
0.57
0.59
0.03
0
0.01
6.13
0.15
0.02
1.64
0.06
0.01
0.02
0.03
0.03
3.09
0.03
0
0
0
0
0
0
0.02
0.29
0.47
3.98
7.11
2.14
0.07
2.56
6.22
6.22
12.99
0.33
3.55
1.48
2.46
0.91
0.08
0.3
0.9
7.16
19.74
0.24
1.77
7.7
16.8
0.7
5.06
0.35
6.52
3.59
3.53
5.43
3.52
1.13
2.38
0
0.02
2.79
8.58
20.54
0.13
3.19
0.73
11.45
11.64
0.57
0.05
0.53
0.06
0.01
0.08
0.22
0.34
0.02
0.07
3.02
12.37
8.63
2.79
1.02
0.25
1.98
0.07
2.28
0.01
0.31
0.03
0
0.83
0.06
0
0
0.66
0.06
0
0
0
0
0
0
0.16
0.03
0.02
0
0
0
0.04
1.36
0.03
0.02
0.01
0
0
0
4.86
4.61
0.94
5.35
0.54
1.4
3.21
2.92
2.5
0
0.32
1.14
1.16
1.74
6.6
8.47
7.25
6.02
10.59
3.47
0.02
0.05
0
1.68
1.67
0.09
0.07
5.12
0.21
0.61
1.32
5.27
11.39
2.32
0
0
0.05
1.28
1.71
1.25
15.53
0.03
0
0
0
0.18
0
2.94
0
0.09
1.38
0.48
16.65
0.71
2.47
0.26
0
0
0
4.39
1.22
5.2
0.43
4.23
2.61
1.09
6.82
0.05
30.35
16.12
0.02
0
0
1.23
1.19
2.85
0.01
0
0
0
0
0
0.49
0
0
0
0.05
18.26
9.16
5.53
0.44
3.88
0
0
0
0
0.33
0
0
0
0
0
0
0
0
0
3.87
5.7
0
0
0.06
7.63
1.13
2.14
2.76
4.75
0.71
0.04
4.37
1.49
0
0
0
0.18
0
0
0
0
0
4.4
2.89
20.27
0
0
1.09
2.32
1.56
4.23
0.23
35.33
1.45
0.17
0
0
0
3.29
6.54
4.46
0
0
0
0.28
0.26
0.25
0
0.12
0
0
0
0
0.13
5.68
9.21
7.57
5.41
0.01
0
0.02
0.64
5.28
5.07
0.71
0.35
0
0
0.53
5.63
16.86
0
0
0.59
0.44
0
0
0.01
3.87
0.16
0
0
0
1.19
5.77
0
0
1.69
3.71
8.83
3.74
0
0
0
0.54
0.16
0.51
0
0
0
0
0
0
0
6.09
0
13.89
7.31
13.56
0.58
0
0
2.09
0.04
0
0
10.96
12.42
0.13
1
0.81
0.07
0.03
1.03
0.53
1.57
0.11
0
0
10.02
19.05
1.78
8.03
1.6
1.51
0.85
1.47
2.27
0.99
0.02
0
0
0
5.15
0
0
0
0
0
0
0
2.61
7.29
7.86
5.83
32.67
10.76
7.32
5.93
0.32
2.95
0.03
1.02
0.01
0
0
0
0
0
0
0
0
0
0
0
2.51
3.69
0.26
1.82
0.07
0.99
1.52
0.01
0
0
0
0
0
0.05
0.38
1.01
0.07
0.17
0.28
0.02
0.27
3.92
16.37
14.33
32.36
9.38
3.98
12.97
7.54
24.74
3.34
21.26
2.65
2.06
0
0
0
0
0
0
0
0
0.04
0
0
1.21
0
0
0.31
0.07
0.07
0.05
0.08
0.16
0.09
2.05
1.59
1.48
0.04
1.43
0.96
0.03
0.01
27.26
1.99
23.7
3.17
1.17
1.17
0.05
0.21
0
0.02
5.13
7.24
0
0
0
0.02
1.16
0.63
10.7
5.19
4.27
16.11
9.08
7.67
0.04
0.4
0.07
0
0
0
0
0
0
4.83
21.33
6.12
23.75
7.46
1.32
0.73
0.29
0
0.01
0
0
1.07
3.9
0
0
0.33
0.3
0
0
0
0
0.5
2.03
0
5.23
0.01
2.29
1.01
0.29
0.27
10.33
0.08
0
0
0
0.98
4.62
0.78
0.01
0
0
0
0
5.57
1.78
0.27
0.93
2.46
2.79
4.1
4.29
1.16
7.45
0.54
0.61
3.69
0.7
0.82
1.47
0.65
1.2
0
0
0
0
0
0
0
0
0
1.37
6.7
2.85
4.54
0.9
1.02
0.01
0
0.51
0.38
0
0
0
0
0
0.01
0.29
0
0
0
0
0
0
0
0
0.01
8.41
6.66
1.3
0.05
0.18
4.89
4.29
0.37
13.01
0.01
0.65
2.26
0.74
0.14
0.05
0
0.08
5.75
2.57
1.51
1.86
3.41
0
0
0
6.84
0
16.01
14.32
0.51
0
2.89
0.1
12.55
2.22
3
2.82
4.65
3.13
0
0
0
0
0
0.34
0.16
0.08
0
0
0
0
0
0
0
0
0
0
0.29
0
0
0
0
0
0
0.31
0.14
0
0
0
0
0.01
0.09
1.09
11.08
0.22
14.29
0.04
1.89
0.12
5.53
0.37
0.14
0.07
0
0.45
1.44
0.01
1.68
3.34
3.71
2.48
0.84
2.61
7.69
3.93
1.61
4.1
6.05
1.38
0.39
10.54
1.82
0.04
0
0
0
0
1.65
0.93
0.01
0.3
6.99
2.69
4
1.78
4.32
0.02
0
0
0.18
12.61
3.5
0.01
2.51
2.39
0.05
0.01
0.12
0.21
0
0
0
0
0
0
0
0
0.3
0.08
0
0.01
0
0
0
0
0
0.28
1.16
31.37
8.49
3.56
2.53
4.43
2.18
3.11
6.91
3.69
0.64
0.2
0
0
1.06
5.64
0.04
2.45
6.3
0.24
1.23
22.24
6.03
6.69
18.55
0.07
2.91
3.65
0.05
0.31
0.04
0
0.01
7.16
0.87
1.21
3.27
1.45
3.39
0.04
0
0
0
0.04
5.38
7.4
5.41
0.3
1.49
0.42
0.27
0.03
0.15
2.13
5.44
1.04
2.18
0.11
0.04
3.42
10.66
7.1
3.91
18.55
0.06
6.03
3.9
8.38
14.81
12.64
4.15
3.49
2.29
2.85
4.62
10.65
5.89
0.82
0.16
0
0
0
0
0.01
0.47
1.1
2.11
0.02
0
0
0
0
0
0
0
0
0
0
0
0
0.03
0.04
1.13
0.32
1.28
2.31
3.71
1.93
1.25
1.46
1.79
9.56
1.31
0
0
0
0
0.69
0.65
0.57
0
0
0
0.02
0.08
0.09
2.54
0.02
0.03
1.31
0.29
0
0
4.89
0.03
0.02
0
0
0.04
1.39
0
0
0
10.75
1.17
4.45
1.5
0.12
0.05
0.01
0
0
0
0
0.01
0
0
0
0
0.13
0
0.03
2.64
0.91
0.01
0
0
0
0
0.04
0
0.11
1.88
0.12
1.2
0.54
0.86
4.94
2.82
0.63
0.06
0
0
1.2
0.61
20.61
1.16
1.32
0.11
0.06
0.23
0.01
0.16
0.02
0
0.59
2.05
0.05
1.51
3.97
6.45
0.06
0.32
0.22
0
0.03
0.03
0
0.31
0
3.34
0.21
0
0
0
0
0
0
0
0.96
1.8
0.05
2.71
2.86
2.51
4.76
5.47
0.26
3.83
3.55
0.32
0.32
0.67
2.58
5.77
2.29
1.89
0.01
2.22
1.81
2.8
0.39
6.02
20.04
1.24
0
0.1
0.03
0
0.03
0
0
0
0
0
0
0
0
0
6.07
1.85
0
0
1.62
2.85
0
0
0.01
0
0
3.15
7.14
3.26
0.04
0
0
0
1.95
7.37
0.01
0
0
0
0
0.73
1.37
0.12
0
1.17
2.91
0
0.01
0
0
0.64
0.02
0.03
0.4
0
0
6.27
0
0
0
0
0
0
0
0
0
0
0
0
0.72
0.03
1.78
0.02
0
0
0.36
0
0
0
0.77
7.63
0
0
0.01
0
0.02
14.32
0.23
0.18
0
5.62
3.96
0.27
0.89
4.59
2.27
2.38
0.01
0
5.4
4.84
0.03
0
0
0.01
0
0.86
1.2
0.02
0.01
7.47
7.38
1.64
1.34
1.64
0.74
0.51
2.48
0.83
0.17
0
0
0
0
0.08
0
2.69
4.21
6.94
4.14
8.14
5.05
7.49
7.26
1.69
1.38
9.73
5.97
7.29
2.12
0.59
0.01
0.07
1.91
3.72
0.33
0.01
0.01
0.03
0
0.03
0
0.01
0.02
0.03
0.01
0.01
0.01
0.08
1.26
0.65
0.71
0.3
0.38
0
0
0
0
0
0
0
0.92
12.3
4.85
16.68
4.39
8.6
4.45
4.13
5.16
0.84
3.7
0.07
0
0.37
0.08
0.01
0.04
0.04
0.02
5.63
6.33
0.74
0.11
5.72
3.36
0.46
0.03
0.07
0.37
0.57
0.1
0.06
0.05
0.94
11.48
0.02
0
0
0
0
0
0.4
0.01
0
0
0
0
0
0.01
1.34
1.2
3.37
0.02
0
0
0.58
1.2
2.88
1.57
4.54
1.54
7.04
2.61
2.28
0.92
0.31
0.32
0.77
0.11
0.27
0
0
0
0
0
0
0
3.47
0.06
0
1.21
2.18
0
0
0
3.35
2.46
34.23
14.26
3.59
0.13
0.2
0.05
0
0.43
2.03
11.25
7.83
10.49
8.23
4.86
0.01
3.27
2.55
0.54
0.26
0.01
14.67
2.72
0.09
0
0
0
0
0
0
0
0
0.86
2.67
1.93
5.45
2.14
2.15
4.3
0.82
0
0
0.5
4.99
0
0.01
2.51
1.34
1.62
0.74
0
4.44
4.24
0
0
0
0
0.13
0.58
5.87
4.75
8.48
0
0
0
0
0
0
0
0
0.01
0.95
0.01
0.44
0.1
0
0.09
0
0
0
0
0
0.18
10.13
17.1
10.54
24.53
2.64
4.6
5.71
2.08
0.07
0.27
0
0
0
0
0.2
0
7.71
15.88
24.18
0.27
0
17.64
0.21
0
0.03
0
0
0
0.08
0.01
0.74
1.69
1.13
22.8
2.39
0.01
0
0.02
5.35
5.61
3.28
0.13
6.55
0
0.01
7
0
0
0
31.53
0
0
13.17
0.29
0
0
0
0
5.39
2.44
2.08
0
0.04
0
0
0
0
0
0
1.78
0.09
11.92
17.15
9.82
0
0.06
1.26
1.29
11.54
17.87
0
1.48
4.91
1.06
0
2.37
0
2.71
2.14
0.99
26.4
4.71
11.54
2.83
7.34
0.19
0.01
0.72
0
0
0
0.03
0
0.28
9.01
0.69
0.07
0
0.54
2.35
0.02
0
0.05
0.05
0
0.01
0.02
0.04
0.02
0.02
0.03
2.76
1.34
0.19
2.82
0.46
0.73
0.28
0.01
0.98
0
0.22
0
0
1.23
4.83
0.01
0.01
0.26
0.62
1.05
3.42
1.22
7.9
3.19
24.64
1.39
10.85
6.08
2.94
0.05
0
0.01
10.11
1.34
0.13
0.16
0
1.6
0.03
0.92
8.85
13.92
4.07
2.39
0.04
8.46
7.05
11.52
3.49
3.36
0.87
8.06
11.48
0.89
0.67
13.62
2.15
3.08
0.93
1.72
1.46
0.23
13.01
2.83
8.98
0.01
0
3.31
0.03
0.04
0.09
12.51
3.54
1.3
0.15
0.01
0.01
0
0.14
0.27
4.42
1.29
5.35
1.02
0
0
0
0
0
0
0
0
0
0
0
0
1.73
9.28
2.63
1.15
6.87
16.59
32.86
6.83
2.99
0.37
0.07
0.07
1.46
0.91
1.16
1.86
4.58
6.45
2.21
6.66
2.08
4.62
1.06
14.71
2.83
0
0
0
0
0
0
0.01
0.83
0.12
0
0
0
0
0
0
0
0.24
5.14
2.28
0.94
3.39
6.2
2.49
0.05
0.49
0
0
0.23
1.95
0
0
0
0
0.57
1.55
4.45
0.59
0
0
0
0
0
0
0
0
1.73
1.36
0.22
0
0
2.77
7.05
0.13
0.07
0.51
0.1
0.11
0.03
0.02
0
0
0
7.48
0.01
3.71
3.19
9.91
1.25
0.01
0.01
0.07
1.71
0.92
0.02
0.58
1.12
0.03
1.41
6.63
2
0
0
0.82
0
0
0
0
0
0
0
0
1.74
3.42
0.04
0
0.01
0.77
0.06
1.73
1.73
0.01
0
2.12
1.92
0
0.83
0
0
0.04
0.21
14.47
7.12
0
0
0
0
9.3
0.25
5.35
0
7.95
0.07
0
3.57
1.74
0
0
0.1
0
0
0
2.9
3.01
0.17
3.13
9.86
2.05
15.48
0.44
0.07
0.01
0
0
0.18
0.29
0.04
2.27
1.73
0.04
0
0
0
0
0
0
0
11.82
0
0
0
0
2.02
0.01
3.4
0.58
7.55
11.91
14.88
0
0.29
3.69
2.04
0.98
0.61
0.22
0.04
5.75
2.65
5.53
0.37
0.02
10.47
7.45
0
0
0.62
0.04
10.68
0
0
7.77
7.72
9.88
0
2.25
0
1.23
0.7
0
0
0
0
0
0
2.83
0.67
0
0
0
0
0.09
0
4.04
1.67
0
3.56
11.35
1.76
0.48
0.01
4.33
5.06
0.91
6.89
11.62
0.3
7.66
2.59
9.29
1.87
1.42
0
0
0.02
5.27
0.13
0.85
3.05
2.97
0.29
0
0
0
0.01
0.24
24.32
14.28
1.54
0.04
0.08
0.01
6.75
0.01
3.68
1.07
1.54
2.61
3.4
2.61
0
0
0
0.1
1.08
0.67
1.27
2.82
0.6
0
0.02
0
0
0
0
0
0
0
0
0.01
0.12
3.74
3.91
3.18
0.01
0.94
1.19
0.06
2.79
15.98
2.26
0.19
0
0
0.37
0.16
0.06
0.09
0
0
0
0
0
0.84
0.01
0
0.04
3.14
0.07
1.14
0
0
5.56
13.56
6.1
16.23
2.19
11.28
9.1
4.98
5.76
9.61
1.77
0.35
11.6
39.84
19.41
14.21
7.91
2.94
2.8
4.86
2.32
0.41
5.34
18.84
9.4
0.25
9.13
14.96
4.73
14.84
7.78
0.06
0
0.01
0
0.94
7.54
7.34
3.77
0.11
1.94
0.13
0
1.06
0.13
0.06
2.08
8.06
0.19
11.23
3.22
16.05
4.59
2.05
4.73
0.03
1.09
2.32
2.98
0.02
0.01
0.39
0.08
1.06
3.54
3.48
0.03
0.06
0.06
0
0
0
0
0
0
2.64
0
7.96
4.54
0.62
0.02
0
0.27
3.37
2.95
4.97
4.18
0
0.68
0.02
1.69
0.55
0
0
2.19
5.43
10.49
0.74
14.84
7.76
1.32
13.39
8.91
0.67
0
6.02
1.24
7.84
6.08
1.02
0.02
0.31
0.85
0
4.27
4.91
2.32
0.42
10.86
0.89
0.14
1.15
2.38
6.05
5.28
7.22
30.93
17.63
0.06
0
1.76
1.47
0
0
0
0
0.86
0.24
1.39
3.22
0.04
0.86
0
0
3
0
0
0.01
9.45
1.59
0
0
0
0
0.04
0
0.14
2.08
1.36
0.04
1.2
0.01
10.4
3.91
4.35
2.86
11.2
6.46
1.16
0.45
10.16
1.02
0
0.01
0
0
0.08
9.2
3.4
9.32
5.08
0.41
0.15
11.17
0.79
3.98
0.12
0
0
0
0
3.18
0.5
0
0
0.06
0
0.01
0
0
0.01
0
10.22
0.39
2.96
0
0
0
0
21.86
1.02
2.75
0.62
0
0
0
0
0
0.52
12.17
0.41
0
5.77
27.65
4.33
0.01
0
0
0
0
0.06
0
0
0
0.11
2.17
1.8
0.32
0
0
0.01
1.9
0.26
2.04
4.04
0.01
9.04
18.65
2.89
0
0.01
0
0
6.78
0.44
3
0
0
11.23
0.16
13.81
1.08
0.03
0.76
3.82
0
0.02
1.73
0.16
0
0.01
0.03
7.58
1.51
4.63
4.7
3.85
17.78
0.84
3.52
0.03
28.07
7.2
2.33
1.85
4.69
5.33
0
0
0
0
0
1.31
0.3
0
0
0
0
4.26
1.32
11.91
0.41
2.04
0
0
0.48
0
0
0.01
0.01
0.06
0.02
0.04
0.01
0
0
0
0
0
4.18
2.86
5.86
5.75
3.35
4.87
0.4
10.75
10.59
8.87
0
0
0
0
0
0.09
0.6
0.01
0.02
1.08
1.65
1.74
1.29
12.1
9.28
1.98
4.97
11.63
3.1
0.23
0.07
0.05
0.02
0.29
0.11
8.35
0.09
0.09
0.03
0.02
0.01
0.01
2.83
10.71
3.14
0
0.55
12.9
0.27
1.96
0.31
0.25
18.27
1.2
0.05
0.92
0
0.51
0.07
1.1
0.67
0.07
0.04
0.06
0.1
6.38
22.29
8.52
7.55
5.64
4.47
4.28
2.2
0.45
0.01
0
0.02
0.01
2.71
8.5
9.63
1.37
2.05
0.05
1.37
0.7
0
0
7.53
0.02
1.32
14.75
36.18
3.43
6.86
15.67
12.89
13.11
10.1
16.84
1.18
0.06
4.08
1.48
0.01
1.14
0.17
0.54
0.65
7.89
0.1
4.23
6.52
0.19
4.68
1.33
12.13
6.8
5.68
1.61
10.1
1.93
2.77
0.01
2.79
5.43
6.68
1.72
2.22
0.14
1.93
5.4
1.54
0.01
4.48
3.34
0.89
0.02
0.08
0
0
0
0.01
1.36
3.89
1.9
15.05
7.32
1.19
0.91
1.35
0.01
0
0
4.93
4.45
8.97
6.13
1.45
0.02
7.42
1.96
0
0
0
0.32
0.06
0.03
0.47
1.24
2
0.26
3.45
0.27
0
2.81
1.72
14.32
14.28
10.09
0.42
0
0
0
0.14
3.5
3.9
6.97
0.01
1.17
2.96
0
0
0
0
0
0
0
0.02
2.79
0.81
0
0.59
0.7
0.04
0
5.75
18.3
11.53
0
0.09
0
0
0
0.04
0.06
27.64
0.78
0
1.85
15.87
3.58
10.03
0.09
1.85
3.02
4.04
0
3.3
0.01
0
0
0.01
2.17
2.05
0.32
2.11
2.43
3.94
0.86
0
0.01
1.96
3.19
0.7
0.6
0.16
0
0
0
0
0
2.67
7.86
2.71
0.02
0
0
0
0
0
0.36
7.76
0.51
0.04
17.86
4.78
0.24
3.33
2.12
0.02
0
0.02
9.76
0
0
0
0.29
9.27
11.33
0
0
0
0
0
0
0
0
0.71
0.9
0
0
0
0
0.08
4.69
0.08
0.1
0.04
0
0
3.78
2.21
3.38
0.53
4.28
2.65
2.99
3.2
1.83
8.05
6.19
4.68
1.4
6.76
1.02
3.33
0.06
0.17
0.11
3.55
9.22
0.05
0.14
5.17
5.68
9.55
0.01
0.03
0.2
0.07
0
12
16.18
1.21
0.95
0.15
2.01
0.02
5.05
16.09
0.94
1.85
7.02
1.61
0.07
2.85
0.18
1.35
0.06
0
0.02
0.01
0.02
0.12
0.01
0
0
0.13
0.09
0.48
0.6
0.02
1.35
0
0
0
0
0.63
0.01
1.02
2.43
0.13
0.01
1.27
7.23
1.82
2.7
0.12
0
0.01
0.73
2.22
0.65
0.01
0
0
0.14
0.35
8.57
9.43
4.63
0.19
4.34
0
0
0.15
0.07
0.04
0.01
0
0
0.07
0.04
0.02
0.05
0.03
0.03
0.35
0.13
0.01
0.01
0
0.01
0
0.65
0.45
0.09
0.97
0
0
0.1
1.94
1.42
8.78
6.77
11.46
22.06
2.76
0.05
0.27
0.04
0
0
3.04
0.26
0.01
0.11
0.01
0
0
0.09
0.2
0.02
0.01
0.02
0
0
0.01
0
0
0
0
0
0
0.03
0
0
0
0
0.86
3.02
0
0
0
0
0
0
1.4
0.83
0.27
0.15
0
0
0.03
0.37
0.34
0.43
13.33
7.35
0.8
3.68
6.11
5.28
15.16
3.14
0.3
2.28
0.88
0.04
0.03
0
0
0
0
0.05
0.21
0.18
0.03
0.01
0.38
5.57
0.1
0
0
0.03
0.66
0.26
0.01
0
0
0
0
0
0
0.01
5.43
1.48
0.22
0.05
0.15
6.73
0.08
0.44
1.32
2.77
1.44
0.02
0.15
1.82
0.07
0.05
0
0.21
0
0.01
0
2.22
0
0
0
0
0
0
0
0
0
0
0
10.55
1.57
0
0
0
2.86
0.31
0.2
4.64
7.54
0.11
2.26
0.01
3.84
0.91
7.27
0.36
0.04
0.01
0.18
0.75
3.5
1.2
2.48
9.09
4.3
9.15
1.43
4.58
0.34
0.98
0
5.39
7.94
5.31
0.12
0
0.01
0.35
3.47
4.92
0.08
0
0
0
0.19
2.63
3.46
0.42
0.1
0.05
0
0.02
0
0
0
0.04
0.04
10.22
0.04
0.6
0
0.02
0.16
0.01
1.5
12.48
16.1
2.66
6.02
1.98
2.64
3.92
18.62
4.45
8.13
11.95
10.82
1.13
0.46
3.84
0
0
0.02
0
0
0
0
0
0
0
11.62
8.86
10.77
0
0
0.05
9.26
0.48
0
0
0
0
0
0.02
1.63
4.37
0
0
5.96
2.19
16.57
10.98
5.09
0.93
0.43
0.01
0
0
0
5.35
6.68
0.28
2.27
0.93
0.89
6.76
9.78
2.26
3.93
4.59
0.01
0
0
0
0
1.3
0
0.33
0.07
1.08
0.15
11.37
12.62
1.41
0.42
0
0.03
0
0
3.45
8.38
0.28
0.34
3.22
0.06
0.02
4.01
0.37
0.17
0.02
6.4
0.5
0.05
1.88
0.04
0.01
0
0.03
0.12
0.05
0
0
0
0.01
8.4
22.23
4.48
0.97
1.76
17.3
7.55
0.01
0
0
0.05
0.39
6.28
0.5
7.13
0.24
5.27
2.33
0.31
0.11
1.37
1.43
2.74
5.29
1.5
1.04
1.77
1.11
13.1
8.72
0.03
0.4
0.45
0.08
11.74
4.46
6.45
0.28
0
1.61
0.11
3.35
2.69
0.8
1.5
8.82
1.99
0.9
5.78
4
0.01
0
0
0
0
0
0
0.01
0.01
7.18
0.14
0.51
0.19
5.45
0.2
4.97
0.29
0
0
0.02
0.01
0.02
0
0
0.04
2.66
0.26
0.01
0
0.01
0.21
0.82
0.65
0.02
0
0
0
0.01
0
0
0
0
0
0
0
1.47
4.36
0.13
0.01
2.18
0.49
2.52
1.15
2.02
0.08
0.32
0.01
0
0.2
0
0.01
0.06
4.93
7.51
0.07
0.26
0.29
0.03
0.61
5.82
13.04
10.77
0.02
0.36
0.03
3.01
17.68
1.23
0.1
2.65
0.01
0.36
9.19
26.35
3
0.25
0.01
0
3.33
3.08
0.08
1.89
0.02
0
0
0
0
0
0
0
3.04
5.39
4.08
0.52
3.58
4.01
3.49
3.08
0.01
0.04
0.19
0.1
0.34
2.75
2.47
2.02
1.04
0
0
0
1.01
2.66
4.67
0.04
0
0
0
0.01
1.5
0.06
0.25
0.19
0.07
0
0
0.73
0.43
0.06
0
0
0
0
2.89
3.23
1.35
3.13
5.89
0.24
0
0
0.68
0.83
10.5
16.21
0.43
0.38
3.13
0.36
1.92
0.1
0.07
0.96
0
0
0.72
2.02
0.15
4.66
10.48
0.59
0
0
0
0
0.04
0.09
0
0
0
0
0.22
0.53
0
0
0
0
11.02
0
0
0.06
0.07
9.64
5.56
0.27
0
0.13
2.83
0.21
5.59
6.01
1.13
6.18
0.49
1.73
6.08
3.61
0
15.47
6
2.34
7.66
0.05
0.18
1.38
0.02
0
0
0
0.72
0.01
4.75
1.01
7.14
5.66
0.02
0.17
6.32
6.31
19.3
1.51
3.45
0.84
3.04
19.55
0.66
1.48
0.01
0.29
1.12
7.47
0.44
0.44
0
0
0
0
0
0.38
0
0
0
0
0
0
0
1.24
0.27
0.09
0.14
0.82
0.01
0.01
0.32
0.48
0.04
0.55
0.02
9.77
4.57
0.07
0
0
0.35
3.02
0.23
5.03
0.03
0.07
0
0
0
0
5.49
0.93
0
0
0
0
0
0
0
0
0
0
0
0
0
0
0
0.02
3.73
5.93
1.45
0.05
0
0.04
0.02
2.67
17.07
17.12
7.61
9.21
1.25
5.91
3.97
1.54
0
0.02
0.01
0.01
0.01
0
0
0.28
0.05
1.44
1.17
0
0
0
0
0
0.04
0.06
0.06
0.09
2.34
9.93
1.1
1.11
4.4
3.29
0.09
17.12
1.42
0.06
10.82
0.02
0
0
0
2.13
0.46
0.02
0
0
0
0
0.08
2.67
4.19
3.72
0.23
5.72
2.6
0.07
0.03
2.7
0.24
0.15
4.75
6.72
12
10.39
3.79
3.25
0.38
0.03
0.65
0.25
0.05
2.91
0.89
0.17
0.81
3.83
5
3.12
1.97
3.51
0.16
0.02
0.03
5.23
4.11
9.63
1.31
5.08
1.19
2.32
0.23
0
0
0
0
0
0.11
5.36
5.88
0
5.35
5.36
6.77
0.15
0.23
0.32
2.3
0.12
0.02
0.02
1.05
0.03
1.26
0.05
0
0.62
0.3
0
0
0
0.68
0
0
0
0
0
0
0
0.08
1.65
0.06
0
0.03
0
0.34
5.79
0
1.43
0.18
0.01
1.74
3.15
2.23
0.13
2.01
14.95
5.36
8.81
6.32
4.03
0.09
0.01
0.03
0.25
0.26
0.8
7.34
0.73
0.13
0.23
0.08
1.33
0
2.58
1.15
0
0
0.16
0.02
0
0
0
0
0.55
2.23
13.58
0.21
6.49
6.45
14.15
1.38
2.38
4.31
0.02
0.11
0
0.34
0.89
0.32
1.03
1.49
1.35
4.6
0
0
1.71
0.12
1.76
7.27
2.71
5.7
0.49
0.07
6.44
4.97
0.05
0.04
0.81
0.77
0
0
0
0
0
0
0
0
0
0
0.02
0
0
0.11
0.05
0
0.24
1.66
1.74
0.13
6.64
0.02
2.5
2.99
18.53
1.15
2.76
0.03
0.04
0.01
0.24
6.1
0
0.02
9.17
1.83
6.15
0
1.08
1.15
5.12
4.09
3.44
0.66
0
0.14
0
1.93
0
4.51
0.12
3.79
0.01
0
0.75
0.16
0
0.03
2.59
5.2
7.1
3.67
1.55
2.99
4.44
11.86
3.05
16.97
2
1.15
3.61
3.08
0.01
0
0.23
1.39
0
3.46
1.22
0
0.06
0.75
6.71
11.96
0.16
0
3.45
4.11
0.21
1.49
0
0
0
0
0
0
0
0.01
0
0
0
0
0
0
0
0.01
25.71
4.6
8.87
4.36
0.14
4.92
1.27
1.47
0.43
0.01
0.07
0.17
4.69
6.47
4.92
5.67
2.65
0.94
0.17
2.5
1.93
7.83
2.99
13.55
35.05
9.96
8.59
18.02
0.04
0.03
0.02
0
0
0
0.01
0.06
1.66
0.86
1.1
0.02
21.38
13.44
12.48
2.21
3.69
0.32
0.69
26.96
0.02
0.22
7.6
6.1
12.77
0.91
5.78
0.01
0
4.44
1.51
0.21
4.16
0.78
0.65
11.04
23.16
5.79
3.51
15.53
19.19
19.02
7.25
23.65
2.58
6.38
2.11
1.66
0.22
2.08
0.03
11.09
8.22
6.56
0.82
0.04
1.47
13.93
3.03
5.01
0.91
2.21
1.88
0.02
0
0.01
1.2
0.07
0.01
2.76
2.17
0.05
0.11
0.05
0
0.01
0.04
1.82
3.22
1.57
0.25
0
4.84
1.49
0.98
4.61
2.86
2.96
2.07
0.03
0.01
4.01
5.21
0.45
0.76
2.16
0.02
0.12
0.58
10.83
6.71
0.8
0.06
0.03
0.06
0
1.64
8.31
1.8
0.03
0.02
10.93
3.2
4.34
0.1
0.55
3.53
3.52
5.79
0.61
0.02
0.03
0
0
0
0
0
0.02
1.48
9.98
4.8
6.86
9.68
0.25
0.14
3.32
1.45
0.62
0.95
6.98
1.74
4.66
4.05
1.22
0.18
0.33
0.04
0
0.46
0
0.37
6.78
0.63
0.61
10.66
2.38
12.95
1.87
3.63
0.62
0.25
0.03
1.09
0.01
14.67
9.05
5.16
1.11
0.89
0.71
0.33
1.13
3.04
3.61
0.05
0.01
0
0.1
0
0
0
1.55
1.77
0.91
5.7
4.83
7.64
0
0
1.86
7.1
0.71
0.01
0
0
0
0.02
4.02
4.04
0.35
4.9
5.68
1.3
0.01
0.77
2.16
4.52
6.48
11.47
2.28
3.16
3.04
0.03
0.94
1.44
2.12
0.17
0.62
0.02
1.19
0.24
0.08
0
0
0
1.93
0
0
0
1.69
1.46
0.4
0.12
0
4.11
1.53
2.99
1.82
1.7
0.28
0.02
0
0
7.14
6.11
3.93
1.19
0.01
0
0
0
0
10.76
0
0.75
0
0.02
12.92
2.46
0.44
17.25
1.69
2.58
5.29
0.01
0.2
0.01
0
0.02
0
0
0.01
1.13
1.62
0.07
3.18
3.8
0.01
0
0
0
1.26
4.45
0.46
1.9
10.55
0.03
0
0.66
2.98
3.79
24.81
2.11
2.6
0.07
0.01
0.2
3.65
2.04
10.86
3.31
0.01
0
0
6.62
0.33
0.47
9.96
0.5
0
0.01
0.34
0.09
0
0
0
0
0
0
0
6.62
19.22
0.77
0.11
2.35
0.87
9.1
2.2
0.01
0
7.71
4.89
8.64
1.82
10.22
0.05
0.01
0
0
0
0
0.02
7.24
3.78
0.22
0
0
0
0.03
0
0
0
0
8.88
0
0
0
0
0
0
0
0
0.07
0.03
0.22
0
0
0.97
1.72
2.77
1.01
0.01
3.02
3.32
0.11
3.82
14.7
9.85
6.77
2.97
1.02
6
2.14
1.55
0.21
5.12
2.16
1.56
2.6
0.01
0.01
0.01
0.01
0.02
0
0
0
0
0.01
0
0.18
7.02
0.13
0.17
0.04
0
0.01
8.2
0.05
2.45
11.72
0.02
0.18
2.27
1.24
1.78
2.27
4.21
8.18
0.03
0
0.27
1.96
0
0.17
2.91
4.67
3.88
0.43
0.25
8.59
2.67
0.29
0.51
0.02
0.42
0.03
0.05
0.67
2.26
1.44
3.15
4.13
0.19
2.45
5.58
1.27
4.29
0.18
29.75
10.45
12.15
2.19
0.91
0.1
6.07
1.52
0.67
0.86
0.03
0
1.33
6.16
6.02
18.59
1.84
0.7
3.21
1.83