87
90.5
91.5
88.5
87
75
67.5
69
96
91
95.5
90
90
90.5
89
90
90.5
81
81.5
81
89
89
95.5
85.5
82.5
87.5
89
91
88
92.5
87
85.5
89.5
84
86
85.5
81
91
83
73
62.5
61
96
94.5
94.5
90.5
88
88.5
89.5
88.5
81.5
78
82
92.5
86.5
84
66
71
64
72.5
82.5
93.5
94
86.5
89.5
78.5
85.5
88.5
88.5
94.5
77
87.5
94
88
94.5
83
84
86
77.5
82.5
62
80.5
65
84.5
88.5
82.5
89.5
94.5
95
94
94.5
90
85.5
79
89.5
94
93
85
79.5
61
54.5
85
63.5
62.5
54.5
88.5
93
69
65
74.5
91
91.5
91
81.5
88.5
78.5
87
75
77.5
91.5
80.5
75.5
83
90
81.5
83
61.5
49.5
48.5
66
86
78.5
71
62.5
57
57
74
83.5
82.5
78
74
81.5
60
91.5
75.5
63.5
91
73
64
60
60
73
61
58
57.5
75
94.5
80.5
79
74.5
72
73.5
72.5
74.5
82.5
91
84.5
79.5
89
78.5
74
62.5
87
90
78
70.5
72.5
72
78
78
78
73.5
67.5
70
75.5
66
72.5
68
76.5
88.5
76
68
75.5
88.5
76
78.5
83.5
89
83
81
79
80
82.5
83.5
81
79
77
72
72.5
74
79.5
81.5
75.5
87
80.5
82.5
73.5
68.5
66
81.5
78
89.5
81.5
83.5
83.5
75
77
87
81.5
80.5
77
88
80.5
90
89
83.5
92.5
92
85
85.5
75.5
74
72
68.5
73
82.5
79.5
77
72
73.5
78.5
86.5
81
81.5
80.5
82
78
75.5
71.5
66
64.5
76.5
91
78
82.5
81.5
77.5
81
79
76.5
89
75.5
65
72
74
68
76
82.5
82.5
89
81
73
64
71.5
76
74.5
85
88
90.5
87
85
72
59.5
85
77.5
64
58.5
68.5
40.5
60.5
69.5
92.5
90.5
87.5
92.5
86
83
71
88.5
90
87.5
84.5
89.5
89
87.5
88
91.5
93.5
93
92
92
92.5
93
89
87.5
93
89
91.5
89
89.5
88
92
71
71
89
89.5
73.5
85.5
67
94
80
91.5
92.5
89
86.5
82
90.5
86.5
89
83
91.5
86.5
90.5
82.5
78.5
87.5
84.5
88.5
88.5
86.5
85.5
83.5
89
89.5
87.5
88
85.5
87
89
92.5
93
93.5
90.5
83
79
81.5
74
63
70.5
68
83.5
76
76.5
82
84
85.5
92
91
93.5
92
87
86
76
86
90.5
91
90
92
90.5
88
90.5
88
90.5
92
65
89.5
92
90.5
86.5
81
87
94
83
69.5
71.5
70.5
61
59.5
62
65
67
54.5
71.5
84.5
92.5
89.5
78.5
67.5
88.5
86
85
82
75
76.5
84
91.5
88.5
85.5
79
80.5
75.5
76.5
72.5
83
77.5
74.5
78
70
87
70
90
95
89
90
88
79
93
90
90
89.5
83.5
80.5
78
87
90
91.5
84.5
73
61
54
52.5
51
52
79
78
92.5
86.5
85
80.5
85.5
94
89.5
93
86
81.5
69.5
73
83.5
67.5
75
58
66
85
91
66
59
51.5
52
46.5
47.5
48.5
54
56
64.5
63
67.5
57.5
69
53.5
82.5
85
68.5
67.5
82.5
87.5
91
82.5
88
75.5
80.5
73.5
70
66.5
79
77
88.5
89
84.5
69
70
68
83
83
88
83
87
85.5
81.5
85
83
82.5
87.5
86.5
83.5
94
87.5
87
91.5
93
91
83
90.5
72.5
88.5
92.5
86.5
93
96.5
94
93.5
94.5
95.5
87
80.5
80.5
95
92.5
94
76.5
69.5
64.5
69.5
64
79
79
79
92.5
74.5
69.5
69.5
74
77.5
82
77.5
75.5
90.5
88
83
72.5
90.5
87.5
75
69
71
77.5
81.5
87.5
78.5
82
83.5
84
85.5
77
69
76
84.5
84
86
93.5
94
68.5
71
80
90
92
75.5
75.5
92.5
92
89
90
87.5
92.5
92
82
85.5
75.5
77.5
73.5
77.5
72.5
90
77
95.5
80.5
85.5
83.5
81
86.5
81
84.5
81.5
84
82
89.5
94
84.5
89
87
82.5
88
91.5
91
90.5
87
91
91.5
83.5
91
85
77.5
92.5
96.5
95
80.5
93.5
86
84
84
85.5
65.5
77
82
83
86
92.5
95
95.5
92
92
91
92
90.5
87.5
94.5
95
87.5
79.5
91.5
82.5
86.5
87.5
85
90
96
91.5
79
94.5
94.5
87.5
84
84
89
92
95
91
88.5
93
89
68.5
90.5
97.5
82
94
94
89
91.5
94.5
91.5
93
94
89
95.5
93.5
91
90
94
89
91.5
96
91.5
89.5
93
90.5
86.5
87
90.5
90.5
83
91
93
87
93.5
92
92.5
92.5
89.5
95
94.5
91
89.5
89.5
86.5
71
76.5
94
95
84.5
86.5
59.5
64.5
67.5
69
66.5
82
93
90
95.5
96
91.5
89.5
89.5
88.5
92
89
92
86
82.5
93.5
89
87.5
88.5
86.5
90.5
90
90
90
64
53.5
58
95.5
94
96.5
88.5
90.5
89.5
92
94
93.5
97
92.5
83.5
88
89.5
84
86.5
94.5
87.5
81.5
70
62.5
70.5
93.5
80.5
84
90.5
71.5
62.5
73.5
77
78.5
68.5
80
69
85.5
89.5
79
71
82.5
67.5
64.5
58
58.5
84
47.5
46
58
71
71
93.5
74.5
65
78.5
93.5
53
61.5
53
93
86
94.5
95
85
83.5
71.5
92
88
92.5
76
68.5
61.5
58
67
70.5
83
93.5
80.5
77
84
66.5
62
60.5
59
85
72.5
85
91
82.5
95.5
85.5
95.5
78
71
75
68
88.5
94
78
78
77.5
86
89
77.5
67
78.5
62
74
70
68
85.5
92.5
81
89.5
82
80
77
74.5
68
85.5
76
70.5
92.5
79
80.5
74
92
84
82.5
73.5
71.5
68
63.5
66
79
78.5
84
81
79.5
81
86
92
93
91.5
95.5
90.5
89
81
93.5
91.5
80
86.5
81.5
78
74.5
88.5
77.5
80.5
69.5
70
65
83.5
88
90
96
94.5
81.5
72.5
70.5
70
79
83
73.5
78
94
85.5
89
93
82
80
95
82.5
87
87
76
70
74
73
74.5
71.5
69.5
67.5
69
86
79
81
82
87.5
80
83
84.5
95
86.5
81.5
93
84
87.5
82
87
81
84
80
91.5
97
89.5
79.5
89
93
90
76
96
83
80.5
89.5
82.5
85.5
89.5
95
92.5
86.5
95
91
95
96
89
95
91.5
87.5
88
94.5
94
80
94
91
92.5
93
85.5
95.5
93.5
92.5
91
85
81.5
87
89
94
90
92.5
97
90
87
82
82.5
71.5
94.5
95
87
92.5
92
82
79
89.5
94.5
94
91
95
94.5
91.5
91
93
92.5
91
94
93.5
94.5
84
93.5
95.5
91
85
89
89.5
84
84.5
89.5
88.5
89.5
89
88.5
93
94
93.5
93
92
92.5
88.5
82
93.5
93.5
91.5
90.5
91
93.5
81
85
69.5
87
81.5
91.5
81
60
48
67
61
59
80
79.5
78
85.5
95
95.5
89
92.5
94
94
88.5
95.5
93.5
83.5
79
75
69
64
77.5
93.5
96
93
87.5
69.5
78
84.5
77
90.5
93
86.5
86
90.5
80.5
69
64
61.5
83.5
77.5
79
83
77.5
88.5
93.5
93
89.5
90.5
87.5
71.5
73
81.5
78.5
89
87
89.5
90.5
87.5
67
77.5
94.5
86
92
92.5
89
81.5
84
60
51.5
56.5
56
68
78
85
81
70.5
70.5
77
61.5
55.5
62
91.5
90.5
86.5
90.5
88.5
90.5
91.5
66.5
56.5
55.5
66.5
60.5
55.5
55.5
61
55.5
64
93
70.5
76.5
71
87.5
91.5
78.5
94
77
64
80.5
92.5
74
87
61.5
71
92.5
84.5
62
55.5
52.5
58
56.5
75
73
78.5
72.5
90
86.5
94.5
86.5
76.5
63.5
63
87
65.5
57
62.5
59
48
54.5
52.5
58.5
70
68.5
73.5
67.5
61
88.5
81.5
88.5
79
76.5
86.5
71
79.5
88.5
83
76
77.5
85.5
83.5
71.5
83
85
89
84.5
75
74
69
74.5
74
70
71
69.5
61
58.5
72
57
62.5
62.5
60.5
63.5
66
76.5
59.5
68.5
70.5
72
77
90.5
87
78.5
90
76
84
68
60.5
64.5
68.5
57
61
89
87.5
79
88
86.5
85.5
80.5
67.5
73
65.5
72.5
77.5
71
80
68.5
73.5
90
84
76
76.5
83.5
86.5
82.5
77
75
67.5
71.5
75.5
79.5
87.5
69
56
62
82.5
77
77
73.5
72.5
75.5
74
75
70.5
64.5
68
57
59
71.5
78
81.5
80
85.5
78
73.5
78
79.5
79
75.5
92.5
95
89.5
87.5
87
84.5
91
95.5
93.5
94.5
94
93
93.5
95
90.5
87.5
83
91
93.5
94
90.5
85
84.5
82.5
94.5
88
87.5
93.5
93
94
91.5
77
87.5
87.5
92
93
86
67
45.5
64.5
83.5
86.5
90
90.5
94
94.5
93
94
93
94.5
86
85.5
82.5
89
76.5
84
79.5
87
91
92.5
92
85.5
81
92
89.5
95.5
79.5
95
96.5
92.5
91.5
89.5
88.5
94
93.5
89.5
95.5
89.5
92
93
88
94
82.5
93.5
92.5
87.5
96
97
94
89.5
90
86
69.5
64
95.5
95.5
90
95
82
88
93
92.5
91.5
95
90
91.5
89
92
88
90
84
92.5
90.5
92
90.5
81.5
57.5
76.5
96.5
83.5
92.5
88
89.5
91
89
88
91
89
89.5
93.5
91.5
89
88.5
86
89
88
84
83.5
81
69.5
74.5
58.5
77.5
89
77
70.5
59.5
63.5
52.5
95
94.5
89
95
87.5
80.5
66
84
89
91
89
84
90.5
82.5
63.5
57
84.5
90
85.5
75
94.5
92.5
88.5
83
85
85.5
85
74
94.5
79
95
81
88
91.5
83
94.5
84
88.5
87.5
83
90
94.5
85
94
86
93.5
88
93.5
93.5
74
57.5
61
78
73.5
62.5
81
67.5
87
63
71.5
76.5
67.5
76.5
64.5
90.5
87
84.5
89.5
69
62.5
78.5
84
80.5
85
86
83
93
80
84.5
81
72
64.5
76
54.5
63
71
84
85
84.5
79.5
85.5
73
81.5
67.5
56
53.5
70
56
53.5
62
57
49.5
43
66.5
64.5
54.5
57.5
67.5
66
61
66.5
65
67
44.5
40
65.5
52
51
55
70.5
72
79.5
59
70.5
68.5
80.5
64
57.5
55.5
50.5
61.5
69
64.5
46
41.5
41.5
47
59
65
58.5
56
52.5
67.5
88.5
74
65.5
60
57
76.5
69
58.5
63.5
71
76.5
61
60
64.5
76
85
93
94.5
97
80.5
76.5
69
68.5
74
62
75.5
84
67
70
76
70.5
65.5
62.5
71.5
76
75
72.5
60
69
68
78
70
61
58
74.5
77.5
75
73.5
66
68.5
68.5
60.5
94.5
94
85
93
90
91.5
83.5
85.5
85
78
86
84.5
92
80
75
73
77.5
67.5
64
72.5
75.5
86
64.5
91
92
76
79.5
84.5
81
84.5
84
90.5
89.5
88
65.5
87.5
80
89
89.5
95.5
95
85
86
86
70.5
68.5
80.5
85
71
89
85.5
86
94
90.5
94
83
79
78
88
80.5
65.5
67
64.5
86
72
70.5
65.5
88
96
96
94
95
94.5
90.5
93.5
92.5
84.5
97
94.5
88.5
92
90.5
91
90.5
86
60.5
56.5
58
93.5
96.5
94.5
86
95
94.5
85.5
92.5
92.5
75
80
84
92
96
89.5
93
91.5
93.5
94.5
72.5
92.5
91.5
95.5
95.5
86.5
91.5
91
96
90
91
93.5
96.5
93
91.5
94
93
94
95.5
92
85
88.5
90
82
90
88
88.5
90
90.5
93
94.5
91
82
90
90.5
92.5
96
93.5
96
94
93
91.5
92.5
95
84.5
94.5
89
93
92
74
81.5
66
72
78
65
71
78
82
84.5
96.5
89.5
89.5
91
91
95.5
88.5
87
88
95
83.5
86
90
88
88
81.5
83.5
74
69
81
85.5
82.5
72.5
85
81
75.5
66
59.5
70
64
62.5
73
93
89.5
84
91.5
92.5
86
95
95
95.5
93.5
94
84.5
88.5
92
87.5
89.5
79
82.5
93
73
66.5
58
90
75
62
57
50.5
51.5
52.5
61.5
53
54.5
60.5
42
70
53
70
70
68.5
86
70
75.5
84.5
82.5
83
72
82
81.5
93
95.5
94
77.5
74.5
85
69
71
72.5
95.5
85.5
78
96.5
90.5
82.5
93.5
95.5
85
92.5
82
73.5
76.5
70
94.5
75.5
90.5
87.5
93
91.5
75
78
67.5
73.5
92.5
89.5
80.5
76
67
64
58
80
72
67.5
75
91.5
76.5
75.5
90.5
76
85.5
69
83
88.5
90
90.5
79
76.5
62.5
65.5
62
62
77.5
72
90
95
90.5
90.5
92.5
88
82
82.5
80
74.5
72.5
65
83.5
86.5
88.5
81
63
61.5
96
69
67
88.5
80.5
84
78.5
78
91.5
94
96.5
92.5
80.5
73
77.5
73
72
69.5
67
71.5
70.5
60
59
71
96
95
77.5
78.5
74.5
86.5
80.5
77.5
82
73
90.5
89.5
96.5
92
95.5
95
93
93
90
95
84
95
94.5
93.5
86
85.5
84.5
89.5
87
92
92.5
90.5
94
89.5
85
85
93.5
87.5
94
87.5
86.5
87
93
85.5
92.5
95
96
95.5
90.5
90.5
92
88
83
81
82
79.5
84
79.5
88
94
89.5
87
89
86.5
83.5
82
60.5
72.5
69
66.5
90
88.5
87.5
70.5
80.5
74
79.5
67.5
73.5
69.5
56
58.5
75.5
89
95.5
94.5
86.5
95.5
93.5
95
82
89
91.5
92.5
94
75
70.5
63
73.5
88
90.5
94
91.5
85.5
92
93
96
91.5
94
91.5
80
96
91.5
93
95.5
95.5
90
95
92
93
68.5
63.5
92
91
91.5
87.5
85.5
84.5
87
95
91.5
92.5
88
88
83
83
87
87.5
81
84
91.5
84.5
80.5
86
87
87.5
81
84
94.5
93
95.5
89.5
84
85
92.5
77.5
78
92
93
92.5
94
80
67.5
46.5
60.5
92
75
61.5
89.5
81.5
76
70.5
65.5
85.5
71
78.5
75.5
82.5
57
52
70.5
82
86
79.5
51
73
78.5
81.5
86
94
86
80
91
92
90.5
71
84.5
83
75
73.5
76
92
89.5
92.5
92.5
89.5
87.5
86.5
80
79.5
88.5
88
75.5
90
92.5
84.5
88.5
65.5
88.5
89.5
74.5
82.5
55.5
55.5
89
75.5
70
82.5
78.5
85
87
89.5
90.5
91.5
94
74
60
64
55.5
60
60
76
61.5
82
77
90.5
86.5
84
74.5
86
87.5
89.5
75
73.5
67
68
79
90.5
86
78.5
72
70.5
71.5
84.5
61
55
54.5
74.5
81
91
95
92
79
63.5
59.5
64
85
94.5
64.5
73.5
62
54
51.5
68
75.5
83
89.5
87.5
90.5
88
86.5
93
91.5
81.5
75
69
77.5
73.5
66.5
96
88.5
85.5
83.5
88
94
95
83
93.5
90.5
80
91.5
77.5
68.5
63
62.5
78.5
67.5
78.5
91
92
81
71.5
63.5
62
70.5
73.5
68.5
68.5
81.5
78.5
78
87
83
72
66.5
74.5
82
76
88
75.5
87.5
90
79
77
77.5
79.5
84
90.5
92
79
84
69
83.5
79.5
67
77.5
84
92.5
85.5
85
84
85.5
83.5
81.5
81.5
86
77.5
74.5
71.5
64.5
65
70.5
77
70.5
91.5
93.5
94
79
78.5
97.5
81.5
72
78
75
74.5
89
91.5
83.5
92
84
75.5
81
77.5
82
87.5
83
80.5
79.5
75
84.5
70
68.5
67.5
88.5
69
72
88.5
90
94.5
90
83.5
90.5
88.5
83.5
81.5
85
94
92.5
93.5
89.5
85.5
81
79
85
67.5
63.5
66.5
74
79
82.5
83
88
91
94.5
92.5
89
72.5
89.5
84.5
93.5
92.5
91
87
87.5
91
82.5
87.5
88.5
84.5
91.5
82
84
94.5
93.5
94
91
95
88.5
88.5
92
93.5
92
97
95.5
91
81
83
62
85.5
96
97
92.5
90.5
89.5
92.5
92
97
95
92.5
91.5
96.5
90.5
92.5
71
51.5
86.5
88.5
96
93
94.5
93.5
93
90.5
83.5
91.5
95
91.5
94
87
93
92.5
87.5
89.5
94.5
96
92.5
94.5
84.5
91.5
94
93
95.5
94
85.5
86.5
85
95
90
91.5
89
89.5
92.5
81
79
86.5
87
94.5
87
86
85
85.5
78.5
84.5
85
92
83
56
66
85
87.5
93.5
80.5
86.5
91
86.5
81.5
81.5
77
80
84.5
81
65.5
45.5
61.5
85.5
86.5
90.5
97
97.5
92.5
89
96
96
96.5
90.5
94
96
89
81
78.5
66.5
65.5
86.5
89.5
83.5
91
94.5
74
91
93
82.5
88.5
91.5
93.5
72
76
97.5
97
94.5
86.5
80
80
87
95.5
86
77.5
72
91.5
63.5
79.5
91
89.5
95.5
86
93
86.5
79
90.5
83.5
84.5
76
74.5
62
88
72.5
60.5
54.5
79
80.5
79
85.5
88
81.5
96.5
76.5
65.5
85.5
93.5
92
66
68.5
90
85
84.5
87.5
77
75.5
89.5
71.5
68.5
75.5
87.5
90
92
76.5
73.5
93.5
79.5
88
79.5
93.5
96
92.5
78.5
67
81
78
76.5
67.5
66
69
76
91
80.5
77
80
69.5
64
83
69.5
58.5
60.5
61
61.5
63
62.5
59
62
77
67
96.5
97
85.5
87.5
92.5
77
73
70.5
72
77
70.5
65
77.5
72.5
76
74
77
92
83.5
89
88.5
85.5
72
71.5
70.5
67
73.5
73
60.5
76
59.5
60.5
65.5
66.5
62.5
69
72
92.5
80.5
81
78
80
60
94
97.5
93
78
91
97.5
97.5
87.5
80
88.5
84
87
97
94.5
88
90
97
85.5
79.5
75.5
86.5
79.5
75
68
73.5
94
93.5
89.5
90.5
95.5
94.5
88.5
74
64
70.5
69
88.5
81.5
73.5
72
78
74.5
79.5
78
55
84.5
83.5
77.5
64.5
88
82
83.5
79.5
80.5
86
84
79.5
57.5
62.5
82
93
76
88
88
91
95
91.5
83.5
88
88
80
74.5
93
84
95
94.5
85.5
86.5
90.5
92.5
90
87.5
88.5
82.5
87.5
78.5
90
76.5
73
71.5
84
93.5
79.5
91
91
94
94.5
87.5
85
92.5
90
88.5
83
76.5
73
76.5
96
84
77
82.5
92
94.5
78.5
87.5
89.5
89.5
91
84.5
91
90.5
84
92.5
91.5
82
93.5
91.5
79
89.5
85.5
81
92.5
88
94
91.5
95
93
95.5
88.5
78.5
94
92.5
90.5
84.5
90.5
93.5
89.5
84
85.5
85
65
85.5
87.5
92.5
87
90
78.5
72.5
95.5
97
94.5
92
94.5
87
92.5
79
75
56
62.5
64
78
92
84.5
94
89
94.5
97
93.5
88.5
90.5
93.5
94
93
92
89
92.5
88.5
90
91.5
90
77
65
62.5
82
97
96
94
95.5
75
75
73
72.5
73.5
80.5
80.5
71
63
70.5
63.5
66.5
77.5
91
95
92
93
82
83
89
95.5
94.5
94.5
73.5
79
85.5
76
86
72.5
87.5
84.5
67
75
73
81.5
64
76.5
81.5
89.5
81
94.5
83.5
71
78
93.5
70.5
69
70
70
77.5
72
63.5
56
53.5
65.5
46
46
40.5
63
79.5
68.5
77
95
93.5
80.5
75.5
65.5
61.5
77.5
64
92
83.5
78.5
88.5
78.5
68
72.5
70
73.5
90.5
87
93
64.5
66.5
65.5
84
78.5
94.5
91
88
75.5
93
94
88
82.5
82
88.5
74
77
74.5
77
91.5
93
84
92
88
88
85.5
83.5
84.5
76.5
80
78.5
95
81
89.5
74
88.5
73
70.5
75.5
70.5
67.5
68
53.5
59
64.5
91
70
69.5
62
67
69.5
67.5
73.5
77
83.5
86.5
78
85
84.5
77.5
79
79
84
79
88.5
90
91.5
86
88
81
92.5
90
80.5
85.5
74.5
66.5
75
89
82.5
71.5
69.5
79
80
75.5
83.5
71
91
88
80.5
74.5
68
87.5
83.5
80.5
83
86
89.5
94
83
80.5
76.5
78.5
75.5
71
89
82.5
91
82
76.5
84.5
90.5
84.5
84
82.5
86
77
83.5
84
88
82
79.5
79
92
93.5
84
81
79.5
80.5
85
77.5
75.5
72.5
79
79.5
72.5
77.5
74.5
84
80
64
86.5
95.5
94.5
87
91.5
68
92.5
83
75
85.5
87
94
90.5
92.5
88
85
77
72
82
79.5
78
96.5
91
84.5
81.5
78.5
91
75.5
72.5
82
92
87.5
80
87
93.5
87.5
92
87.5
90.5
92.5
91.5
91.5
95.5
90
87.5
94
91.5
93.5
91.5
90.5
88
83
78
84
89.5
59.5
68
82.5
71.5
79
83.5
95.5
90.5
88.5
82
93.5
96.5
96.5
94.5
91
94
96
93
73.5
60
95
95.5
85
90.5
89.5
93.5
92.5
86
89
88.5
87
79.5
82.5
94
90.5
81.5
93.5
89.5
93
76
81.5
85
94.5
97
93.5
83.5
83
90.5
85.5
89.5
91.5
84.5
91
84
93
86
89.5
89.5
89.5
86
88.5
67
93.5
91
87
92.5
90
84.5
87.5
95.5
87.5
73.5
74
78.5
87
91
93
88
84.5
84.5
85.5
91
90.5
93.5
90
90.5
91
92
83.5
82.5
91.5
85
93
90.5
83
78
89
91
92
93
91
91
92.5
83
73.5
69.5
92
92.5
88.5
92
92
90
90.5
93
81
88
69.5
91.5
91.5
70
63
76.5
89
68
68
91.5
91
68.5
58
70
65.5
49.5
50.5
51
83.5
73.5
61
87
70.5
64.5
54
50.5
43.5
49.5
52.5
92.5
72.5
75
68
83
78.5
77
66.5
61
53
52.5
58.5
47.5
39.5
41
43.5
52.5
48.5
64
74.5
92
87.5
81.5
67
64
59.5
75.5
60
56
67
80.5
73
73
81
82
93
81
80
71.5
94.5
89
90
79.5
74
86
86.5
56
49.5
62.5
59
59
54.5
70.5
82
76
87.5
79
80
83.5
74
79
80
72
73
84.5
75.5
76
69.5
67.5
73.5
75.5
66.5
70.5
61
60
61
71.5
85.5
90
94
84
86.5
82
65
80.5
81
68
91.5
68.5
67
67
61
79.5
66.5
66.5
61.5
82.5
81.5
70.5
66.5
72
58.5
55.5
68
68
74
64.5
62
62.5
65.5
60.5
58.5
51
73.5
83.5
81
87
71
74
85
79.5
89.5
77.5
68.5
75
66
73
78.5
92
84.5
95
79
74.5
72
70
66
84
71.5
84
93
91
89.5
83
81
89.5
84.5
85.5
81
84
81
94.5
85
78
73.5
74.5
72.5
71.5
80
88
93.5
88.5
93
92
76.5
68
79.5
91
95.5
84
88
88
90
90
78
84
92
82
82
89.5
94
92
84.5
71
90.5
73.5
86.5
86.5
86.5
89.5
81
64.5
68.5
75.5
81.5
80.5
67.5
87
89
90.5
82
94
93
88.5
85.5
93.5
88
93
77.5
84.5
92
95.5
95
95
94
93
89
95.5
94
92
94
93
80
90.5
87.5
93.5
88.5
93.5
87.5
93
93
88
80.5
67.5
84
94.5
93.5
86
93.5
94
93
93.5
94.5
94
92.5
93.5
91
87
93.5
94.5
90.5
70
89
92
95.5
93.5
93.5
95.5
92.5
87.5
87
85.5
90.5
90.5
90.5
91.5
93
63
75.5
90
90.5
91
62
64.5
59
52.5
59.5
94
91
89
84
67.5
72.5
68.5
93.5
95
89.5
82.5
79
71.5
70
93
81.5
82.5
86.5
83.5
69
93.5
90.5
80.5
69.5
94.5
91
91.5
79.5
88
89
94.5
90
90
92
88
91.5
65
65.5
89.5
70
64
69.5
87
73.5
75.5
93.5
93.5
91.5
72
66.5
78
68.5
85.5
58
86.5
71.5
71
50
54.5
82.5
65
61
83
60.5
82
78.5
93.5
69
94.5
87
68
74.5
66.5
71
88
91
92.5
89.5
87
70.5
93
72.5
79
88.5
84
66.5
58.5
89
84.5
92
71.5
67.5
59.5
58
67.5
70.5
63
57
64
64.5
53
92.5
91.5
85
84.5
77.5
64
54.5
53.5
56
55
53
58.5
45.5
42
47.5
45
50
53
56.5
67.5
75
56
50.5
78
87
87.5
83.5
75.5
92.5
80.5
62
57
85
69.5
52.5
49.5
56
56
50
53
53.5
52.5
62
72
84.5
76
60.5
70.5
68
76.5
66
82.5
75.5
86.5
87
76.5
60
58.5
64
75
87.5
75.5
75
63
71
73
71
71.5
64
65
61.5
57
49.5
47.5
71
74
75.5
80.5
75.5
64.5
60
70.5
74.5
81
74.5
74.5
70
60
67.5
74.5
83.5
78.5
69.5
65
74
61
63.5
65.5
58.5
82
61
60
63.5
57
73
70
64
88.5
87.5
92
85
76.5
73.5
63.5
81
81.5
92
73.5
70.5
65.5
66.5
67.5
65
67
76
74
94.5
83
93.5
92
80.5
69.5
71.5
78
77.5
74.5
92.5
96
83.5
86
86
82
86
92
90.5
83
71
65
58
91.5
93
92
95
86.5
95.5
92
86
86
92
81
70.5
60
82.5
91.5
71.5
66.5
66.5
83.5
91.5
83
75
73.5
85
85
94
96
88.5
96
89.5
87
91.5
89.5
85
87
77.5
61.5
54
55
61
89.5
79
52.5
59
59.5
73.5
78.5
89.5
88.5
90
80
79.5
93
85.5
67.5
69.5
59.5
63.5
59.5
73
93
95
92.5
92.5
96
90.5
91.5
89
92
79
93
72.5
81
77
83.5
94.5
75
93
85.5
90
61
71
83
85.5
86
83.5
91.5
