25.203087886
6.39952494062
2.19002375297
45.9111638955
14.3729216152
48.0527315914
9.37125890736
0.0928741092637
0.29406175772
0.00570071258907
0.149643705463
0.0
0.0
0.0
0.00118764845606
0.161520190024
0.0
0.0
0.0
0.0
53.0194774347
45.6327790974
58.5213776722
1.50190023753
24.2280285036
25.5482185273
12.0980997625
9.96389548694
9.09952494062
92.2064133017
188.311876485
34.5655581948
162.358194774
158.586698337
62.1097387173
91.3655581948
43.3980997625
18.2589073634
1.31377672209
0.899287410926
13.1774346793
35.4855106888
1.69121140143
1.28432304038
0.0
19.4679334917
9.54536817102
0.095486935867
0.0
0.0
0.0
0.0
0.0
0.0
0.0
0.0
0.0
0.0270783847981
2.79144893112
14.9522565321
2.21425178147
10.9270783848
9.59596199525
5.31330166271
0.902375296912
90.767695962
16.3047505938
3.09026128266
0.114964370546
16.5427553444
12.1921615202
20.6878859857
2.88598574822
0.72351543943
0.0
0.0
0.0
0.213301662708
3.45819477435
1.35154394299
7.09002375297
2.84346793349
0.0
0.16460807601
7.64441805226
32.5593824228
63.8985748219
43.1408551069
45.2023752969
10.9850356295
86.7762470309
86.0762470309
34.9997624703
33.4187648456
14.6315914489
1.20783847981
0.262470308789
5.3351543943
30.9553444181
57.6591448931
21.3498812352
0.0
0.0
0.0
0.0
0.0
0.0
0.0498812351544
5.30617577197
30.4475059382
23.0052256532
7.23325415677
10.6888361045
6.8
73.5598574822
129.154394299
3.3864608076
48.3821852732
2.27648456057
16.3403800475
0.0
0.0
1.44798099762
94.4372921615
6.23562945368
0.0
1.8648456057
2.70190023753
37.7957244656
0.0
0.0
0.0
0.0
0.0
0.0
0.0
0.00760095011876
0.0883610451306
0.0857482185273
0.319002375297
14.9843230404
0.216864608076
0.0769596199525
0.441330166271
1.35439429929
0.0940617577197
0.0491686460808
19.2980997625
14.1570071259
272.354869359
5.60380047506
34.8311163895
33.7814726841
0.0137767220903
0.0486935866983
0.0
0.0
0.215201900238
96.9631828979
2.08622327791
41.0026128266
140.229928741
3.58503562945
0.0541567695962
0.729216152019
186.681472684
6.49429928741
5.17980997625
16.4076009501
25.6553444181
30.1726840855
23.5401425178
5.81496437055
32.6988123515
10.5826603325
78.1040380048
49.7011876485
68.0332541568
50.2467933492
113.948456057
26.6052256532
7.48123515439
148.838954869
86.5239904988
83.6700712589
9.93064133017
57.0866983373
28.4375296912
60.5843230404
4.75439429929
3.8486935867
91.5529691211
154.985510689
71.1266033254
53.9779097387
97.2916864608
101.134441805
1.21021377672
0.180997624703
45.8114014252
57.2828978622
63.8118764846
167.728503563
0.116864608076
0.0
0.0
0.0
0.0
36.8638954869
3.26033254157
0.15890736342
5.11377672209
0.171258907363
0.0
0.0
12.2358669834
0.0061757719715
1.52684085511
0.0
0.0
22.026128266
0.0116389548694
0.0743467933492
79.1154394299
56.2432304038
0.0
0.0
0.0
5.4325415677
57.1144893112
20.0534441805
35.493111639
0.509976247031
11.0118764846
15.7465558195
6.09619952494
11.6912114014
0.563420427553
0.0
0.0
0.105700712589
66.7342042755
117.785510689
50.6836104513
8.9406175772
0.0
0.0
0.297387173397
42.6213776722
17.86152019
0.0
114.961995249
32.9641330166
30.6774346793
23.2574821853
70.0819477435
45.1270783848
12.5952494062
0.0755344418052
0.312114014252
18.964608076
0.0
0.0
0.0
0.0883610451306
0.119002375297
61.5814726841
6.21662707838
25.8256532067
0.000237529691211
0.114964370546
0.00356294536817
0.000950118764846
0.522090261283
20.129216152
0.13729216152
0.0
0.472209026128
2.38788598575
44.006175772
194.021140143
9.68218527316
5.50641330166
0.185985748219
8.09833729216
0.374346793349
6.09643705463
0.264133016627
0.781947743468
15.251543943
60.8779097387
4.91781472684
20.5033254157
0.000475059382423
0.046080760095
1.6513064133
93.5681710214
56.1657957245
3.87600950119
0.754394299287
3.89311163895
1.18123515439
29.5458432304
0.0294536817102
0.0570071258907
0.0
0.0
0.838954869359
0.669833729216
2.28788598575
52.9451306413
3.75225653207
2.14156769596
0.257719714964
0.440855106888
5.29524940618
0.462945368171
0.309026128266
17.5166270784
85.6287410926
72.7427553444
50.7681710214
9.08456057007
19.8729216152
0.128503562945
0.185748218527
0.174821852732
0.0
0.108551068884
65.8729216152
3.55771971496
10.0235154394
50.3902612827
41.6695961995
10.4890736342
2.78456057007
25.7836104513
27.7755344418
30.5627078385
86.6847980998
14.0909738717
0.563182897862
1.20118764846
0.0646080760095
0.166033254157
3.63467933492
2.99382422803
134.767458432
111.183372922
47.4503562945
0.927553444181
8.32494061758
44.8076009501
0.15486935867
31.9719714964
6.89121140143
16.9211401425
22.7315914489
4.43729216152
30.5855106888
16.1318289786
1.16817102138
0.0900237529691
2.47220902613
6.22779097387
16.2712589074
54.0902612827
117.698574822
128.645368171
27.4857482185
30.7995249406
10.9047505938
7.68361045131
0.904038004751
27.3014251781
18.7978622328
0.853919239905
32.3467933492
2.9190023753
152.518527316
35.1026128266
84.1315914489
28.4985748219
28.6619952494
47.1204275534
4.94204275534
0.129216152019
0.00190023752969
0.0
3.14798099762
6.64940617577
1.84916864608
0.0
0.0
0.0
0.0
0.0
0.0665083135392
0.258432304038
88.5667458432
34.6634204276
24.8097387173
28.9144893112
8.50356294537
3.1648456057
1.62589073634
19.5624703088
20.3266033254
10.948456057
0.0790973871734
0.0
0.0
0.0244655581948
3.82114014252
12.4840855107
3.67125890736
8.1513064133
0.394774346793
0.0021377672209
0.0
0.0
0.0
0.0
0.0
23.5375296912
14.7847980998
52.3327790974
29.6688836105
2.683847981
4.88313539192
10.7114014252
41.1536817102
57.4125890736
144.770308789
105.659144893
39.2862232779
7.91425178147
41.7589073634
19.2985748219
7.59002375297
28.2111638955
18.106888361
0.534679334917
0.483372921615
1.0080760095
0.0178147268409
17.306175772
175.833016627
20.4603325416
62.3774346793
68.7494061758
0.000237529691211
0.0
0.0
0.309976247031
0.0
0.0
0.125178147268
0.0667458432304
4.6325415677
5.40118764846
0.0560570071259
4.94465558195
6.016152019
0.00166270783848
0.0
0.0
0.4
0.0482185273159
0.0
0.30593824228
0.372446555819
0.0111638954869
6.13444180523
12.790736342
0.417102137767
0.0
7.00023752969
22.0731591449
0.183372921615
0.0
0.165558194774
301.844655582
8.16460807601
25.5437054632
97.073871734
45.8912114014
1.3729216152
0.334916864608
20.8567695962
10.0591448931
18.4548693587
0.0391923990499
0.0
0.0
0.0
37.013064133
45.1118764846
56.5850356295
0.174346793349
0.883135391924
42.9019002375
14.2206650831
0.145843230404
0.0244655581948
0.0
0.821852731591
17.9133016627
15.8282660333
35.6361045131
16.2289786223
122.298574822
203.605938242
17.9425178147
109.927553444
0.737767220903
21.1247030879
29.4377672209
25.9819477435
481.397624703
11.3674584323
1.63301662708
3.3648456057
42.0059382423
6.03064133017
18.2009501188
1.23990498812
3.22612826603
3.70688836105
0.0
0.0655581947743
13.5071258907
2.74726840855
111.617814727
35.8636579572
1.96342042755
66.2494061758
53.7850356295
2.09144893112
1.85273159145
0.0
10.1142517815
106.003800475
0.36674584323
165.79192399
49.964608076
5.61140142518
1.47007125891
20.6624703088
48.2080760095
0.845605700713
0.0
0.0
0.0
0.0
0.0
2.63942992874
36.406175772
3.30617577197
4.32850356295
1.07529691211
0.202850356295
13.2800475059
18.0256532067
40.3313539192
11.7919239905
27.5361045131
144.202850356
180.099287411
66.0876484561
16.4038004751
92.3957244656
82.7014251781
1.73444180523
3.43491686461
0.0
0.816864608076
6.79714964371
1.68859857482
41.2389548694
1.02375296912
0.0
0.0
0.0
124.486223278
3.96009501188
296.712351544
512.657957245
50.793111639
0.0660332541568
0.0
0.0
0.0
2.25771971496
0.0
0.0
57.6296912114
102.052256532
6.64536817102
3.02921615202
21.4726840855
0.217339667458
4.76983372922
37.1786223278
18.5168646081
0.178147268409
0.376009501188
0.0
0.0
0.0
0.0
0.0
0.0
0.0
0.0
0.0570071258907
9.9190023753
0.00237529691211
0.0133016627078
2.85819477435
4.36128266033
0.0809976247031
6.87102137767
25.8225653207
18.7679334917
8.1674584323
23.6042755344
35.3957244656
3.09809976247
28.7458432304
97.464608076
20.4399049881
0.62945368171
6.34798099762
0.432779097387
10.7904988124
98.1038004751
8.17814726841
0.000237529691211
0.245843230404
20.0237529691
91.9180522565
8.86722090261
14.6019002375
3.69857482185
13.809976247
0.0
110.575296912
208.156057007
45.4909738717
61.8762470309
23.2565320665
35.0403800475
164.254631829
2.56413301663
27.125415677
73.6475059382
10.7527315914
85.9026128266
5.01021377672
0.514726840855
0.323990498812
2.75059382423
13.9399049881
0.128978622328
4.3757719715
52.2508313539
42.0923990499
31.1828978622
16.8087885986
17.8845605701
20.6244655582
1.14893111639
0.571258907363
15.3095011876
9.90047505938
4.6674584323
8.30356294537
7.76817102138
3.90997624703
42.7767220903
19.9021377672
28.7014251781
7.34988123515
0.0714964370546
0.0434679334917
5.41876484561
76.0365795724
25.490023753
13.1420427553
29.9783847981
0.269121140143
26.2007125891
4.81971496437
51.5441805226
71.2377672209
107.114014252
9.96270783848
31.2140142518
134.539667458
25.1805225653
8.46294536817
180.840142518
67.5536817102
20.7914489311
76.3147268409
77.3748218527
261.366983373
83.8007125891
8.63871733967
105.000712589
4.91852731591
13.0976247031
46.5225653207
18.5444180523
0.265795724466
1.50570071259
49.6764845606
5.77529691211
0.435866983373
19.9579572447
14.7282660333
7.17529691211
22.8888361045
15.9173396675
6.14275534442
1.50593824228
9.38432304038
8.97125890736
89.3814726841
18.2199524941
1.94346793349
14.4840855107
18.3197149644
50.2928741093
149.690973872
6.53990498812
0.770071258907
1.18812351544
55.0662707838
34.4382422803
84.2410926366
0.388361045131
0.0
0.0
0.0
0.0
0.0
0.0
0.0
0.00380047505938
2.64821852732
6.01496437055
11.4779097387
1.51330166271
7.10285035629
7.17553444181
4.03396674584
73.3904988124
80.5121140143
93.3992874109
7.39881235154
0.0
0.0
0.0
0.0
0.0144893111639
17.9437054632
27.8681710214
34.7619952494
0.930641330166
0.0959619952494
0.0
0.00760095011876
0.132304038005
0.354156769596
1.94631828979
0.020190023753
0.0021377672209
0.0
0.0
0.0
0.0
8.03942992874
6.36294536817
0.0
0.146318289786
0.0
0.0
10.3985748219
73.2028503563
37.4159144893
140.43111639
16.3396674584
2.26888361045
0.0
0.0
0.0
0.793586698337
165.818052257
17.1593824228
56.8885985748
17.3534441805
0.625653206651
0.806175771971
42.7520190024
52.4845605701
3.47529691211
0.492874109264
11.2315914489
0.0653206650831
3.92565320665
0.0
0.0
0.0
0.0
0.0301662707838
0.71567695962
10.1327790974
0.0
0.0
0.0
16.1401425178
0.544418052257
0.878147268409
0.0
7.62185273159
218.517102138
94.2524940618
15.1325415677
11.0194774347
16.8722090261
15.7389548694
8.9541567696
0.0
0.0
0.0
0.0
0.0
0.0
0.0
0.0477434679335
0.0
145.476484561
40.6280285036
0.817339667458
2.86888361045
1.44845605701
5.23990498812
42.0952494062
31.0076009501
36.7904988124
0.121852731591
0.000950118764846
24.1334916865
22.6106888361
69.8783847981
29.8365795724
0.0
22.9570071259
248.044180523
39.3356294537
0.0
0.0
0.0
0.0
0.488598574822
2.6432304038
6.58598574822
0.288598574822
3.59334916865
7.22850356295
3.92019002375
64.0548693587
19.2147268409
0.0
0.0
0.382185273159
0.587410926366
0.0
0.0
0.0
0.0
0.0
0.0771971496437
0.0
4.70166270784
23.129216152
4.09643705463
14.206888361
0.0
0.125890736342
130.928028504
47.2365795724
40.7513064133
10.6009501188
0.456532066508
43.8237529691
0.516152019002
36.2232779097
26.5945368171
0.0244655581948
0.149881235154
19.8522565321
9.47434679335
4.84679334917
13.5814726841
45.8239904988
36.4897862233
26.6313539192
69.7059382423
7.33301662708
0.241330166271
2.76722090261
90.9311163895
2.36247030879
0.0622327790974
0.916389548694
0.0
0.0
0.0
0.0
0.0
0.0
0.0
0.0
17.0451306413
0.217339667458
0.0
0.0
0.0
0.0
63.5204275534
102.138004751
5.92517814727
77.3990498812
74.1536817102
2.51662707838
3.87363420428
52.1926365796
0.0
0.0
0.425178147268
0.597862232779
0.0653206650831
22.2508313539
0.741330166271
9.51971496437
58.9529691211
27.8434679335
29.1520190024
1.03800475059
0.00190023752969
0.0760095011876
23.9926365796
8.91496437055
3.92660332542
3.06508313539
0.0
13.4629453682
81.9933491686
5.17672209026
37.7054631829
0.428028503563
0.0
6.37125890736
8.01710213777
2.73135391924
19.8945368171
2.72375296912
0.724703087886
0.0
1.71306413302
0.0
0.0
2.59263657957
0.0
0.00546318289786
32.2251781473
6.67244655582
0.000237529691211
0.0
0.0
0.0
0.0
0.0
0.0
0.0
0.0
0.0
0.0
0.44513064133
0.0
0.342280285036
104.819477435
5.34275534442
5.67268408551
0.503325415677
0.0548693586698
44.1543942993
0.0
0.0
0.0
36.9375296912
0.580285035629
0.00142517814727
0.00237529691211
0.0
56.6964370546
222.612826603
514.026840855
48.2087885986
21.8448931116
28.5173396675
85.3349168646
72.8380047506
122.198337292
101.510926366
4.46009501188
1.16247030879
23.4800475059
2.43159144893
0.486935866983
0.0318289786223
0.197624703088
0.0
80.206888361
9.39358669834
0.0714964370546
0.570308788599
1.88622327791
0.242517814727
0.00546318289786
0.0
0.0
0.00308788598575
0.0788598574822
0.0926365795724
0.769121140143
0.00356294536817
0.083135391924
0.883372921615
3.42565320665
0.319952494062
1.17244655582
1.06674584323
76.2467933492
32.5997624703
46.0866983373
3.22541567696
68.0748218527
74.9736342043
67.0178147268
17.1489311164
1.00498812352
1.01520190024
53.6942992874
1.77672209026
15.3349168646
3.98361045131
0.0154394299287
32.1446555819
0.0631828978622
0.0
0.0
0.0
0.0776722090261
0.0847980997625
0.844418052257
12.5479809976
32.0824228029
87.9855106888
21.9121140143
88.5798099762
74.7510688836
16.2289786223
104.672684086
3.57909738717
26.2185273159
200.252969121
30.9244655582
17.2220902613
5.11805225653
69.2247030879
133.738004751
46.6334916865
23.2432304038
15.151543943
12.6591448931
2.55961995249
13.9334916865
55.2306413302
15.8427553444
0.00190023752969
0.0
0.0
8.25795724466
9.58622327791
98.3581947743
86.8019002375
58.7845605701
33.6762470309
13.635391924
13.8669833729
24.3327790974
5.61995249406
1.27102137767
0.0182897862233
23.5087885986
69.0277909739
64.058432304
24.841567696
3.76817102138
30.7019002375
28.709976247
12.9795724466
3.15368171021
0.16080760095
0.00546318289786
0.52541567696
10.2023752969
5.96935866983
17.5
69.042280285
18.0434679335
74.9258907363
75.4840855107
108.278622328
13.8845605701
24.3235154394
3.0973871734
58.590023753
45.93847981
11.6387173397
2.21520190024
1.07078384798
1.19073634204
2.81520190024
7.64964370546
0.0444180522565
0.0
0.0
0.0
0.314489311164
0.0
1.083847981
4.89121140143
0.0
0.0
0.0
0.0
22.57695962
38.0033254157
58.3928741093
22.0477434679
27.4876484561
0.446318289786
0.108076009501
0.0
0.000950118764846
0.242992874109
0.470071258907
0.0441805225653
0.0
0.0
0.149168646081
0.00332541567696
4.63610451306
27.9527315914
19.7904988124
0.412114014252
28.9779097387
39.1102137767
47.445368171
17.8641330166
49.6356294537
119.706175772
63.6375296912
56.8080760095
45.6855106888
34.4952494062
31.1375296912
36.7973871734
3.33182897862
28.1522565321
28.7809976247
69.3600950119
142.804038005
0.910451306413
8.65486935867
73.8289786223
56.5992874109
65.1710213777
176.363182898
8.10403800475
63.2256532067
41.3472684086
87.413064133
13.9610451306
35.7007125891
14.3237529691
0.0
0.0
1.37173396675
132.075771971
0.0764845605701
1.35510688836
0.210688836105
82.8717339667
0.748693586698
19.2757719715
27.8945368171
10.8643705463
11.1757719715
11.3413301663
19.6394299287
30.7382422803
57.2197149644
14.3111638955
20.760807601
0.187885985748
0.0287410926366
66.5403800475
12.6116389549
5.51330166271
16.906175772
12.9722090261
25.739192399
26.7636579572
39.1045130641
19.8007125891
1.39548693587
4.77268408551
0.153681710214
28.1985748219
0.0
7.63634204276
10.0434679335
289.447743468
80.0843230404
209.38456057
34.060807601
71.083847981
36.6524940618
27.3344418052
1.95581947743
0.0
50.316152019
1.90023752969
0.0
0.0959619952494
0.363420427553
0.191211401425
0.3216152019
1.79619952494
5.15344418052
0.0
0.0
0.0220902612827
2.27078384798
4.69216152019
4.2539192399
0.998337292162
0.0
0.00403800475059
0.0
0.0
56.9308788599
0.0631828978622
0.0
0.0
82.4465558195
12.8828978622
18.664608076
0.17054631829
1.74964370546
22.3178147268
18.8724465558
0.262232779097
0.0
0.0
0.565083135392
2.89762470309
6.03729216152
36.0622327791
0.0
0.0
0.0
0.0
0.0
0.0
0.0980997624703
95.9125890736
3.03135391924
130.470308789
97.4724465558
0.0
0.0
0.0
0.312589073634
1.22019002375
0.0
0.0
1.13040380048
0.223277909739
0.0
0.0
0.0
34.6413301663
19.7239904988
15.8805225653
59.0194774347
181.817102138
88.7437054632
0.245368171021
0.38622327791
0.0391923990499
0.0339667458432
9.05035629454
0.0
0.117814726841
0.0
0.0
1.39952494062
11.8467933492
0.0
0.0
0.0
31.7771971496
31.1914489311
13.4294536817
0.0125890736342
0.0
0.0
0.0
0.0
0.0
0.0
0.0
12.9465558195
4.11852731591
51.157719715
0.424940617577
0.0
0.0
0.0
8.7216152019
107.494061758
164.934679335
26.3698337292
22.193111639
42.1380047506
56.2294536817
150.604275534
28.2109263658
8.4893111639
0.388361045131
73.2947743468
2.32992874109
49.7133016627
0.288361045131
0.016864608076
15.3527315914
0.0
0.0
0.0
0.0
0.144418052257
0.0
1.08313539192
46.4225653207
0.538479809976
0.0
0.0
0.0
7.31567695962
94.5912114014
22.72304038
23.4071258907
16.2460807601
0.385985748219
0.732066508314
35.4831353919
21.8657957245
108.340617577
4.42802850356
19.7106888361
28.4211401425
0.0166270783848
0.0
0.0
0.0
0.0
0.301425178147
0.119477434679
0.0
15.9125890736
6.74109263658
0.139904988124
8.19501187648
0.575534441805
0.107125890736
0.00688836104513
0.00356294536817
0.285985748219
0.116152019002
0.025890736342
0.0572446555819
0.167933491686
0.0985748218527
0.0
0.0
0.0
0.412589073634
7.22090261283
1.45178147268
2.45344418052
3.61116389549
1.35795724466
2.85748218527
4.8945368171
0.000237529691211
0.0
15.5952494062
136.679097387
228.516627078
135.735629454
41.367695962
22.3897862233
22.8802850356
1.26365795724
0.0
0.0
0.0562945368171
5.0458432304
39.180760095
12.4282660333
10.1441805226
19.5318289786
21.2688836105
9.99073634204
0.0
0.0546318289786
0.0
0.0
0.0
0.930403800475
33.2589073634
10.1957244656
8.35534441805
1.95273159145
34.2859857482
5.56650831354
22.9251781473
109.60023753
78.1866983373
0.263182897862
0.612351543943
0.0432304038005
0.372921615202
0.0
19.3888361045
114.824465558
99.3950118765
44.8950118765
29.5593824228
2.99358669834
26.7672209026
42.0147268409
11.1655581948
3.57933491686
10.4774346793
12.2427553444
121.682422803
255.231353919
37.8213776722
213.528503563
47.3275534442
8.45581947743
0.459857482185
6.06532066508
0.424228028504
56.0617577197
61.509976247
68.5852731591
1.767695962
9.70308788599
5.05629453682
11.1429928741
39.3318289786
25.2714964371
77.5548693587
46.8501187648
19.4966745843
104.031828979
13.5532066508
46.148456057
465.70760095
25.509976247
93.3551068884
10.0826603325
15.735391924
10.3976247031
0.217339667458
0.0
0.0125890736342
0.0
0.0
0.0
0.0
0.0
0.0306413301663
14.2166270784
12.729216152
0.0
0.0389548693587
6.0890736342
9.48313539192
23.8358669834
0.10190023753
0.0
0.0
50.2494061758
2.98337292162
0.0
0.611638954869
0.224703087886
2.07482185273
5.05249406176
0.752019002375
0.0
0.0
0.233729216152
0.0570071258907
0.0
0.0
0.0
0.0
0.0
0.0
0.0
0.0
0.0
0.0541567695962
17.5087885986
19.2401425178
17.0349168646
90.7247030879
56.1152019002
17.9693586698
2.6567695962
40.0301662708
111.860095012
85.3387173397
17.796912114
28.1952494062
6.77482185273
9.57909738717
0.820190023753
2.01781472684
7.61187648456
0.00546318289786
0.130403800475
26.8429928741
0.0
0.0
0.0698337292162
27.4080760095
0.0
0.0
0.0
0.0
0.0
0.0
0.0
0.0
0.0
0.0
0.0
0.0456057007126
0.00736342042755
14.8878859857
3.00902612827
1.51496437055
8.72042755344
0.364133016627
16.9741092637
0.335154394299
0.866270783848
1.78004750594
0.0
3.24536817102
16.6534441805
30.680760095
23.7448931116
70.8216152019
0.62945368171
38.790023753
6.60760095012
0.390498812352
165.680760095
35.7021377672
341.117577197
9.93942992874
170.35391924
99.8662707838
87.5111638955
38.6123515439
189.648456057
149.467695962
137.588836105
71.5337292162
2.92351543943
11.8467933492
9.35344418052
0.0600950118765
4.13729216152
101.806175772
114.876009501
2.18479809976
272.161995249
0.291923990499
7.20237529691
0.0
0.0
0.134204275534
36.0118764846
0.829928741093
0.0125890736342
0.0456057007126
0.0
0.0
4.44964370546
50.1054631829
44.6988123515
0.176722090261
0.691211401425
49.1560570071
0.0159144893112
4.75344418052
26.6726840855
9.44038004751
26.706175772
10.7441805226
85.9562945368
32.0992874109
3.67434679335
0.0472684085511
0.0
0.0
0.0
0.0
0.0
44.3451306413
3.06840855107
33.6342042755
221.219239905
184.237054632
67.0914489311
2.01140142518
29.6380047506
4.43705463183
0.00308788598575
0.0
0.0
0.0
0.0
0.0938242280285
17.9073634204
43.1847980998
20.1971496437
0.26460807601
13.751543943
100.220190024
30.0980997625
4.53064133017
1.08432304038
36.3365795724
8.10593824228
8.69667458432
0.243467933492
0.252731591449
5.37695961995
66.3444180523
93.7118764846
3.2893111639
0.147743467933
0.0638954869359
0.0422802850356
0.08432304038
0.831828978622
0.0
0.0
0.0
0.0
0.0
0.0
8.0377672209
354.665558195
3.5216152019
0.0
0.0
0.0
0.0
0.0
0.0548693586698
0.0
0.0
90.1593824228
8.39311163895
105.995011876
80.3871733967
148.35368171
208.229216152
60.057719715
119.713301663
20.0714964371
5.38622327791
50.4147268409
31.0420427553
0.844893111639
3.05035629454
0.0888361045131
21.983847981
1.34798099762
32.67695962
34.1845605701
45.3344418052
33.239192399
42.1871733967
39.2978622328
0.0185273159145
0.28622327791
18.2149643705
11.1874109264
59.5667458432
8.23990498812
16.2985748219
67.5356294537
17.7883610451
12.9971496437
8.93491686461
20.5774346793
28.9403800475
9.32755344418
0.343942992874
0.109263657957
0.0456057007126
0.276009501188
0.0
0.0
0.0
72.3370546318
15.4301662708
43.9866983373
0.897387173397
45.6520190024
31.741567696
1.63491686461
63.9596199525
62.2919239905
2.11923990499
0.0
0.096674584323
0.050593824228
0.041567695962
0.0919239904988
0.0883610451306
0.26460807601
0.0
0.0
0.0
0.0
0.0
0.0
0.0
0.0767220902613
0.0
0.0
0.0
0.993824228029
35.7710213777
20.3935866983
0.932304038005
0.290973871734
4.27220902613
69.142280285
370.010451306
209.117577197
132.722565321
27.0733966746
1.12327790974
0.168171021378
0.0919239904988
0.0
0.0
0.0
0.319952494062
0.0489311163895
0.0444180522565
0.495011876485
0.20593824228
0.0334916864608
0.807125890736
14.0213776722
0.822090261283
0.00237529691211
0.0
0.0532066508314
64.4337292162
0.264370546318
70.9064133017
49.8258907363
81.5688836105
20.0961995249
63.5401425178
22.7451306413
0.0712589073634
0.0377672209026
0.0
9.01781472684
0.531116389549
0.0
0.109501187648
0.881472684086
0.197862232779
20.5425178147
113.447505938
20.193824228
27.642280285
12.0489311164
7.92066508314
7.41805225653
3.1973871734
10.7080760095
10.6957244656
2.77007125891
23.1242280285
20.5332541568
1.37315914489
0.210451306413
0.11567695962
0.0
0.0
0.0477434679335
27.3513064133
15.0712589074
22.3429928741
29.1833729216
3.31235154394
22.8194774347
53.1667458432
47.774584323
0.361282660333
0.219952494062
28.7244655582
13.3204275534
40.9289786223
41.0617577197
2.28503562945
0.0
0.0
0.0
1.27909738717
0.0
107.148693587
50.0757719715
0.120902612827
0.0
0.0
0.0
0.334441805226
0.156057007126
0.0
0.0888361045131
0.0
0.00760095011876
0.0451306413302
1.12660332542
0.411163895487
3.23491686461
0.0
0.0
0.0
0.0
0.0
12.6128266033
9.43087885986
0.0451306413302
0.0
6.09524940618
0.0
0.0
0.118764845606
0.0
0.00878859857482
0.0209026128266
0.0
0.0
24.1923990499
37.2919239905
28.5976247031
27.0163895487
48.9434679335
3.96627078385
0.171258907363
0.0
0.0380047505938
2.49477434679
16.4653206651
4.14821852732
105.214251781
76.9719714964
28.8232779097
14.9232779097
16.2874109264
42.5548693587
25.4541567696
2.92232779097
0.0
0.0
57.6482185273
30.1313539192
31.2380047506
1.44893111639
11.945368171
12.5596199525
45.3218527316
84.6427553444
62.2919239905
46.3370546318
19.7194774347
8.28052256532
0.0
0.0
0.0
0.0
0.0
0.0
1.67695961995
0.086460807601
7.17007125891
13.7090261283
91.0926365796
25.5332541568
8.28004750594
11.8270783848
22.4802850356
33.5263657957
5.56365795724
6.63990498812
0.0
0.0
0.655581947743
17.4672209026
77.1610451306
3.39168646081
38.8078384798
0.873159144893
0.292636579572
0.0
20.2375296912
1.4458432304
0.0
0.0
64.5023752969
47.0175771971
302.428741093
91.6244655582
40.9446555819
0.0
0.0
0.288123515439
29.2073634204
101.211401425
80.2897862233
0.0
0.0
0.0
0.0
0.0
0.00593824228029
92.5425178147
26.2372921615
42.022327791
32.613064133
104.61543943
37.7570071259
45.0933491686
69.2239904988
21.1451306413
11.8306413302
1.43467933492
0.850356294537
1.04346793349
0.0603325415677
50.3387173397
183.808313539
19.0878859857
29.2239904988
4.01805225653
72.6444180523
45.6774346793
112.583135392
42.2710213777
44.2351543943
6.84085510689
0.0
169.550831354
0.0
0.0
0.0
0.0
66.6277909739
0.0722090261283
7.80617577197
55.8952494062
4.47862232779
0.541330166271
0.0
0.0
1.00831353919
0.0
0.0914489311164
0.0
131.70023753
16.6375296912
32.5237529691
40.6586698337
26.2684085511
0.0166270783848
0.0
0.0
66.8128266033
0.0
187.951781473
87.4311163895
8.48266033254
57.1135391924
147.601425178
0.113064133017
21.0228028504
1.52351543943
18.706888361
35.2539192399
3.36460807601
1.37505938242
1.63942992874
39.5833729216
0.821852731591
49.2579572447
7.71591448931
3.83206650831
7.78574821853
43.7710213777
31.5724465558
0.446793349169
73.8434679335
0.0159144893112
0.0453681710214
100.046555819
0.438479809976
65.2334916865
1.22945368171
0.536342042755
1.87102137767
0.0
0.0
0.0
0.344893111639
11.048456057
2.16888361045
216.420427553
46.8482185273
30.5308788599
9.00688836105
28.9087885986
64.135391924
4.80783847981
0.0
0.0266033254157
0.0320665083135
6.42042755344
0.82351543943
39.7399049881
1.24441805226
42.7448931116
0.104038004751
0.0
0.0
0.0
22.0522565321
0.999524940618
0.0
0.0
0.0
0.0
0.0
0.0
0.0
0.0106888361045
37.9802850356
0.237529691211
25.2629453682
25.4465558195
6.79429928741
16.6895486936
35.2674584323
26.0634204276
1.79263657957
1.57315914489
0.0
0.0
5.51425178147
4.2674584323
1.9458432304
1.23539192399
3.94180522565
0.428503562945
0.0102137767221
0.0
0.0
0.0
0.0
0.0
0.0
0.0
0.0
0.0
0.0
0.0
21.6301662708
20.1553444181
0.169596199525
14.2878859857
145.829928741
18.8190023753
20.2940617577
20.3802850356
213.209501188
41.6301662708
1.96365795724
0.0356294536817
0.000950118764846
0.0261282660333
0.0
0.0
0.0
8.8026128266
1.31591448931
13.8218527316
74.6387173397
3.42612826603
2.19857482185
0.332541567696
0.342042755344
1.30641330166
53.1954869359
16.2655581948
43.8178147268
92.9306413302
2.19667458432
1.24845605701
2.67339667458
1.37957244656
37.8783847981
22.4201900238
43.9418052257
10.8439429929
28.1247030879
0.684560570071
0.215439429929
1.17007125891
32.667695962
10.5249406176
13.6790973872
9.14703087886
26.5446555819
53.8570071259
16.9465558195
25.3764845606
0.0
0.0
0.127315914489
9.04251781473
27.4667458432
83.8802850356
72.36152019
47.2045130641
4.08598574822
0.0
0.0
14.6710213777
19.5505938242
55.6460807601
14.0767220903
5.46152019002
29.0912114014
0.20783847981
0.0
0.0106888361045
47.390736342
33.2572446556
35.883847981
91.0743467933
76.3021377672
24.7619952494
21.1681710214
23.0819477435
169.89263658
126.144180523
3.09667458432
82.6410926366
105.203800475
91.9650831354
44.1762470309
41.4783847981
1.23016627078
4.37790973872
5.02945368171
0.0
0.0
0.00760095011876
0.0862232779097
17.316152019
0.0515439429929
0.363657957245
2.6325415677
5.4648456057
2.10308788599
13.5337292162
75.4482185273
1.46603325416
0.0111638954869
0.0
0.0
0.0353919239905
0.0
0.190498812352
0.168408551069
4.5270783848
4.10950118765
2.5054631829
0.169596199525
2.63539192399
0.0
0.198574821853
0.0
0.0
0.0
0.0
0.0
0.0
0.0225653206651
124.86128266
47.5771971496
107.109026128
0.668883610451
31.0878859857
1.56460807601
0.168883610451
0.214014251781
0.0
0.228028503563
0.184560570071
0.139429928741
0.0
0.0
0.0
0.105700712589
84.4947743468
19.370783848
18.3244655582
105.697387173
238.293349169
10.8498812352
11.5964370546
7.25201900238
8.4325415677
48.1135391924
281.042755344
248.042517815
3.6783847981
25.2836104513
73.2201900238
22.2045130641
7.58076009501
0.00237529691211
0.0
0.0928741092637
16.2028503563
49.3149643705
3.14703087886
0.317814726841
0.0125890736342
23.9619952494
0.194299287411
66.0828978622
23.1228028504
49.9304038005
26.2173396675
24.3154394299
46.8636579572
32.6684085511
4.54346793349
10.1463182898
2.01591448931
55.0076009501
0.00641330166271
0.0
0.0
0.0
0.0
0.0
6.01258907363
1.00855106888
1.98859857482
115.570546318
10.9933491686
16.5125890736
16.8767220903
55.048456057
0.292874109264
0.0
91.6743467933
30.7040380048
12.2242280285
1.30118764846
0.640617577197
46.9674584323
7.57909738717
0.166270783848
4.84798099762
0.0
43.9688836105
29.3363420428
0.0
0.012351543943
31.3299287411
9.08598574822
40.0878859857
43.6244655582
2.16532066508
18.229216152
49.5650831354
205.357482185
62.3850356295
37.9142517815
176.720427553
76.8028503563
7.16840855107
0.245605700713
1.52375296912
17.1800475059
0.308313539192
0.0971496437055
0.0
0.0
15.1365795724
181.251543943
15.9358669834
0.0667458432304
0.0
0.0
5.03349168646
4.73087885986
0.174821852732
0.0
0.0
0.0
0.0
0.0
0.0
0.0
0.0
0.0608076009501
0.63135391924
49.7909738717
60.0337292162
94.0106888361
40.3653206651
52.7672209026
5.63420427553
0.710451306413
0.0
0.0
0.0
0.0
0.0
153.658194774
1.13942992874
0.0
0.0154394299287
0.0615201900238
110.949881235
62.4783847981
16.8909738717
9.84299287411
63.4536817102
0.110926365796
0.0
0.0
0.0
9.98076009501
0.0
0.0
0.0
11.4997624703
0.0
0.0
0.0
0.0
0.0
34.6201900238
10.3579572447
115.701425178
0.87648456057
0.33135391924
18.5505938242
0.0394299287411
15.786935867
40.7786223278
83.1342042755
14.1396674584
1.53705463183
24.8235154394
33.0007125891
62.3199524941
8.25201900238
33.157719715
6.09311163895
1.37315914489
6.45724465558
20.6280285036
11.0465558195
5.0486935867
2.44560570071
107.588123515
0.456057007126
0.0
43.3831353919
1.3703087886
0.0961995249406
0.0
0.0
0.0
161.041805226
35.9163895487
0.811163895487
73.3066508314
167.847505938
76.4482185273
3.61710213777
0.142042755344
0.0
0.0
0.0
0.0
0.0
0.0
0.0
0.335629453682
0.0
0.0
0.0
0.0
0.0
0.0
0.0
0.0
0.0
16.4228028504
0.0484560570071
0.0
0.0
0.0
0.0
0.0
0.0
0.0
0.42945368171
0.0840855106888
4.73372921615
51.526128266
243.671733967
262.662232779
316.785035629
61.206888361
5.61543942993
70.4976247031
3.80665083135
0.177197149644
25.0280285036
24.8296912114
9.22612826603
29.0019002375
97.4149643705
1.42779097387
0.61377672209
2.99667458432
15.193111639
5.42826603325
0.500475059382
2.80071258907
0.148218527316
0.19406175772
0.000237529691211
0.102137767221
0.128741092637
2.14940617577
2.43681710214
9.3458432304
21.1439429929
18.0624703088
40.8011876485
36.0156769596
24.5698337292
53.6315914489
3.93895486936
8.28408551069
1.02945368171
14.1940617577
0.0368171021378
0.0
0.0
0.0
5.99216152019
3.55700712589
0.171733966746
0.260332541568
2.18836104513
86.5558194774
7.30023752969
0.14893111639
0.487410926366
0.0111638954869
0.0
0.0277909738717
17.0140142518
2.80047505938
92.1885985748
5.32327790974
83.103087886
121.74631829
23.3140142518
62.4014251781
44.2572446556
11.4011876485
22.0479809976
4.65629453682
34.032304038
18.9665083135
26.5821852732
47.5653206651
87.3441805226
148.020902613
103.051306413
199.747743468
20.4719714964
8.32636579572
60.903087886
60.5634204276
58.4287410926
1.88741092637
16.8244655582
4.41187648456
12.5444180523
5.81781472684
6.06532066508
1.10665083135
18.4239904988
71.8572446556
0.683372921615
0.0
0.194774346793
0.43135391924
0.353681710214
0.132779097387
4.6406175772
21.6983372922
1.23800475059
4.18028503563
39.5627078385
3.54156769596
16.0315914489
0.324940617577
0.0
0.0
0.0
0.0
0.0826603325416
0.179809976247
0.918289786223
42.2389548694
3.34536817102
30.4933491686
25.4779097387
35.067695962
2.45605700713
37.6137767221
11.3926365796
7.36864608076
22.0553444181
11.2180522565
17.6762470309
22.5232779097
3.43610451306
42.0325415677
5.92992874109
5.67695961995
0.544893111639
0.0
0.0
34.7235154394
99.8828978622
74.1448931116
104.191211401
200.565558195
0.0
0.0976247030879
0.0
0.0
0.0
0.0
0.0
0.0
0.0
0.0
0.0
0.0
13.2432304038
11.1762470309
60.922327791
47.0992874109
52.1280285036
4.26152019002
26.0095011876
24.6106888361
150.432541568
67.2337292162
68.4966745843
1.06342042755
42.9356294537
34.2603325416
3.19358669834
1.92399049881
0.0304038004751
11.5926365796
0.383610451306
0.0
1.52541567696
0.189073634204
31.0249406176
1.18313539192
0.507125890736
2.44964370546
14.9190023753
53.9973871734
79.9612826603
0.251781472684
0.01567695962
0.0
0.744180522565
0.0
1.44655581948
20.8472684086
26.4399049881
3.15344418052
0.0
0.0
0.0
0.731591448931
0.0
0.0
0.0
0.0
2.74418052257
0.103325415677
1.9729216152
165.488361045
21.2828978622
2.75914489311
0.585273159145
0.0
0.0
0.0
44.5997624703
0.621852731591
213.698337292
7.8351543943
104.9695962
25.13847981
8.32470308789
0.239904988124
0.952019002375
0.140617577197
33.1408551069
111.143942993
73.558432304
1.13847980998
0.331591448931
0.0
0.0
65.2724465558
1.45748218527
35.7171021378
39.5945368171
113.640617577
8.85700712589
51.4142517815
67.6997624703
22.8817102138
11.3486935867
47.8560570071
42.9940617577
0.847980997625
1.16342042755
1.87054631829
20.3242280285
26.2052256532
134.12327791
24.5714964371
194.204750594
8.51425178147
64.9574821853
30.0534441805
42.3249406176
21.9042755344
0.137529691211
95.7864608076
31.0394299287
155.310926366
8.03847980998
2.8458432304
4.37529691211
5.45629453682
0.0
0.0926365795724
0.0
0.00736342042755
7.52494061758
0.0
0.0
0.0
49.8522565321
159.431591449
0.0
0.0
0.0187648456057
0.0275534441805
0.0
0.0
0.117339667458
140.712589074
41.7672209026
99.1572446556
4.82304038005
64.0441805226
41.574584323
43.1339667458
0.319239904988
0.872446555819
11.8681710214
3.00427553444
97.7496437055
11.277672209
71.5216152019
247.985510689
16.1541567696
44.8828978622
14.8850356295
113.25415677
33.2128266033
31.37695962
1.83206650831
3.50308788599
0.285273159145
46.7558194774
2.38479809976
0.0106888361045
0.284560570071
7.30285035629
1.61733966746
0.417814726841
0.161995249406
0.726840855107
90.0890736342
0.421140142518
0.0
0.0
10.7800475059
85.7277909739
4.73895486936
9.25914489311
13.8289786223
46.5052256532
13.2961995249
13.8779097387
0.0
0.0
21.8118764846
0.0
0.0
45.2273159145
6.79596199525
13.9275534442
300.728266033
0.0
0.0593824228029
19.7403800475
5.48456057007
0.0
0.647980997625
29.3304038005
0.016864608076
0.0125890736342
0.703800475059
69.3427553444
0.08432304038
0.14893111639
0.0
114.108551069
117.117339667
68.5503562945
0.233491686461
0.00665083135392
0.759857482185
0.154631828979
0.549881235154
0.0
0.0
0.0
0.0
0.0111638954869
0.00166270783848
30.6349168646
32.4826603325
29.2914489311
0.000950118764846
0.0
32.5966745843
59.3992874109
62.9382422803
80.6885985748
64.7199524941
16.3698337292
1.73444180523
0.0812351543943
0.0223277909739
0.199049881235
178.433016627
96.4175771971
42.2767220903
17.4603325416
0.582897862233
0.0
0.0
1.81567695962
3.58004750594
0.00807600950119
0.775534441805
28.9862232779
13.9691211401
0.0793349168646
0.183372921615
0.468171021378
0.0672209026128
0.0
0.0655581947743
0.00760095011876
27.0826603325
17.7919239905
106.621377672
124.139904988
21.5211401425
41.5007125891
35.9225653207
14.7142517815
3.97790973872
89.3256532067
74.1073634204
50.2695961995
37.1878859857
0.37054631829
0.754394299287
78.9239904988
0.19406175772
0.0852731591449
0.0166270783848
0.0
0.0
0.0
0.0
0.0
0.0
0.0
0.00118764845606
1.89406175772
0.0
0.0
11.7182897862
3.14655581948
0.130641330166
0.0
1.25866983373
14.3033254157
80.8596199525
215.742280285
164.323515439
63.6952494062
17.0669833729
4.34916864608
1.39073634204
0.0
0.0593824228029
3.19952494062
5.39168646081
0.0817102137767
0.254394299287
12.5855106888
0.752019002375
4.22209026128
49.0218527316
85.7118764846
45.0396674584
58.6111638955
27.2743467933
29.9019002375
57.6401425178
1.38693586698
1.09857482185
21.0503562945
23.6346793349
0.0166270783848
0.0166270783848
0.0437054631829
27.8631828979
22.3964370546
13.0558194774
0.228028503563
0.0368171021378
0.339904988124
2.10688836105
65.5142517815
27.409263658
139.873159145
43.3116389549
37.9197149644
13.1567695962
23.7731591449
28.2399049881
18.9551068884
9.39073634204
102.430166271
107.011401425
19.86152019
43.6294536817
79.1871733967
40.0657957245
50.5700712589
43.7380047506
89.4114014252
57.2387173397
26.8076009501
88.2793349169
0.232541567696
0.0
0.0
1.9432304038
17.9985748219
13.1657957245
41.0315914489
6.11828978622
0.143942992874
0.859619952494
48.3163895487
21.0368171021
60.9662707838
17.0080760095
10.5631828979
35.4700712589
47.7897862233
21.3952494062
5.25961995249
8.78717339667
19.6755344418
2.58052256532
93.4199524941
18.6532066508
5.44988123515
2.53752969121
33.6622327791
70.6596199525
50.6448931116
150.341330166
36.4866983373
116.780760095
47.9847980998
3.58266033254
0.233729216152
1.30831353919
85.5249406176
45.8824228029
2.01971496437
43.2351543943
29.3819477435
169.542042755
124.393111639
39.780760095
20.7971496437
10.6237529691
0.904750593824
241.728978622
26.3912114014
1.19263657957
0.0
0.0
2.41306413302
0.0
13.9152019002
22.8304038005
20.5142517815
0.000950118764846
0.151781472684
19.4144893112
9.37767220903
0.0178147268409
0.0
0.0805225653207
4.51140142518
3.66247030879
0.0
27.3287410926
0.0
0.0
0.0
0.0
0.0
0.0
23.5332541568
104.072209026
2.12446555819
0.188836104513
4.54536817102
92.9717339667
3.1729216152
18.1173396675
0.0790973871734
0.0
0.0
0.0
0.0
0.0
0.0
0.0
0.0
0.0
2.74916864608
37.8465558195
21.1275534442
55.2560570071
47.3517814727
2.51971496437
0.0
0.0
0.00855106888361
1.57624703088
0.0
0.0
57.1429928741
3.37434679335
2.93990498812
33.6163895487
30.9337292162
52.5216152019
8.3809976247
0.0308788598575
0.799287410926
1.99809976247
131.023752969
1.87814726841
2.35154394299
0.150118764846
0.210213776722
6.70522565321
0.0878859857482
0.0
0.0
0.0
0.0
0.0
0.0
0.00142517814727
0.0
7.51781472684
27.8125890736
1.16888361045
0.163657957245
0.00356294536817
0.0
22.4299287411
26.7389548694
37.3446555819
52.4603325416
67.4147268409
17.693824228
12.4448931116
4.68147268409
0.750831353919
63.2589073634
6.50427553444
10.6890736342
0.172921615202
0.0451306413302
20.9128266033
0.216627078385
53.3413301663
98.8439429929
75.9413301663
197.586460808
35.7667458432
9.19857482185
0.219477434679
0.648218527316
5.80190023753
0.187410926366
82.9980997625
25.2057007126
0.029216152019
37.832304038
0.492636579572
0.135866983373
33.8928741093
0.0
0.0
0.161045130641
5.88456057007
2.4432304038
0.0
0.0
0.0
0.0
117.439667458
0.0182897862233
0.0705463182898
5.58954869359
0.0437054631829
0.0
0.0
0.0
0.0
0.0
0.0
56.4845605701
19.8589073634
15.0448931116
17.7218527316
0.269358669834
60.0363420428
47.0489311164
4.04750593824
1.1729216152
1.97885985748
7.43016627078
0.0
0.0
82.1859857482
1.80071258907
87.4558194774
0.858194774347
131.035154394
0.0
0.0
0.0401425178147
0.0
0.0
1.49952494062
11.1864608076
21.5270783848
91.322327791
15.1102137767
12.5814726841
1.72280285036
6.06603325416
0.833966745843
0.0
0.0
0.550356294537
73.3337292162
26.248456057
47.1843230404
2.14441805226
0.0
18.5693586698
0.358432304038
0.0
0.0
0.0
0.143942992874
0.25106888361
31.0890736342
195.145130641
140.119477435
13.9731591449
31.8337292162
0.733016627078
57.2921615202
11.0529691211
0.00142517814727
0.377672209026
0.0800475059382
0.0
0.0363420427553
0.932066508314
5.41330166271
5.81140142518
0.26460807601
0.00760095011876
0.0380047505938
60.7762470309
1.22921615202
0.15106888361
14.2532066508
0.57054631829
0.122327790974
0.095486935867
0.159144893112
0.271733966746
30.6667458432
0.183847980998
0.0
0.0
0.0
0.0
0.0
0.0
0.197624703088
2.84038004751
4.62684085511
34.9840855107
49.8836104513
14.9634204276
0.377909738717
22.7406175772
57.3928741093
56.8023752969
121.878147268
3.30973871734
36.2076009501
14.5299287411
19.3111638955
7.62850356295
0.87054631829
3.61923990499
10.0814726841
68.4049881235
191.866983373
1.92470308789
19.6729216152
76.1729216152
169.650593824
7.53966745843
41.8201900238
3.05795724466
55.6985748219
31.8432304038
25.290023753
48.7921615202
32.167695962
9.08313539192
19.6498812352
0.0
0.151543942993
26.1078384798
83.8016627078
205.335391924
1.30308788599
27.0933491686
6.45178147268
112.13064133
106.60760095
5.09382422803
0.45890736342
4.16912114014
0.22541567696
0.106650831354
0.502375296912
2.03491686461
2.45534441805
0.114726840855
0.447268408551
25.722327791
127.296674584
75.8149643705
19.1118764846
6.19643705463
2.09572446556
16.9163895487
0.769121140143
22.7831353919
0.180047505938
2.55795724466
0.220902612827
0.00760095011876
7.20973871734
0.364845605701
0.00498812351544
0.021377672209
4.51543942993
0.611876484561
0.00308788598575
0.0
0.0
0.0
0.0
0.0
1.32874109264
0.184085510689
0.237529691211
0.0
0.0
0.0
0.438479809976
11.3002375297
0.222090261283
0.14513064133
0.180285035629
0.0
0.0
0.0
44.4771971496
48.1817102138
5.8460807601
53.1496437055
5.09382422803
15.5812351544
27.8078384798
24.0337292162
23.7163895487
0.0567695961995
2.75843230404
9.88289786223
12.9263657957
15.2688836105
70.6532066508
85.8437054632
75.1242280285
55.1437054632
104.512114014
28.1755344418
0.0869358669834
0.400712589074
0.0
12.2859857482
15.5178147268
1.12802850356
0.419952494062
50.1532066508
1.42660332542
4.64394299287
14.6444180523
54.3833729216
116.732304038
24.3627078385
0.0
0.0346793349169
0.575771971496
12.0693586698
14.3318289786
14.3437054632
157.941567696
0.237054631829
0.0
0.0
0.0
2.05866983373
0.0
31.6420427553
0.0437054631829
0.577197149644
14.7828978622
4.44560570071
166.16935867
8.40308788599
27.7845605701
2.29524940618
0.0
0.0
0.00736342042755
46.5532066508
11.8187648456
51.7551068884
3.66437054632
36.1315914489
27.8403800475
9.99572446556
68.0524940618
0.330641330166
304.206413302
145.052969121
0.307125890736
0.0
0.0
9.58242280285
9.77980997625
25.5933491686
0.062945368171
0.000475059382423
0.0
0.0
0.0
0.0
2.94109263658
0.0
0.0
0.0
0.667220902613
186.845130641
85.9757719715
54.0798099762
5.28171021378
27.854631829
0.000950118764846
0.0
0.0
0.0
2.64750593824
0.0
0.0
0.0
0.0
0.0
0.0
0.0
0.0
0.0
46.7042755344
57.5199524941
0.0
0.00403800475059
0.630641330166
74.8313539192
9.35201900238
21.2083135392
22.8140142518
37.4893111639
6.58503562945
0.336579572447
43.886935867
13.1007125891
0.0
0.0
0.0
2.33539192399
0.0
0.0
0.0
0.0
0.0
36.1494061758
33.0482185273
241.28456057
0.0
0.0021377672209
11.9232779097
21.0185273159
10.4950118765
35.6194774347
1.73467933492
374.197862233
12.4750593824
1.0648456057
0.0
0.0
0.0
30.9845605701
67.2365795724
39.0653206651
0.0
0.0
0.0
2.15273159145
1.81995249406
1.17007125891
0.0
0.760570071259
0.00546318289786
0.0
0.0
0.0
0.399287410926
49.3665083135
85.5256532067
71.4667458432
58.0619952494
0.103325415677
0.0
0.205463182898
7.69287410926
49.2002375297
45.325415677
5.44964370546
1.36888361045
0.0
0.0
4.50736342043
50.3420427553
166.162470309
0.0
0.0
4.57600950119
2.82137767221
0.0
0.0
0.126840855107
41.9781472684
1.28503562945
0.0
0.0
0.0
12.3603325416
58.5579572447
0.0
0.00427553444181
10.458432304
35.1786223278
84.6667458432
30.5211401425
0.0486935866983
0.0
0.0
5.94370546318
1.39406175772
4.16674584323
0.0
0.0
0.0
0.0
0.0
0.0
0.0
76.5591448931
0.0
139.002612827
64.0897862233
110.733729216
5.24655581948
0.0
0.0
20.8836104513
0.314489311164
0.000712589073634
0.0
113.013776722
120.503325416
1.00855106888
8.71140142518
4.86532066508
0.635154394299
0.123990498812
7.7783847981
4.49429928741
12.9679334917
1.17220902613
0.0
0.0
85.2038004751
174.940855107
17.1995249406
75.8845605701
12.3980997625
11.4285035629
5.97885985748
15.7567695962
20.9035629454
7.99168646081
0.143705463183
0.0
0.0
0.00855106888361
49.9612826603
0.0
0.0
0.0
0.0
0.00498812351544
0.00166270783848
0.0273159144893
24.8071258907
73.2410926366
68.4819477435
52.3358669834
319.686223278
119.33847981
78.4
54.3638954869
3.1541567696
19.9847980998
0.256532066508
9.92945368171
0.0826603325416
0.0
0.0
0.0
0.0
0.0
0.000950118764846
0.0
0.0
0.0
0.0
0.0
24.9102137767
31.4712589074
3.22090261283
16.3558194774
0.466033254157
6.67980997625
13.9866983373
0.075296912114
0.000475059382423
0.0
0.055106888361
0.0515439429929
0.0
0.37458432304
2.73657957245
9.42636579572
0.623752969121
1.60926365796
2.83135391924
0.227078384798
2.21876484561
39.5460807601
169.524228029
144.280760095
317.441567696
99.103087886
39.7600950119
124.290023753
73.0171021378
252.791211401
30.3399049881
210.790023753
26.170783848
17.5586698337
0.0
0.0147268408551
0.00760095011876
0.00760095011876
0.0
0.0
0.00285035629454
0.0270783847981
0.280522565321
0.0
0.0180522565321
12.8874109264
0.0
0.0
2.24204275534
0.724703087886
0.692636579572
0.341805225653
0.433491686461
1.38432304038
0.947980997625
19.9971496437
13.7700712589
13.0719714964
0.53135391924
13.6106888361
8.14655581948
0.315914489311
0.0446555819477
289.977434679
21.5950118765
249.081710214
30.5285035629
11.4902612827
13.3080760095
0.604750593824
1.79548693587
0.0
0.141330166271
54.583847981
74.8527315914
0.00332541567696
0.0
0.0
0.233966745843
12.3218527316
6.41140142518
111.526128266
50.4774346793
41.0106888361
164.212114014
88.2783847981
71.5144893112
0.305463182898
4.24133016627
0.460332541568
0.0
0.0
0.0
0.0
0.0
0.0
46.9486935867
222.746793349
64.4071258907
240.871971496
74.4460807601
12.4945368171
5.45178147268
1.65914489311
0.0277909738717
0.00403800475059
0.0342042755344
0.0
11.254631829
29.1330166271
0.0166270783848
0.0
3.51710213777
2.64489311164
0.0
0.0
0.0
0.0
5.29786223278
15.9893111639
0.00166270783848
44.6296912114
0.0809976247031
17.5926365796
8.80997624703
1.40285035629
2.016152019
94.3187648456
0.719239904988
0.0
0.0
0.0
9.50475059382
41.3990498812
6.98836104513
0.0313539192399
0.0
0.0
0.0
0.0
52.2491686461
17.1071258907
2.80855106888
10.1790973872
21.3686460808
25.9494061758
43.3475059382
47.5038004751
7.54964370546
69.3375296912
6.15700712589
5.60688836105
30.6517814727
5.79073634204
5.76864608076
16.8885985748
6.55178147268
10.3152019002
0.0
0.0
0.0
0.0
0.0
0.0
0.0
0.0
0.0
13.4876484561
59.4767220903
19.7467933492
43.7926365796
8.59287410926
10.0957244656
0.0838479809976
0.0
6.52897862233
3.83372921615
0.0
0.0
0.0
0.0
0.0
0.0553444180523
2.74275534442
0.0
0.0
0.0
0.0
0.0
0.0
0.0
0.0
0.1432304038
86.77695962
62.1976247031
12.1705463183
0.599287410926
1.65558194774
43.8669833729
30.6011876485
4.15178147268
107.312826603
0.181947743468
3.87553444181
12.0365795724
6.55605700713
0.839429928741
0.328028503563
0.0
0.966270783848
64.4406175772
22.2156769596
10.8251781473
16.4513064133
28.4883610451
0.0
0.0
0.00878859857482
72.3824228029
0.0
161.365795724
121.737054632
4.28123515439
0.0
26.032304038
0.739904988124
117.851306413
19.4406175772
28.2926365796
25.0698337292
34.4425178147
26.3118764846
0.0
0.0
0.0
0.0
0.0
3.44988123515
0.996912114014
0.412351543943
0.0
0.0
0.0
0.0
0.0
0.0
0.0
0.0
0.0
0.0
3.6703087886
0.0
0.0
0.0
0.0
0.0
0.0
2.30047505938
1.12375296912
0.0
0.0
0.0
0.00380047505938
0.110451306413
1.06152019002
11.3698337292
108.470546318
1.81781472684
139.434204276
0.437054631829
17.6287410926
1.01021377672
46.4909738717
1.07553444181
0.836104513064
0.581472684086
0.025890736342
4.10213776722
10.5990498812
0.0902612826603
18.3693586698
36.8365795724
40.6225653207
25.5154394299
6.24726840855
28.6078384798
64.8339667458
35.7579572447
16.7895486936
37.9617577197
57.3579572447
14.0057007126
2.97624703088
87.1456057007
14.093824228
0.526128266033
0.0244655581948
0.0
0.0
0.0
12.3660332542
7.35320665083
0.0923990498812
2.79406175772
68.6508313539
23.9294536817
40.1059382423
16.6313539192
44.6482185273
0.106175771971
0.0106888361045
0.0
2.2109263658
118.096674584
31.6047505938
0.0852731591449
27.4881235154
22.8187648456
0.36270783848
0.066270783848
1.0135391924
1.75344418052
0.0
0.0
0.0
0.0
0.0
0.00308788598575
0.0
0.0446555819477
3.38147268409
0.966508313539
0.0163895486936
0.10783847981
0.0
0.0
0.0
0.0
0.0
2.77387173397
12.3672209026
305.896437055
82.0914489311
36.9156769596
20.9296912114
39.4589073634
20.2346793349
29.8218527316
59.6909738717
38.1004750594
4.78812351544
1.66912114014
0.0
0.0
9.97648456057
53.9090261283
0.493824228029
24.9080760095
55.3498812352
2.14631828979
10.2365795724
213.628978622
56.290023753
58.4306413302
169.150593824
0.742042755344
26.0817102138
37.7726840855
0.510926365796
3.56579572447
0.52351543943
0.0
0.0983372921615
69.1218527316
7.73729216152
11.2950118765
31.1888361045
12.5156769596
27.7173396675
0.359619952494
0.0
0.0
0.0
0.343705463183
55.9479809976
71.1339667458
48.019239905
2.97244655582
16.1579572447
3.95629453682
1.83277909739
0.283372921615
1.56508313539
19.3242280285
55.0641330166
10.2344418052
20.0045130641
0.947743467933
0.465795724466
35.4045130641
105.615914489
71.2964370546
40.7524940618
177.175771971
0.556532066508
52.3168646081
