27.6078014184
8.48439716312
5.64680851064
50.6992907801
20.6893617021
67.2134751773
6.26453900709
0.207092198582
0.616312056738
0.0198581560284
0.25390070922
0.0
0.0
0.0
0.0
0.104964539007
0.0
0.0
0.0
0.0
66.2758865248
34.9709219858
55.6163120567
3.04255319149
34.9893617021
28.7829787234
10.3205673759
7.77092198582
13.6539007092
100.6
243.5
52.904964539
174.513475177
171.69929078
82.6978723404
103.965248227
54.8219858156
41.8602836879
4.87021276596
1.61418439716
21.3765957447
56.385106383
3.08865248227
0.104255319149
0.0
22.1134751773
27.2141843972
0.0276595744681
0.0
0.0
0.0
0.0
0.0
0.0
0.0
0.0
0.0
0.00425531914894
2.54326241135
23.0404255319
4.2304964539
19.4978723404
23.5574468085
16.9134751773
1.52978723404
134.244680851
7.95602836879
2.38723404255
0.0326241134752
15.829787234
16.7780141844
22.2262411348
4.98510638298
2.19219858156
0.0
0.0
0.0
0.2
1.94113475177
0.95390070922
5.24113475177
0.539007092199
0.0
0.0418439716312
3.13191489362
44.4177304965
93.3553191489
41.434751773
54.8765957447
13.875177305
108.485815603
99.5439716312
42.1546099291
86.6312056738
24.2177304965
3.93971631206
0.136879432624
8.88510638298
41.2914893617
92.9042553191
23.9489361702
0.0
0.0
0.0
0.0
0.0
0.0
0.0737588652482
12.8673758865
41.8560283688
34.304964539
12.2822695035
15.1042553191
12.795035461
147.858156028
109.546099291
2.25673758865
60.9333333333
1.40141843972
39.1858156028
0.0
0.0
0.16170212766
56.7113475177
3.87163120567
0.0
3.13333333333
3.39645390071
48.6517730496
0.0
0.0
0.0
0.0
0.0
0.0
0.0
0.0758865248227
0.279432624113
0.221985815603
0.131205673759
44.8744680851
0.0652482269504
0.0184397163121
0.749645390071
2.9134751773
0.0212765957447
0.013475177305
12.2226950355
15.3205673759
312.225531915
4.12695035461
58.2241134752
25.2326241135
0.000709219858156
0.0510638297872
0.0
0.0
1.51843971631
82.3496453901
7.31914893617
40.219858156
112.371631206
1.76808510638
0.00567375886525
1.5865248227
197.785106383
3.24822695035
6.53262411348
47.7531914894
45.1936170213
51.1141843972
29.1780141844
8.8829787234
31.834751773
13.0226950355
90.2007092199
45.2283687943
99.5255319149
65.234751773
141.770212766
63.5971631206
8.05035460993
209.344680851
190.738297872
106.344680851
22.5404255319
57.6886524823
39.4390070922
93.1574468085
8.05744680851
7.43262411348
123.09787234
191.871631206
93.7723404255
69.7468085106
134.722695035
119.009929078
1.42978723404
0.0808510638298
78.3113475177
82.3390070922
70.324822695
397.522695035
0.208510638298
0.0
0.0
0.0
0.0
15.4773049645
0.444680851064
0.504255319149
9.85815602837
0.5
0.0
0.0
24.4085106383
0.0
3.83617021277
0.0
0.0524822695035
5.14609929078
0.0
0.0
104.724113475
91.8035460993
0.0
0.0
0.0
1.36241134752
26.885106383
72.4021276596
35.6028368794
1.18865248227
16.9808510638
43.3567375887
9.29645390071
23.8439716312
1.67872340426
0.0
0.0
0.0645390070922
92.5602836879
109.130496454
132.058156028
11.5141843972
0.0
0.0
0.497872340426
48.0482269504
28.2226950355
0.0
120.787943262
54.3673758865
34.5163120567
33.1964539007
107.559574468
63.4758865248
20.5773049645
0.133333333333
0.633333333333
40.1517730496
0.0
0.0
0.0
0.279432624113
0.286524822695
87.2156028369
0.816312056738
22.9439716312
0.0
0.0
0.0
0.0
0.651773049645
36.3546099291
0.163120567376
0.0
2.78226950355
7.23262411348
22.3815602837
207.859574468
8.33617021277
8.34397163121
0.192907801418
4.29361702128
1.15035460993
34.7120567376
0.468794326241
1.52907801418
12.2234042553
79.0475177305
3.30354609929
20.8879432624
0.0
0.031914893617
0.748226950355
108.956028369
98.5156028369
12.3936170213
0.332624113475
4.8219858156
1.23758865248
39.929787234
0.0503546099291
0.0936170212766
0.0
0.0
0.712056737589
2.59290780142
7.02553191489
56.5680851064
3.91205673759
2.9524822695
0.0063829787234
1.28581560284
8.82907801418
0.731205673759
1.11843971631
14.7269503546
124.24893617
110.832624113
33.4120567376
8.85886524823
25.4907801418
0.0333333333333
0.112056737589
0.0354609929078
0.0
0.0368794326241
80.3872340426
3.8780141844
10.9914893617
64.3163120567
60.8843971631
20.4822695035
5.78865248227
29.5460992908
46.4581560284
57.8624113475
97.8411347518
27.2439716312
2.11205673759
2.20070921986
0.330496453901
0.0574468085106
7.12056737589
4.86241134752
136.905673759
119.674468085
64.1007092199
1.20283687943
3.39716312057
52.2716312057
0.0354609929078
34.3397163121
20.1865248227
23.3319148936
40.0028368794
8.83758865248
45.7028368794
21.5936170213
1.04326241135
0.0276595744681
4.45035460993
13.2595744681
16.429787234
55.5560283688
120.084397163
147.730496454
37.8333333333
41.0482269504
15.3943262411
20.770212766
0.46524822695
41.3843971631
25.6326241135
1.31843971631
39.4439716312
4.85602836879
141.687943262
38.165248227
78.1964539007
40.7446808511
29.2574468085
64.3432624113
7.35035460993
0.0333333333333
0.0
0.0
5.77163120567
9.13758865248
3.8695035461
0.0
0.0
0.0
0.0
0.0
0.0156028368794
0.0695035460993
66.6829787234
80.0063829787
39.1255319149
66.7744680851
29.8680851064
10.7404255319
0.890070921986
24.0971631206
27.9581560284
13.9375886525
0.0205673758865
0.0
0.0
0.00354609929078
4.40212765957
15.4709219858
6.1134751773
4.68156028369
0.204255319149
0.0709219858156
0.0
0.0
0.0
0.0
0.0
22.5773049645
16.1709219858
69.9276595745
41.9042553191
5.31063829787
8.62482269504
25.6475177305
49.6390070922
96.6666666667
206.297163121
153.717730496
45.9978723404
30.5631205674
22.7638297872
16.2368794326
12.304964539
24.2340425532
10.2716312057
1.52907801418
1.00496453901
3.08936170213
0.0645390070922
13.6276595745
200.627659574
30.904964539
46.9
90.3872340426
0.0
0.0
0.0
0.656737588652
0.0
0.0
0.0290780141844
0.022695035461
4.1475177305
9.17517730496
0.179432624113
5.51773049645
0.796453900709
0.0
0.0
0.0
0.175886524823
0.487234042553
0.0
0.109929078014
0.130496453901
0.0
14.8737588652
19.8666666667
1.82553191489
0.0
12.6765957447
28.4134751773
0.558156028369
0.0
0.193617021277
241.460992908
23.6007092199
44.0617021277
199.155319149
83.1716312057
2.06595744681
0.190780141844
28.1716312057
28.7829787234
22.6283687943
0.0276595744681
0.0
0.0
0.0
40.7574468085
34.7439716312
58.4496453901
0.770212765957
0.536170212766
54.1588652482
30.1744680851
0.0936170212766
0.0333333333333
0.0
0.734042553191
17.3539007092
13.5418439716
34.8957446809
24.4283687943
142.556028369
242.595035461
37.2191489362
88.5134751773
2.19290780142
19.3815602837
112.459574468
11.8687943262
374.687943262
21.1106382979
1.98581560284
1.05390070922
52.0042553191
6.60283687943
29.4858156028
3.09078014184
1.7134751773
11.3234042553
0.0
0.00992907801418
15.9241134752
6.69290780142
117.784397163
58.2829787234
1.4609929078
96.3865248227
92.2340425532
2.18014184397
2.03191489362
0.0
31.4212765957
62.4205673759
1.07446808511
128.555319149
73.6929078014
12.2234042553
4.50354609929
10.2432624113
71.2921985816
2.68156028369
0.0
0.0248226950355
0.0
0.0
0.0
13.095035461
79.1943262411
6.51560283688
2.04539007092
0.845390070922
0.87304964539
22.9
9.71843971631
104.514893617
23.0184397163
37.6709219858
209.814184397
153.007801418
19.809929078
10.0333333333
174.25248227
149.257446809
3.67163120567
3.94468085106
0.0
0.295035460993
14.0460992908
2.37304964539
53.6588652482
0.78865248227
0.0
0.0
0.0
214.813475177
1.19219858156
489.785106383
415.320567376
47.0021276596
0.0198581560284
0.0
0.0
0.0
2.57659574468
0.0
0.0
81.7375886525
114.841843972
5.63475177305
6.80354609929
48.3432624113
0.243971631206
0.347517730496
46.775177305
41.9390070922
0.156028368794
0.729078014184
0.0
0.0
0.0
0.0
0.0
0.0
0.0
0.0
0.585815602837
13.7921985816
0.0063829787234
0.0
8.36170212766
11.3531914894
0.0340425531915
8.18510638298
37.7503546099
17.175177305
7.61276595745
28.7475177305
31.5021276596
2.25460992908
30.7886524823
68.6312056738
42.7531914894
0.344680851064
12.6453900709
0.618439716312
6.8304964539
172.565248227
29.4453900709
0.0
0.0666666666667
30.3432624113
83.034751773
7.95035460993
21.924822695
2.41205673759
9.33617021277
0.0
132.195035461
171.779432624
67.0503546099
84.0340425532
35.0375886525
41.9056737589
181.25106383
2.35177304965
18.3397163121
128.563120567
12.0390070922
86.8929078014
3.85957446809
1.60070921986
0.957446808511
8.39929078014
11.3503546099
0.143971631206
7.79787234043
39.7021276596
63.2319148936
45.519858156
29.2943262411
38.9822695035
47.9638297872
3.26312056738
2.34609929078
18.0964539007
18.2418439716
9.05673758865
16.6879432624
15.1737588652
3.86453900709
32.7354609929
20.5517730496
47.675177305
18.6092198582
0.114893617021
0.0
6.43191489362
73.8042553191
37.0496453901
19.4226950355
53.775177305
0.700709219858
24.6304964539
9.57588652482
68.1283687943
119.955319149
110.477304965
11.0716312057
56.6978723404
215.306382979
47.7475177305
15.3581560284
177.840425532
80.5602836879
33.1234042553
87.2957446809
72.9992907801
309.591489362
84.7822695035
8.01418439716
109.653191489
6.07375886525
14.7085106383
56.4680851064
29.4120567376
0.492907801418
2.76666666667
44.014893617
9.29858156028
0.908510638298
17.9744680851
15.0120567376
6.13262411348
23.1687943262
25.1957446809
19.7056737589
4.55602836879
6.83829787234
7.39361702128
78.4014184397
19.1588652482
2.00141843972
16.6418439716
14.0496453901
99.6921985816
185.946808511
17.8460992908
2.06595744681
2.03262411348
47.8241134752
20.1021276596
80.3390070922
0.0141843971631
0.0
0.0
0.0
0.0
0.0
0.0
0.0
0.0120567375887
2.10780141844
1.39574468085
10.2709219858
0.526241134752
1.06737588652
9.05460992908
6.01205673759
69.6581560284
118.438297872
117.393617021
12.4375886525
0.0
0.0
0.0
0.0
0.00496453900709
8.00425531915
28.7078014184
57.165248227
2.80709219858
0.0333333333333
0.0
0.0
0.0397163120567
0.977304964539
1.78439716312
0.0127659574468
0.0
0.0
0.0
0.0
0.0
12.9078014184
11.175177305
0.0
1.2695035461
0.0
0.0
10.8283687943
90.8425531915
25.0014184397
142.190780142
19.9879432624
2.94822695035
0.0
0.0
0.0
0.904255319149
161.282978723
17.8843971631
53.629787234
20.6858156028
2.22127659574
1.65460992908
30.4319148936
92.4503546099
1.09645390071
0.88865248227
15.875177305
0.0148936170213
0.562411347518
0.0
0.0
0.0
0.0
0.0553191489362
6.40567375887
8.05319148936
0.0
0.0
0.0
31.5326241135
1.62624113475
0.315602836879
0.0
3.24468085106
238.70212766
115.170212766
25.7695035461
14.8460992908
16.0205673759
19.0631205674
5.19432624113
0.0
0.0
0.0
0.0
0.0
0.0
0.0
0.0
0.0
146.979432624
13.495035461
2.54326241135
5.37730496454
0.25390070922
10.7460992908
47.2872340426
45.5517730496
56.6354609929
0.309929078014
0.0432624113475
24.8943262411
53.0439716312
143.191489362
32.0063829787
0.0
11.3028368794
209.116312057
38.914893617
0.0
0.0
0.0
0.0
0.784397163121
1.74184397163
5.85957446809
0.843262411348
10.2163120567
3.07092198582
1.40283687943
74.4773049645
32.4134751773
0.0
0.0
1.31063829787
2.70425531915
0.0
0.0
0.0
0.0
0.0
0.0460992907801
0.0
1.3609929078
22.0780141844
4.53971631206
12.8907801418
0.0
0.0290780141844
177.938297872
48.7744680851
79.1326241135
26.4624113475
0.165957446809
56.619858156
0.0652482269504
24.4780141844
50.2056737589
0.0163120567376
0.0567375886525
2.89503546099
25.0113475177
2.94113475177
18.3524822695
28.6517730496
49.4617021277
19.5496453901
122.624822695
12.6921985816
0.0297872340426
3.20496453901
106.170921986
7.27446808511
0.013475177305
0.482269503546
0.0
0.0
0.0
0.0
0.0
0.0
0.0
0.0
46.190070922
0.637588652482
0.0
0.0
0.0
0.0
65.5340425532
142.458156028
14.8765957447
85.0539007092
101.29929078
4.0695035461
3.13546099291
36.9886524823
0.0
0.0
1.18439716312
1.05035460993
0.102836879433
38.7879432624
5.84255319149
12.529787234
16.690070922
36.3134751773
62.624822695
1.21773049645
0.00425531914894
0.00780141843972
15.3843971631
8.22907801418
5.39078014184
4.08723404255
0.0
12.1517730496
99.2106382979
13.9553191489
60.0489361702
0.348226950355
0.0241134751773
16.6893617021
14.0063829787
4.20496453901
12.7212765957
0.536170212766
2.03475177305
0.0
2.08936170213
0.0
0.0
8.7085106383
0.0
0.0
31.6446808511
7.14893617021
0.0063829787234
0.0
0.0
0.0
0.0
0.0
0.0
0.0
0.0
0.0
0.0
0.284397163121
0.0
0.46170212766
120.429078014
6.21418439716
2.59574468085
0.252482269504
0.296453900709
45.2929078014
0.0
0.0
0.0
18.585106383
0.551773049645
0.0
0.00212765957447
0.0
57.1418439716
212.890070922
676.276595745
66.1680851064
38.4645390071
39.224822695
117.091489362
103.214184397
123.324113475
120.10141844
10.2929078014
1.03191489362
28.8439716312
2.43404255319
2.67234042553
0.243971631206
0.592907801418
0.0
90.0120567376
27.3865248227
0.0695035460993
0.582978723404
5.7085106383
0.678014184397
0.0262411347518
0.0
0.0
0.131205673759
0.0709219858156
0.0851063829787
0.843262411348
0.0
0.0368794326241
0.301418439716
0.641843971631
0.173758865248
0.590780141844
0.0978723404255
65.8780141844
32.4822695035
52.1489361702
5.31489361702
76.434751773
76.7893617021
91.070212766
19.6340425532
0.956028368794
3.01985815603
38.4808510638
1.64184397163
12.2524822695
3.91631205674
0.41134751773
40.9432624113
0.227659574468
0.0
0.0
0.0
0.0198581560284
0.133333333333
0.184397163121
8.81134751773
27.1929078014
99.309929078
9.89007092199
90.2964539007
99.6460992908
22.4609929078
107.685106383
3.75531914894
29.3134751773
221.817730496
39.8602836879
16.5255319149
5.17517730496
67.7631205674
138.717021277
47.6574468085
30.4560283688
11.8163120567
11.2255319149
3.36170212766
14.5489361702
53.8361702128
11.2382978723
0.0106382978723
0.0
0.0
11.4907801418
10.7574468085
113.004255319
93.6276595745
76.214893617
29.680141844
30.1361702128
19.4468085106
21.9468085106
9.09078014184
3.5695035461
0.0950354609929
45.2510638298
73.2517730496
102.488652482
58.9035460993
12.3893617021
27.9524822695
64.5858156028
43.1773049645
9.32765957447
0.51134751773
0.0262411347518
0.255319148936
22.4382978723
11.6666666667
37.1716312057
91.924822695
24.7390070922
85.5141843972
68.0680851064
109.334042553
13.1241134752
43.9304964539
5.96879432624
67.8312056738
26.9390070922
4.6
1.75815602837
1.91985815603
0.562411347518
3.62765957447
20.7737588652
0.00921985815603
0.0
0.0
0.0
0.778723404255
0.0
1.9609929078
12.6595744681
0.0
0.0
0.0
0.0
15.0553191489
48.5624113475
55.5567375887
31.4893617021
10.6553191489
0.0212765957447
0.117730496454
0.0
0.0432624113475
0.676595744681
1.43333333333
0.0730496453901
0.0
0.0
0.827659574468
0.0
1.03120567376
36.3666666667
21.5517730496
0.259574468085
41.9453900709
70.1269503546
80.8333333333
19.7687943262
64.1468085106
131.564539007
52.7226950355
67.8042553191
57.9276595745
61.834751773
30.3127659574
43.7
10.0141843972
23.2517730496
25.4765957447
90.4567375887
186.871631206
1.44964539007
10.3744680851
87.4673758865
70.4411347518
87.0609929078
228.378723404
13.385106383
66.6687943262
46.004964539
165.791489362
24.2524822695
121.230496454
37.8503546099
0.0
0.0
0.217021276596
174.85106383
0.00992907801418
1.82269503546
0.157446808511
77.7858156028
0.355319148936
17.1290780142
18.3262411348
9.40780141844
12.3539007092
17.175177305
11.0886524823
61.3780141844
64.2695035461
21.4695035461
32.2964539007
0.236170212766
0.013475177305
82.2581560284
9.60921985816
7.08368794326
21.5255319149
9.44468085106
37.3510638298
40.4312056738
61.6078014184
18.5141843972
2.90212765957
9.36595744681
0.0
50.3524822695
0.0
7.00709219858
26.6078014184
328.944680851
116.758865248
297.976595745
49.2829787234
144.95177305
46.0780141844
31.6617021277
5.90638297872
0.0
71.5723404255
0.775177304965
0.0
0.0198581560284
0.631205673759
0.375177304965
0.640425531915
0.391489361702
5.18865248227
0.0
0.0
0.0595744680851
4.06241134752
4.67092198582
7.77163120567
3.24680851064
0.0
0.0
0.0
0.0
86.6184397163
0.1
0.0
0.0
37.2212765957
18.904964539
22.9921985816
0.0446808510638
5.90212765957
40.7446808511
23.929787234
0.8
0.0
0.0
0.205673758865
0.496453900709
8.10992907801
117.982269504
0.0
0.0
0.0
0.0
0.0
0.0
0.022695035461
91.180141844
7.8134751773
149.194326241
96.5290780142
0.0
0.0
0.0
0.391489361702
0.375886524823
0.0
0.0
2.52836879433
0.501418439716
0.0
0.0
0.0
36.5602836879
6.8134751773
18.6468085106
88.4014184397
213.34751773
116.566666667
0.058865248227
0.0957446808511
0.00709219858156
0.0645390070922
18.1624113475
0.0
0.0
0.0
0.0
1.23617021277
8.8170212766
0.0
0.0
0.0
48.4730496454
15.8432624113
7.22269503546
0.175177304965
0.0
0.0
0.0
0.0
0.0
0.0
0.0
25.8602836879
5.67375886525
70.234751773
1.5219858156
0.0
0.0
0.0
5.97872340426
151.321276596
124.582269504
43.2446808511
42.580141844
44.6
65.0787234043
173.011347518
46.4716312057
6.76312056738
0.548936170213
106.910638298
7.18085106383
42.1
0.721985815603
0.0276595744681
19.3397163121
0.0
0.0
0.0
0.0
0.0
0.0
0.29219858156
54.7659574468
0.642553191489
0.0
0.0
0.0
10.6241134752
132.632624113
29.6992907801
35.234751773
35.9127659574
1.91489361702
0.231914893617
52.1333333333
18.209929078
109.375886525
8.0304964539
45.6283687943
43.2673758865
0.0191489361702
0.0
0.0
0.0
0.0
0.0702127659574
0.315602836879
0.0
12.9985815603
24.9241134752
0.236170212766
14.4886524823
2.59290780142
0.358156028369
0.0
0.0
0.941843971631
0.109929078014
0.013475177305
0.0120567375887
0.00141843971631
0.0
0.0
0.0
0.0
0.0900709219858
8.97092198582
3.99858156028
3.88723404255
8.02411347518
3.50496453901
6.46028368794
6.6524822695
0.0560283687943
0.0
17.3765957447
159.673758865
249.418439716
144.972340426
65.6822695035
32.0269503546
25.9468085106
0.846808510638
0.0
0.0
0.013475177305
0.591489361702
46.504964539
14.8340425532
24.4482269504
16.4666666667
27.8539007092
32.1631205674
0.0241134751773
0.139007092199
0.0
0.0
0.0
1.00496453901
18.8439716312
12.4482269504
1.60780141844
2.57163120567
41.6063829787
3.8609929078
24.6333333333
124.536170213
121.282269504
0.355319148936
1.34113475177
0.475886524823
0.185106382979
0.0
25.334751773
89.8191489362
143.509219858
63.1822695035
42.6212765957
1.80425531915
49.2815602837
58.3914893617
13.7638297872
9.77021276596
10.8078014184
15.0120567376
105.754609929
265.946808511
37.9460992908
212.95106383
63.1893617021
23.8964539007
1.73120567376
10.495035461
0.960283687943
50.6269503546
98.9326241135
95.6021276596
2.16312056738
7.82056737589
5.82269503546
15.5872340426
45.7489361702
45.0822695035
98.3439716312
69.7290780142
26.9397163121
83.2063829787
12.6404255319
67.1822695035
546.812765957
43.6659574468
102.696453901
31.6872340426
34.8106382979
13.0453900709
0.251063829787
0.0
0.175177304965
0.0
0.0
0.0
0.0
0.0
0.0304964539007
13.2106382979
24.424822695
0.0
0.0425531914894
8.33971631206
9.16737588652
25.0453900709
0.0801418439716
0.0
0.0
43.2539007092
4.46595744681
0.0
0.990070921986
0.25390070922
7.22978723404
5.31773049645
1.85531914894
0.0
0.0
0.685815602837
0.414893617021
0.0
0.0
0.0
0.0
0.0
0.0
0.0
0.0
0.0
0.00567375886525
19.6120567376
32.8432624113
20.9546099291
103.44751773
50.5865248227
24.3226950355
5.9609929078
45.029787234
114.236879433
93.3666666667
18.4744680851
24.229787234
4.72695035461
8.38156028369
0.509929078014
0.368794326241
12.8716312057
0.00921985815603
0.0390070921986
31.7241134752
0.0
0.0
0.0985815602837
29.175177305
0.0
0.0
0.0
0.0
0.0
0.0
0.0
0.0
0.0
0.0
0.0
0.191489361702
0.0468085106383
17.980141844
2.43262411348
0.924822695035
2.97446808511
0.399290780142
18.1992907801
0.955319148936
0.471631205674
6.53191489362
0.0
6.4695035461
23.5446808511
37.3673758865
17.6319148936
98.9553191489
0.0950354609929
60.3773049645
8.28014184397
0.0567375886525
201.287234043
40.6517730496
385.936170213
36.3134751773
254.068085106
123.460283688
110.741134752
37.8971631206
233.464539007
154.34751773
155.44822695
67.7
20.0680851064
14.0170212766
23.3943262411
0.136170212766
4.54964539007
183.991489362
154.455319149
4.71773049645
210.711347518
0.618439716312
22.1304964539
0.0
0.0
0.0113475177305
66.4886524823
1.51063829787
0.175177304965
0.0829787234043
0.0
0.0
2.9304964539
53.7546099291
62.9730496454
0.504255319149
1.1609929078
88.4503546099
0.0262411347518
9.47375886525
41.975177305
6.3865248227
43.4780141844
18.4964539007
89.0368794326
92.7312056738
5.42553191489
0.275177304965
0.0
0.0
0.0
0.0
0.0
34.3914893617
2.18865248227
32.7255319149
216.478723404
262.486524823
95.0418439716
3.34964539007
52.019858156
10.1879432624
0.00425531914894
0.036170212766
0.0
0.0
0.0
0.0141843971631
23.1056737589
80.0872340426
43.6978723404
1.00992907801
33.2482269504
59.5021276596
45.0936170213
1.55035460993
1.15460992908
44.9978723404
14.5368794326
3.65319148936
0.512765957447
0.532624113475
1.54609929078
52.2482269504
94.7907801418
5.88865248227
0.0617021276596
0.0645390070922
0.0170212765957
0.113475177305
0.628368794326
0.0
0.0
0.0
0.0
0.0
0.0
3.76524822695
300.243262411
10.914893617
0.0
0.0
0.0
0.0
0.0
0.296453900709
0.0
0.0
84.7985815603
12.2829787234
88.2680851064
88.1028368794
180.25106383
223.89929078
80.8865248227
167.992198582
44.5787234043
9.73546099291
58.7191489362
42.3631205674
2.39787234043
4.69361702128
0.0177304964539
31.4021276596
4.02978723404
13.5234042553
56.3574468085
51.134751773
49.4758865248
79.5070921986
87.4539007092
0.34609929078
0.0262411347518
11.1943262411
11.734751773
130.819858156
18.5397163121
11.0070921986
33.8914893617
34.2269503546
32.1673758865
46.2007092199
41.6283687943
57.9404255319
14.1460992908
0.584397163121
0.230496453901
0.00425531914894
1.12695035461
0.0
0.0
0.00567375886525
55.380141844
24.9787234043
51.9340425532
1.11276595745
52.0709219858
46.4858156028
5.14326241135
77.7531914894
80.5510638298
4.39503546099
0.0
0.0283687943262
0.0
0.0673758865248
0.102127659574
0.774468085106
0.583687943262
0.0
0.0
0.0
0.0
0.0
0.0
0.0
0.245390070922
0.0
0.0
0.0
0.086524822695
38.4163120567
29.8092198582
0.468794326241
1.2865248227
4.89007092199
53.3687943262
329.531914894
207.755319149
100.073049645
36.6893617021
2.45815602837
0.9
0.529078014184
0.0
0.0
0.0
0.00354609929078
0.420567375887
0.43829787234
0.517021276596
0.666666666667
0.312056737589
1.24822695035
25.9943262411
1.77872340426
0.00283687943262
0.0
0.0113475177305
74.3539007092
0.58085106383
90.824822695
51.1815602837
82.0645390071
9.72624113475
49.4893617021
28.6163120567
0.00709219858156
0.0737588652482
0.0
22.1028368794
0.68865248227
0.0
0.332624113475
0.957446808511
0.851773049645
25.9872340426
109.960992908
24.3773049645
40.1609929078
12.695035461
6.61205673759
9.69645390071
2.2609929078
10.9340425532
11.6638297872
1.80638297872
20.5063829787
28.9425531915
1.45035460993
1.48936170213
0.533333333333
0.0
0.0
0.0
31.4283687943
15.1588652482
20.8432624113
35.6205673759
6.78936170213
24.0695035461
59.0368794326
39.3035460993
1.30709219858
0.386524822695
36.9794326241
15.4858156028
56.7460992908
55.3666666667
5.77021276596
0.0
0.0
0.0
2.7219858156
0.0
85.7404255319
47.1028368794
0.323404255319
0.0
0.0
0.0
0.365957446809
0.0858156028369
0.0
0.214893617021
0.0
0.0758865248227
0.139716312057
2.64822695035
1.52695035461
8.6609929078
0.0
0.0
0.0
0.0
0.0
12.5971631206
21.2468085106
0.0
0.0
1.60496453901
0.0
0.0
0.0375886524823
0.0
0.077304964539
0.231205673759
0.0
0.0
34.0602836879
65.6439716312
34.4879432624
47.0163120567
60.0787234043
6.48226950355
0.248226950355
0.0
0.0304964539007
3.23120567376
16.7886524823
2.56382978723
97.4219858156
84.1063829787
26.6794326241
7.72269503546
10.2510638298
49.6510638298
39.604964539
3.79787234043
0.0
0.0
66.6063829787
40.3063829787
33.780141844
1.18510638298
6.97659574468
16.8283687943
50.2191489362
97.6929078014
82.2553191489
56.6212765957
33.0312056738
15.9985815603
0.0
0.0
0.0
0.0
0.0
0.0
4.68014184397
0.879432624113
11.5219858156
2.89574468085
124.921276596
46.8439716312
12.1425531915
11.014893617
36.2716312057
69.1397163121
14.4574468085
4.2
0.0
0.0
0.721985815603
12.2858156028
60.1666666667
10.4106382979
20.690070922
0.643971631206
0.090780141844
0.0
11.5546099291
0.522695035461
0.0
0.0
82.909929078
39.0042553191
279.109929078
102.821276596
29.904964539
0.0
0.0
0.0702127659574
35.6808510638
66.6056737589
100.665957447
0.0
0.0
0.0
0.0
0.0
0.0475177304965
58.0716312057
48.8645390071
44.5262411348
59.9517730496
103.885815603
42.7170212766
29.9539007092
74.8503546099
33.4070921986
20.5978723404
3.8524822695
1.26737588652
1.41843971631
0.0106382978723
42.1978723404
249.531914894
31.534751773
20.5780141844
8.48936170213
138.7
54.7035460993
141.075886525
56.719858156
58.1127659574
10.7531914894
0.0
198.654609929
0.0
0.0
0.0
0.0
35.9283687943
0.0163120567376
12.5645390071
68.8858156028
1.44822695035
0.676595744681
0.0
0.0
0.163829787234
0.0
0.407092198582
0.0
95.7326241135
9.56737588652
33.7943262411
45.9127659574
32.4014184397
0.00567375886525
0.0
0.0
100.994326241
0.0
233.176595745
90.9978723404
7.82553191489
101.902836879
130.519858156
0.185815602837
22.2716312057
2.9475177305
21.9787234043
67.9276595745
3.71418439716
3.35106382979
0.922695035461
39.4858156028
1.47588652482
52.0879432624
6.50425531915
5.85106382979
14.265248227
42.1964539007
22.5588652482
0.386524822695
73.5255319149
0.090780141844
0.0212765957447
100.176595745
0.20780141844
111.426241135
1.56595744681
2.1170212766
0.709219858156
0.0
0.0
0.0
0.71914893617
18.4716312057
0.718439716312
265.05248227
67.1730496454
42.8468085106
13.1496453901
33.1985815603
102.221276596
7.18794326241
0.0
0.0723404255319
0.0163120567376
1.58723404255
0.27304964539
40.7382978723
3.11276595745
59.2992907801
0.240425531915
0.0
0.0
0.0
41.4737588652
1.51631205674
0.0
0.0
0.0
0.0
0.0
0.0
0.0
0.0205673758865
47.7184397163
0.0886524822695
18.8609929078
36.2432624113
16.0219858156
8.34609929078
43.3893617021
30.0609929078
3.76028368794
4.68581560284
0.0
0.0
12.7304964539
11.6007092199
3.7
2.50070921986
12.7078014184
1.97730496454
0.0
0.0
0.0
0.0
0.0
0.0
0.0
0.0
0.0
0.0
0.0
0.0
29.8375886525
25.0453900709
0.517730496454
17.419858156
161.870921986
17.2602836879
31.1460992908
17.0127659574
214.354609929
28.519858156
2.17446808511
0.148936170213
0.0368794326241
0.0113475177305
0.0
0.0
0.0
14.9638297872
2.81985815603
27.4397163121
71.8127659574
4.39858156028
1.41205673759
0.422695035461
0.151063829787
0.963829787234
55.7524822695
31.1716312057
39.9375886525
142.427659574
0.560992907801
2.67092198582
3.77092198582
1.64539007092
43.3645390071
23.8737588652
84.6631205674
20.0226950355
37.819858156
3.34609929078
1.21843971631
3.50638297872
25.1340425532
18.1163120567
22.4680851064
23.1390070922
35.0226950355
75.5531914894
31.1680851064
40.2127659574
0.0
0.0
0.0730496453901
5.82411347518
38.8425531915
95.1645390071
72.2382978723
56.8333333333
9.97872340426
0.0
0.0
18.2290780142
23.8517730496
65.4418439716
18.7304964539
8.93475177305
41.6439716312
0.402836879433
0.0241134751773
0.077304964539
57.1397163121
40.9482269504
43.5432624113
128.038297872
90.5971631206
51.6737588652
31.5070921986
36.1078014184
241.238297872
125.608510638
7.24964539007
82.7326241135
105.433333333
118.717730496
56.2141843972
31.8035460993
3.22482269504
6.54184397163
8.56312056738
0.0
0.0
0.0758865248227
0.0886524822695
8.17234042553
0.0141843971631
0.831205673759
4.11914893617
8.25035460993
3.51631205674
23.4936170213
86.3829787234
4.98581560284
0.0205673758865
0.0
0.0241134751773
0.176595744681
0.0
0.0489361702128
0.178014184397
5.02624113475
5.84964539007
2.96879432624
0.212765957447
3.66453900709
0.0
0.278723404255
0.0
0.0
0.0
0.0
0.0
0.0
0.17304964539
135.056737589
61.1815602837
131.193617021
1.96879432624
23.7241134752
0.484397163121
0.410638297872
0.227659574468
0.0
0.324822695035
0.339007092199
0.730496453901
0.0
0.0
0.0
0.160283687943
93.7524822695
36.7134751773
14.0957446809
90.1120567376
220.421276596
15.0567375887
6.58085106383
9.59219858156
8.67943262411
40.3439716312
272.45177305
289.482269504
2.49219858156
40.3092198582
68.0319148936
15.1255319149
12.5262411348
0.0
0.0
0.101418439716
9.57234042553
52.9460992908
3.63617021277
0.41134751773
0.0326241134752
21.3361702128
0.216312056738
57.1035460993
12.2815602837
47.9404255319
52.4319148936
17.7808510638
45.3326241135
47.8872340426
6.95815602837
22.414893617
9.50283687943
72.165248227
0.0
0.0
0.0
0.0
0.0
0.0
0.854609929078
1.65390070922
0.150354609929
94.9425531915
13.1936170213
14.0375886525
10.2843971631
56.7439716312
0.584397163121
0.0
89.4546099291
71.5255319149
15.0914893617
0.175886524823
0.899290780142
137.706382979
15.1382978723
1.04184397163
7.70567375887
0.0
11.0936170213
40.7971631206
0.0
0.0
16.9170212766
10.3333333333
73.3326241135
51.0262411348
6.36737588652
21.3163120567
92.4453900709
261.374468085
71.5595744681
54.824822695
185.016312057
200.697163121
7.38936170213
0.179432624113
0.0751773049645
15.4304964539
0.984397163121
0.600709219858
0.0
0.0
23.2588652482
189.873049645
5.53262411348
0.0978723404255
0.0
0.0
1.81205673759
1.86524822695
0.785106382979
0.0
0.0
0.0
0.0
0.0
0.0
0.0
0.0
0.494326241135
4.69645390071
50.7907801418
88.0021276596
101.061702128
30.5063829787
65.9921985816
9.61134751773
1.07730496454
0.0
0.0
0.0
0.0
0.0
61.3645390071
3.11914893617
0.0
0.00921985815603
0.00992907801418
142.203546099
70.3929078014
26.5517730496
41.9418439716
69.0056737589
0.239007092199
0.0
0.0
0.0
6.14539007092
0.0
0.0
0.0
28.7304964539
0.0
0.0
0.0
0.0
0.0
45.2943262411
35.3581560284
277.117730496
6.37730496454
2.11276595745
25.8475177305
0.0063829787234
18.1446808511
61.7737588652
143.196453901
16.5985815603
0.492907801418
24.8411347518
56.0460992908
65.004964539
4.00780141844
23.365248227
9.5219858156
0.324822695035
7.23617021277
47.1843971631
19.5241134752
10.5397163121
3.26170212766
135.986524823
1.34893617021
0.0
58.6234042553
2.22269503546
0.495744680851
0.0241134751773
0.0241134751773
0.0
162.75177305
39.1283687943
1.07092198582
59.6007092199
190.716312057
98.714893617
3.16028368794
0.0957446808511
0.0
0.0
0.0241134751773
0.0241134751773
0.0
0.0
0.0241134751773
0.0127659574468
0.0
0.0
0.0
0.0
0.0
0.0
0.0
0.0
0.0
47.5
0.200709219858
0.0
0.0
0.0
0.0
0.0
0.0
0.0
1.08014184397
0.397872340426
5.68014184397
52.0141843972
268.928368794
233.403546099
352.133333333
80.534751773
2.93546099291
67.6524822695
10.2517730496
0.354609929078
29.5234042553
31.9836879433
10.9921985816
30.7921985816
150.044680851
3.78581560284
2.63262411348
5.85673758865
26.1517730496
9.54042553191
0.220567375887
4.04680851064
0.358156028369
0.470212765957
0.0198581560284
0.0893617021277
0.00921985815603
0.119858156028
0.399290780142
6.43687943262
8.71063829787
19.4113475177
22.0709219858
43.4418439716
15.9035460993
54.9446808511
8.07375886525
18.3063829787
1.10212765957
22.1553191489
0.260992907801
0.0
0.0
0.0
6.12695035461
3.94184397163
0.0241134751773
0.0347517730496
0.56170212766
81.4524822695
13.2843971631
0.225531914894
1.44255319149
0.000709219858156
0.0
0.0964539007092
13.6659574468
3.97304964539
90.0063829787
5.17517730496
73.5574468085
131.906382979
28.3191489362
101.258865248
74.1453900709
17.9609929078
29.5326241135
1.8085106383
35.9120567376
42.1113475177
53.9432624113
69.9418439716
76.9070921986
200.926241135
119.540425532
233.414893617
32.929787234
11.1113475177
80.2829787234
64.5184397163
107.887234043
2.23262411348
28.1269503546
6.22056737589
12.7617021277
9.09007092199
9.81985815603
1.01418439716
20.2645390071
112.373049645
0.464539007092
0.0241134751773
0.00212765957447
0.0234042553191
0.0801418439716
0.135460992908
4.97943262411
33.519858156
1.45035460993
12.1673758865
74.3021276596
7.26879432624
32.1425531915
0.202127659574
0.0
0.0
0.0
0.0
0.0858156028369
0.0269503546099
0.179432624113
48.7723404255
4.7780141844
77.5042553191
35.9602836879
37.680141844
0.281560283688
49.9425531915
11.8631205674
6.55319148936
30.5056737589
11.8028368794
17.2085106383
30.1205673759
7.53829787234
74.5290780142
2.82907801418
10.3588652482
1.15815602837
0.0
0.0
51.2843971631
180.382978723
124.553900709
97.1829787234
211.967375887
0.0744680851064
0.0
0.0
0.0
0.0
0.0
0.0
0.0
0.0
0.0
0.0
0.0
25.7595744681
17.6865248227
96.6141843972
54.785106383
23.4177304965
3.72056737589
16.6744680851
25.1319148936
174.621985816
101.893617021
95.6602836879
2.66382978723
44.1191489362
36.1475177305
5.19078014184
3.45815602837
0.00567375886525
13.2042553191
1.56737588652
0.0
1.06312056738
0.0531914893617
34.2687943262
0.740425531915
0.980141843972
3.38581560284
27.7021276596
66.9361702128
70.8163120567
1.16666666667
0.0347517730496
0.0
1.47021276596
0.0
0.874468085106
28.1028368794
55.1269503546
8.03191489362
0.0
0.0
0.0
0.417021276596
0.0
0.0
0.0
0.0
1.86312056738
0.192907801418
2.89290780142
198.132624113
27.6333333333
6.17517730496
2.65886524823
0.0
0.0
0.0
45.3879432624
0.758156028369
250.888652482
10.2645390071
82.7730496454
41.1028368794
11.7390070922
0.0893617021277
2.14822695035
0.222695035461
59.1134751773
120.582978723
79.7886524823
0.16524822695
0.146808510638
0.0
0.0
99.7021276596
0.536879432624
57.7546099291
46.2567375887
108.281560284
18.2680851064
59.019858156
97.2418439716
39.134751773
5.30638297872
43.0836879433
47.8602836879
1.49361702128
5.54326241135
5.88085106383
10.1808510638
79.5978723404
134.417730496
14.0524822695
254.056028369
10.195035461
67.2602836879
18.1063829787
61.7588652482
18.8489361702
0.363829787234
105.809219858
24.1063829787
258.974468085
2.03262411348
7.75035460993
11.5113475177
18.1624113475
0.0
0.00496453900709
0.0
0.0468085106383
19.1560283688
0.0248226950355
0.0
0.0
28.9517730496
221.124113475
0.0
0.0
0.022695035461
0.0382978723404
0.0
0.0
0.66170212766
113.707801418
45.8432624113
92.8354609929
5.03617021277
36.9829787234
51.4234042553
18.3510638298
0.694326241135
2.05886524823
36.2439716312
6.22765957447
129.571631206
22.0829787234
70.719858156
172.770921986
29.2609929078
69.1971631206
15.0226950355
144.45177305
69.4269503546
47.0446808511
1.5780141844
10.7134751773
0.875886524823
80.9843971631
3.94397163121
0.00992907801418
0.873758865248
23.3964539007
3.84255319149
0.0304964539007
0.086524822695
5.08936170213
76.0425531915
0.670212765957
0.0
0.0
16.7843971631
101.936879433
1.30354609929
19.1482269504
7.37730496454
73.0914893617
40.3517730496
59.0028368794
0.0
0.0
18.8163120567
0.0
0.0
25.0326241135
9.82056737589
10.8943262411
374.439007092
0.0
0.0326241134752
33.6475177305
7.4914893617
0.0
1.84822695035
34.8319148936
0.00425531914894
0.0
0.162411347518
79.9482269504
0.0
0.387234042553
0.0
143.858865248
133.280141844
77.5382978723
0.102836879433
0.0219858156028
1.52836879433
1.0219858156
1.56879432624
0.0
0.0
0.0
0.0
0.0
0.0
38.3276595745
37.095035461
27.929787234
0.0
0.0
28.224822695
103.522695035
86.4773049645
105.637588652
59.4276595745
9.54184397163
0.987943262411
0.0148936170213
0.706382978723
0.0
124.958865248
99.8829787234
28.8035460993
9.66524822695
1.52127659574
0.0
0.0
2.66808510638
2.83475177305
0.0
1.22695035461
35.5503546099
27.6063829787
0.0326241134752
0.558156028369
0.475886524823
0.114184397163
0.054609929078
0.00709219858156
0.0758865248227
32.8581560284
14.6539007092
87.1489361702
105.756737589
38.7680851064
30.029787234
60.3340425532
22.0794326241
2.80921985816
97.2007092199
127.573049645
91.1453900709
56.1638297872
0.981560283688
0.404255319149
92.2177304965
0.0950354609929
0.0836879432624
0.0836879432624
0.0
0.0
0.0
0.0
0.0
0.0
0.0
0.0432624113475
3.04184397163
0.0
0.0
14.0609929078
2.32695035461
0.0304964539007
0.0
0.137588652482
9.03546099291
100.620567376
339.885106383
212.480141844
116.738297872
35.7092198582
9.06879432624
4.14326241135
0.0
0.377304964539
4.70141843972
5.54326241135
0.0141843971631
0.10780141844
19.1468085106
2.46170212766
1.63191489362
39.4510638298
82.8070921986
46.3446808511
47.8460992908
27.2978723404
36.5276595745
106.473758865
0.281560283688
0.480141843972
18.3858156028
23.2609929078
0.0836879432624
0.0836879432624
0.11914893617
29.7460992908
23.5567375887
20.3156028369
1.88794326241
0.260992907801
0.0978723404255
1.04255319149
121.915602837
35.0836879433
122.204964539
63.1907801418
31.6056737589
9.86666666667
25.0290780142
20.5936170213
31.4595744681
23.4113475177
103.222695035
137.425531915
18.3021276596
32.2056737589
110.44964539
34.5156028369
34.0602836879
69.775177305
102.611347518
72.0624113475
27.2680851064
66.6517730496
0.204964539007
0.0
0.0
0.562411347518
24.2709219858
36.9574468085
58.970212766
7.89929078014
0.98865248227
0.237588652482
81.0432624113
40.5957446809
102.336170213
36.1397163121
5.91843971631
70.690070922
49.9744680851
38.324822695
10.2943262411
8.09858156028
23.114893617
2.32340425532
108.34893617
44.1226950355
8.08014184397
0.402127659574
61.9496453901
106.863120567
66.6765957447
182.653191489
35.1914893617
124.904255319
60.4553191489
9.34184397163
1.39361702128
1.17659574468
82.2709219858
54.0581560284
4.1695035461
65.2638297872
26.8787234043
185.828368794
129.541134752
51.2326241135
28.2936170213
5.2609929078
0.856028368794
286.936170213
48.4907801418
0.10780141844
0.0
0.0
12.3489361702
0.0
68.1524822695
135.387943262
30.4368794326
0.0
0.0553191489362
24.6531914894
10.2503546099
0.0645390070922
0.0
0.0709219858156
18.1425531915
12.0574468085
0.0
42.595035461
0.0
0.0
0.0
0.0
0.0
0.0
19.5042553191
110.85035461
4.16737588652
0.635460992908
4.04184397163
60.4439716312
8.18156028369
11.534751773
0.054609929078
0.0
0.0
0.0
0.0
0.0
0.0
0.0
0.0
0.0
3.96666666667
21.7638297872
35.7716312057
56.870212766
75.0134751773
3.21063829787
0.0
0.0
0.0709219858156
3.12695035461
0.0
0.0
24.6943262411
4.08936170213
2.5914893617
25.4992907801
19.9312056738
86.9773049645
16.0092198582
0.24609929078
3.3865248227
9.42482269504
204.265957447
3.83971631206
3.29858156028
0.286524822695
0.352482269504
8.12269503546
0.0843971631206
0.0
0.0
0.0
0.0
0.0
0.0
0.0
0.0
15.8602836879
46.6397163121
4.1219858156
0.0808510638298
0.0
0.0
56.1404255319
59.4865248227
37.6773049645
30.714893617
42.1319148936
9.95319148936
7.97234042553
6.3524822695
1.1085106383
75.2425531915
2.5865248227
7.38439716312
0.357446808511
0.0
47.8375886525
0.446808510638
90.2106382979
122.182978723
110.890070922
369.588652482
45.0411347518
15.2113475177
0.556737588652
0.0758865248227
6.32482269504
0.578014184397
97.2631205674
26.2829787234
0.0255319148936
62.8418439716
0.0283687943262
0.595744680851
53.7304964539
0.0
0.0
0.679432624113
4.70070921986
4.23617021277
0.0
0.0
0.0
0.0
73.3269503546
0.0950354609929
0.0503546099291
12.1127659574
0.00141843971631
0.0
0.0
0.0
0.0
0.0
0.0
83.7822695035
13.1546099291
18.7808510638
33.5170212766
0.664539007092
66.7524822695
66.0581560284
4.18865248227
3.39432624113
6.2
18.0758865248
0.0
0.0
103.883687943
4.29929078014
109.909219858
0.525531914894
231.323404255
0.0
0.0
0.0
0.0
0.0
4.54822695035
18.8843971631
21.2496453901
91.0539007092
22.980141844
30.3524822695
4.19503546099
16.7475177305
2.50496453901
0.0
0.0
1.31205673759
77.8730496454
23.0056737589
94.9460992908
4.09361702128
0.0
10.5290780142
1.31843971631
0.0
0.0
0.0
0.121276595745
0.20780141844
49.7375886525
204.290780142
130.163829787
14.5397163121
35.1475177305
0.148226950355
43.9531914894
16.0957446809
0.0
0.563120567376
0.0801418439716
0.0
0.229787234043
1.47588652482
6.56666666667
6.28794326241
0.350354609929
0.0758865248227
0.342553191489
63.0290780142
2.18865248227
0.317021276596
22.8574468085
0.883687943262
0.0687943262411
0.483687943262
0.563120567376
0.195744680851
31.414893617
0.514184397163
0.0
0.0
0.0
0.0
0.0
0.0
0.0290780141844
2.9609929078
4.9780141844
53.9843971631
134.294326241
40.6397163121
1.51489361702
34.2865248227
76.695035461
78.3141843972
153.939716312
3.38581560284
33.2631205674
15.4723404255
40.2510638298
13.4865248227
0.61134751773
1.31985815603
5.91489361702
81.2496453901
213.896453901
3.92056737589
11.7574468085
79.3340425532
163.024822695
5.21773049645
76.9446808511
5.00070921986
93.665248227
47.8531914894
65.3453900709
70.6
44.3468085106
17.9460992908
36.0914893617
0.0
0.356028368794
33.3063829787
91.6964539007
205.783687943
1.2
46.2170212766
10.0262411348
121.670921986
145.762411348
7.58794326241
0.468794326241
8.65319148936
1.66879432624
0.0964539007092
1.5390070922
2.86170212766
6.04539007092
0.355319148936
1.45602836879
43.5163120567
112.9
117.656737589
54.0390070922
22.3312056738
3.88014184397
28.3432624113
0.609219858156
22.7673758865
0.0127659574468
4.62482269504
0.656737588652
0.0758865248227
11.7531914894
1.13475177305
0.0
0.00496453900709
12.704964539
0.578014184397
0.0
0.0
0.0
0.0
0.0
0.0
2.5085106383
0.478014184397
0.151063829787
0.0
0.0
0.0
0.384397163121
20.4007092199
0.600709219858
0.220567375887
0.0163120567376
0.0
0.0
0.0
60.8475177305
39.8191489362
19.9865248227
54.5985815603
6.36241134752
9.39858156028
44.8014184397
44.819858156
29.0319148936
0.00921985815603
4.57163120567
15.804964539
7.73617021277
23.7609929078
52.2255319149
81.1921985816
64.6177304965
75.4794326241
110.065248227
54.1957446809
0.650354609929
0.610638297872
0.0
30.1780141844
20.3709219858
0.219858156028
1.41418439716
54.2858156028
3.93758865248
10.2510638298
8.97517730496
47.5943262411
105.44822695
19.7546099291
0.0
0.0
0.390780141844
14.7921985816
25.3354609929
7.09078014184
147.424822695
0.682978723404
0.0241134751773
0.0
0.0
1.07163120567
0.0
22.5929078014
0.00921985815603
1.95957446809
11.0602836879
5.71773049645
167.30141844
3.06737588652
15.4390070922
3.52482269504
0.0
0.0
0.0234042553191
36.1368794326
13.3631205674
52.5921985816
6.0914893617
60.6843971631
20.8382978723
13.5283687943
68.5368794326
0.816312056738
301.362411348
209.546099291
0.0156028368794
0.0
0.0
20.3808510638
18.2957446809
36.9921985816
0.00921985815603
0.0
0.0
0.0
0.0
0.0
10.690070922
0.0
0.0
0.0
0.112056737589
169.960283688
108.229787234
58.775177305
1.70070921986
71.5964539007
0.0
0.0
0.0
0.0
5.14326241135
0.0
0.0
0.0
0.0
0.0
0.0
0.0
0.0
0.0
14.6113475177
55.6475177305
0.0248226950355
0.0
0.362411347518
80.5304964539
17.1390070922
22.0106382979
41.8971631206
77.2191489362
8.49503546099
0.590070921986
43.185106383
20.3524822695
0.0
0.0
0.0
0.275177304965
0.0
0.0
0.0
0.0
0.0
67.5489361702
16.6893617021
87.3709219858
0.0
0.0
7.73333333333
29.6787234043
30.9269503546
62.1631205674
4.09503546099
290.85248227
20.7460992908
3.52411347518
0.0
0.0
0.0
38.5687943262
60.0780141844
61.129787234
0.0
0.0
0.0
4.53333333333
5.03971631206
6.49432624113
0.0
2.32340425532
0.00851063829787
0.0
0.0
0.0
3.80921985816
79.0382978723
111.626241135
88.5070921986
42.4574468085
0.0269503546099
0.0
0.0510638297872
2.7170212766
63.7085106383
66.8283687943
12.0113475177
9.84397163121
0.0
0.0
7.60212765957
73.8936170213
175.821985816
0.0
0.0
9.79574468085
8.97446808511
0.0
0.0
0.0517730496454
28.9333333333
2.67659574468
0.0
0.0
0.0
10.6482269504
55.3063829787
0.0
0.0
36.1276595745
42.7723404255
99.1943262411
57.8872340426
0.000709219858156
0.0
0.0
3.91560283688
2.40425531915
7.94184397163
0.0
0.0
0.0
0.0
0.0
0.0
0.0
13.9602836879
0.0
138.417021277
100.046808511
209.84822695
7.42056737589
0.0
0.0
20.819858156
0.778723404255
0.0
0.0
99.5177304965
135.075886525
2.20992907801
13.6737588652
17.6617021277
0.942553191489
0.943262411348
18.0021276596
7.58226950355
23.9794326241
0.882978723404
0.0241134751773
0.0
144.810638298
237.068085106
19.5375886525
93.370212766
26.6581560284
26.0340425532
15.929787234
11.6070921986
28.0531914894
15.7524822695
0.508510638298
0.0
0.0
0.0
56.2531914894
0.0
0.0
0.0
0.0
0.0
0.0
0.00709219858156
29.9475177305
71.9241134752
108.846099291
76.0836879433
347.727659574
72.4730496454
57.8375886525
74.2361702128
3.26028368794
57.7595744681
0.513475177305
10.9546099291
0.154609929078
0.0
0.0
0.0
0.0
0.0
0.0432624113475
0.0
0.0
0.0
0.0
0.0
25.8375886525
53.0134751773
0.640425531915
23.534751773
1.44893617021
19.4914893617
18.7815602837
0.0
0.0
0.0
0.0510638297872
0.0716312056738
0.0276595744681
0.920567375887
7.13829787234
12.3
0.852482269504
1.93475177305
2.51134751773
0.212765957447
4.17021276596
38.1340425532
146.161702128
140.230496454
341.842553191
78.0730496454
39.8843971631
145.927659574
82.4936170213
231.39787234
42.6241134752
217.975177305
27.3624113475
29.5489361702
0.0
0.0127659574468
0.0758865248227
0.0758865248227
0.0241134751773
0.0
0.045390070922
0.0468085106383
0.682269503546
0.0
0.0446808510638
9.83404255319
0.0
0.0
5.5134751773
0.539007092199
0.623404255319
0.818439716312
2.0390070922
2.24680851064
0.595744680851
21.8092198582
22.3453900709
19.9113475177
0.00141843971631
16.2914893617
13.8943262411
0.333333333333
0.112765957447
220.560992908
14.6787234043
201.070921986
35.3822695035
12.4134751773
6.89787234043
0.0709219858156
2.97517730496
0.0
0.292907801418
41.609929078
65.1056737589
0.0
0.0
0.0
0.131205673759
9.33120567376
5.90354609929
93.5382978723
56.2510638298
47.609929078
151.844680851
98.2361702128
92.3262411348
0.643971631206
3.4695035461
1.52978723404
0.0
0.0
0.0
0.0
0.0
0.0
52.4120567376
185.25177305
51.4836879433
227.363829787
75.2546099291
15.1659574468
12.7418439716
6.49078014184
0.0730496453901
0.295035460993
0.013475177305
0.036170212766
9.16879432624
68.4141843972
0.0836879432624
0.0
2.69929078014
3.97446808511
0.0
0.0
0.0
0.0
3.93120567376
33.1333333333
0.0
75.3269503546
0.0
38.9468085106
13.9219858156
7.50992907801
4.79361702128
130.122695035
0.948226950355
0.0
0.0
0.0
10.7085106383
60.6382978723
10.3489361702
0.347517730496
0.0
0.0
0.0
0.0
66.1893617021
19.9581560284
2.42411347518
6.85531914894
34.3843971631
33.6964539007
33.8312056738
29.0411347518
23.8482269504
89.7212765957
3.32765957447
7.7085106383
55.7056737589
10.7234042553
15.5808510638
8.20709219858
6.2
17.1858156028
0.0
0.0
0.0
0.0
0.0
0.0
0.0
0.0
0.0
14.2893617021
89.5184397163
54.695035461
50.0723404255
10.3382978723
10.6056737589
0.0191489361702
0.0
0.895035460993
3.77163120567
0.0
0.0
0.0
0.0
0.0
0.116312056738
3.23262411348
0.0
0.0
0.0
0.0
0.0
0.0
0.0
0.0
0.136170212766
75.9602836879
79.6014184397
15.4872340426
0.265957446809
2.2134751773
63.7517730496
79.4304964539
2.36879432624
198.165957447
0.00780141843972
14.2680851064
54.2312056738
9.83404255319
2.87517730496
0.81914893617
0.0
0.324113475177
36.8
36.1737588652
27.6673758865
25.1553191489
50.7304964539
0.0
0.0
0.0191489361702
56.6936170213
0.0
156.177304965
207.479432624
7.52978723404
0.0
37.4695035461
1.73262411348
148.462411348
30.3184397163
34.9375886525
37.4262411348
82.6014184397
46.3156028369
0.0
0.0
0.0
0.0
0.0
3.42978723404
3.29858156028
1.84822695035
0.0
0.0
0.0
0.0
0.0
0.0
0.0
0.0
0.0
0.0
0.687943262411
0.0
0.0
0.0
0.0
0.0
0.0
5.4865248227
2.33617021277
0.0063829787234
0.0
0.0
0.00354609929078
0.157446808511
0.355319148936
9.45460992908
117.620567376
3.36170212766
153.20070922
0.214893617021
22.5666666667
1.91560283688
81.5177304965
11.575177305
2.99432624113
0.915602836879
0.0460992907801
5.77234042553
25.8092198582
0.3
12.2602836879
23.2312056738
26.6368794326
22.7184397163
14.8709219858
18.6262411348
112.761702128
50.0638297872
13.9794326241
49.8985815603
69.6836879433
13.3695035461
6.81985815603
159.769503546
30.5404255319
0.0347517730496
0.0
0.0
0.0
0.0
28.7893617021
15.2056737589
0.0971631205674
3.56312056738
73.6929078014
35.8843971631
39.6893617021
21.470212766
39.0304964539
0.527659574468
0.148936170213
0.0489361702128
0.767375886525
150.141134752
45.3319148936
0.0
17.9340425532
26.9829787234
1.0609929078
0.308510638298
1.65177304965
3.20921985816
0.0
0.0
0.0
0.0
0.0
0.0
0.0
0.00567375886525
1.88156028369
0.160992907801
0.0
0.0219858156028
0.0
0.0
0.0
0.0
0.0
2.78936170213
9.38936170213
336.816312057
93.2460992908
31.7872340426
38.5354609929
58.7794326241
26.4482269504
34.8156028369
97.0985815603
33.3489361702
11.124822695
3.19078014184
0.0
0.0
12.3595744681
63.9184397163
0.151773049645
23.4567375887
85.8106382979
3.09929078014
18.5588652482
248.54822695
72.3170212766
92.2921985816
234.308510638
0.678723404255
38.1021276596
32.7957446809
0.417730496454
1.50496453901
0.0482269503546
0.0
0.0496453900709
78.8234042553
11.675177305
14.3758865248
37.3638297872
20.5056737589
52.4106382979
0.451063829787
0.0
0.0
0.0
0.679432624113
47.2269503546
82.6028368794
72.4269503546
2.98439716312
11.0163120567
4.96028368794
5.18226950355
0.309219858156
1.25177304965
27.0326241135
52.3659574468
11.0007092199
27.1205673759
1.42340425532
0.339716312057
30.5517730496
109.421985816
70.2170212766
34.1815602837
210.206382979
0.548226950355
84.1056737589
